0.000000000000000000e+00
5.153407216046485217e+00
-4.138934308633730907e+00
-5.757516447165162976e-01
1.769512240387809188e+00
1.988544370883153611e+00
-4.622796511741070091e+00
1.922781711094495138e+00
2.128987882148381861e+00
-1.495813521069225160e+00
-2.586195404650840413e+00
3.201731412472217819e+00
1.889424831791921333e+00
-6.501513848024272235e+00
4.667493056469839807e+00
8.309519173263180125e-01
-2.512748864310347496e+00
-1.114901652683581990e+00
3.813320777231715919e+00
-1.111363676921786947e+00
-3.162066300047410738e+00
2.888650375320117369e+00
9.605350362123604713e-01
-1.728536898100325292e+00
-2.754764662058379443e+00
6.472369936269114277e+00
-3.770745893691112904e+00
-2.276372616316948871e+00
4.064526133913156869e+00
-2.030284200124850003e-01
-2.812492702183646109e+00
2.720265145630038628e-01
4.045977664195115509e+00
-3.846829461117022397e+00
-1.654621353417795593e-01
1.479983601731271525e+00
2.172623196768346698e+00
-5.069731871686817826e+00
1.873546860623843680e+00
4.178231225852753639e+00
-5.545197334023279190e+00
1.081591895256164282e+00
2.433074235836328647e+00
-1.333638722416491396e-01
-4.135053330763712509e+00
3.844043121619021619e+00
5.160316002267244517e-01
-2.445222937572765876e+00
-5.523359552846738296e-01
3.076103343939692092e+00
1.238916450300497907e-03
-5.467878379296013946e+00
6.021000605994174748e+00
-8.267762348550499185e-01
-3.114150606973256075e+00
9.167329625525533210e-01
3.395201001631269477e+00
-3.048422781504694701e+00
-1.590458988392303263e+00
3.911766841512030801e+00
-1.138017110506323704e+00
-1.584400272229044226e+00
-8.311531263437247352e-01
5.381853022506973616e+00
-5.098134258825234078e+00
-5.830314159069426294e-01
4.584964888821478901e+00
-2.159092608309443939e+00
-2.418285390920826838e+00
2.169396647243492016e+00
2.553905302573334257e+00
-4.948272179340343691e+00
1.973046506672833322e+00
1.350269598948096172e+00
1.962383178084017299e-01
-3.931240610519308731e+00
3.200681785221043185e+00
2.429281147953274544e+00
-5.991418429026498238e+00
3.000071336434499969e+00
2.009318549596951442e+00
-1.948865723024264973e+00
-2.732201478752318557e+00
4.998477613344926240e+00
-1.619485899942118667e+00
-2.364585408097787500e+00
1.485426587593323910e+00
1.905653187068541810e+00
-1.347368545810919027e+00
-3.659042730573019320e+00
6.417554714928643378e+00
-2.752327613421250874e+00
-2.620018595689915575e+00
2.637513308080073671e+00
2.057534709883123814e+00
-4.207117973588419879e+00
4.943898155990177901e-01
3.903639698803035074e+00
-3.229974170071524320e+00
-4.061606927666736588e-01
5.563004957602968314e-01
3.520135037886928053e+00
-5.475675649720139759e+00
1.384937018966222899e+00
4.005389829238051647e+00
-3.804899320358452020e+00
-1.097103745881990777e+00
3.277913909735563180e+00
5.535088730830854953e-01
-5.012417584894222955e+00
4.092379370855413256e+00
1.950208088751824720e-01
-1.242296456692963069e+00
-2.030424724412712933e+00
3.586657235343988059e+00
4.015543944356998463e-01
-5.338244463560513076e+00
4.613085702869657467e+00
6.505820391919689971e-01
-2.968377787782765065e+00
-8.209363106289333523e-01
5.106268360418469321e+00
-3.723929787360368504e+00
-1.262644044873325155e+00
2.978363531686957000e+00
-1.536966355779750826e-02
-1.762140748670682378e+00
-1.571998051482275338e+00
5.720370479202726344e+00
-4.379355730579548300e+00
-1.184934952534983488e+00
3.559936470405911102e+00
2.070962020052455888e-01
-4.308945099760270736e+00
2.539441512347949015e+00
2.873215002951505337e+00
-4.766223627370658633e+00
1.510866486547671084e+00
1.013320432802256921e+00
1.386197592703073855e+00
-4.768641422586729739e+00
3.060752123299340877e+00
2.483048453883553552e+00
-4.654904439366296387e+00
7.436104653444162160e-01
3.321063323535194733e+00
-1.403093748997963353e+00
-4.048654852479918631e+00
5.643687337345883570e+00
-1.690010428160507283e+00
-1.748487074335795644e+00
1.321013330885683623e-01
2.898122513265853240e+00
-1.337177053107141855e+00
-3.745663864608630433e+00
5.436593474128681436e+00
-1.234330323120647943e+00
-2.917860854414263905e+00
1.047505517599038427e+00
4.177790020720125064e+00
-5.249406555340224045e+00
5.648007162984128859e-01
3.531930801443616375e+00
-2.185330192757292345e+00
-1.110451550780981567e+00
2.242238342979061549e-01
4.091887709845860144e+00
-5.224662027944476428e+00
7.803277278979787734e-01
3.412597859715181148e+00
-1.605367347641795339e+00
-3.365955639670456634e+00
3.998300575598766837e+00
1.116302430253815814e+00
-5.352661320367265496e+00
3.664721615249712627e+00
4.075604592050601216e-01
-4.497640409188990995e-01
-3.141350609294891960e+00
3.961383344490530423e+00
4.310220684201161445e-01
-4.440124806076589437e+00
2.552967846889985459e+00
2.313217284942018281e+00
-2.771244295312154104e+00
-2.353125611286285945e+00
6.233981197774725480e+00
-3.803124690733071134e+00
-1.190156482436315333e+00
1.985413426458024988e+00
1.300582662589240046e+00
-2.303551904909642456e+00
-1.629047758330138151e+00
5.203509375769047374e+00
-3.093696010382172012e+00
-1.814421816461417869e+00
2.330071512959260183e+00
2.510109579288046344e+00
-5.804712712368121252e+00
2.616619470521867274e+00
3.014375287550659976e+00
-4.033226868906260698e+00
4.416273453477375099e-01
1.245749334417717291e+00
1.949394136201283212e+00
-5.022374909826305078e+00
2.722661132926130989e+00
2.215404159813032070e+00
-2.837944717517979942e+00
-1.676837830769402071e+00
4.482026638031431531e+00
-8.664861729533748225e-01
-4.858507483047932674e+00
5.485012151473124042e+00
-1.094712950995929690e+00
-1.503550757276941763e+00
-1.012385632140864633e+00
3.821522540025467318e+00
-1.595938504224554855e+00
-3.182965444276864009e+00
3.789533730437815162e+00
5.552856102586745113e-01
-3.164414396724204437e+00
-4.263241578131151677e-01
5.734144652731012037e+00
-5.575067866346365086e+00
2.662545192100003177e-01
3.045489713764657935e+00
-7.867806578923220995e-01
-2.232393354460468160e+00
4.553228244903774202e-01
3.938154633604301402e+00
-4.385882044152088710e+00
3.847464015327051179e-02
2.642423215308505657e+00
6.042382157884844673e-01
-5.263032117802283416e+00
4.324920833538833165e+00
1.592648590183311841e+00
-5.075893105453084253e+00
2.474889002189372356e+00
1.227440674262526121e+00
-1.497485566455229455e-01
-3.798034659516749567e+00
4.099741878663170525e+00
2.743455259838211147e-01
-3.107957329124451995e+00
2.561915931060323448e-01
3.866507023723163350e+00
-2.508478456485648600e+00
-3.451823325025714428e+00
6.490090329142358172e+00
-3.074559767901853036e+00
-1.510336827248327518e+00
1.060471030378409729e+00
2.667314632299598642e+00
-3.054650697503764167e+00
-1.191557616969721289e+00
4.071602454237692292e+00
-1.448762917104447157e+00
-2.461250016528413020e+00
1.165825128572764324e+00
4.314041198803146848e+00
-6.526174567116334480e+00
2.202002293106778197e+00
3.048377650892356794e+00
-2.806448731148950770e+00
-1.150092713120540955e+00
1.963608901747060154e+00
1.950171211506810387e+00
-4.729507812872984829e+00
2.134860013107940713e+00
1.865655799446861884e+00
-9.739825650045026428e-01
-3.796621643961454406e+00
5.212155615813222731e+00
-3.142895832844632698e-01
-5.050941084951790394e+00
4.432596013977176064e+00
1.959337239535389186e-01
-1.661561912534702978e+00
-1.862096250727769187e+00
4.530090605994709918e+00
-1.902732841419548571e+00
-2.298362713916819455e+00
1.866703841505463757e+00
2.326713840005035561e+00
-3.334008074499530849e+00
-1.552422452816381693e+00
6.419761086170539421e+00
-4.976230389537331433e+00
-4.973566132418512087e-01
2.533786535415653240e+00
8.094599630461496442e-01
-3.563457614795977335e+00
1.024836710244334093e+00
3.283296147988496116e+00
-3.131428293325639434e+00
-8.393988217490783166e-01
1.949004012119565976e+00
2.395021541598995718e+00
-6.398831035599346073e+00
4.062164056552723501e+00
2.022519127602675937e+00
-4.216194773289552167e+00
6.326822339165448783e-01
2.514264738117797382e+00
-2.504291356070891816e-01
-4.009249935741649118e+00
3.906004478595478613e+00
1.797010278698991659e-01
-1.750897671298059510e+00
-1.828904401022688919e+00
5.023331485015262388e+00
-2.151861426529791732e+00
-3.988712501571526570e+00
5.774178535212833197e+00
-1.538047508396492180e+00
-2.205185564771293016e+00
2.753640902202885155e-01
3.898589739132627852e+00
-3.746084835836660076e+00
-5.907432358483826196e-01
2.681066156276381118e+00
2.883776586283266496e-01
-3.090384436796430823e+00
2.847960782194911000e-01
5.306846729837646492e+00
-6.260927986215618191e+00
1.224181010954676463e+00
3.028083051623849720e+00
-1.242410979722164521e+00
-3.007459415939756298e+00
2.895981602146951328e+00
1.607151353126111903e+00
-4.018686242673911835e+00
1.273234601374571673e+00
1.672233921685388758e+00
5.329683012630864747e-01
-5.228646340433881434e+00
5.309466390958996307e+00
2.802540279862624772e-01
-4.638547071985221315e+00
2.606938787347954367e+00
1.992977093684267231e+00
-2.093611474113018733e+00
-2.408037353911662404e+00
4.877424442860079701e+00
-1.985828696274341221e+00
-1.476547028466788314e+00
8.278263671327645845e-02
3.796789538001708486e+00
-3.383773299860558748e+00
-2.203358966124949525e+00
6.124546131264132498e+00
-3.465969679821133020e+00
-1.667513502981150753e+00
2.045172312732817410e+00
2.388293012100261681e+00
-4.781066772272899890e+00
1.584249457649174353e+00
2.449735985029837249e+00
-1.689565295122206212e+00
-1.818279926854552864e+00
1.523834667711725377e+00
3.467833873168935543e+00
-6.555965976743799217e+00
3.145705727361725490e+00
2.432157979815489757e+00
-2.920427808554301397e+00
-1.569936884372257868e+00
3.947655913565794261e+00
-5.258234809010784438e-01
-3.861074393098615332e+00
3.316338795985582788e+00
3.778838780182685597e-01
-7.357863204091211751e-01
-3.334660446755204344e+00
5.573291796772982032e+00
-1.669138029028807368e+00
-3.964781361488852518e+00
4.206212014680902556e+00
5.836961265725816306e-01
-3.106278634015694706e+00
-3.567321288406231083e-01
4.799761019890964597e+00
-4.069778529489818553e+00
-1.943060877110615037e-01
1.401373736035842255e+00
1.853974568224186825e+00
-3.640880084110682091e+00
-2.055269798487854294e-01
5.377744901725462157e+00
-5.022507415957193189e+00
-2.338211289875209986e-01
2.975976946924336453e+00
4.297346347636249453e-01
-4.758801988837523034e+00
3.665308149585291719e+00
1.216544256908541843e+00
-3.069262533597595599e+00
1.589303914968090703e-01
1.796330549502435092e+00
1.415192866080224210e+00
-5.758088774457049475e+00
4.702475562475339821e+00
9.332946025109926103e-01
-3.755351197717915035e+00
3.187124969036216893e-01
3.932092844913745999e+00
-2.554824372241201846e+00
-2.702623800401699583e+00
4.751584061370649259e+00
-1.609408965601929697e+00
-1.043073207726754825e+00
-1.231294781556325546e+00
4.752668329019211768e+00
-3.260810997399431255e+00
-2.384704618894895045e+00
4.963383380816383195e+00
-1.282809089339007391e+00
-3.042472455478764548e+00
1.584799927559255917e+00
3.717358893409496989e+00
-5.533928557005469706e+00
1.770600452192663266e+00
1.758572464382868406e+00
-2.889799915392617380e-01
-2.823853670852690900e+00
1.439209697636662844e+00
3.726308982283874194e+00
-5.742313248372542311e+00
1.664071049458570206e+00
2.824200175581713879e+00
-1.418249085801547071e+00
-3.724399864415816719e+00
5.115022888308327964e+00
-6.931878835258096228e-01
-3.482328680852556868e+00
2.323940386362549848e+00
1.003914778351435277e+00
-2.843914023577498451e-01
-4.062392038293300978e+00
5.430306952693023881e+00
-1.034977822240665368e+00
-3.506266408495646303e+00
2.100404519837826278e+00
2.895827556070228237e+00
-3.943867494232133009e+00
-8.685832525607721788e-01
5.210884610367434888e+00
-3.771854986233124762e+00
-2.909456378827102174e-01
5.136198790641713918e-01
3.044765772396853087e+00
-4.031053797494032587e+00
-3.340027040001096736e-01
4.640115674016074720e+00
-3.048640326265092959e+00
-1.950837194672251806e+00
2.882359102458454281e+00
1.955596211930770156e+00
-6.011123299895070105e+00
3.900545775633232903e+00
1.056616341682584892e+00
-2.063421891209872072e+00
-1.131266281695745501e+00
2.267032871091681834e+00
1.608192405208125120e+00
-5.389199247754425492e+00
3.467758210386063134e+00
1.641106468271072760e+00
-2.623241138426340324e+00
-2.003883370658099405e+00
5.567864446008498724e+00
-2.762418394075775829e+00
-2.831314072587066466e+00
4.107869817882014551e+00
-6.541052694400708578e-01
-1.166689591429528772e+00
-1.908842001612820027e+00
5.094512992977227483e+00
-2.913126759834033130e+00
-2.227251680938077349e+00
3.244145075123996858e+00
1.166210755458800374e+00
-4.329614715859344543e+00
1.124668702309369106e+00
4.597563491083443310e+00
-5.541042958706624333e+00
1.321029641573749913e+00
1.435500371295094446e+00
8.910114463225621284e-01
-3.745996632362604828e+00
1.626291445711444128e+00
3.293122191104732366e+00
-4.183611443196007862e+00
-1.607071551943206611e-01
3.175072125795700195e+00
3.047492652185951334e-02
-5.406121057148721043e+00
5.628193292101073553e+00
-5.048194624137946063e-01
-3.004817080849115918e+00
9.946849227030070129e-01
2.044363795846235732e+00
-4.140530580357270063e-01
-4.022014119354612838e+00
4.647168112433375242e+00
-2.415446965392369361e-01
-2.826738031059009781e+00
-1.134491519234603341e-01
4.930705068126817636e+00
-4.425229748052938561e+00
-1.316218566249084176e+00
5.046869783066901149e+00
-2.735400213420693838e+00
-9.981939756165226774e-01
1.388317398923423207e-01
3.755399496496393930e+00
-4.170618951713613853e+00
-2.525926966045731747e-01
3.393363654172305566e+00
-7.396729754083760655e-01
-3.621555112497032880e+00
2.712619958973025547e+00
3.112468108286526203e+00
-6.454500464525360748e+00
3.350796805660079869e+00
1.301057551748073582e+00
-1.144291478049600297e+00
-2.466737746688961064e+00
2.964891659656233358e+00
1.258946167879829048e+00
-4.332431069353762432e+00
1.809327739506467747e+00
2.375228973574634583e+00
-1.494530404055018025e+00
-3.921299164347437305e+00
6.493000206019624798e+00
-2.484013558354139839e+00
-2.880568435939441230e+00
2.989820878130293735e+00
8.326296047463750405e-01
-1.808462397501566787e+00
-1.978996522127227875e+00
4.847604273524273921e+00
-2.303293217069371401e+00
-1.943642942339846469e+00
1.383847874952928825e+00
3.408101256022602943e+00
-5.223268547924194927e+00
6.212704490512491740e-01
4.909701563326663631e+00
-4.676510871406422964e+00
1.594719229298600105e-01
1.548404351054721850e+00
1.752204325544763019e+00
-4.452833323061399007e+00
1.895372961157424596e+00
2.465069932502309769e+00
-2.258496123569966318e+00
-2.026856221748620790e+00
3.438999782667247374e+00
1.197828693619370277e+00
-6.283019689452968848e+00
5.235944271605566414e+00
1.723461133605196371e-01
-2.529303971185555167e+00
-5.328806982344871379e-01
3.327045422044843548e+00
-9.385505806252146810e-01
-3.413533530473919164e+00
3.395098398128249428e+00
6.926992172366348566e-01
-2.164788408143996090e+00
-2.000121137735979104e+00
6.268279585161570466e+00
-4.319570893165630920e+00
-1.753696901492763249e+00
4.323379025223625050e+00
-1.028593085835195486e+00
-2.220316007981957274e+00
2.150815717776764779e-01
3.988262696859490752e+00
-3.978845828889096214e+00
-1.862503623284537113e-01
2.034361138642997169e+00
1.445358434962170424e+00
-4.932538444366235453e+00
2.420394423783260418e+00
3.761036784536711419e+00
-5.948293418908945362e+00
1.966800874582363079e+00
1.965677792418499381e+00
-3.900915813338284854e-01
-3.679272075613596371e+00
3.650313464268673869e+00
6.734155246693874775e-01
-2.936916919394675585e+00
6.981013585014572698e-03
3.082303697723623337e+00
-5.856113795647386322e-01
-5.093564184312286081e+00
6.449189725283765995e+00
-1.610878135116074361e+00
-2.911024143737273917e+00
1.530975066123957173e+00
2.632442391253716707e+00
-2.732428334615726317e+00
-1.642229623787822224e+00
4.143056317949174172e+00
-1.422823943735080476e+00
-1.760774849463309311e+00
-2.040021835969398900e-01
5.023704587896962614e+00
-5.485947177103901673e+00
3.520582140705774687e-02
4.644224000206559566e+00
-3.015400410615567850e+00
-1.569742127253449970e+00
1.993326766799902616e+00
2.284983241970623524e+00
-4.814250897216341585e+00
1.993915457750208731e+00
1.619866226898990735e+00
-3.948783332633809540e-01
-3.625498433919715602e+00
3.556893248437134503e+00
1.942993415462311635e+00
-6.201957119174013933e+00
3.900535561998310641e+00
1.311767899703734530e+00
-2.105333939415257483e+00
-2.065920582141705708e+00
4.558050023316171817e+00
-1.528862699808849701e+00
-2.557354231101839570e+00
1.915811751449255640e+00
1.717489033877577675e+00
-1.714220443371466063e+00
-3.230376852595421511e+00
6.644239576971191497e+00
-3.525608279857510574e+00
-2.212246348721992995e+00
3.159950327282961879e+00
1.097184810067068028e+00
-3.668780609500525536e+00
5.282324678447948285e-01
3.835817764755979908e+00
-3.405792480499524988e+00
-3.593741529386400568e-01
9.433821115105385235e-01
3.105981127213199855e+00
-5.639131302809063939e+00
1.962753512219916008e+00
3.877466174554603295e+00
-4.564417177970510053e+00
-7.329321188536708220e-02
2.902786647231559769e+00
1.909396687146385219e-01
-4.592214505985004358e+00
4.030341339353011421e+00
2.184800848173829024e-01
-1.588391001658938650e+00
-1.651299001412156464e+00
3.688517785367755319e+00
-1.997839078027030535e-02
-5.365333113513154117e+00
5.398664172407331208e+00
-1.957231246461537122e-01
-2.942195482716098098e+00
-6.557374847195795997e-02
4.401640937500167716e+00
-3.574943701522179662e+00
-1.198535662969304916e+00
3.174692966057322874e+00
-3.042201589682183016e-01
-1.846831930458737503e+00
-1.219517807343901694e+00
5.751704619023366050e+00
-5.010727623654795515e+00
-6.523173813076110772e-01
3.904813861030223876e+00
-8.262488840478503516e-01
-3.531576513757241909e+00
2.531415286601497172e+00
2.552348237881873594e+00
-4.730725518897472170e+00
1.686736579424459315e+00
1.101301062872378500e+00
1.043032347319820197e+00
-4.712211055534467619e+00
3.468062736201162011e+00
2.244790063475269992e+00
-5.228646897257884341e+00
1.816458676278733364e+00
2.729037565996723202e+00
-1.728344323514866332e+00
-3.391922764556903225e+00
5.397514595697212592e+00
-1.816363384336734388e+00
-1.794453599074517181e+00
4.603857975283125459e-01
2.750254294370934716e+00
-1.566560847013084734e+00
-3.662767656553082229e+00
6.016194104408389975e+00
-2.103489756606005123e+00
-2.688496475243611350e+00
1.757377583979249813e+00
3.260836689149732237e+00
-4.939966441483880644e+00
7.859241082034315040e-01
3.442810528328901665e+00
-2.451846142609818813e+00
-9.196390166456371862e-01
3.767762208164560089e-01
3.998556869818684412e+00
-5.622714341678915595e+00
1.314036935589690591e+00
3.556026477345064052e+00
-2.574447549963698734e+00
-2.401738358602324652e+00
3.843777763166039918e+00
6.461502490656035880e-01
-5.056994106553370116e+00
3.845934008347729360e+00
2.065446472833744052e-01
-6.018215662873001026e-01
-2.934398816312147495e+00
4.108399204139504768e+00
2.028803703965174066e-01
-4.801236018099260150e+00
3.536601660456949681e+00
1.554872064258702169e+00
-2.951111858428490997e+00
-1.566839438094936865e+00
5.755555516440215236e+00
-3.953080151252559293e+00
-9.500961354694670291e-01
2.145355145667467323e+00
9.729291911454894803e-01
-2.254167486572154822e+00
-1.553142210560406467e+00
5.548639639744752827e+00
-3.848449734546655066e+00
-1.429490277497560413e+00
2.883089598676111809e+00
1.489481464611910777e+00
-5.285497008541116593e+00
2.864999719949513413e+00
2.657432238885013120e+00
-4.160821957632643731e+00
8.356093437848871597e-01
1.115651071941438310e+00
1.845744722956069062e+00
-5.158861218961559025e+00
3.122896495175676801e+00
2.201617293656045860e+00
-3.629238168158613220e+00
-6.341364675702649834e-01
4.128964215367485480e+00
-1.352516830529247205e+00
-4.322457844241284874e+00
5.553967981423978628e+00
-1.508778429634190843e+00
-1.385384727154181927e+00
-7.682490239240974406e-01
3.682140923423300904e+00
-1.683029691457631927e+00
-3.372939680731461998e+00
4.570090192742646273e+00
-2.631252306956978204e-01
-3.143474608375591117e+00
3.533786750225058615e-01
5.043526932876771340e+00
-5.628397301564510791e+00
7.124890865230428805e-01
2.960360303226813983e+00
-1.179959595084050239e+00
-1.881660337646290593e+00
3.968486194815561419e-01
4.089082384059558706e+00
-4.913996344436483810e+00
4.759899712514918946e-01
2.980176738012617399e+00
-3.828827405816826457e-01
-4.552498147540717355e+00
4.476848026511729195e+00
1.050922261518909995e+00
-4.988417542631020218e+00
2.955150406679083464e+00
7.961129824708315095e-01
-1.387964065455246088e-01
-3.713940849620624540e+00
4.257456155162823386e+00
2.028957537463638161e-01
-3.661409914526058351e+00
1.241128774341022201e+00
3.330422043772508722e+00
-2.883356743628802121e+00
-2.760080984197787135e+00
6.369321728522131743e+00
-3.581145615913907232e+00
-1.106824554035642505e+00
1.217589444746870475e+00
2.285060118790987360e+00
-2.895532061599634055e+00
-1.307400067342047612e+00
4.589290620786792729e+00
-2.193629133017030330e+00
-2.251671187371190985e+00
1.809730768748205820e+00
3.495640980730364777e+00
-6.402634541956297554e+00
2.730209930044091848e+00
2.705098831839414242e+00
-3.139735857275512299e+00
-5.452589291359504209e-01
1.669136825878523300e+00
2.003023156606183797e+00
-4.973376722423523688e+00
2.494925261541845352e+00
1.997609577357808419e+00
-1.798001901130030777e+00
-2.977114219666335160e+00
5.184001888884320230e+00
-9.138801041580544293e-01
-4.735478164303984272e+00
4.870933536435994249e+00
-4.854296012197198973e-01
-1.436644994818381260e+00
-1.654642492721656533e+00
4.391247145377007222e+00
-1.905288063868410653e+00
-2.622256713290322505e+00
2.665860407004111643e+00
1.686754448454691691e+00
-3.511139376376205323e+00
-8.329451946917382221e-01
6.094681307862646058e+00
-5.443569226017251239e+00
1.371542548360653591e-01
2.504924962767600682e+00
2.843575231334973807e-01
-3.108114623883343697e+00
8.589359131185186902e-01
3.547178379631243050e+00
-3.677865907340844842e+00
-5.169821295788873394e-01
2.368887788926355320e+00
1.575894746002719060e+00
-6.080892780494232319e+00
4.537241738073679365e+00
1.477013785600193696e+00
-4.389134313273205024e+00
1.387817948009773206e+00
1.937201303190842827e+00
-1.720339228567406287e-01
-3.980555409991864746e+00
4.067568573847331059e+00
1.791930400633430231e-01
-2.323847182368385056e+00
-1.024918017464778508e+00
4.794270433843581536e+00
-2.672048697303550657e+00
-3.500837437788594908e+00
6.067234236595242081e+00
-2.361911973818811461e+00
-1.721656886674369336e+00
4.811648998770334806e-01
3.478676979087771848e+00
-3.562168633593290501e+00
-7.576258277510838912e-01
3.208634771290466592e+00
-3.344304593963067784e-01
-3.046311533796555615e+00
8.943676851564874575e-01
4.830949734839493637e+00
-6.582226461972528142e+00
1.979445095768802787e+00
2.768618501150572175e+00
-1.782382947163934084e+00
-2.275382729741902033e+00
2.564604054379779452e+00
1.690968214621747956e+00
-4.284425986828439115e+00
1.590822096401368624e+00
1.843518944844956486e+00
-1.507870924571332871e-01
-4.766658797803978942e+00
5.621670544330052088e+00
-3.562387875576774054e-01
-4.604714472491092891e+00
3.380696435725670135e+00
1.155969836452402033e+00
-1.874520602063616037e+00
-2.183438372305490649e+00
4.762206428479744957e+00
-2.003383509739232515e+00
-1.774667074478502249e+00
7.381975728947989257e-01
3.413928735764379052e+00
-3.713230612931803787e+00
-1.653376241977666528e+00
6.222874624967785095e+00
-4.297252458156679111e+00
-9.495403444729971776e-01
2.132510345395009832e+00
1.767856871021881604e+00
-4.335775157161134707e+00
1.459420988380853323e+00
2.684590785413017322e+00
-2.165886241500996956e+00
-1.597772592463798880e+00
1.912461540704827989e+00
2.948885384655016928e+00
-6.678479112198468570e+00
3.884476631367318245e+00
1.965819991486954077e+00
-3.355397812356614828e+00
-6.454943195549075474e-01
3.377774998358654468e+00
-5.056012302802833647e-01
-3.828800048786212162e+00
3.503107270958211394e+00
3.446604080281348015e-01
-1.175275145083626072e+00
-2.833014172284324061e+00
5.667310941594283058e+00
-2.259033274115488599e+00
-3.745745365859593612e+00
4.875168610424761795e+00
-4.261403129866210282e-01
-2.673387087198270340e+00
-5.579343441929951464e-02
4.394446586985120362e+00
-3.980426850456062482e+00
-2.629602228150331733e-01
1.802789505729418096e+00
1.418493852218420059e+00
-3.723267532101449007e+00
2.705383471060553990e-01
5.299745867492502427e+00
-5.734788300422198226e+00
6.305060745313253445e-01
2.869820420015253948e+00
-2.678329094858844517e-01
-4.041969284595829492e+00
3.458731934441036771e+00
1.207018764467485461e+00
-3.297550883521536136e+00
4.567791911886778244e-01
1.908560635022999996e+00
9.862123159708408027e-01
-5.697028146756548672e+00
5.296767588959395923e+00
3.471916745262164650e-01
-4.007148745300804116e+00
1.308626508749545003e+00
3.115034153898822211e+00
-2.472622557895584716e+00
-2.424592997691832341e+00
4.709250514747237659e+00
-1.748359205663831073e+00
-1.185494648928193895e+00
-8.194097383680618574e-01
4.641493807664861748e+00
-3.676457275099483724e+00
-2.065002216622314535e+00
5.445995075394340468e+00
-2.336363891877074828e+00
-2.386612097075745176e+00
1.833323251017746625e+00
3.078060993212169638e+00
-5.241160439328050202e+00
1.831007733628112977e+00
1.856957965610102956e+00
-6.508378675562833671e-01
-2.671623610520749370e+00
1.715875104110044624e+00
3.553169105661537763e+00
-6.251475255134232967e+00
2.545298830235499743e+00
2.513146320007128232e+00
-2.060526708585278755e+00
-2.794914253552129857e+00
4.730019467955170143e+00
-8.435193050530587211e-01
-3.417478683721788535e+00
2.574741267078869633e+00
8.535885926248490962e-01
-5.013510522008515213e-01
-3.895835460453905608e+00
5.795028763261790061e+00
-1.612972702061103547e+00
-3.560255921025463621e+00
3.020281197203318335e+00
1.891468399510369380e+00
-3.700994223989846788e+00
-4.522562979945328188e-01
4.897408663321845879e+00
-3.892134801970035252e+00
-1.531671154060790796e-01
7.174606165753656395e-01
2.804551999858136746e+00
-4.188325920476986042e+00
-3.849903254767395033e-02
4.918539085646497000e+00
-4.008791745072931789e+00
-1.130894960367741842e+00
2.976550347347154180e+00
1.193332952733430208e+00
-5.474321089626176473e+00
3.963728499221610413e+00
8.727594409456969071e-01
-2.236471187156905849e+00
-8.204439306928189568e-01
2.262876540206719245e+00
1.461234156028447639e+00
-5.675223501578205543e+00
4.229095228195840050e+00
1.181448991409439042e+00
-3.104858123617999510e+00
-9.750331434301104938e-01
4.963272964305094348e+00
-2.924010441521812886e+00
-2.497928057786323208e+00
4.198034330987361784e+00
-9.891884222455482600e-01
-1.093962534446834445e+00
-1.755067420216786855e+00
5.209207748988061049e+00
-3.348406874730593508e+00
-2.136367020017828189e+00
3.985982208581179798e+00
8.822620928433499987e-02
-3.882635926394711667e+00
1.546021180478981627e+00
4.040277545860604391e+00
-5.528747729567426106e+00
1.657950035857329585e+00
1.357467379185576473e+00
6.383740147464285197e-01
-3.625946231706932199e+00
1.766413558966899444e+00
3.417215960392018026e+00
-4.941362763531455649e+00
7.111943550641105505e-01
3.068228734602581831e+00
-7.183388243636869008e-01
-4.653580652885931812e+00
5.578136010536286271e+00
-8.859490292791548649e-01
-2.918153884418623445e+00
1.347271284660016777e+00
1.743554209113297393e+00
-4.073513354715321277e-01
-4.132930577667908167e+00
5.180601824776488229e+00
-7.406722228368245453e-01
-3.097753984274651096e+00
8.766786589911740313e-01
4.133830312811258345e+00
-4.478785944272916986e+00
-8.028126611625907572e-01
4.906770219619088103e+00
-3.136354130116643546e+00
-6.238908114510637315e-01
1.553038453784885142e-01
3.668114108597320566e+00
-4.357908147788366549e+00
-1.224571461342532919e-01
3.905034701038748501e+00
-1.753471124376045465e+00
-2.995197567338550915e+00
3.016212056311861289e+00
2.402145695716742857e+00
-6.239347157623429396e+00
3.764610842084514353e+00
9.330222205902457544e-01
-1.286235416425652867e+00
-2.119346277616006358e+00
2.848121041886746418e+00
1.331363006441384167e+00
-4.835240317167351698e+00
2.597516876536019481e+00
2.088738611001506484e+00
-2.104442392560509134e+00
-3.044192677233244826e+00
6.257087986470941665e+00
-2.936404738160574901e+00
-2.528692022856693367e+00
3.260535010205884987e+00
2.885332295033848915e-01
-1.550375140454783196e+00
-2.015926549698936476e+00
5.102156359902472182e+00
-2.709604142885509326e+00
-2.022396127237296781e+00
2.208764787974845323e+00
2.508605240648368984e+00
-5.092892465289645898e+00
1.185539817161609166e+00
4.534696177768338110e+00
-5.017426116651886758e+00
7.780169887015637720e-01
1.332651572102315995e+00
1.564450121378233138e+00
-4.344335930935209866e+00
1.936124124123744794e+00
2.763126083340265993e+00
-3.082560127449033072e+00
-1.307855778164592753e+00
3.545705744071793841e+00
4.653015928782459065e-01
-5.859310571089220154e+00
5.597369094141329882e+00
-4.248296247508115409e-01
-2.466735623993643323e+00
-6.190407524688368301e-02
2.909568206035926252e+00
-7.920409282064828638e-01
-3.678038226149924927e+00
3.976725817879280367e+00
3.098578000799490084e-01
-2.554493383861822231e+00
-1.129038072099430412e+00
5.838229961650286626e+00
-4.710425499255821435e+00
-1.199662329283684770e+00
4.417570253573894767e+00
-1.708709335211651137e+00
-1.670770746619913760e+00
1.276267153196403714e-01
3.982601700420188351e+00
-4.173220363722504267e+00
-1.531401996358175976e-01
2.612341378612452303e+00
5.717595553740169034e-01
-4.606650327070584083e+00
2.900071762795181307e+00
3.214517163518805454e+00
-6.132055912952156795e+00
2.718480481774406154e+00
1.480167637337141961e+00
-5.530985183415457751e-01
-3.297144698718061484e+00
3.486296453711786647e+00
8.368105138493127093e-01
-3.491072015638823078e+00
6.933974273632750318e-01
2.977557627370106541e+00
-1.203854572358991071e+00
-4.523163415996930503e+00
6.657771149299401614e+00
-2.322937441921966162e+00
-2.607136449150103896e+00
1.997857182242977370e+00
1.940458367856737087e+00
-2.399159421678106696e+00
-1.747881160237357179e+00
4.441117794221848492e+00
-1.780338652676928257e+00
-1.913978173322855358e+00
5.254776243414795989e-01
4.458500636399264749e+00
-5.711590121339351178e+00
6.755044921466192287e-01
4.523896685866112044e+00
-3.700333708939683053e+00
-7.584840741589151669e-01
1.743650907284952645e+00
2.100934456056099631e+00
-4.723654592205164704e+00
2.019972874594869516e+00
1.934742814973106517e+00
-1.109625414677101407e+00
-3.159737094040733663e+00
3.846165265345628193e+00
1.340580143977690541e+00
-6.187903030196493681e+00
4.650553700010275904e+00
5.883914835929806575e-01
-2.130896771273450785e+00
-1.495631760758325379e+00
4.119946307220803128e+00
-1.382360555758308518e+00
-2.827492413286921025e+00
2.440317863467519111e+00
1.454149547991729019e+00
-2.111977005056508983e+00
-2.626852275453674945e+00
6.656008144198432674e+00
-4.215091606366985211e+00
-1.699178895780531828e+00
3.507408701835231124e+00
2.201067544914274698e-01
-3.081915794633537597e+00
4.628341391475511157e-01
3.839717252393666236e+00
-3.612279896228281828e+00
-3.275964429076778095e-01
1.426597596025649839e+00
2.515983640445301539e+00
-5.652665459374241586e+00
2.550855818066828373e+00
3.573150153268691120e+00
-5.135372183956574688e+00
9.070673772719823891e-01
2.424678259676803727e+00
-5.029025489675997829e-02
-4.210116620455042202e+00
3.926253531105424965e+00
3.223564419293229455e-01
-2.042740275990036380e+00
-1.152612424973062044e+00
3.738847223514144336e+00
-5.407540915094797285e-01
-5.181081549278983012e+00
6.024950293358983799e+00
-1.062731180703923695e+00
-2.762783761064352195e+00
5.680037853323303132e-01
3.686475233434854282e+00
-3.323101286102403407e+00
-1.239200269002834087e+00
3.439626300619325505e+00
-6.218113278910628594e-01
-1.975766055428721524e+00
-7.178090859543140301e-01
5.590982137615397640e+00
-5.553440989484217383e+00
-2.398256850443514221e-02
4.062523319957277224e+00
-1.759840790984373182e+00
-2.690267962148805481e+00
2.382915380401086303e+00
2.320330135285810336e+00
-4.692143899233593984e+00
1.800158774056185296e+00
1.292003407497419598e+00
5.596553169256039961e-01
-4.535290809744288332e+00
3.879434263790211723e+00
1.848306482101013337e+00
-5.611910936901912450e+00
2.834617004723860134e+00
2.021842124289465747e+00
-1.900635895812213594e+00
-2.780566707293595119e+00
5.071630939899105073e+00
-1.819204756101847176e+00
-1.945645618215574579e+00
8.640540617525815925e-01
2.582097125023422812e+00
-1.882738718664826560e+00
-3.396949862681622356e+00
6.442096742174058477e+00
-2.981819053652750018e+00
-2.301765962242671826e+00
2.324528691571976058e+00
2.334094584669950123e+00
-4.491671284713077306e+00
8.677542440486107900e-01
3.409421367092261956e+00
-2.698181495918333894e+00
-8.009093396282235267e-01
6.567981098973826315e-01
3.750656244981577903e+00
-5.940420922097973566e+00
1.926284154526279657e+00
3.518659414776549532e+00
-3.431461562601133775e+00
-1.373116788721750137e+00
3.519653781140027693e+00
2.889372426007033035e-01
-4.738085551624552139e+00
3.916197956750024911e+00
1.284012736775419494e-01
-8.624934060521574075e-01
-2.649889344965456583e+00
4.265089045326455164e+00
-1.570191523503524644e-01
-4.988157136356481836e+00
4.457291110803663692e+00
6.853877495008666720e-01
-2.959050044799128809e+00
-8.407294751021194834e-01
5.174690167929433926e+00
-3.936594332940923646e+00
-8.255135980390264638e-01
2.341391410097950931e+00
6.683268835691325016e-01
-2.289946833979255469e+00
-1.331030348122093754e+00
5.762881397902378744e+00
-4.602493341676023419e+00
-9.001177680015091109e-01
3.284918591810185085e+00
4.684585077207521486e-01
-4.607710669798185776e+00
2.940424397105526833e+00
2.357081939167061879e+00
-4.225515274855924375e+00
1.118858731977212084e+00
1.101675988896831049e+00
1.632591153383768701e+00
-5.239189308981551996e+00
3.585049363861364302e+00
2.030640699625495760e+00
-4.307773549686767289e+00
4.634492972751367290e-01
3.594443737146831630e+00
-1.702353251307539450e+00
-3.757798972160585560e+00
5.471084375363852281e+00
-1.769826434636000201e+00
-1.354978861560790282e+00
-4.958245703431544693e-01
3.572609038008598858e+00
-1.875435472131302683e+00
-3.421692374689392580e+00
5.289804544133492215e+00
-1.177482786560897221e+00
-2.949256726061269873e+00
1.058222366535996439e+00
4.243887230227343821e+00
-5.481083530149589045e+00
1.023118766692825421e+00
2.883760178762608817e+00
-1.501833817365995305e+00
-1.628113047479604392e+00
4.480792190794731233e-01
4.147482443315328560e+00
-5.440560250043621870e+00
1.033185117870794478e+00
3.175515512984261157e+00
-1.359923680461158302e+00
-3.681096280220657047e+00
4.431407298428047703e+00
5.771267896298384326e-01
-4.808402188593724702e+00
3.282330303311304043e+00
4.829658889821559775e-01
-1.933702724380187421e-01
-3.612036154818637712e+00
4.468518147552882347e+00
9.669095361433566183e-03
-4.117656952231328660e+00
2.269021457298772138e+00
2.619267317386084315e+00
-3.107826691122869800e+00
-2.045981543972317684e+00
6.070264593699429057e+00
-3.901540687828705778e+00
-7.841079814338653975e-01
1.356136782811142805e+00
1.965724986190931611e+00
-2.822963797113736018e+00
-1.326061546840542338e+00
5.063151413561244318e+00
-3.015768531445858436e+00
-1.885858514040208656e+00
2.372266728250112866e+00
2.574609572201437491e+00
-6.059671483517118595e+00
3.099605961626037853e+00
2.357757809143260719e+00
-3.357285859099417902e+00
-6.174035557493839921e-02
1.455908439969969548e+00
2.011535875330617618e+00
-5.228480724399006796e+00
2.945925390182114967e+00
2.013741976850851323e+00
-2.608367838153965668e+00
-2.008586941087708855e+00
4.949821871816738827e+00
-1.430375089388605581e+00
-4.314186755488963243e+00
5.118770449363424291e+00
-1.034535275978348379e+00
-1.242319527187834671e+00
-1.476139530599608785e+00
4.309932775899546264e+00
-1.990444043270729102e+00
-2.881181168314972840e+00
3.501641377588363468e+00
8.929122295030796908e-01
-3.539000317330800449e+00
-1.024079101488403754e-01
5.582490761764996812e+00
-5.696977784037570380e+00
6.851826946914691963e-01
2.421048310568097328e+00
-1.375343086228136835e-01
-2.733098181804368032e+00
7.433063649800625283e-01
3.799551947437596944e+00
-4.287542427658606492e+00
-7.011811844975213148e-02
2.715229885108453978e+00
6.669051676895872971e-01
-5.543196944826196848e+00
4.835503133639248219e+00
9.286732349216829663e-01
-4.413679669152118734e+00
1.990931224138610345e+00
1.425979027920543540e+00
-8.824898062201980142e-02
-3.989948141207531052e+00
4.295628801263992713e+00
1.034427019433471484e-01
-2.892577414707833583e+00
-9.119612389018483256e-02
4.369099258262854946e+00
-3.098288481815646200e+00
-2.909030290476208869e+00
6.145118119504221710e+00
-3.032785090113578441e+00
-1.247950005609084867e+00
6.111136979551541337e-01
3.133792908230384366e+00
-3.426380195607804602e+00
-9.045096868080743091e-01
3.778238196810753013e+00
-1.082023042406262681e+00
-2.872086747523652228e+00
1.506733016013573234e+00
4.175477592431299456e+00
-6.674920404834653098e+00
2.635112748625015655e+00
2.433246287072006186e+00
-2.179802984790154774e+00
-1.630677097897412109e+00
2.242317631055400717e+00
1.806929367446097334e+00
-4.610274047257099994e+00
1.993411330835879847e+00
1.965923955758568820e+00
-9.133686621924911320e-01
-4.101578130849126147e+00
5.751700063482274139e+00
-9.856780131827611591e-01
-4.406660182033577122e+00
3.973155203074453024e+00
3.833315204381564367e-01
-1.607418936140877497e+00
-2.033949194473169797e+00
4.699781960347723775e+00
-2.048861303516357868e+00
-2.093461891236227945e+00
1.504858787953523569e+00
2.861796357905817434e+00
-3.949508018020261080e+00
-1.011357852335799778e+00
6.099000486615210548e+00
-4.955987667548085618e+00
-2.357357400209135201e-01
2.105555766618958380e+00
1.249512374981554874e+00
-3.915430843754783119e+00
1.304216815221780568e+00
2.981138736046389237e+00
-2.738389564326511039e+00
-1.282377680032597667e+00
2.305901695820975483e+00
2.268949312355185821e+00
-6.575470582204892445e+00
4.510809479605947914e+00
1.419171570464563548e+00
-3.617891004941017119e+00
1.748555025980791378e-01
2.788228148134001660e+00
-4.055675802353671533e-01
-3.867043029427735590e+00
3.736361803600055431e+00
3.021038138917711557e-01
-1.691586380608394613e+00
-2.156448430900092195e+00
5.590947211895966440e+00
-2.830969515920943813e+00
-3.364319561043279450e+00
5.343264799834093637e+00
-1.362606845629448449e+00
-2.163680200406167486e+00
1.300612589027603239e-01
4.041757547795231886e+00
-3.873662758130316242e+00
-3.906755942031893136e-01
2.305186351324596039e+00
8.518129118881669903e-01
-3.729238295270572046e+00
8.244310764338255160e-01
5.010803984412270040e+00
-6.264246178921773378e+00
1.484597937989028615e+00
2.626017740250186527e+00
-8.337418048290825556e-01
-3.341137549680212260e+00
3.174777911019011523e+00
1.291200031532462544e+00
-3.601515592767999152e+00
8.039589863265880210e-01
2.042249144674360029e+00
4.180651961676097317e-01
-5.431729792939701262e+00
5.774026240986820824e+00
-3.105663787683000665e-01
-4.072427043759143217e+00
2.174939346221332670e+00
2.264994899917859517e+00
-2.267657755466287117e+00
-2.239276864637233189e+00
4.683579823576706325e+00
-1.848150571628279781e+00
-1.416167210658944020e+00
-2.642867179340915307e-01
4.389141328682566012e+00
-4.070153828226954928e+00
-1.598842420030055500e+00
5.724168258287150479e+00
-3.303838017964809914e+00
-1.641951952861786967e+00
1.932435674771668221e+00
2.503165271834474570e+00
-4.895496908904699573e+00
1.786404411883220078e+00
2.058817027048029047e+00
-1.102778949954423826e+00
-2.475888034268468374e+00
2.061834027298356631e+00
3.194889307326720829e+00
-6.582905182769103192e+00
3.405221995584936767e+00
2.059072546810992499e+00
-2.547495775794237360e+00
-1.885258090133710596e+00
4.231892999687754120e+00
-8.616045626460315798e-01
-3.420593747066368095e+00
2.827349572574598291e+00
7.561282452668526277e-01
-8.405446818417805499e-01
-3.560576285697064858e+00
6.052332915099086108e+00
-2.247678658474763225e+00
-3.432278320637287994e+00
3.802508440102841725e+00
8.548527289319642897e-01
-3.304925405412825867e+00
-1.569567088983776504e-01
4.584307513218775831e+00
-3.924197385918096970e+00
-1.287152163015348183e-01
1.037648651084979390e+00
2.465663754065409830e+00
-4.332508158759201145e+00
3.803366524963330830e-01
5.007436176005059636e+00
-4.874567790181197680e+00
-2.255438845767971656e-01
2.900296487115311184e+00
5.136845864997457989e-01
-4.863912541253773369e+00
3.876722704286645893e+00
8.079832190530463754e-01
-2.463906272268666875e+00
-5.109745008433569380e-01
2.331157129460120991e+00
1.162385456949804441e+00
-5.806301929135074147e+00
4.961148439435881130e+00
5.898008215480772254e-01
-3.420885774935286783e+00
2.277297363862917923e-02
4.225972647071595922e+00
-2.916497701064760584e+00
-2.238108473671025500e+00
4.249089046216382393e+00
-1.229425500891727197e+00
-1.137567953228025619e+00
-1.475090122680810856e+00
5.242534241966221309e+00
-3.827321993774412068e+00
-1.884893143397524007e+00
4.588857035342045698e+00
-1.012602706148807874e+00
-3.269338938478215439e+00
1.819951712574038094e+00
3.481258976689426632e+00
-5.387201502627528171e+00
1.846911209289352485e+00
1.379993187336106431e+00
3.354372995102316013e-01
-3.516728275762148748e+00
2.007849790801835344e+00
3.383213226791751627e+00
-5.608022129015816759e+00
1.655148687976935928e+00
2.787809540498339178e+00
-1.367754929800045982e+00
-3.822192240531162355e+00
5.341995502087337755e+00
-1.123211382520964419e+00
-2.862055769501695046e+00
1.649180623754080255e+00
1.532296024139313317e+00
-5.203274608425481063e-01
-4.127245888325589362e+00
5.687004206544542306e+00
-1.349913827124075150e+00
-3.210676923851987219e+00
1.824914659744500067e+00
3.201472439549008175e+00
-4.336416250719434373e+00
-3.781119514006480165e-01
4.699784383048786651e+00
-3.397347503502113675e+00
-3.734887521311547331e-01
2.571681922104832596e-01
3.539722258309298208e+00
-4.584840914823660185e+00
1.358139555430437628e-01
4.293400325803501616e+00
-2.779742418763078593e+00
-2.207225609612850192e+00
3.156074074249846539e+00
1.698503190151688269e+00
-5.868450776147041914e+00
3.993589310690984551e+00
6.634599882146499095e-01
-1.432996426553557079e+00
-1.819563935413667011e+00
2.819117220402818536e+00
1.287687617149733565e+00
-5.265952890296508038e+00
3.442239941242335455e+00
1.643767843594635014e+00
-2.607602337209193433e+00
-2.094836309355195159e+00
5.814886807244978861e+00
-3.218107377254856516e+00
-2.198163475419879997e+00
3.435566351778855942e+00
-1.370335706694911782e-01
-1.388326485644713060e+00
-1.984073381896206634e+00
5.346290434139524983e+00
-3.201258988074659584e+00
-1.968448475378942852e+00
2.989202717531716846e+00
1.483967297820739883e+00
-4.756034457574008556e+00
1.643411285338640671e+00
4.080944640895693531e+00
-5.178838982919758749e+00
1.253575859115772184e+00
1.170854836507981389e+00
1.383923224137406205e+00
-4.284791872773314303e+00
2.069624313523084513e+00
2.970459808320646822e+00
-3.915649038075947441e+00
-4.459239576848504916e-01
3.488488408156781517e+00
-2.484918523344881169e-01
-5.270635869241830029e+00
5.743393531724342971e+00
-9.137117622661207195e-01
-2.374158434535938333e+00
3.179304161444999610e-01
2.579146818596893542e+00
-7.173625072513026835e-01
-3.905028365038603511e+00
4.605171090371825038e+00
-2.021882894647810680e-01
-2.845380755462860733e+00
-1.972796440872925106e-01
5.199964967329031573e+00
-4.910107693947655783e+00
-6.706752098907481363e-01
4.383137927662904332e+00
-2.235428683452844290e+00
-1.206727460030574184e+00
6.009453961716659798e-02
3.997388149065414176e+00
-4.433394449725926556e+00
-2.637606492287214444e-02
3.157282736940747458e+00
-4.104697248728861325e-01
-4.082385356395081821e+00
3.261314220641767569e+00
2.591646937881304513e+00
-6.109983436416112745e+00
3.302381803007942374e+00
1.031206993712970199e+00
-6.609241128632128426e-01
-2.986575967885412020e+00
3.385007118324676156e+00
9.546084845026585608e-01
-4.063496179943095754e+00
1.497187065005547879e+00
2.727003764139531938e+00
-1.795782774372109536e+00
-3.794110712381669082e+00
6.634160107587860011e+00
-2.910630466910701930e+00
-2.253773416503972005e+00
2.331684412033671272e+00
1.347804220676934728e+00
-2.099653776155289364e+00
-1.861748497212522668e+00
4.787947226209852580e+00
-2.230900693425213355e+00
-1.993621917142309297e+00
1.307193331116567103e+00
3.699545075137545602e+00
-5.739181208359849684e+00
1.279696030217329028e+00
4.258723622665015363e+00
-4.199341963810591771e+00
-3.559824404713529677e-02
1.472524730264319404e+00
1.978054823396633966e+00
-4.690556878143238073e+00
2.094459866326328523e+00
2.244005661257912454e+00
-1.918524898303768822e+00
-2.520274552759855347e+00
4.017726863406645421e+00
6.729176690640525926e-01
-5.959405937377106888e+00
5.210345103986810500e+00
-1.014014523784233512e-01
-2.062218737878073416e+00
-1.028529250323414690e+00
3.726098247397591212e+00
-1.231379818675198079e+00
-3.139814778760658953e+00
3.058128804782760390e+00
1.079139732785438843e+00
-2.487329614404468092e+00
-1.880886399937126585e+00
6.436886905595628150e+00
-4.765779224008639403e+00
-1.132960982162190877e+00
3.689926335883265907e+00
-5.364931181469283494e-01
-2.503250781250102808e+00
3.399559918279116411e-01
3.908086133573099641e+00
-3.877324738155536021e+00
-2.624122511332549479e-01
1.963775421776438712e+00
1.757283752171102442e+00
-5.478995555107335491e+00
3.092239492017186731e+00
3.124840097770146929e+00
-5.498447897335031698e+00
1.786738637010691466e+00
1.897593190401213548e+00
-1.873142394027756952e-01
-3.890701100901548859e+00
3.827897718125010673e+00
4.615474306486879730e-01
-2.585929707987732584e+00
-5.154669003959391205e-01
3.688920739805730875e+00
-1.114787221157715447e+00
-4.791699833169501765e+00
6.448950852701160308e+00
-1.888550381859694483e+00
-2.465275382835123263e+00
1.065140961255519825e+00
3.011039290557213199e+00
-3.020541377222609736e+00
-1.358197442892777218e+00
3.782578145282845306e+00
-1.007098523211008345e+00
-2.101597100576012345e+00
-9.184999102810254001e-02
5.218760778228788588e+00
-5.952464665211042671e+00
6.492556243821039352e-01
4.039604532286265481e+00
-2.550155186062013080e+00
-1.846601718297172567e+00
2.132911391267323875e+00
2.179919461894254340e+00
-4.686759962425433912e+00
1.898240704453981742e+00
1.552484520341138596e+00
-6.487445818661397023e-02
-4.199539461397387541e+00
4.241739025117954753e+00
1.321788797832812001e+00
-5.781895634651015747e+00
3.737397033809935820e+00
1.254509937601441472e+00
-1.932037347318616982e+00
-2.248407678833834744e+00
4.718900626926181729e+00
-1.738624370555942322e+00
-2.193566771160426754e+00
1.368646885000004421e+00
2.347527017595802068e+00
-2.247126948147418091e+00
-2.949098803245401079e+00
6.669829968418297561e+00
-3.807779025198492651e+00
-1.790726859020142614e+00
2.728858636953004790e+00
1.454495834828334555e+00
-3.957897139762587724e+00
8.291223738558962664e-01
3.451741139323593277e+00
-2.966834913216973568e+00
-7.133755067035312258e-01
1.048843758368779522e+00
3.324396193576163228e+00
-6.124716484252023641e+00
2.570278026532272886e+00
3.303454190213222397e+00
-4.129064468522265052e+00
-3.446651587860912747e-01
3.062832753538403896e+00
5.579678839982737948e-02
-4.440496278817188447e+00
3.922299126800681712e+00
1.495981804935341830e-01
-1.242379026220916671e+00
-2.247924386519162709e+00
4.384200567460757370e+00
-6.270068857211523738e-01
-4.975029455577280046e+00
5.253712177510088566e+00
-2.409539146768060747e-01
-2.803221900676397205e+00
-2.157209255607026588e-01
4.548973677600618437e+00
-3.789907074594793368e+00
-8.185299329494483134e-01
2.606811671617042414e+00
3.429041643938151029e-01
-2.381441121626826085e+00
-9.564686324492446268e-01
5.801127666457920107e+00
-5.297514876522666505e+00
-2.558395782440265886e-01
3.511686319442519633e+00
-4.918672438182098983e-01
-3.825633149552923662e+00
2.855679565106523654e+00
2.143047788257836039e+00
-4.274162990132476025e+00
1.326276900429174344e+00
1.199186713645493230e+00
1.280474243975505910e+00
-5.213304735513851540e+00
4.069014592629838667e+00
1.700889068533063320e+00
-4.824507700777854069e+00
1.550980638977641490e+00
2.913255455069850175e+00
-1.898563901035680956e+00
-3.216147243916152476e+00
5.283607792522095004e+00
-1.892817056014735932e+00
-1.433346222610660359e+00
-1.526693429312712125e-01
3.452525182696785766e+00
-2.160247761277361178e+00
-3.299847504588230507e+00
5.889095921186488169e+00
-2.136731610046652907e+00
-2.586433909133302400e+00
1.642732662340520955e+00
3.396132921236865165e+00
-5.166536502267977227e+00
1.186747494558689997e+00
2.857043659560930315e+00
-1.794926297563775641e+00
-1.452089365853602487e+00
6.241132746706683498e-01
4.067525610494209687e+00
-5.912857765509997421e+00
1.686138375897616282e+00
3.201721782735605704e+00
-2.264497247742505159e+00
-2.702696671441681797e+00
4.196798171802571531e+00
2.088878070001058962e-01
-4.587142701603306172e+00
3.486436764764549778e+00
2.943350894948629781e-01
-3.498578795870529445e-01
-3.445328386368696094e+00
4.701603181509923068e+00
-3.130481177889783417e-01
-4.427294031521308071e+00
3.277483424246019794e+00
1.764746221826098083e+00
-3.160132440144627353e+00
-1.365996150135497356e+00
5.640743688100756437e+00
-4.043634278302318918e+00
-5.732637125184483207e-01
1.522079099790695000e+00
1.675672688847250846e+00
-2.834431508923857201e+00
-1.213547074440106233e+00
5.436877295422861245e+00
-3.870050010623124592e+00
-1.364511467017914370e+00
2.805828948915142451e+00
1.612858031941869275e+00
-5.528277116934071422e+00
3.291535055537170074e+00
2.055025168275098402e+00
-3.501232290089542953e+00
3.107980976191646594e-01
1.348989663810001183e+00
1.928380685945136452e+00
-5.449149718464647130e+00
3.471821536992751867e+00
1.884504672139310832e+00
-3.344065791056422654e+00
-9.423461956231493630e-01
4.514108786412736940e+00
-1.820737528258091764e+00
-3.841882137791830854e+00
5.202428956162898466e+00
-1.435041329802605903e+00
-1.122581944416341404e+00
-1.281952702265274580e+00
4.264721048346704180e+00
-2.173795105747692080e+00
-3.025751214152053947e+00
4.316862234227432538e+00
-2.796154430519681711e-02
-3.392900336511091464e+00
5.806562499913536790e-01
4.930775651129494896e+00
-5.738926947315346361e+00
1.107053437450552957e+00
2.332102871751275064e+00
-4.839920185133727015e-01
-2.446913914557605096e+00
7.178555407315113657e-01
3.987891214755994174e+00
-4.923617982693657247e+00
5.057259841306687154e-01
2.940090922603575851e+00
-2.718688452203699146e-01
-4.813847034691216997e+00
4.933201717014828347e+00
4.316697046972236551e-01
-4.332079810024263899e+00
2.444352453382133916e+00
1.015744386457337445e+00
-4.892519477488910251e-02
-3.999164767587394920e+00
4.583929780681645916e+00
-8.070778102603726190e-02
-3.399425471801249543e+00
9.261282647269328816e-01
3.748626304371526441e+00
-3.384740951781868290e+00
-2.269707381883547814e+00
6.031275284056263786e+00
-3.526157851846519087e+00
-8.353922388055183834e-01
7.085039385581817228e-01
2.852387425918880393e+00
-3.363576171601764919e+00
-9.815663542152973653e-01
4.339782944134170428e+00
-1.934577683555817496e+00
-2.540601918009321558e+00
2.064145917409225817e+00
3.386029345429478088e+00
-6.537344357195348010e+00
3.145220650340027291e+00
2.075454891251562906e+00
-2.457863462136963939e+00
-1.092335561354068396e+00
1.975898446588240098e+00
1.905889351158764677e+00
-4.969231508312573098e+00
2.492427952732696905e+00
1.992049630347019651e+00
-1.699351706835231735e+00
-3.257265783519465607e+00
5.672507360502926588e+00
-1.550993943237164441e+00
-4.086424892297292111e+00
4.380368845782949272e+00
