0.000000000000000000e+00
3.880678729859098564e+00
-4.700247338105812744e+00
2.803179883247771897e+00
-9.272337421015702796e-01
5.769356907921454614e-01
-8.985843748104924700e-01
9.752683421488497206e-01
-1.390169495020033397e+00
2.582172736157169801e+00
-3.020667988699858864e+00
7.798715333590271470e-01
3.328682368715962792e+00
-5.898388103219307510e+00
4.783822628531694043e+00
-1.624591944283869882e+00
-3.564664847230545330e-01
1.509987408816115817e-01
6.828845405716232886e-01
-8.870892156131734430e-01
9.371467151036247945e-01
-1.226217781831679732e+00
5.353763343190703905e-01
2.210115180402306478e+00
-5.443076508663814650e+00
6.025389808909300093e+00
-3.081308476865309398e+00
-6.401075145202093086e-01
1.968244943001564273e+00
-8.367713080974488182e-01
-4.104138696771775230e-01
4.050840885347393172e-01
1.380493486411804582e-01
-5.737168978626057125e-01
1.706376266322027435e+00
-3.986353573686015395e+00
5.606553980808686610e+00
-4.172034495307713087e+00
1.116819299603302174e-01
3.184037355134900160e+00
-3.191166475448516948e+00
1.049091161397808669e+00
3.007630216958472325e-01
2.164480267803807756e-01
-1.321323624849821243e+00
2.011017557485222707e+00
-2.823365776248473402e+00
3.965706647302708721e+00
-3.845452233258991992e+00
1.014620178602523071e+00
3.075601908676715901e+00
-5.008150316024559956e+00
3.378648074385373512e+00
-5.088836562261883634e-01
-4.908626610343773677e-01
-7.160240836713360757e-01
2.119112778291980081e+00
-2.495375438724927619e+00
2.440123971492164312e+00
-2.294887858299222483e+00
9.283032481706852135e-01
2.264146220976758883e+00
-5.303508864175642046e+00
5.324192664886206572e+00
-2.249151845794722604e+00
-7.420095388812908421e-01
9.262140395412554739e-01
9.619682100159694382e-01
-2.260437126007092790e+00
1.869268593620798669e+00
-8.046057591827704414e-01
-2.358991201086473311e-01
1.950027725577404114e+00
-4.440492999422609444e+00
5.735927559955289468e+00
-3.894365514325726974e+00
4.927046083605635118e-02
2.304095904834949415e+00
-1.351990051043420404e+00
-1.002872560887940967e+00
1.776734208981326724e+00
-4.299811733261740265e-01
-1.349368421614183022e+00
2.531646391013691932e+00
-3.648989619350460956e+00
4.733959137027850872e+00
-4.221054017670132552e+00
1.160832195961071456e+00
2.498377157315129882e+00
-3.549780272879114129e+00
1.420313407224455426e+00
1.010691568082484615e+00
-9.383983553453236759e-01
-1.234946374362885013e+00
3.124625418241852692e+00
-3.639087336013515195e+00
3.532470380524645570e+00
-3.115056501370810693e+00
1.365653477268539362e+00
1.899903172643890858e+00
-4.457194248475834897e+00
3.877667498184261596e+00
-8.695548068903660166e-01
-1.152652127422442163e+00
9.376024019489426209e-02
2.513587990768252123e+00
-3.826634009569311878e+00
3.118184873534803003e+00
-1.708453400508773257e+00
3.117512493406644492e-01
1.696088362532991001e+00
-4.149563848465041005e+00
5.050896724619565958e+00
-2.987263186747939336e+00
-3.106547471072889088e-01
1.465522661977727514e+00
5.031764793862911755e-01
-3.016163102441494992e+00
3.222374483927303412e+00
-1.192962473862887451e+00
-1.033408124427844355e+00
2.487317145000166541e+00
-3.750446593394959116e+00
4.742104541563774589e+00
-3.996953021175821075e+00
1.050223985117430425e+00
1.816743301442012681e+00
-1.804981521145400558e+00
-7.926353201111469016e-01
2.700546147497988603e+00
-1.595011274600360407e+00
-1.368712178285214520e+00
3.553994770137059778e+00
-4.111845637381064122e+00
3.989659706542044937e+00
-3.474107559594818095e+00
1.654156294421055939e+00
1.309712664779288271e+00
-3.116731426794497661e+00
1.904115382143732660e+00
8.952145490599821009e-01
-1.836518951798113752e+00
-4.122420056244666675e-01
3.584914465969023301e+00
-4.826324033008875247e+00
3.876869051136403677e+00
-2.338161310801322834e+00
8.834505425198350137e-01
1.089341186453433474e+00
-3.237137825453273443e+00
3.661365682384163378e+00
-1.517398494892658656e+00
-1.002520454629847180e+00
8.426114365431685016e-01
2.082302912024172059e+00
-4.655704683496745488e+00
4.337850077642205981e+00
-1.850051660070731741e+00
-5.142233881567939147e-01
1.951780801357915429e+00
-3.154431345125421782e+00
3.985899983685065706e+00
-3.134648412692008446e+00
5.784954398987456337e-01
1.238077718369563485e+00
-8.242366188567729068e-02
-2.912011592908633428e+00
4.262753460133508199e+00
-2.274493292257088406e+00
-1.185454270348880845e+00
3.387229157320457595e+00
-3.839293138329667343e+00
3.705053193295287706e+00
-3.241234231319109593e+00
1.629671673721783121e+00
7.134683571752942211e-01
-1.566986516321861256e+00
-2.829911693257499139e-01
2.782855608721942708e+00
-2.658175802187982661e+00
-5.791035541430296085e-01
4.052711945011816752e+00
-5.082863769723342529e+00
3.953991534790547213e+00
-2.500617599875302410e+00
1.281993601118281534e+00
3.406795809786085094e-01
-1.935310962678157498e+00
1.805152073910912813e+00
3.252864584341530474e-01
-1.955285686063954254e+00
5.208858229586925681e-01
3.171651887948612636e+00
-5.652795629951445910e+00
4.864905578444580492e+00
-2.179004404256519312e+00
1.659191615234290040e-02
1.097966462418595857e+00
-2.020675968250507992e+00
2.604984367077005203e+00
-1.725204153023954134e+00
-2.611443766623913199e-01
9.074289094511889253e-01
1.344906187307535195e+00
-4.606516546152727543e+00
5.394390682152890193e+00
-2.751777655422861457e+00
-8.351372752965162682e-01
2.725613546914781526e+00
-2.891108069392219537e+00
2.714971816337121258e+00
-2.403539660234415010e+00
1.203430352852582708e+00
3.032283255698322577e-01
-1.038462485485633913e-01
-2.334848397193141967e+00
4.479467108051638391e+00
-3.410491964778428198e+00
-4.940113340727898539e-01
3.921058364366943660e+00
-4.559004792074191847e+00
3.285309876207870516e+00
-2.094241450453862452e+00
1.351358574814166102e+00
-3.268626356301256308e-01
-5.322192576756032967e-01
-1.977852991400254057e-01
2.259056957614382188e+00
-3.002239668832831221e+00
4.819383342430676453e-01
3.672866530188497958e+00
-5.856296057163522306e+00
4.643483080390192086e+00
-2.013515085566101703e+00
3.681161824368011093e-01
1.525350585671931825e-01
-6.044294451235896481e-01
8.564373871840562646e-01
2.144426959113343578e-02
-1.368053912515442061e+00
8.748220888322655320e-01
2.291875949955462399e+00
-5.624704849056288758e+00
5.850670533223389036e+00
-2.817997371506997251e+00
-5.064478404768747444e-01
1.761236234654880661e+00
-1.463118666306538307e+00
1.194240565522497910e+00
-1.076954715707671761e+00
3.904529488202257426e-01
1.968592007016112255e-01
1.026571520059779807e+00
-3.934223689595353068e+00
5.681532044403413195e+00
-3.862298117313757828e+00
-3.150730877794148399e-01
3.310469633987346505e+00
-3.361329487998625076e+00
1.951336902800870465e+00
-1.139313630949653655e+00
1.019663801503936096e+00
-7.325654683147790891e-01
6.901214078166945098e-01
-2.007889364213156114e+00
3.963425026841162158e+00
-3.915372409291740574e+00
6.145752330173936961e-01
3.613521495181819976e+00
-5.259452907612185868e+00
3.649356602768620839e+00
-1.288433711947338134e+00
4.013920575692786485e-01
-6.597189446084881226e-01
7.997874013198487120e-01
-9.360068959903499186e-01
1.813932182381794878e+00
-2.550756949337153578e+00
1.087139581186495230e+00
2.691977753799156492e+00
-5.841227734080003842e+00
5.498160254658380985e+00
-2.334628423938083230e+00
-3.744535387704492901e-01
7.278304133468453951e-01
1.661996670654954933e-01
-5.771836576585603895e-01
5.112998872334424405e-01
-6.870045505161450627e-01
4.113422378427675774e-01
1.675159735291106955e+00
-4.855383855860058162e+00
6.158256787902343987e+00
-3.814715754063719544e+00
-2.249922944429818550e-01
2.422127210520753415e+00
-1.715215627824453914e+00
1.650041147909900863e-01
2.182372171545683415e-01
3.220302254605234005e-01
-7.803633562070855234e-01
1.514020528641145447e+00
-3.332151202702089421e+00
5.142704636679631847e+00
-4.456831381780107293e+00
7.491750718550289623e-01
3.129750916719947984e+00
-3.997012683003459355e+00
2.004266588636957280e+00
-6.361234491607725694e-02
6.816064090289408739e-02
-1.168642947958646872e+00
1.920671080191005853e+00
-2.446415660166834982e+00
3.336140328285734924e+00
-3.566801604973512951e+00
1.406075528851427725e+00
2.600712323684486904e+00
-5.276844491863056597e+00
4.346339020180910673e+00
-1.273984887771089536e+00
-5.516913530368290353e-01
-1.553962133878084018e-01
1.695076808748261277e+00
-2.269613488638437371e+00
2.065628732510333521e+00
-1.822354749875143787e+00
8.616657322943439556e-01
1.813668319940357598e+00
-5.004558563985003872e+00
5.800751497859565120e+00
-3.153160658256642712e+00
-3.786867423331945481e-01
1.486054833598131175e+00
8.386120211196268492e-02
-1.768411292949744640e+00
1.731284968425612636e+00
-6.024651317953515495e-01
-4.794501616670543420e-01
1.827855039651425484e+00
-3.979939535898529002e+00
5.586504880626408820e+00
-4.435852109885781047e+00
7.067521699793861689e-01
2.425810889951230287e+00
-2.313709241015234674e+00
-4.406519489503857301e-02
1.479812078230016370e+00
-5.724333817008937508e-01
-1.296572776949099559e+00
2.565238151984122084e+00
-3.411150037247977274e+00
4.311163014714228581e+00
-4.177134133882708156e+00
1.647560487847166133e+00
2.171813307678609917e+00
-4.088402350734130941e+00
2.550314978971956137e+00
2.638061467400292237e-01
-1.054560548786535712e+00
-7.339083836364013180e-01
2.860590137223150364e+00
-3.569386863970853696e+00
3.281533153022099469e+00
-2.769168033161351961e+00
1.385217695348009093e+00
1.530688399403058231e+00
-4.432711874288825626e+00
4.647215648069511928e+00
-1.882737795118164525e+00
-8.575814906854308806e-01
7.055206137785603460e-01
1.731844768454498862e+00
-3.510803170239062965e+00
3.099553412759019633e+00
-1.539556619672695081e+00
6.132895988854991653e-02
1.642714404153604368e+00
-3.896878286403878455e+00
5.214037804491246320e+00
-3.758038127724208088e+00
3.507796221376564549e-01
1.720502803364807987e+00
-5.113651593985772958e-01
-2.168148442165070744e+00
3.070769159358441414e+00
-1.363543306572208902e+00
-1.072756216322441558e+00
2.654780811800459883e+00
-3.679786303659084545e+00
4.558817452015214045e+00
-4.202702838390701245e+00
1.633034621098436112e+00
1.612604491301751430e+00
-2.531484751966246005e+00
3.837108957334895987e-01
2.062076859828541053e+00
-1.793360641672720135e+00
-9.505376610052367337e-01
3.490152667212572890e+00
-4.241061181928611923e+00
3.908977634065572637e+00
-3.297378924878037409e+00
1.785635894303408300e+00
1.001611099900486357e+00
-3.318429589508399946e+00
2.878384076606919528e+00
-1.382698200833383240e-01
-1.641780484736975909e+00
2.105551947910142552e-01
2.976987872716310601e+00
-4.757676875693313434e+00
4.031248567957675277e+00
-2.248082238119186727e+00
6.636429723361773059e-01
1.081056189930327704e+00
-3.169952196729421523e+00
4.092479097216028094e+00
-2.455331746987106545e+00
-3.708466637521876663e-01
1.193148944212142792e+00
1.113645481707374429e+00
-4.023583445463517094e+00
4.401089238116789204e+00
-2.084968755341082947e+00
-6.213786836896250110e-01
2.234364992865090827e+00
-3.241851788451716843e+00
4.034160495955367409e+00
-3.570237026131095170e+00
1.240161766165001289e+00
1.129354257400613459e+00
-9.042823995357407441e-01
-1.812830048198930344e+00
3.825577877646685998e+00
-2.588834538964111420e+00
-8.534859489306871883e-01
3.531490439329276754e+00
-4.172931049706939177e+00
3.805925469355551982e+00
-3.248443888664686252e+00
1.885527307178973544e+00
4.402026338489251067e-01
-1.925198467492561516e+00
7.838792263418890016e-01
1.834236595278559534e+00
-2.607195566080248383e+00
3.115838383569702330e-02
3.667050975994714523e+00
-5.297498225258840066e+00
4.305063572586993459e+00
-2.516961693503605435e+00
1.127019593008578013e+00
3.407894585025958989e-01
-2.003295381472453673e+00
2.425158852761685857e+00
-6.891546413612155142e-01
-1.404075244935663713e+00
9.416691697996051325e-01
2.328943259478184924e+00
-5.315376313424484245e+00
5.188744663654388134e+00
-2.504606151306212780e+00
-1.263796026011718698e-01
1.454578239414407115e+00
-2.224061234701275147e+00
2.838478244900350944e+00
-2.336341004594806314e+00
4.406569581974815186e-01
8.755507348214404129e-01
5.148386147289957249e-01
-3.696792289472217607e+00
5.237540103828895788e+00
-3.211895059368951255e+00
-5.782093847008398235e-01
3.055211475629398876e+00
-3.396417762488489700e+00
2.970286683163520181e+00
-2.576668751135398949e+00
1.575371744997808410e+00
4.344628593376320680e-02
-5.428255525239322754e-01
-1.293604480185158501e+00
3.721519645237118201e+00
-3.548922698876659787e+00
9.606022923720392015e-02
3.773009060336781850e+00
-5.051502105818835631e+00
3.819047864029050388e+00
-2.217810000272679716e+00
1.281983925422165882e+00
-3.563363077565289139e-01
-6.704617793136027348e-01
5.118590331659349513e-01
1.274904724886436469e+00
-2.592911957327466599e+00
9.623107815556023459e-01
3.008211477435434489e+00
-5.853789293344135558e+00
5.237909869416526476e+00
-2.435346453124130672e+00
2.183504128952367118e-01
5.304614417218243005e-01
-8.591666338926620128e-01
1.200121144621341340e+00
-6.837322077076524174e-01
-6.841675454580018467e-01
9.151228461591462970e-01
1.522465138829397935e+00
-4.988923282100051537e+00
6.023848937177332274e+00
-3.437738109696682365e+00
-3.078533892232835356e-01
2.230273683388852124e+00
-2.075588728459848209e+00
1.543103797023809065e+00
-1.366816646798849622e+00
8.467548331621510549e-01
-5.737371168683980116e-02
5.739809292275561692e-01
-3.024575044650777755e+00
5.203479645731337477e+00
-4.226018647893766023e+00
2.568902379941965797e-01
3.384858037841593337e+00
-4.085790081610114477e+00
2.615526748288955261e+00
-1.340878093099242108e+00
1.036227240698537333e+00
-8.197678402354950933e-01
5.460116994897417086e-01
-1.310479792941549260e+00
3.116134289641652622e+00
-3.709278556337286759e+00
1.155430694192787877e+00
3.148187286675247165e+00
-5.588112011718070704e+00
4.482730662743142247e+00
-1.784277237301972630e+00
2.613924142761243630e-01
-3.124027415634413885e-01
5.663352335149300920e-01
-5.709278794899516063e-01
1.110400729611014103e+00
-1.954410520683482755e+00
1.209000666913882638e+00
2.026239652879072040e+00
-5.524731937626140343e+00
6.010551506719236770e+00
-3.102031022461357423e+00
-2.219080324804016957e-01
1.278712102552043373e+00
-4.695550885150334697e-01
-2.180060455155166110e-01
1.767205689263662283e-01
-1.983508640586104654e-01
1.719889771198626072e-01
1.256482017170819310e+00
-4.155537417733253136e+00
6.017352711379385433e+00
-4.417746162939415022e+00
3.316646816370878437e-01
2.681411562630199530e+00
-2.593585388241900436e+00
8.763611964482090899e-01
-5.562681561517290874e-03
4.026086601074334581e-01
-9.357676806643429046e-01
1.414358720263618530e+00
-2.734118611497259987e+00
4.521377647328609584e+00
-4.502214782330280940e+00
1.355602257948865796e+00
2.857720876124215437e+00
-4.611569268740584704e+00
3.005076810337239834e+00
-5.825391929879482067e-01
-6.379612161242764756e-02
-8.919444708620729578e-01
1.773911295837274693e+00
-2.145180673293284546e+00
2.727710131998430931e+00
-3.127266466818868551e+00
1.627883406736916339e+00
2.054671429173260400e+00
-5.281737487368251216e+00
5.162163943465158056e+00
-2.146124675998164033e+00
-4.455108635233655523e-01
4.205305409227078073e-01
1.123670746268379483e+00
-1.989695663707755635e+00
1.767599717476201260e+00
-1.365028909585832118e+00
6.621034417554804152e-01
1.451442133779892396e+00
-4.555183664494881768e+00
6.011868266447974563e+00
-3.978488390344447012e+00
1.569826210312501580e-01
1.881768340690674890e+00
-8.519745216961698286e-01
-1.110769203798891436e+00
1.557691104046629027e+00
-4.980475140517990340e-01
-6.931279569270463181e-01
1.799668936911321682e+00
-3.539938368930662715e+00
5.248066652851506753e+00
-4.755499516600111498e+00
1.378618635817504989e+00
2.322347688176645164e+00
-3.136860836551950360e+00
1.022106033359239330e+00
1.011651876108667913e+00
-7.168529769494722537e-01
-1.111285385738893794e+00
2.550538500268937359e+00
-3.239297630360893798e+00
3.872538122253671222e+00
-3.949728150259280035e+00
1.987930815341276913e+00
1.739401754188406146e+00
-4.377165915817753827e+00
3.592270154617641431e+00
-6.404640943080422977e-01
-1.011711858951382048e+00
-1.783113380717855634e-01
2.429384385866072193e+00
-3.447300625169537724e+00
3.094435081724387526e+00
-2.406163694357206229e+00
1.259227642873994801e+00
1.223499547677595833e+00
-4.234527040924406016e+00
5.179613095216684115e+00
-2.878553513719119827e+00
-3.637425484511467300e-01
1.190113510881250170e+00
8.370812945706702646e-01
-3.008104668734557396e+00
3.050899119829021622e+00
-1.460584068370284427e+00
-1.832197751740485270e-01
1.686597345285164362e+00
-3.637484120841639523e+00
5.174048099084684438e+00
-4.340588167791150198e+00
1.073991257718652337e+00
1.753257849190506423e+00
-1.448166743457385941e+00
-1.154028479651943329e+00
2.738393880561157623e+00
-1.554533067888463904e+00
-9.785518847401795117e-01
2.789678610088086597e+00
-3.671382170728250571e+00
4.332666334601387170e+00
-4.216557533578249028e+00
2.100718982844712368e+00
1.274876928943065035e+00
-3.037219300153314983e+00
1.543828411855594052e+00
1.219913522402296335e+00
-1.846053688782169244e+00
-4.428153904578246980e-01
3.250890735230743012e+00
-4.329179682505581717e+00
3.884920221870029167e+00
-3.077592445881603744e+00
1.765897243557806418e+00
7.307387956589341815e-01
-3.337240806366017054e+00
3.660430936268464830e+00
-1.221018921849843952e+00
-1.227824258039969418e+00
7.468126978492883872e-01
2.208433327895721110e+00
-4.493843320640180217e+00
4.168527442673974903e+00
-2.240652934953012654e+00
4.253601663306321723e-01
1.174383003369964484e+00
-3.077484889874508411e+00
4.323360805235969551e+00
-3.252543273192647355e+00
3.702033332192984361e-01
1.332909832529904470e+00
1.595519925656201377e-01
-3.175975675190418901e+00
4.285126383652039017e+00
-2.360425970062469680e+00
-6.005076235978275001e-01
2.507177325122456502e+00
-3.394347633586646928e+00
4.023824894970584154e+00
-3.820317846781807969e+00
1.825431081000905786e+00
8.653924434098221319e-01
-1.545165833315241155e+00
-6.568759434525660579e-01
3.147743366575332935e+00
-2.777678762584993688e+00
-4.024243195125374317e-01
3.505033412306665319e+00
-4.487403642342272292e+00
3.963368075077822628e+00
-3.195272541885732842e+00
1.992982833839910262e+00
1.798582422377394963e-01
-2.102945804979141187e+00
1.714895913958890183e+00
7.700353066010232617e-01
-2.324822678592094238e+00
5.970910688057580185e-01
3.084760627885977602e+00
-5.324550091252895356e+00
4.661216819558940294e+00
-2.611368266648239178e+00
9.313496800039262613e-01
4.461486016604134797e-01
-2.034733734975915809e+00
2.862240899894220814e+00
-1.620222861570566053e+00
-6.984157311263945456e-01
1.170079536035470991e+00
1.440567984817790581e+00
-4.727932789366795063e+00
5.349163638333735094e+00
-2.894011863077651459e+00
-1.518221554367372716e-01
1.829330892868080483e+00
-2.500621234517050873e+00
3.008218073786198765e+00
-2.781787450909408932e+00
1.110658810714706846e+00
6.721646940142469440e-01
-1.799642404564840703e-01
-2.663013028480611943e+00
4.817475309172501774e+00
-3.575017932826840106e+00
-1.782591000950648485e-01
3.231361728584925430e+00
-3.914239770078496772e+00
3.289136354658496408e+00
-2.681358496179207851e+00
1.810741603379831366e+00
-2.281650003378086211e-01
-8.120087923135108632e-01
-3.266568740960003048e-01
2.788232416351952736e+00
-3.454723784394500896e+00
6.843587798381062237e-01
3.406164115064663545e+00
-5.380844365319656930e+00
4.389475733450490580e+00
-2.418622449882433578e+00
1.153896963151480382e+00
-2.797858388281024844e-01
-7.656587904375311560e-01
1.066036530012836492e+00
3.123982764770112386e-01
-1.990137820410700975e+00
1.274758078035256981e+00
2.244754341426190347e+00
-5.585319983911897879e+00
5.700430065217883424e+00
-2.948090217427389081e+00
1.725172451837636567e-01
9.566516043898909416e-01
-1.197722074157614669e+00
1.482888404263564830e+00
-1.253270102870966740e+00
1.551250442608376190e-02
7.728718080177907623e-01
8.410306445404441833e-01
-4.173522541611097481e+00
5.929597369378260652e+00
-3.998343916084238003e+00
5.253823604282170656e-02
2.573759864697016120e+00
-2.739194117831828201e+00
1.967442430716323187e+00
-1.588338228806126073e+00
1.186545308533065501e+00
-3.490247107823325479e-01
2.757160595049250595e-01
-2.128801587417227026e+00
4.502840841488343848e+00
-4.369261661188319934e+00
8.694235930192095729e-01
3.232562752359630309e+00
-4.686964536224680344e+00
3.355589995744415965e+00
-1.622261880623511177e+00
9.814321727254433636e-01
-8.048959800951274168e-01
4.496529620016609385e-01
-7.360128003741034375e-01
2.230510100575697763e+00
-3.280718483222382353e+00
1.558568692391353094e+00
2.540631905199425944e+00
-5.654960824014892751e+00
5.230843559360746298e+00
-2.401460257919277197e+00
2.101937447963309058e-01
1.122773271079235968e-01
2.394303427544595131e-01
-2.597526833160969661e-01
5.067459310954784968e-01
-1.295544015823446138e+00
1.143050080347155717e+00
1.402919411856245580e+00
-4.989055418398279151e+00
6.271663557043629211e+00
-3.857403541110680401e+00
1.066502633562795843e-01
1.739560314093767435e+00
-1.197796164778448524e+00
2.300023826029813367e-01
-9.511828684509859855e-02
1.999686578932164949e-01
-1.307304294850504256e-01
9.746900140890133457e-01
-3.415738224223941355e+00
5.623857554122913882e+00
-4.827410763163409335e+00
9.707534760060869683e-01
2.719307438616585415e+00
-3.400528187191258933e+00
1.706617486987992427e+00
-3.132725997530146911e-01
4.045178591251010758e-01
-9.988203762301224309e-01
1.367996885829759535e+00
-2.226417284656360351e+00
3.809345889312603539e+00
-4.309680781434416019e+00
1.860355382786337053e+00
2.410822229741728773e+00
-4.987644420236682308e+00
3.979531644078826869e+00
-1.254539367536513517e+00
-1.228147094879514789e-01
-5.127019197885958057e-01
1.528651530193502639e+00
-1.890886885501889214e+00
2.182765308816335015e+00
-2.583669981188045028e+00
1.663546404136702073e+00
1.509218120188505097e+00
-5.045972099833109681e+00
5.762870250285486051e+00
-3.060915551834188619e+00
-1.534313970030440899e-01
9.461502359139153384e-01
4.205852449272082794e-01
-1.610552896258745648e+00
1.524873839855375390e+00
-9.689043799566283699e-01
3.742856891601828995e-01
1.208451774013990176e+00
-4.022474283358368652e+00
5.960381795627468726e+00
-4.652604648082428795e+00
8.160048742419421242e-01
2.072442171596411420e+00
-1.775286118578920158e+00
-2.924485392972500097e-01
1.297654205180655662e+00
-4.755017469339195557e-01
-8.298742448050573373e-01
1.832861913153092770e+00
-3.161587073528404623e+00
4.778847212403948497e+00
-4.837903259069874728e+00
1.990679967006591333e+00
2.021908896667353517e+00
-3.760986399150311854e+00
2.128204974828632690e+00
3.607818822443986662e-01
-8.051000592875849904e-01
-8.042213566301819050e-01
2.439718225671960727e+00
-3.111210986683693669e+00
3.465120509931758797e+00
-3.585966177354816153e+00
2.152099415903068635e+00
1.270221538903714809e+00
-4.421669281473219471e+00
4.472450058624344749e+00
-1.646281216643589396e+00
-7.778951430404181799e-01
3.677414503823297487e-01
1.834166480305151836e+00
-3.222864403058630867e+00
2.957260765903449329e+00
-2.075924467705825727e+00
1.023280791475376095e+00
1.018232429691955598e+00
-3.921925659979969225e+00
5.459713761817393873e+00
-3.778559503610548376e+00
2.923464675869400509e-01
1.494527035208901733e+00
-1.054715168425659488e-01
-2.309824418962993064e+00
2.918475828768577252e+00
-1.464682026389582781e+00
-3.707419228154029689e-01
1.802857649523541106e+00
-3.417428137511215880e+00
4.978298122437884388e+00
-4.703593413422993308e+00
1.784501268176625466e+00
1.576450758615815184e+00
-2.236948140019544784e+00
-3.257563302765431601e-02
2.200121787346628999e+00
-1.708084510810951251e+00
-7.501560298702201202e-01
2.839788144814805904e+00
-3.709838627022145285e+00
4.113124154273665845e+00
-4.074070403609130864e+00
2.411453456075542956e+00
8.673351092220376035e-01
-3.310780222629324587e+00
2.607736070823694519e+00
2.179227131193517408e-01
-1.708831574891990224e+00
9.472774474350131868e-02
2.825883610118056666e+00
-4.322449066968779618e+00
3.910742736643272988e+00
-2.866265121672473715e+00
1.620065179157781587e+00
5.443242809125916626e-01
-3.222708261331704627e+00
4.218672485308706754e+00
-2.272872762469281049e+00
-6.166993488531011813e-01
1.133894150090295039e+00
1.335806832492344220e+00
-4.011622658854433254e+00
4.233339284760366361e+00
-2.317911625818030785e+00
2.217852228882269960e-01
1.353083065639484328e+00
-3.009015989628045062e+00
4.389144140875863798e+00
-3.863808483137475491e+00
1.149321491808024343e+00
1.258807317311635199e+00
-7.037910651879526469e-01
-2.159231518937932748e+00
3.951105827474447274e+00
-2.620737375751568621e+00
-4.395729232448559731e-01
2.715429259598800549e+00
-3.603812962040592094e+00
4.004960124870949656e+00
-3.907834584599254590e+00
2.282494858669837257e+00
5.023258276501842978e-01
-1.978104272452251511e+00
4.742655575383389888e-01
2.258142712948055575e+00
-2.785707972767830221e+00
1.149712348997145028e-01
3.283919642670142025e+00
-4.726856826162137537e+00
4.177896764468100876e+00
-3.132892490007284980e+00
1.965812785142902586e+00
-1.472057399994941562e-02
-2.138806399715144302e+00
2.464574006163382069e+00
-3.323386584723697634e-01
-1.817140339486946532e+00
1.049210984194118845e+00
2.350624018991985587e+00
-5.126422945146751786e+00
4.967200269258489342e+00
-2.794565969910579817e+00
7.480835575866198184e-01
6.499470798719388931e-01
-2.080696726605368863e+00
3.138848071831074726e+00
-2.411674957957080423e+00
9.702991728562881946e-02
1.187657848903281410e+00
5.845563864122673703e-01
-3.921343891145430138e+00
5.294326205213310210e+00
-3.295660602350352075e+00
-3.674837303889155748e-02
2.167081044559372671e+00
-2.850166302100502147e+00
3.163488378758737340e+00
-3.071726692223462507e+00
1.689636246778141615e+00
3.437337826167259358e-01
-6.990735929660221171e-01
-1.583695679020899361e+00
4.145845059903345842e+00
-3.776557210491352290e+00
3.211576395572326437e-01
3.217240777042079891e+00
-4.388867689025468977e+00
3.679599093050206271e+00
-2.766848661624176753e+00
1.911703131205092943e+00
-4.550338004865217556e-01
-9.383918374189823552e-01
5.098364881437067453e-01
1.749877857393102421e+00
-3.117171539527971547e+00
1.197519138950324358e+00
2.851197629844635983e+00
-5.496167139334943386e+00
4.943672422835845737e+00
-2.715893293928822061e+00
1.018114278190456856e+00
-9.405752632412101022e-02
-8.694303546573238783e-01
1.474858599236835488e+00
-5.647088987449087050e-01
-1.248653116962165965e+00
1.386363117256103061e+00
1.458449253111022470e+00
-5.064246053220317734e+00
5.967920521687911872e+00
-3.506402917277564590e+00
2.637114599465045783e-01
1.378041468850451423e+00
-1.628499973303056292e+00
1.752287237810479015e+00
-1.685244326420533456e+00
6.673569782161044017e-01
4.831548591045811136e-01
2.989277560115697341e-01
-3.249644706934684990e+00
5.561059624151265979e+00
-4.428343368601443508e+00
5.422314013378859432e-01
2.743508978653423469e+00
-3.401068230338706311e+00
2.483361103073865372e+00
-1.787667363689015909e+00
1.400757817939930261e+00
-6.198675111153462147e-01
1.165167858927378397e-01
-1.310155627780503762e+00
3.638818093093284745e+00
-4.264472134599095021e+00
1.448356857692344235e+00
2.868684794160512030e+00
-5.102872949013967485e+00
4.123565960909200356e+00
-2.010990538283872642e+00
9.024569589638389289e-01
-6.746751070944125850e-01
3.500292246743601510e-01
-2.857920744130524326e-01
1.374009314556781325e+00
-2.671654383370602126e+00
1.778041256667807879e+00
1.861180272417040094e+00
-5.454967302014498642e+00
5.821945283273236349e+00
-3.103063573940310516e+00
2.898664011025634535e-01
5.657940027272689854e-01
-1.984838823311032563e-01
4.267017005300022259e-02
1.572044110905523873e-02
-6.389363451638225833e-01
9.116618548111092846e-01
8.815516393410631757e-01
-4.294352028192998105e+00
6.256077738998574667e+00
-4.525390382655821497e+00
5.912665578324705073e-01
2.053002479878694775e+00
-1.971418309801574509e+00
7.914596558372147816e-01
-3.464875461317796779e-01
4.886279628090299809e-01
-4.391631687270538542e-01
8.260870189900343386e-01
-2.702739726962525957e+00
5.022764476600794836e+00
-5.000243834312448676e+00
1.620433878861752275e+00
2.534765544040775254e+00
-4.065989422554933341e+00
2.615651386264430833e+00
-7.405428413543437838e-01
3.696617979760961070e-01
-9.464357422550864207e-01
1.325705323878243025e+00
-1.820509226064709551e+00
3.074013519452237997e+00
-3.906254721710655353e+00
2.206392146317493363e+00
1.850709279103383231e+00
-5.102177838298543655e+00
4.850777882500498350e+00
-2.053354823110840055e+00
-5.918582902370994603e-02
-7.262597125928094144e-02
1.157933593568861719e+00
-1.641322390171906065e+00
1.723215649408974315e+00
-1.998694568258774229e+00
1.521845455564374783e+00
1.029263975235208406e+00
-4.616020225110080588e+00
6.105697126307941147e+00
-3.942659334165227847e+00
3.182403216128373291e-01
1.357540847619721047e+00
-3.757152772857932366e-01
-1.098743560061121283e+00
1.299596102393082431e+00
-6.621369262768950215e-01
5.299244285574733482e-02
1.092165267869628531e+00
-3.473359261236729889e+00
5.674987549621306471e+00
-5.118059034197137258e+00
1.532011357481397162e+00
2.041123569545266747e+00
-2.611631771151253556e+00
6.571394727789122703e-01
9.077081766359553772e-01
-4.993084630938526836e-01
-8.576011411557060704e-01
1.881284374435630458e+00
-2.865144735325710457e+00
4.242816453297131751e+00
-4.693885516327965135e+00
2.477243456909276276e+00
1.575016352527224051e+00
-4.146509161901430929e+00
3.196437670660254859e+00
-4.593085347033746269e-01
-7.813247518393642288e-01
-4.083411982738218704e-01
2.196646125753320966e+00
-2.988223699392642096e+00
3.118176074432142286e+00
-3.143463391785518812e+00
2.134926797735400950e+00
8.318019888352863322e-01
-4.253033837723450894e+00
5.133185597076839635e+00
-2.681532057438735794e+00
-3.450551700209454342e-01
8.366741195172857637e-01
1.102208916153932128e+00
-2.853899478602060835e+00
2.837032085329415754e+00
-1.813729770553074827e+00
7.270468657765603027e-01
9.329405019193632853e-01
-3.559148345093774424e+00
5.499016546568189057e+00
-4.514214991056260118e+00
1.052863244071604143e+00
1.586864625151953367e+00
-1.021009151943223836e+00
-1.432107869813682433e+00
2.651591836348540898e+00
-1.523554824320679346e+00
-4.614164275528669368e-01
1.949854713573510478e+00
-3.264473240034885038e+00
4.684567818722191745e+00
-4.841443122512162134e+00
2.410892054091849257e+00
1.227598175132534442e+00
-2.824087343116358895e+00
1.121952235096481010e+00
1.454917066181608210e+00
-1.763871779871931000e+00
-4.103024926742051548e-01
2.760621173319275368e+00
-3.760842972825856556e+00
3.935113451851279365e+00
-3.825335309983033838e+00
2.546498567593108664e+00
4.574557065644271336e-01
-3.367281346375509798e+00
3.506304589833017182e+00
-8.794334850365082001e-01
-1.359012757352555223e+00
5.938326787143615171e-01
2.229244772598848456e+00
-4.170629393112930572e+00
3.958893976826348027e+00
-2.704021155008816457e+00
1.390687276085211366e+00
4.702385316252709613e-01
-3.034075663830351655e+00
4.547703892089220545e+00
-3.217913714359342592e+00
1.452120134469891966e-01
1.326504269511177947e+00
4.302456408501211804e-01
-3.311968513525634705e+00
4.168807399074234254e+00
-2.459449609162536632e+00
9.884451405461236462e-02
1.581542569135511389e+00
-2.998677255477349757e+00
4.339434929547520525e+00
-4.267926057252847016e+00
1.892698306610737458e+00
9.940473526330673160e-01
-1.411883428796782969e+00
-1.039664085382668635e+00
3.382314282413164008e+00
-2.802974389536607269e+00
-1.501056604879258405e-01
2.807705935721820367e+00
-3.841363584565907985e+00
4.016711701615323982e+00
-3.873598469816777801e+00
2.580039091562475129e+00
1.050112417746191795e-01
-2.202447022192601800e+00
1.504158610895752091e+00
1.209699387381430125e+00
-2.575890478105194781e+00
6.326635169336296549e-01
2.867907150214338952e+00
-4.834376822536852636e+00
4.428148626164906787e+00
-3.105605458011456932e+00
1.837820063214930411e+00
-1.068475030320539254e-01
-2.085270508454846627e+00
3.011960271360048402e+00
-1.393867297335383837e+00
-1.116538999798797338e+00
1.330838826227541016e+00
1.528382820302358835e+00
-4.687849333654997785e+00
5.161579868099162915e+00
-3.054624276574326558e+00
6.274098838326038763e-01
9.240967110882550850e-01
-2.180710563301701654e+00
3.295225541385204515e+00
-3.028550666544859382e+00
9.096622330883381569e-01
1.002535656331709824e+00
-1.672837937475850634e-01
-2.950026016468450862e+00
4.991535432777949310e+00
-3.646159625979118246e+00
2.190072287494391201e-01
2.411470180162694099e+00
-3.250554230472307626e+00
3.346559633491171581e+00
-3.236700192502018236e+00
2.135424871420447346e+00
-4.995863533403221979e-02
-1.027043699598165105e+00
-5.380981527061164948e-01
3.260673811065262662e+00
-3.766056755483204732e+00
8.589749447552020856e-01
2.997919376532211633e+00
-4.758833992921098321e+00
4.127516578078536114e+00
-2.879692074905721100e+00
1.902212474611688631e+00
-5.929514439434373507e-01
-9.664326683408739349e-01
1.181557722213715023e+00
6.840734440515551240e-01
-2.552653383133480336e+00
1.569874606779942283e+00
2.161273744730521251e+00
-5.366026354384501040e+00
5.417924458884773031e+00
-3.106766196336588237e+00
9.271839988447113656e-01
1.816192375075020848e-01
-1.025811218360376031e+00
1.768735688486640312e+00
-1.310323336339882960e+00
-4.361811773526294012e-01
1.289953181796331005e+00
7.247136798027572491e-01
-4.329932673333472870e+00
5.992424449921069041e+00
-4.048870531361080438e+00
5.038661423280830221e-01
1.735725422305546273e+00
-2.137535125038579675e+00
2.052919743213188930e+00
-1.999687886065400821e+00
1.220687761966814389e+00
9.837342371431923027e-02
-7.510372120526809248e-02
-2.294942095559488138e+00
4.938859455805603815e+00
-4.665529244823314770e+00
1.107678290500207385e+00
2.710433388476953809e+00
-3.997951342013906562e+00
3.085124469164105321e+00
-2.012471772834505401e+00
1.502989823865354291e+00
-8.197919918818907803e-01
6.086922958120366545e-02
-6.136038555369544012e-01
2.683282139872959160e+00
-3.910774940685378454e+00
1.921757020177743414e+00
2.333335080768206726e+00
-5.287069801195597663e+00
4.856351022574351362e+00
-2.513902711268372503e+00
8.523810488595879864e-01
-4.384614583646095909e-01
1.995114701885349895e-01
6.082815135256125494e-02
6.007201512761517481e-01
-1.941459489310819464e+00
1.791693789233137712e+00
1.185262867985766411e+00
-5.010336074203663337e+00
6.194657540402680240e+00
-3.832388063269985601e+00
5.238321923628537213e-01
9.893154744166827719e-01
-7.429917554607974317e-01
3.826686375350096814e-01
-3.725847844918319662e-01
-4.099680295915630879e-02
5.577610510319852555e-01
5.023162969555023949e-01
-3.512645683326756529e+00
5.965638250189546632e+00
-5.034506765998180811e+00
1.188231663115258963e+00
2.177093019924337014e+00
-2.728578692959304330e+00
1.470327447516358355e+00
-6.252859275097426561e-01
6.709357807638012261e-01
-6.992386909686874041e-01
7.847572167636556184e-01
-2.069217799042226247e+00
4.276374380369256656e+00
-4.917788717973966328e+00
2.205512975055708758e+00
2.153144862822051309e+00
-4.530756290429668098e+00
3.544318070835717371e+00
-1.304498589679987886e+00
3.499844831983178750e-01
-7.775270572395966973e-01
1.237327112506522830e+00
-1.505108871706164031e+00
2.374138056694945043e+00
-3.339955670958248746e+00
2.357489620012297671e+00
1.249490901361363537e+00
-4.959275562506275215e+00
5.546927267659565786e+00
-2.929945444540729138e+00
1.614297988689283869e-01
3.721660800548542980e-01
6.555282509923809897e-01
-1.349022284569589836e+00
1.348466420063571425e+00
-1.431482614466876413e+00
1.234457246796164753e+00
6.643581093945212235e-01
-4.054924942709716262e+00
6.173607249077099013e+00
-4.713842138286878480e+00
9.377026996738550002e-01
1.601823450245096314e+00
-1.208193640303842686e+00
-4.394958934444108678e-01
1.044381429375478731e+00
-4.511412321535801517e-01
-2.459395543642579618e-01
1.086736683155617111e+00
-2.965332599670808200e+00
5.205422835129986936e+00
-5.339562131681973689e+00
2.229798473151396010e+00
1.797492239470289910e+00
-3.292136943449013309e+00
1.686364289009543382e+00
3.600061487206211996e-01
-5.201397440472748102e-01
-7.647249114870171560e-01
1.893563079026555629e+00
-2.648151430964222453e+00
3.700208690231628683e+00
-4.357836214633975302e+00
2.789563333031158443e+00
1.047478217583862836e+00
-4.279666636485002229e+00
4.148217019269228700e+00
-1.410221278836631953e+00
-6.011130874509993394e-01
2.542810578269394384e-02
1.803832544758940726e+00
-2.822486893786448903e+00
2.839419609622108265e+00
-2.681143809168914149e+00
1.955526625553085873e+00
4.808557401883337690e-01
-3.922797170837294622e+00
5.539750655159005888e+00
-3.666572737349610200e+00
2.686807440288578874e-01
1.167051115258995075e+00
2.824750125210799823e-01
-2.314119328895332117e+00
2.687641664973572819e+00
-1.634804791656317091e+00
4.258060712394118319e-01
9.621608924763938031e-01
-3.205864433281887749e+00
5.332732830822950021e+00
-5.035245980462043747e+00
1.846014861846445365e+00
1.460913837873589305e+00
-1.834700259362454400e+00
-4.156323980076941371e-01
2.211580499310518810e+00
-1.591820379281001507e+00
-4.336266091599920713e-01
2.076589685999943757e+00
-3.184477705765867306e+00
4.351774501569923181e+00
-4.773550720652973034e+00
2.894088554456056617e+00
7.636243432559224331e-01
-3.179232913140399575e+00
2.228690350124852948e+00
5.277569911414711212e-01
-1.668544576278367719e+00
-2.554740508618813521e-03
2.523443607510034159e+00
-3.777225498769968937e+00
3.813674165532900506e+00
-3.526406247723658183e+00
2.511684043706515546e+00
1.068097792102185029e-01
-3.245102452423027195e+00
4.189483509501951808e+00
-1.994703576346768870e+00
-7.996762331150630843e-01
9.871718960795567988e-01
1.499002660009789878e+00
-3.835853742199077931e+00
3.985491074346129814e+00
-2.613813816591628481e+00
1.130201726806446816e+00
5.135253780204294127e-01
-2.830901303492250332e+00
4.667353118072318452e+00
-3.993746037811169547e+00
9.930021440937313315e-01
1.302961895856491692e+00
-4.314530307487292049e-01
-2.421629757249284864e+00
3.925883161296720214e+00
-2.625086490349487711e+00
8.727001320910066084e-02
1.810968059032008748e+00
-3.060246347303920089e+00
4.229612374385462559e+00
-4.469015734491380343e+00
2.533735562327440238e+00
5.844948492148271946e-01
-1.919910947204315432e+00
1.042463665205098922e-01
2.588022588007826030e+00
-2.846345562342345481e+00
2.334878889916780498e-01
2.744748559695133761e+00
-4.061956434269878180e+00
4.080639054072612737e+00
-3.768644305199312150e+00
2.710588646602005714e+00
-2.625190244907229520e-01
-2.242583194453585449e+00
2.370719146875622130e+00
7.324133597720805522e-02
-2.135405682928738891e+00
1.080253081504385593e+00
2.281867719480307422e+00
-4.761257464657346894e+00
4.673719115751048037e+00
-3.143010841375340370e+00
1.656530759231501282e+00
-8.110915826413389595e-02
-1.999873363313951380e+00
3.361688777932465566e+00
-2.343707564393192389e+00
-2.776892170634734924e-01
1.405811869943440762e+00
6.928318170816452071e-01
-4.019456403598753447e+00
5.186071643303777456e+00
-3.357834952320287947e+00
6.079187969709565209e-01
1.223973298739871707e+00
-2.356177958394639838e+00
3.381628740204770445e+00
-3.460374987665986168e+00
1.668671770080511374e+00
6.477609380223241509e-01
-7.584026448632235073e-01
-1.885570240407987708e+00
4.432855717102842874e+00
-3.879204423004045221e+00
5.915912134176467552e-01
2.514119742186609940e+00
-3.660681142945927835e+00
3.584954940919854671e+00
-3.321195618032215524e+00
2.427969900291088834e+00
-4.449020406653314552e-01
-1.174139874792100802e+00
4.035486929535084810e-01
2.221992870109431806e+00
-3.514622104073292785e+00
1.364605856673528184e+00
2.583679294225103895e+00
-4.966210710739366263e+00
4.597571602646525868e+00
-3.055177344198277467e+00
1.823185576611562997e+00
-6.166185312010692421e-01
-9.500533407679330189e-01
1.679014042466653978e+00
-3.340741640400678447e-01
-1.802599271713174023e+00
1.752281783222895406e+00
1.405503503089965189e+00
-4.983758171503250622e+00
5.746671483932741964e+00
-3.565354930652206988e+00
9.260931642305926248e-01
5.087304246517998507e-01
-1.263559479705461008e+00
1.991802933130366160e+00
-1.900958875190681185e+00
3.758909336745910323e-01
1.004448915259220643e+00
1.087524927298255673e-01
-3.443108265035323523e+00
5.748332409635876772e+00
-4.506095309832023332e+00
8.807015691716859607e-01
1.974192909406397023e+00
-2.689726111243181172e+00
2.417939495025099639e+00
-2.233651555931364108e+00
1.644306962804872985e+00
-3.200213401805709346e-01
-2.776235234801269769e-01
-1.383674540785732709e+00
4.108687856044236142e+00
-4.665585178338355732e+00
1.680998777015323409e+00
2.469635255804475626e+00
-4.465141185449983396e+00
3.744416931114667335e+00
-2.302948903152537419e+00
1.526325274471190374e+00
-9.145116924288365645e-01
5.982325879699468274e-02
-6.106525659690958951e-02
1.711274460780959350e+00
-3.333956907020302562e+00
2.229490337222282736e+00
1.686740273420473724e+00
-5.215584722376660487e+00
5.483879949220992422e+00
-3.114372691456862796e+00
8.810472788366501273e-01
-1.269139239386984919e-01
-3.763997698478149800e-02
3.413226931203270365e-01
-5.509924010603972633e-02
-1.158393579969541509e+00
1.603514705373595195e+00
5.835180559553776458e-01
-4.367790701898559114e+00
6.306418206848171337e+00
-4.519861702557610883e+00
9.120701938836989209e-01
1.322606302814054002e+00
-1.367117122358975756e+00
7.988006946336713154e-01
-6.874491056039048198e-01
4.579601212006152444e-01
1.377213556870966471e-01
2.815299806462372434e-01
-2.718223873415701153e+00
5.429104744248757441e+00
-5.326600322443345803e+00
1.835240934504246857e+00
2.091977575103265430e+00
-3.400919933832195596e+00
2.247361334020336887e+00
-9.759828530761602838e-01
7.714294914227948219e-01
-8.690224010685647649e-01
8.079414538821569902e-01
-1.547454350966804615e+00
3.455565971553776983e+00
-4.588631110756024256e+00
2.657336792422919203e+00
1.623181763610984873e+00
-4.754691674627841813e+00
4.421512060552462486e+00
-1.999235572305407604e+00
3.986487071590714137e-01
-5.135046755929670859e-01
1.060759818419341638e+00
-1.249666068135314445e+00
1.752143975910518847e+00
-2.672429138915179525e+00
2.302486989776925785e+00
6.800356807295662165e-01
-4.589537362921928931e+00
6.010406301998420631e+00
-3.817911378591238414e+00
5.516460335406633275e-01
7.593485781573763305e-01
3.833815885110603006e-02
-9.703178328852494205e-01
1.036950153323817680e+00
-9.290445827008797508e-01
8.503007093135812600e-01
4.425581173173254168e-01
-3.433401055287627734e+00
5.977018347313802771e+00
-5.305025729400867363e+00
1.651028116387732059e+00
1.645127593115863318e+00
-2.008381252424731755e+00
3.590109590154524355e-01
7.110913379373364762e-01
-3.201806597833054546e-01
-4.746690877045454116e-01
1.156737470957399649e+00
-2.538863646856984957e+00
4.614872912859761200e+00
-5.307978179160270926e+00
2.835125171318010118e+00
1.376825656333630077e+00
-3.762672018675562224e+00
2.727004068949260507e+00
-3.516078436189768452e-01
-4.830144110876142260e-01
-5.624741023996406852e-01
1.822211172319192718e+00
-2.487154145343863476e+00
3.198943809336485700e+00
-3.881806101204679393e+00
2.901788390364947734e+00
5.113089217094204386e-01
-4.173908537792573092e+00
4.914013149423299254e+00
-2.432338290386042878e+00
-2.391573263930015791e-01
4.353476309179979964e-01
1.266567884162943969e+00
-2.565774405097923427e+00
2.614744106404553126e+00
-2.250141131016982765e+00
1.653284281066935701e+00
2.557970241845454185e-01
-3.495093300728355779e+00
5.684090095432285494e+00
-4.524119941939506617e+00
1.020425252364236091e+00
1.312514890872884310e+00
-5.601269203585486078e-01
-1.598993797634996383e+00
2.458010687912624448e+00
-1.532119620206213950e+00
1.712639853426825010e-01
1.078863843737512429e+00
-2.908634146176851676e+00
5.013639836710094499e+00
-5.315416745422064437e+00
2.595319565684582219e+00
1.137154308140953862e+00
-2.481413340684193614e+00
6.783253074977672048e-01
1.579215107149080310e+00
-1.614174660554529073e+00
-2.879895135072367829e-01
2.131585973348332441e+00
-3.161310408855163345e+00
4.030861543874324937e+00
-4.540142200412658369e+00
3.194749808509106614e+00
2.527783145677977572e-01
-3.298704447619348556e+00
3.210085565608597591e+00
-5.321433464614755415e-01
-1.384411233920055606e+00
4.145043736958755609e-01
2.120998660495669874e+00
-3.707179479216211160e+00
3.741914184415009004e+00
-3.230064101152940736e+00
2.335251021742242195e+00
-1.374520532677381279e-01
-2.999468570754263652e+00
4.631851696996061030e+00
-3.046903093037017562e+00
-6.026091144461043214e-02
1.217887403883926023e+00
6.930083765230337089e-01
-3.299859801761768185e+00
3.937539879292922151e+00
-2.597027516048542317e+00
8.919882665156952939e-01
6.565015448958545496e-01
-2.663927936477213265e+00
4.618222862088968483e+00
-4.558785447992431017e+00
1.851602792924769370e+00
1.068209173776240473e+00
-1.176686458156376069e+00
-1.391104791155350906e+00
3.471821105134615948e+00
-2.760755030353955863e+00
1.970062849849654185e-01
1.987686022525296581e+00
-3.185264249662988600e+00
4.111556982006973726e+00
-4.494159302055507510e+00
3.021559384957658079e+00
9.192562002829074430e-02
-2.207992026029332422e+00
1.191400295922374619e+00
1.603724138989309544e+00
-2.701544956240885309e+00
6.581447314936119675e-01
2.506543782211500648e+00
-4.211700228958395797e+00
4.196974876163359625e+00
-3.645233986386198666e+00
2.690247030829913122e+00
-5.462468253378349736e-01
-2.143174248968969131e+00
3.033332325511034711e+00
-1.071101762840116933e+00
-1.478255395108814207e+00
1.392716940930725622e+00
1.573537357943519899e+00
-4.475321640887198527e+00
4.861156748835441022e+00
-3.254566976435475212e+00
1.474837712759419883e+00
5.489055438272694154e-02
-1.935844677347498877e+00
3.541374592742065452e+00
-3.127671066545571588e+00
6.295435754642315640e-01
1.263367261032617206e+00
-7.973535667977649233e-02
-3.157717674220803072e+00
4.994743658698189037e+00
-3.653074777881931468e+00
7.096649502605534288e-01
1.495804159900865571e+00
-2.606776220861021898e+00
3.449259156223610123e+00
-3.720726166172791505e+00
2.314304064141369910e+00
1.761638436009604902e-01
-1.154364263035325688e+00
-8.079885683593419632e-01
3.637377753536222613e+00
-3.935212015851832668e+00
1.035573778991832672e+00
2.442808607734375581e+00
-4.026587743613497139e+00
3.886165393074362484e+00
-3.375240778603308733e+00
2.570957239435356811e+00
-7.823404228311794384e-01
-1.173404894801304499e+00
1.188402272692154149e+00
1.104473542517076412e+00
-3.019446623925500006e+00
1.767471376541746686e+00
2.009717272519749631e+00
-4.965690529405046405e+00
5.037809473440901797e+00
-3.310561421642766788e+00
1.725064233413590609e+00
-5.231562058170966534e-01
-9.434433134240709506e-01
2.016864280373970253e+00
-1.241260407820138356e+00
-9.279836557267018282e-01
1.718670673313931418e+00
6.601054799774719317e-01
-4.369450351655130405e+00
5.872062693152779289e+00
-4.045396677127673257e+00
1.044259582503864081e+00
8.356555051922892607e-01
-1.590976909298241981e+00
2.193416117533754317e+00
-2.337222504620914965e+00
1.122129404506226669e+00
5.715533317594103657e-01
-3.426042355233971382e-01
-2.478291902643015021e+00
5.236595656039714441e+00
-4.810214790128199525e+00
1.358278505273166070e+00
2.050267066579082087e+00
-3.233483203151811036e+00
2.862424632213171449e+00
-2.433711681530032145e+00
1.929934325725575661e+00
-7.109105205829040486e-01
-3.294932173697882050e-01
-5.774781866103381178e-01
3.135498330049911964e+00
-4.408344494466360786e+00
2.188895387669064441e+00
2.042090622936599598e+00
-4.745963422207369220e+00
4.413193876115817815e+00
-2.683989672305800767e+00
1.517113365885651044e+00
-8.906947394841155941e-01
5.967209591493150000e-02
3.498473495852879589e-01
7.913143735350908203e-01
-2.582793438409433318e+00
2.331160360062969339e+00
1.001500972309118165e+00
-4.890844106550787274e+00
5.938639531365861757e+00
-3.773129810472959367e+00
1.026297478439520461e+00
2.127237551615153155e-01
-3.787185436975812891e-01
6.023759379472304332e-01
-5.823354327917206197e-01
-3.900456453664040701e-01
1.242279107377247005e+00
1.126803912368512517e-01
-3.592514014708244385e+00
6.139474880547978408e+00
-5.092041858416280320e+00
1.429743043722229823e+00
1.513364963053835055e+00
-2.024311649197246155e+00
1.314135286113720102e+00
-9.712263615672016570e-01
8.387999844129301330e-01
-2.875323367626387849e-01
2.106861928571051035e-01
-1.977941983694079919e+00
4.698163569101240000e+00
-5.364581356443395066e+00
2.459313438297753951e+00
1.803498136137652086e+00
-3.923035041287212366e+00
3.081155141346136439e+00
-1.431012195408749577e+00
8.311064422955323217e-01
-9.252549158842096055e-01
8.438600897092758402e-01
-1.146226054407593509e+00
2.630122275196123738e+00
-4.046706025893099579e+00
2.922777161690949921e+00
1.010679632519967175e+00
-4.722447294471489698e+00
5.173232462690258160e+00
-2.794750057521307340e+00
5.608603200783669473e-01
-1.952122804053746385e-01
7.696361285772259642e-01
-1.010814323157622319e+00
1.229141028829686233e+00
-1.969853732405965285e+00
2.055931693149521955e+00
2.063038906180408860e-01
-4.045771055952357642e+00
6.205477843518103498e+00
-4.641589703038408565e+00
1.099090501429286437e+00
1.029741718877495993e+00
-6.547924304020922293e-01
-4.738562533533929866e-01
7.509929242033223096e-01
-5.197493794202336925e-01
4.274863110184936588e-01
3.675707984271217033e-01
-2.820092825590446495e+00
5.551799361948772216e+00
-5.663718981659647156e+00
2.388743167568684544e+00
1.477975239460138424e+00
-2.705435584369185964e+00
1.264815979795044232e+00
2.598819433946051305e-01
-2.345019881052086141e-01
-6.010311779868673376e-01
1.253818230235525633e+00
-2.212583893713542693e+00
3.970728822352580067e+00
-5.040678415820476488e+00
3.284363325182819704e+00
8.353910896681029374e-01
-3.991115875778685318e+00
3.702467012117526046e+00
-1.208657399975877622e+00
-3.365229888029812599e-01
-2.836079853977309106e-01
1.632134165671704773e+00
-2.342743125001236049e+00
2.768203041628383154e+00
-3.327255797881164323e+00
2.813572657419888046e+00
3.491758371564379626e-02
-3.867564091707759388e+00
5.442077843254649494e+00
-3.451654623675265654e+00
3.057130227538733536e-01
7.578513914129096918e-01
6.135977435129578161e-01
-2.178479062240961550e+00
2.411479661456595203e+00
-1.886141726214109582e+00
1.280977158421119366e+00
1.721165197177411399e-01
-3.037275340404618440e+00
5.584877322541737854e+00
-5.188878431594487139e+00
1.847482578398141673e+00
1.248729487125623816e+00
-1.353003267370964657e+00
-7.284493133921201569e-01
2.101231110864384632e+00
-1.477772494687199512e+00
3.040768014307193567e-03
1.239695263573190598e+00
-2.694607518893358922e+00
4.603653806655702674e+00
-5.354902764882474742e+00
3.229505287048573869e+00
6.600491438095883456e-01
-2.914218689350309699e+00
1.774900328832707208e+00
7.594281200910011353e-01
-1.534299647231561536e+00
-4.791366370714955636e-02
2.071887532701124357e+00
-3.160287521718601056e+00
3.757206938845713218e+00
-4.195183181689168705e+00
3.297722024948786856e+00
-2.349060863733329896e-01
-3.205203128537490009e+00
4.001440680036320252e+00
-1.656590696292550291e+00
-8.960492579520429324e-01
7.755146412740059336e-01
1.570038795118971819e+00
-3.503386788245246297e+00
3.692542638131198540e+00
-2.977329591756254779e+00
2.062416206190850865e+00
-2.487873105755146197e-01
-2.693825445515390715e+00
4.834717989029377883e+00
-3.961475599295661176e+00
8.065342086771765118e-01
