-1.299797052536754371e+00
-5.863198570309824387e-02
1.113779113295373158e+00
2.117245847265110559e+00
2.866695371464496933e+00
3.298734829864341300e+00
3.376515327970780689e+00
3.092533239987030225e+00
2.469162027793533554e+00
1.556880401727393615e+00
4.303374246054523233e-01
-8.174412334822998005e-01
-2.082261638855072317e+00
-3.256834368957046699e+00
-4.239097686915457075e+00
-4.940159964633776823e+00
-5.291260934034218266e+00
-5.249227381384757862e+00
-4.800014249399461086e+00
-3.960067817548690972e+00
-2.775412467145114803e+00
-1.318533884026899639e+00
3.167036312883242388e-01
2.021722244078639541e+00
3.680978628062726798e+00
5.180218078047158059e+00
6.414624353778730637e+00
7.296267633812041353e+00
7.760310442256561636e+00
7.769528856133922190e+00
7.316835893005499081e+00
6.425645524962478206e+00
5.148077503004362399e+00
3.561162694937872075e+00
1.761353847578317700e+00
-1.422332633917262612e-01
-2.035337204455670346e+00
-3.806269520925008809e+00
-5.353274058779314615e+00
-6.591005429551002770e+00
-7.455682733215351909e+00
-7.908584250760791079e+00
-7.937681302388202909e+00
-7.557354155830763531e+00
-6.806278308911016595e+00
-5.743704350012251325e+00
-4.444468640233756318e+00
-2.993156811159806363e+00
-1.477891553144449865e+00
1.577268945532139810e-02
1.410392658445033476e+00
2.641223760829500833e+00
3.659550691964292835e+00
4.434572738563691274e+00
4.953779782953763089e+00
5.221880642120774851e+00
5.258461788466418874e+00
5.094652332169662401e+00
4.769142714242361691e+00
4.323944487602254583e+00
3.800284193183852910e+00
3.234995917800648879e+00
2.657717750887228281e+00
2.089112702941820832e+00
1.540232440212063736e+00
1.013031559864280284e+00
5.019308338789537638e-01
-3.770555345077919451e-03
-5.169127263114947635e-01
-1.049254380765605177e+00
-1.608367149522505590e+00
-2.194987674774380615e+00
-2.801127549013052054e+00
-3.409170643052700456e+00
-3.992094865254783187e+00
-4.514849052023499176e+00
-4.936804790003092691e+00
-5.215097268225500571e+00
-5.308578146333537973e+00
-5.182035136129411690e+00
-4.810293897320158329e+00
-4.181811896300475340e+00
-3.301402247630304654e+00
-2.191786528678537849e+00
-8.937646163051766734e-01
5.351002173852621446e-01
2.023260248990749410e+00
3.489280883988620907e+00
4.846994935203717603e+00
6.011353213219676306e+00
6.904539286067365111e+00
7.461877768551794077e+00
7.637064224247832378e+00
7.406281696502938772e+00
6.770841925450867826e+00
5.758093383169120116e+00
4.420465692844429917e+00
2.832661092758703703e+00
1.087147394559533353e+00
-7.117580074020750658e-01
-2.454807969857901284e+00
-4.035257683456643818e+00
-5.356267334281473502e+00
-6.337724595298968921e+00
-6.921969538244396425e+00
-7.077978413376365019e+00
-6.803672007478502870e+00
-6.126150999834335309e+00
-5.099814676804349745e+00
-3.802478844804043412e+00
-2.329761528422789496e+00
-7.881391627053777604e-01
7.128190934205207441e-01
2.068464008752423311e+00
3.186726922065523215e+00
3.994850866906818343e+00
4.444680461080389833e+00
4.516104313829032435e+00
4.218381103444040825e+00
3.589239523458704895e+00
2.691810950209589048e+00
1.609619078522199320e+00
4.400001930034420639e-01
-7.135503808372272161e-01
-1.749525295802598857e+00
-2.576424323611817613e+00
-3.120030483013574774e+00
-3.329381250206109311e+00
-3.180969376941167326e+00
-2.680840327980910320e+00
-1.864411946389922470e+00
-7.940146719618528248e-01
4.456756465744238227e-01
1.753978839100546416e+00
3.021855036087756297e+00
4.140280723668301910e+00
5.008725380165310881e+00
5.543086679246701287e+00
5.682479650055840992e+00
5.394358438944728107e+00
4.677572204866599748e+00
3.563109961395084291e+00
2.112461294569946357e+00
4.136978440190599571e-01
-1.424449200319477304e+00
-3.280090413341095079e+00
-5.026714900713527889e+00
-6.542141561919653903e+00
-7.717232670356025004e+00
-8.463734974721337068e+00
-8.720678078683718581e+00
-8.458866570974553412e+00
-7.683143081280172204e+00
-6.432263422873974790e+00
-4.776399842143698393e+00
-2.812460971309702185e+00
-6.575744763160416007e-01
1.558791049125221928e+00
3.703494204860620975e+00
5.648557068138567061e+00
7.279543125597361275e+00
8.502891958542720729e+00
9.251710009427565495e+00
9.489636715273698897e+00
9.212551486729882555e+00
8.448048064868075357e+00
7.252766346956814658e+00
5.707825464202127108e+00
3.912734280677317322e+00
1.978256930777007927e+00
1.877441632155463225e-02
-1.855295420044570376e+00
-3.544478790227368670e+00
-4.966148812329574724e+00
-6.058967877383568457e+00
-6.785609951152760111e+00
-7.133642341327980141e+00
-7.114590604335942814e+00
-6.761348053743400754e+00
-6.124212103324223833e+00
-5.265924334408435215e+00
-4.256152882441243790e+00
-3.165880425318022606e+00
-2.062147710933402323e+00
-1.003553252621534497e+00
-3.682948668294971917e-02
8.052883112657921449e-01
1.504802561753581625e+00
2.057828425375560322e+00
2.472745252947166072e+00
2.767367510815448739e+00
2.965455551131591871e+00
3.092933950561981060e+00
3.174199071979142861e+00
3.228877398368443785e+00
3.269344316544968709e+00
3.299234328188653809e+00
3.313075307793222457e+00
3.297070197390361557e+00
3.230939079698214922e+00
2.311548169530837971e+00
-4.749216581799425185e+00
7.633778420725970015e+00
-4.597115768032147720e+00
-2.486206278300015171e+00
4.832496124880291788e+00
7.156204838949195013e-01
-6.471313571471362991e+00
4.234242584019440869e+00
3.541602307974325736e+00
-7.750196298998007549e+00
5.486906789165569620e+00
-2.829379137426840440e+00
4.292511969765079982e+00
-5.701483872504834238e+00
1.435645386971381665e+00
5.450194875329392730e+00
-6.471142373376597590e+00
2.005000846683135940e-01
4.741808712838864182e+00
-1.327920882485881027e+00
-6.235036730587685483e+00
8.738147717400430281e+00
-4.694825060023783969e+00
1.062553016655467086e+00
-1.833254429335301250e+00
2.321256020056247760e+00
2.360263803815251027e+00
-8.223372614598126518e+00
7.398699628572861009e+00
-2.081284631003259555e-01
-4.112473482415456516e+00
-4.748434938493950597e-02
6.883461592289895847e+00
-7.458416888764313413e+00
1.873611396050567146e+00
2.172441559427689128e+00
-1.385516689074286489e+00
9.958544877060595546e-01
-5.215593905418965726e+00
9.375888872136046714e+00
-6.473732422959224131e+00
-1.499848701288609698e+00
5.055331932341834644e+00
-2.115234533063137246e-01
-5.825783057147442712e+00
4.734432045138005307e+00
1.724896545194713582e+00
-5.344100703143725539e+00
3.744485721411536794e+00
-2.744897209506242941e+00
5.936659469244891518e+00
-8.177121160332081473e+00
3.479042119390107324e+00
4.684505566744813443e+00
-6.969280847607142171e+00
1.194807156529368530e+00
4.265346750935782083e+00
-2.010418529418779077e+00
-4.554443439282495731e+00
7.001172229107757161e+00
-4.079624787403753672e+00
2.202319335963176528e+00
-4.344540930498290265e+00
5.020318626810690965e+00
7.025691254638426475e-01
-8.145215211594265980e+00
8.510589045546531395e+00
-1.521513198514269583e+00
-3.565178748094022687e+00
5.514646353016261493e-01
5.589093692905805710e+00
-6.515169618844041111e+00
2.269708826083679298e+00
2.084208564181126988e-01
1.377513864182148051e+00
-1.252412693001752730e+00
-4.507779946694978612e+00
1.033786392575364488e+01
-8.342090248148688048e+00
1.450307997573001551e-01
4.464145084474006708e+00
-7.565228074190675223e-01
-4.842779907109721726e+00
4.374335371908568249e+00
7.319697261741411332e-01
-3.155443919289870003e+00
1.394181664785923092e+00
-1.504079363691160243e+00
6.486661059518946004e+00
-1.019594850802949537e+01
5.894725098873324853e+00
3.019594196033736466e+00
-6.641673326958301260e+00
1.956047041307310996e+00
3.316520072261139873e+00
-1.875761643901304954e+00
-3.434463070300211474e+00
5.111609045430733467e+00
-2.582593622227621566e+00
2.176800322263472420e+00
-6.047420040383697071e+00
7.712382220691310408e+00
-1.726883937988245021e+00
-6.989941934808053148e+00
8.869600643876895063e+00
-2.802836232074346512e+00
-2.406113183982199644e+00
3.869760223795397636e-01
4.621997330874913601e+00
-5.158459234491079570e+00
1.690523241522660536e+00
-7.770412420206378457e-01
3.753560264339632635e+00
-3.967040985684125776e+00
-2.717266515805979665e+00
1.019474624863747536e+01
-9.671589196056935123e+00
2.043014184751494433e+00
3.094936818723727612e+00
-5.799524492148475652e-01
-4.002904289851564101e+00
3.449873696670289647e+00
6.627907188468640243e-01
-1.641946466893587697e+00
-1.014735642358099099e+00
5.822718740926309255e-01
5.825832477525002773e+00
-1.128332334186815089e+01
8.135078414656064183e+00
7.524493133175113035e-01
-5.372695766778404547e+00
2.054350040725982485e+00
2.344904034495559841e+00
-1.089236315182631865e+00
-3.115216709894995883e+00
3.575690789298115124e+00
-6.622690474481656153e-01
1.104316952279517983e+00
-6.632148277539599235e+00
9.832799132265117592e+00
-4.436648858744193902e+00
-4.895158858389679679e+00
8.198896207499716482e+00
-3.555457780306572779e+00
-1.025691459540791994e+00
-5.088490637559472951e-01
4.328190225944632985e+00
-3.887591686123256451e+00
4.605452284389223716e-01
-7.089158406183027061e-01
5.289450700372863245e+00
-6.573476618370585278e+00
-2.055095908489443790e-01
8.889107375803222411e+00
-1.003529149416704236e+01
3.669932683811330421e+00
1.244605648417212329e+00
4.228679096725196374e-01
-3.728797810287548309e+00
2.414241606762610459e+00
1.342817405443327727e+00
-1.042820683883418198e+00
-2.955428423326813103e+00
3.010685075161279034e+00
4.130826673098770385e+00
-1.118159055362492360e+01
9.663460084460201216e+00
-1.622982852864622183e+00
-3.325102693054291070e+00
1.244104772809931259e+00
1.824669276349645486e+00
-3.186368087960955719e-02
-3.568799911782720269e+00
2.752148603366123325e+00
1.151534215623941204e+00
-6.450801229568212669e-01
-6.069553802525777364e+00
1.095556829993102177e+01
-6.848291530792863568e+00
-2.255751773202065102e+00
6.489494837927235693e+00
-3.396760534810416399e+00
7.915927198195449321e-02
-1.849071626673926438e+00
4.815942120161657236e+00
-3.135845682793510836e+00
-9.434360588574792761e-01
2.082973477266579776e-01
5.766464203467402072e+00
-8.540424782884191046e+00
2.489428323056832593e+00
6.653138251323286845e+00
-9.232905206937299880e+00
4.529599560099344835e+00
-6.080297784707424658e-01
2.084379348128391207e+00
-4.255620524989774722e+00
1.738580349578898065e+00
2.383626434219825452e+00
-1.321369107191207259e+00
-4.064365750698251567e+00
5.222371551635874631e+00
1.822995496994190168e+00
-9.920383717166274096e+00
1.009983815641897564e+01
-3.546542764154081873e+00
-9.047336651624224846e-01
-4.552047291105143501e-01
2.109590159676398624e+00
8.167395909928727438e-01
-4.514162579713667078e+00
2.754637381421764175e+00
2.407272970751085595e+00
-2.557712077508591086e+00
-4.612380421505631212e+00
1.090417014767253967e+01
-8.448687824858172490e+00
3.761457708817534940e-01
4.013526684164810732e+00
-2.175032810773775083e+00
4.513556198105019845e-01
-3.175534954382572828e+00
5.924084825756275485e+00
-3.143413890175264402e+00
-2.034777161285483693e+00
1.558406509784883154e+00
5.250777527737229278e+00
-9.518516646007642024e+00
4.794593430716774130e+00
3.951107861857222403e+00
-7.352334507709411326e+00
4.295358317958422489e+00
-1.935162103999385153e+00
4.006343408457765598e+00
-5.556013842321620544e+00
1.768330971686293385e+00
3.304066088431335757e+00
-2.186481556473474530e+00
-4.234341970084411599e+00
6.753884218229815772e+00
-5.467030257333485022e-01
-7.808501850671226485e+00
9.324680368740782654e+00
-4.543296037707981405e+00
1.344730095687013627e+00
-2.753499248179060110e+00
3.321650319315975874e+00
1.024581923394126459e+00
-5.505420894353481032e+00
3.425817929161402819e+00
2.856424225761378555e+00
-4.122270152588152214e+00
-2.719371876919004727e+00
9.793744434676531441e+00
-8.924929433494758868e+00
2.435788405397900203e+00
1.258778547591264285e+00
-2.262512608709910111e-02
-1.891079796276939895e-01
-3.993392589158275108e+00
7.269127372434136980e+00
-3.887464516543960524e+00
-2.460007645324615133e+00
2.839568944115529625e+00
4.064246427008077589e+00
-9.427519371305713491e+00
6.252765548573531618e+00
1.357990679456044791e+00
-4.752136351437317607e+00
2.906394015917024731e+00
-2.309469355976649929e+00
5.669041274162539779e+00
-7.341221716142811715e+00
2.616425083254679151e+00
3.677078452343303550e+00
-3.186338016522311634e+00
-3.633909392766168978e+00
7.358937304013148939e+00
-2.446967885590725977e+00
-5.349641962347972068e+00
7.511951085850058440e+00
-4.353277601175475908e+00
2.887761919529344024e+00
-5.162109869082569524e+00
5.305344816074571312e+00
3.407039603268047223e-01
-6.068162416194065045e+00
4.390069927470095834e+00
2.518359742910516896e+00
-4.972428947831113888e+00
-9.237884834538800938e-01
7.993128896344595447e+00
-8.244299987513530326e+00
3.494844967146470527e+00
-1.197621334345109201e+00
2.670207346450089503e+00
-1.856257534983472901e+00
-3.918266258365038723e+00
8.357781567646304310e+00
-5.089191538059642639e+00
-2.101737056811350257e+00
3.612467844493752800e+00
2.684361047825532864e+00
-8.468101321899478506e+00
6.640081416761509203e+00
-5.920060810836229592e-01
-1.969430869937520034e+00
5.913826422683057249e-01
-1.527897146642680060e+00
6.577457263415452005e+00
-9.138422622452438304e+00
4.123993229097001390e+00
3.260117031940762189e+00
-3.847213628360067084e+00
-2.648343400498321731e+00
7.067491636920339104e+00
-3.507790985326243227e+00
-3.105620046304106374e+00
5.081939755398526160e+00
-3.003146897450805319e+00
3.342931206486364104e+00
-7.123508532644223123e+00
7.661212526999520378e+00
-1.222539435506682537e+00
-5.844671668682080323e+00
5.169487005661261847e+00
1.667322701416072084e+00
-4.985900738637841556e+00
3.164053880478663316e-01
6.017783181637225809e+00
-6.657205357806176949e+00
3.373314657073585465e+00
-2.841347390086206737e+00
5.354016536392130376e+00
-4.283224948456828329e+00
-2.794062457093474006e+00
8.732884806881639150e+00
-6.295828985179108273e+00
-1.112208327921169193e+00
3.628419202270370292e+00
1.602139156362251349e+00
-7.055438739017708905e+00
6.018082506038031632e+00
-1.544849188022676456e+00
4.212409655485487292e-01
-2.187561775647756779e+00
3.253803525920622164e-01
6.403197515568916032e+00
-1.042266943728177431e+01
5.900100312280334158e+00
2.071781646033564517e+00
-3.817561188308526532e+00
-1.759450272922367553e+00
6.166004919333972545e+00
-3.614937941241273656e+00
-1.545401025971437914e+00
2.587132720195488567e+00
-7.996172977149930139e-01
2.587872517027544284e+00
-8.162590259445961394e+00
9.849709562185310574e+00
-3.382196293921977848e+00
-4.706436104745513660e+00
5.329842938826870657e+00
7.456062616451453184e-01
-4.312203895203215787e+00
7.444200790214687835e-01
4.383998990303666687e+00
-4.622583280795883987e+00
2.183234095070547998e+00
-3.356490301893243711e+00
7.464193989080408542e+00
-6.986144637261335610e+00
-7.476586123872697165e-01
8.111142095475869951e+00
-7.014285494477374705e+00
1.320002797983818033e-01
2.901005878340289890e+00
1.178493567498619665e+00
-5.693956633778189946e+00
4.706113582183856003e+00
-1.415292228114835460e+00
1.958843296345024854e+00
-4.855289560567813467e+00
2.894914655044378726e+00
5.081947585021875824e+00
-1.076626637686136512e+01
7.429573641495050396e+00
3.925741813747350983e-01
-2.976106972806030537e+00
-1.398796134844421335e+00
5.105055161597414681e+00
-2.931152188735687503e+00
-9.221414830529277573e-01
5.631029437930767934e-01
1.753538250601886617e+00
7.937927868500760376e-01
-8.017129829455043932e+00
1.133658950360006656e+01
-5.655092504005380327e+00
-2.801519108036522709e+00
4.614693566327217944e+00
2.279760172747673508e-01
-3.321681823054681626e+00
3.712308070691394679e-01
3.465579505747893307e+00
-2.677073060226280887e+00
2.922307938181396003e-01
-2.706881501619765373e+00
8.570271864642627691e+00
-9.389457990937936316e+00
1.835577145968020574e+00
6.473306519790658520e+00
-6.858338550976045056e+00
1.141203925013258402e+00
1.700931080732759337e+00
1.539912796643354120e+00
-4.829024503365580756e+00
3.182437941572734630e+00
-4.003058338376852543e-01
2.414566780241072408e+00
-6.874930346442589268e+00
5.644783859242848756e+00
2.838683415884493577e+00
-9.963336156676687594e+00
8.218617114570978543e+00
-1.310774049659831686e+00
-1.472941149351410628e+00
-1.816403127356786662e+00
4.361065766024237789e+00
-1.838712365623702549e+00
-1.212438159436580953e+00
-6.138603151230812571e-01
4.091670342367365265e+00
-1.620225364463355966e+00
-6.710779806526756985e+00
1.173912603055744341e+01
-7.486523684323955763e+00
-5.228027152181288217e-01
3.029103140648334858e+00
4.762194784712536766e-01
-2.490658742583620189e+00
-5.355942939143870651e-01
3.393322764278055015e+00
-1.284960000418717385e+00
-1.782515846270539273e+00
-1.140603612848446247e+00
8.488897177064711030e+00
-1.097787381256096850e+01
4.409153860815193227e+00
4.080762643961396208e+00
-5.667377257095013832e+00
1.458087140672427395e+00
4.756178928188841137e-01
2.543048307535284103e+00
-4.717814724419364225e+00
1.942480448778507007e+00
1.085872483050563719e+00
1.845460167887675196e+00
-7.888010447668889036e+00
7.999133618003636315e+00
1.331222002921854664e-01
-8.094188404374946799e+00
7.937083390507174485e+00
-2.516231586510718543e+00
3.083834073049395719e-01
-3.002519509858136093e+00
4.291797195545399290e+00
-8.202064594438565059e-01
-2.134338007192130071e+00
-8.226729250295257145e-01
5.740507195365355031e+00
-4.100367884318046663e+00
-4.548054355258340564e+00
1.093214492322487885e+01
-8.401355343983251345e+00
1.594493818565229759e+00
8.487192120376310100e-01
1.625533099428336570e+00
-2.255737330310322086e+00
-1.537222105201290434e+00
4.025412546352697518e+00
-7.111864979891975302e-01
-3.519836772888727427e+00
8.832681790671248478e-01
7.329055708997417540e+00
-1.143266274889027123e+01
6.408857438968835751e+00
1.413206670732314763e+00
-3.562620480023533709e+00
7.959433319004536322e-01
-2.835193082806002352e-01
3.818191542151775586e+00
-5.355981095849368323e+00
1.354604346464484799e+00
2.536205948415982903e+00
5.684404932213446004e-01
-7.804446294054469213e+00
9.493373649669592851e+00
-2.459684544833380837e+00
-5.510963773683411837e+00
6.517069074144391294e+00
-2.795727708445358672e+00
1.857291293924061781e+00
-4.684981564580279922e+00
5.026970920253162944e+00
-3.118216609649717697e-01
-3.238386609120114557e+00
-2.204184643644688801e-01
6.440224409644295100e+00
-6.107020431202022870e+00
-2.032622376274518139e+00
9.084036907106026959e+00
-8.135171285272761565e+00
3.017552498807591910e+00
-1.448953717542779129e+00
3.535470313929664599e+00
-2.879009412999771644e+00
-2.158396184608855517e+00
4.996668735341140533e+00
-9.530605675788033082e-01
-4.538579734451950287e+00
2.824827023334426812e+00
5.457140786941043764e+00
-1.071431210267843248e+01
7.402297429746290014e+00
-9.556201715174723610e-01
-9.243275829491663931e-01
-8.698687376782174852e-01
-1.882930295351497030e-01
4.879195482968866848e+00
-6.480902169678963709e+00
1.554391239629454802e+00
3.499275874185140633e+00
-9.374266088731866287e-01
-6.817628160754988897e+00
9.893970902089616715e+00
-4.400477812906208541e+00
-2.748142619433238565e+00
4.179690369238612035e+00
-1.940491393987948676e+00
2.681210141991928531e+00
-6.403213570786736142e+00
6.425379451230776695e+00
-5.711632258575525256e-01
-4.045364654794481041e+00
8.135049500610250783e-01
6.207844755037674744e+00
-7.257846018485093254e+00
2.682559950599565646e-01
6.612544334956345082e+00
-6.708603743346346349e+00
3.362436563722900118e+00
-3.312183118614182575e+00
5.819910270486827741e+00
-4.362886102367911079e+00
-2.033103210703119501e+00
5.832234740467111322e+00
-1.749582312733426015e+00
-4.699570200075044113e+00
4.213611635423932356e+00
3.391963452455962091e+00
-9.068610598793355848e+00
7.202916416807321198e+00
-2.509678463616840993e+00
1.704202100585912705e+00
-3.283664725371254978e+00
9.265953825571910940e-01
5.268490912663809311e+00
-7.650460794823174204e+00
2.407374003914005467e+00
3.709443818150631511e+00
-2.172321260120205100e+00
-5.340913297916792146e+00
9.253647700386691710e+00
-5.326589915574868606e+00
-3.826340252871474057e-01
1.382053176851270937e+00
-2.682427747358540060e-02
2.448179874394312616e+00
-7.638128211863667971e+00
8.110944127596273034e+00
-1.597433037978740256e+00
-4.191211933700677683e+00
1.795638590348054286e+00
5.320959776181403811e+00
-7.425124803316409228e+00
1.875239812090724323e+00
4.072620727637637827e+00
-4.423873796231639233e+00
2.501169379182495156e+00
-4.265901299853811501e+00
7.948125869062399929e+00
-6.439222521380067121e+00
-1.019288264613272599e+00
6.093006804179255553e+00
-2.665275895860124145e+00
-4.137050508020815975e+00
4.776684629366407364e+00
1.659437723105254836e+00
-6.954728347849692405e+00
5.916718765719775952e+00
-2.927579250075904582e+00
3.759367011272566117e+00
-5.970158942452806983e+00
2.945803182437991996e+00
4.695813256653148748e+00
-8.374854847520079915e+00
3.550689725168233224e+00
3.161851279445731855e+00
-2.760467848942052882e+00
-3.883959568450410238e+00
7.886997999228819722e+00
-5.143296233887239666e+00
1.117660648453993044e+00
-1.301132906956091961e+00
2.596647354495253079e+00
1.086577227491128061e+00
-7.961253177193217567e+00
9.577751509852696188e+00
-3.126904595652201913e+00
-3.537676651788216109e+00
2.285102314389007461e+00
4.228011222036738737e+00
-6.760461814506285805e+00
2.522063991430719909e+00
2.007705457159980611e+00
-1.784386808894459886e+00
5.992487143447120523e-01
-4.043525265656390033e+00
9.388855310870226845e+00
-8.636378024837132017e+00
7.504108472069088709e-01
5.511103217001291910e+00
-3.224287299353371328e+00
-3.211158367253617030e+00
4.508610221742802793e+00
6.479103689088718809e-01
-4.915742245020288337e+00
3.908855563581180359e+00
-2.166551416159053556e+00
4.807027021314548065e+00
-8.357666303597557800e+00
5.494431031521449071e+00
3.130932472480964179e+00
-8.263827419531127205e+00
4.501684449655832587e+00
2.111078149052325159e+00
-2.557243155957602099e+00
-2.904210057091323183e+00
6.273938304022377288e+00
-4.040540970552086719e+00
1.514686276880182536e+00
-3.328462835167982803e+00
5.397133272755461064e+00
-1.186540541902463719e+00
-7.160829268274182091e+00
1.033447173889250692e+01
-4.705237829733116328e+00
-2.217004949784982859e+00
2.016643605700144892e+00
3.411101505131144407e+00
-5.640520171354213907e+00
2.219569030602618565e+00
8.059663857773808893e-01
6.401872631603295893e-01
-1.927074250256535892e+00
-2.662608742057573252e+00
9.757016226983489915e+00
-1.040575854875168993e+01
2.896830924734990376e+00
4.076476532924207419e+00
-3.056257731651947473e+00
-2.395401746942040777e+00
3.663966662438107758e+00
5.047744974534649209e-01
-3.428159128713862192e+00
1.699696584723158876e+00
-4.700953279197401802e-01
4.657525364654610200e+00
-9.929605912331318507e+00
8.032632956572145488e+00
8.235979899643246505e-01
-7.147241169943368888e+00
4.802457464601829429e+00
9.939903862886305674e-01
-1.688291878569697646e+00
-2.675725273664323556e+00
4.918689201633062780e+00
-2.430873918466143202e+00
8.569814957359624952e-01
-4.333287068142563037e+00
7.796931532802155118e+00
-3.916930636208819205e+00
-5.308985354447068872e+00
1.004728905466734901e+01
-5.816333155393917487e+00
-5.977348154817369030e-01
9.820463645376826811e-01
3.240664614536556964e+00
-4.549744701344470954e+00
1.241145952765012161e+00
6.015644180069759095e-01
2.365652486177379110e+00
-4.521911297573493194e+00
-4.229418058984107942e-01
8.921815948118108963e+00
-1.127247755216864178e+01
4.893917239002754549e+00
2.049597100515933690e+00
-2.012136290431982388e+00
-2.131511667427845147e+00
2.675012154519961882e+00
1.103211750014457815e+00
-2.772769483051484851e+00
-1.802164681537710145e-01
1.702591308249792101e+00
3.413910538805665418e+00
-1.036207763968779538e+01
9.997663328888959811e+00
-1.755571317003810972e+00
-5.134367712853523003e+00
4.159065667993899318e+00
2.988583670314741703e-01
-5.096999751702120385e-01
-3.212515241915281816e+00
4.204417513949334051e+00
-8.265955141335359357e-01
-5.431044110189735541e-01
-4.216399336493239502e+00
9.325074164625689832e+00
-6.530504219242337705e+00
-2.750607997681340677e+00
8.640747815097448381e+00
-6.031306208220314602e+00
8.189214414008549880e-01
-5.634534217058710936e-01
3.863551134133867304e+00
-3.933804015439620549e+00
3.434920213926773158e-02
1.248214309714256620e+00
3.119504505753022183e+00
-6.638229511973058550e+00
2.172536114853526712e+00
7.045763461998135746e+00
-1.096782760208649421e+01
6.212103621116910723e+00
-1.039241641202013344e-01
-2.165995805816258724e-01
-2.693300669578762019e+00
2.018338720113046936e+00
2.087987386001807888e+00
-2.962999331483952226e+00
-1.335481138040659488e+00
3.805384297592935727e+00
1.440038687159014064e+00
-9.609124652545217415e+00
1.095382882604982200e+01
-4.037197903947977728e+00
-2.594520589333091820e+00
2.535524323539767977e+00
4.181261844013248741e-01
4.992843886209070714e-01
-4.267981569688195975e+00
4.284753449322987962e+00
3.088409743720470502e-01
-2.204784150201179571e+00
-3.164393020223266184e+00
9.739184582031015225e+00
-8.483985520661711632e+00
-1.653253002014665185e-02
6.327667895518440666e+00
-5.135332931471523921e+00
1.542870490087051127e+00
-2.171785716043556302e+00
5.156539972581740017e+00
-4.065683507517171336e+00
-9.157373012065543882e-01
2.371868288548100168e+00
2.906571446087111710e+00
-7.882260299050129149e+00
4.551987509299545209e+00
4.543450119132439902e+00
-9.506244528330764609e+00
6.465238141172062747e+00
-1.838768589233870543e+00
1.958301963945582536e+00
-4.098609784210468732e+00
2.068800789541060947e+00
2.986807960876956436e+00
-3.750566153382374868e+00
-1.610626585600989147e+00
5.355886689574134607e+00
-7.422795131273010050e-01
-7.911950861297600390e+00
1.070850062377559908e+01
-5.504376589125586250e+00
-6.385879510725200880e-02
1.754444877170568962e-01
1.526931512355456988e+00
8.803113910416988652e-01
-5.410437065762292441e+00
5.042833441773520775e+00
6.929871954134068091e-01
-3.619461203230664559e+00
-1.589042137546275324e+00
9.083757333650501309e+00
-9.406985610515352647e+00
2.315021601909224458e+00
3.559200462373003582e+00
-3.196224308704134209e+00
1.238374508764024995e+00
-3.329837437459934879e+00
6.758685317021933869e+00
-4.962694127053183024e+00
-1.232223346935655606e+00
3.487009213709373778e+00
1.996173629601512900e+00
-8.113607369213152509e+00
6.226614985591040430e+00
1.971478049604719507e+00
-7.184969319504414642e+00
5.519709745010822566e+00
-2.680314766740995669e+00
3.991323675896229162e+00
-6.094809434748682087e+00
2.982610348704271441e+00
3.355177518249452095e+00
-4.706313633465865287e+00
-1.125177963329323294e+00
6.065620854437127285e+00
-2.598036533587904984e+00
-5.729700437793787238e+00
9.361818138180632687e+00
-5.830853106057616309e+00
1.895940967751276407e+00
-2.455444487821744293e+00
3.522277022864209961e+00
3.356019222335828722e-01
-6.153047716090767949e+00
6.129299180331789998e+00
3.027249469920083591e-01
-4.396630325177140364e+00
-5.268400976670140068e-03
7.668970368767595858e+00
-9.196003883291304248e+00
3.770275019296861263e+00
9.085606274026987172e-01
-5.549235476146420210e-01
-1.739887431493216674e-01
-3.608258405465864183e+00
8.173501046274065374e+00
-6.378163163538921765e+00
-7.595848267303519918e-01
4.143116587196148615e+00
8.350695101905822870e-01
-7.473403398291434740e+00
6.917913253104379656e+00
-1.197716203613241603e-01
-4.506294327084447104e+00
3.534954585469425759e+00
-2.357742693193013217e+00
5.354691419015637166e+00
-8.222477469805244965e+00
4.643229578171305327e+00
2.913203690216336295e+00
-5.352798685155825353e+00
-2.295847308823171784e-01
5.913330440966722001e+00
-3.724956603261335264e+00
-3.611408723301557266e+00
7.276310549556471940e+00
-4.967564731925719457e+00
2.847796351340376120e+00
-4.790288395243436526e+00
6.040666546524089853e+00
-1.176783288999293742e+00
-6.101052791084216054e+00
7.068242795475075724e+00
-6.232795949312140982e-01
-4.373720894233946055e+00
1.117522775372488120e+00
5.976495013319304661e+00
-8.034403783495893236e+00
4.102738270374800322e+00
-1.079351935388180639e+00
2.259929794495671551e+00
-2.485834956385724936e+00
-2.789041720872242891e+00
8.912111845286435852e+00
-7.870344745245808404e+00
3.880508593174469834e-01
4.059421007097480327e+00
-8.861381044806826424e-02
-6.333206200547662590e+00
6.624902100927496207e+00
-1.331170969835365980e+00
-2.044005449335704938e+00
9.237481974655652461e-01
-8.823007729533633992e-01
5.661216815017242610e+00
-9.939700165228755324e+00
6.685899265631111810e+00
1.635089602429916411e+00
-5.310551872243687299e+00
6.049648234691611393e-01
5.141148230305237377e+00
-3.959673774937086055e+00
-2.045194971667525508e+00
4.975132244007355098e+00
-3.153416874541569825e+00
2.596199911829158324e+00
-6.312037732897827880e+00
8.549865478288429799e+00
-3.419606157042666794e+00
-5.074144297636269840e+00
7.400772431038163290e+00
-1.658458085337728871e+00
-3.658888023947057810e+00
1.488573509661402783e+00
4.519271197651047345e+00
-6.333238857524184695e+00
3.353006735655547743e+00
-2.030620250447777497e+00
4.669848036527147528e+00
-5.249350795932125280e+00
-9.354963559349744884e-01
8.636781054185696860e+00
-8.929131895258311857e+00
1.857386065562779187e+00
3.209472151276461460e+00
-3.914864086123484022e-01
-5.179694561058604485e+00
5.612992112954202639e+00
-1.516302304268695389e+00
-2.912733415807720050e-01
-1.756800199673463236e+00
1.451466555934261438e+00
4.774425757930926828e+00
-1.077219796786253525e+01
8.594344735807300850e+00
-2.345447475771385015e-01
-4.416068950251183622e+00
9.310999249086688856e-01
4.175261702873401148e+00
-3.414590108403406710e+00
-1.327047384138636765e+00
2.997615900152402979e+00
-8.474244745380736799e-01
1.238393768652013893e+00
-6.692202668683761679e+00
1.048948121929357491e+01
-5.932278189606439156e+00
-3.168837035149858927e+00
6.825143329855267282e+00
-2.317332316489756572e+00
-2.594841662297599161e+00
1.075744241326398010e+00
3.695081694449033005e+00
-4.610052839872295749e+00
1.829163216139122472e+00
-1.837603016649812293e+00
6.198467310109908368e+00
-7.892463394895180784e+00
1.615618015054707701e+00
7.263977723967663280e+00
-9.124677396880340297e+00
3.156690798847558099e+00
1.831343556203943956e+00
9.068359921209534491e-02
-4.468305127597286486e+00
4.328265199651953665e+00
-8.113180234225181309e-01
4.676061529582207221e-01
-3.953190968767586355e+00
4.142123382880111393e+00
2.850556251598361790e+00
-1.044704358344756301e+01
9.842702108203425837e+00
-2.242625824817621183e+00
-2.777607885991902670e+00
4.627300401730387591e-01
3.494092400948576316e+00
-2.435523832965853952e+00
-1.485884544554725295e+00
1.752750631168362716e+00
1.398596766833004823e+00
-8.644875955096327225e-01
-5.878655108417660813e+00
1.142120753119815824e+01
-8.150710822505137898e+00
-7.425761235421175499e-01
5.293292837546527352e+00
-2.202712991852487256e+00
-1.654242747306960970e+00
1.098602050870682856e-01
3.675363322704950253e+00
-3.340166344079507521e+00
1.377706183871474366e-02
-6.805185554704642481e-01
6.595363471245136999e+00
-9.868909440900008434e+00
4.338132526245725984e+00
4.997447237208642257e+00
-8.235698233060722018e+00
3.798295236518024698e+00
3.604395368781140307e-01
1.252889966028587487e+00
-4.487641603129750578e+00
3.261978675977986963e+00
4.145868764851771138e-01
2.260176531341215878e-01
-5.261160583329100859e+00
6.614181289745953762e+00
3.003722135335305521e-01
-8.972223019122447241e+00
1.004280167941316293e+01
-3.850774190297295618e+00
-7.524966458622520671e-01
-8.340267306515842805e-01
3.481855561731837856e+00
-1.492700513682373220e+00
-2.285572274989374542e+00
1.411639178499807468e+00
3.090967170683616594e+00
-3.188079199660315943e+00
-4.107960170204033368e+00
1.114675193754204230e+01
-9.557915007190880274e+00
1.676565135717549504e+00
3.035885404986848446e+00
-1.128972128137505138e+00
-1.296643387506776435e+00
-9.875294391266038474e-01
4.360590444880540595e+00
-2.822589383892554871e+00
-1.575901719463737471e+00
1.030282935989969673e+00
5.897345210275180882e+00
-1.080146663657778916e+01
6.653572064802402153e+00
2.281416513047915817e+00
-6.320844383160110880e+00
3.442394743428598858e+00
-6.961228075458212317e-01
2.749498221517357788e+00
-5.273336463807503094e+00
2.804088739440397049e+00
1.673484079470737740e+00
-7.544109953429850579e-01
-5.528463858515026530e+00
8.370349355919906031e+00
-2.318754878857423485e+00
-6.639432801731381950e+00
9.055284339192176901e+00
-4.585128276848326578e+00
1.148080403897208113e+00
-2.722693912082974954e+00
4.309487730478258172e+00
-1.036505340139842080e+00
-3.302757183158409937e+00
1.868859317386582841e+00
3.926357365759330698e+00
-5.188899425478492589e+00
-1.838888167637894977e+00
9.760470781371624938e+00
-9.823307433511931919e+00
3.529690748908805631e+00
5.081538448306506250e-01
8.140432694099679622e-01
-1.827906120372955190e+00
-1.732184829430563955e+00
5.414618058200570516e+00
-3.098417653972927788e+00
-2.534875386861870528e+00
2.774674775886472489e+00
4.410442142488771644e+00
-1.057851603517769945e+01
8.083244268107629082e+00
-3.134519436508642620e-01
-3.712481503328907806e+00
2.001217188889591547e+00
-9.079337247601526606e-01
4.093524497804656548e+00
-6.595949477921285720e+00
3.127590780825936889e+00
2.504960785104020538e+00
-2.028191995287860649e+00
-4.886422539972734569e+00
9.120774133745179313e+00
-4.450472418328648594e+00
-3.949041039535676312e+00
7.033088470747427934e+00
-4.170658382038340051e+00
2.400247774075739304e+00
-4.756670515718138148e+00
5.877158729415770999e+00
-1.359371940939765988e+00
-4.057913806826094927e+00
2.783099894761171811e+00
3.868345555303597472e+00
-6.451440284553759952e+00
3.741347371145269385e-01
7.622035875519930670e+00
-8.891757784591753477e+00
4.377431307835458973e+00
-1.728782565112384262e+00
3.275147482072684468e+00
-3.302405561106963372e+00
-1.724342435663295703e+00
6.367937491166431485e+00
-3.944598713503573162e+00
-2.682916826620116435e+00
4.071498919333454758e+00
2.618100015088433707e+00
-9.377223273617476096e+00
8.372995176285407126e+00
-2.239788309491133500e+00
-9.340651036077367575e-01
-3.263225255925092938e-01
-5.030851039343176012e-02
4.798453755617352101e+00
-8.026434366195790204e+00
4.136647908023789455e+00
2.612535155646462215e+00
-3.100890584318183318e+00
-3.701970616450362517e+00
8.853398294548616931e+00
-5.685638326834174805e+00
-1.477993047274006599e+00
4.384795904133102162e+00
-2.612013406977913732e+00
2.614869622816823558e+00
-6.401204485654334420e+00
7.835117437016944741e+00
-2.503420370369219494e+00
-4.161955748330378846e+00
3.684988848679321194e+00
3.147206911780780825e+00
-6.797053342006517340e+00
2.032068226615361795e+00
5.256889971289216312e+00
-6.997471268155411650e+00
4.018797159189043455e+00
-3.158159648046594548e+00
5.730638174052497646e+00
-5.496268769564990109e+00
-7.728741170260482463e-01
6.760220140739550132e+00
-4.944528328247334237e+00
-2.111002021351736424e+00
4.613591659873908846e+00
1.041809126050545764e+00
-7.607258481358390334e+00
7.555983750231225926e+00
-3.117281904833175243e+00
1.436188320999915558e+00
-3.099818467762633478e+00
1.822948894307616641e+00
4.522308346774858379e+00
-9.060648404891820107e+00
5.493324725298631250e+00
1.951357642008079818e+00
-3.575959789038051895e+00
-2.464346000347517940e+00
7.826211366763268451e+00
-5.866404376487511563e+00
2.725501728447290439e-01
1.667822693119786370e+00
-1.978919124369116211e-01
1.649640616467170862e+00
-7.182892491520158629e+00
9.677395146103018320e+00
-4.240473578668321863e+00
-3.436382682372108199e+00
4.121023514331265680e+00
2.183581108230507439e+00
-6.324354716209687588e+00
2.824447208819209187e+00
3.212488805111757273e+00
-4.598880342293073298e+00
2.545263763159947956e+00
-3.447401106061901643e+00
7.623299753042870108e+00
-7.959848521829258061e+00
1.039253604498894923e+00
6.281338988510199783e+00
-5.615115743336467347e+00
-1.148793649160182451e+00
4.351006796996845338e+00
9.368305495678175276e-02
-5.791297382461188192e+00
5.936250903772490872e+00
-2.830490894582240013e+00
2.917476750669259822e+00
-5.750270440536285221e+00
4.384105084656468421e+00
3.172909196338806748e+00
-9.267556782024813700e+00
6.715395367741069599e+00
7.422094164467401001e-01
-3.271628569621780169e+00
-1.638967747301983913e+00
6.484204313623322946e+00
-5.119438825882564714e+00
1.007404833992992632e+00
-5.588618447063535832e-01
2.572614477813292222e+00
-3.459401319668351515e-01
-6.824572358490945234e+00
1.088218810491630606e+01
-6.130547779645480588e+00
-1.972460153016201811e+00
3.792321823610183884e+00
1.458205646680789336e+00
-5.370300329567680997e+00
2.707539248596565695e+00
1.910667888803142311e+00
-2.252874427963655446e+00
3.149652127007929181e-01
-2.538395140800277616e+00
8.512830670102143671e+00
-1.013521190435159980e+01
3.367347463133556040e+00
4.870427692900815231e+00
-5.553908863527551532e+00
-2.627396988602010985e-01
3.499131052062342651e+00
-3.737255383791104890e-02
-4.416262506334044602e+00
3.998118117731919163e+00
-1.553610088595268612e+00
3.252081856308215890e+00
-7.729441005940067555e+00
7.112686032602223207e+00
9.441186349513330800e-01
-8.418953174296865072e+00
7.317472437826104681e+00
-5.922297475723377058e-01
-2.274560518811994392e+00
-1.530208325522053769e+00
5.325049158011424311e+00
-3.809541004397677177e+00
7.092561094456106829e-01
-1.881462426739086702e+00
5.121344817671259264e+00
-2.965680093853813037e+00
-5.327447621210790629e+00
1.105941553596399096e+01
-7.642631641864464420e+00
-1.122297242520999272e-01
2.648414555306535689e+00
1.365143285910709547e+00
-4.403542630541501524e+00
1.905930644919083150e+00
1.537435725239171269e+00
-4.636785119732640403e-01
-2.145717829381200481e+00
-6.629246483041726368e-01
8.195601722549350043e+00
-1.150599629860156625e+01
5.692308186715962393e+00
2.744361707986122223e+00
-4.564133698664704752e+00
8.594426534349786095e-02
2.469734719788351462e+00
5.661018498517236264e-01
-3.797378059937228656e+00
2.267266162262793205e+00
3.043596966643866697e-01
2.469608323807507499e+00
-8.654127883822324563e+00
9.431003180717057788e+00
-1.727740742418228947e+00
-6.563616950413416085e+00
6.955325993710059329e+00
-1.550769133587063475e+00
-9.150000793605710392e-01
-2.192137314421006788e+00
4.751918999733163673e+00
-2.427340212984162360e+00
-3.674123192271453453e-01
-2.136717853982417648e+00
6.943511881368129579e+00
-5.652371326924107819e+00
-2.977037031189855298e+00
1.006377199553597634e+01
-8.303840766391902051e+00
1.643667001948851736e+00
9.090673804256013124e-01
2.090567056306331217e+00
-3.880826493793703591e+00
8.376948924281031328e-01
2.000816977895937043e+00
4.512864827929683464e-01
-4.285536764743858029e+00
1.721051682034180130e+00
6.760182052790498552e+00
-1.173774447812209054e+01
7.458805053521457396e+00
3.469873114582827656e-01
-2.721700999707704849e+00
-4.172713431928474215e-01
1.744882691432886102e+00
1.580811333543520769e+00
-3.993341634057481659e+00
1.162845013515385162e+00
2.218241579913207584e+00
8.721295601942833375e-01
-8.405199200368144830e+00
1.085638490104791209e+01
-4.275608103858296261e+00
-4.024422457054932956e+00
5.532232492382001432e+00
-1.701681222383755854e+00
3.295538204473515975e-01
-3.412626669963128911e+00
4.955382529101157729e+00
-1.443311216334127955e+00
-1.778024065532519460e+00
-1.446782883012938115e+00
7.738820260224320791e+00
-7.844697049249028886e+00
-2.709173266131000846e-01
8.041186725443795424e+00
-7.834871654844048017e+00
2.775567171454848658e+00
-9.924527703024319525e-01
3.551888575002629000e+00
-4.107606754154413231e+00
-1.508662956816131384e-02
2.968070862766391649e+00
4.411421644582249613e-01
-5.676525143109623528e+00
4.054370439346154598e+00
4.563063004266044054e+00
-1.076939521884769135e+01
8.225754806593805313e+00
-1.767149333267141742e+00
-3.646184581015731174e-01
-1.839913023861048824e+00
1.729860976059014011e+00
2.543248008101179458e+00
-4.796333745979501906e+00
8.823472989422391777e-01
3.695436279234593613e+00
-1.055202529345545592e+00
-7.153937390606319724e+00
1.112773326355478076e+01
-6.150639875558864489e+00
-1.318608382588956740e+00
3.236810425433479743e+00
-8.131151463351091735e-01
9.747731073028949034e-01
-4.775341066176133076e+00
5.857963137510294516e+00
-1.169747241972579843e+00
-3.021627792162345116e+00
-1.744085682226767520e-01
7.484871129713940086e+00
-9.124464828699872854e+00
2.211803556812770299e+00
5.395266819879483755e+00
-6.233396643289921712e+00
2.892452440143612691e+00
-2.528943354122765719e+00
5.414883230536450043e+00
-5.142829651409503100e+00
-2.532491513156402974e-01
3.971145956755951278e+00
-2.750746196001390143e-01
-6.125503448397424222e+00
5.827838810576629669e+00
2.131394149599623145e+00
-8.830258201942054797e+00
7.786964920735576001e+00
-3.082245541901119879e+00
1.992807861255944779e+00
-3.972295061198960919e+00
2.627263140885550463e+00
2.991173222133281850e+00
-5.799318421433945048e+00
1.351575554828333692e+00
4.412767099502957535e+00
-2.782611943466290594e+00
-5.308660175007958060e+00
1.027121178730495821e+01
-6.966959181674704737e+00
9.769170062490291073e-01
5.010700599369684038e-01
1.071353518196648924e+00
6.740573449915476800e-01
-5.781990823079503627e+00
7.137109734180056897e+00
-1.669957594101648013e+00
-3.688408852027046603e+00
1.188345117704246334e+00
6.432761398330866243e+00
-9.323218791319042964e+00
3.962980811118791191e+00
2.682772800745556907e+00
-3.781596816238712577e+00
1.845950392768021420e+00
-3.228054743535701654e+00
7.184322452455520924e+00
-6.775268260741812654e+00
3.171796185528505951e-01
4.549949221127763010e+00
-1.281742835062436026e+00
-5.717972653237495706e+00
6.717299015404080365e+00
2.000792556161368196e-02
-6.377694575146567679e+00
6.228091023117000802e+00
-3.262055785728103618e+00
3.797293140498844810e+00
-6.376571847429763018e+00
4.368434796581167845e+00
2.605494522797612511e+00
-6.521148015055270974e+00
2.253511701405618961e+00
4.302898202417546614e+00
-3.884037234856347887e+00
-3.396972543151190571e+00
8.586963865519905426e+00
-6.601895032539045971e+00
2.377833038030057189e+00
-2.110108434983492653e+00
3.633934660543460371e+00
-6.740353967313668093e-01
-6.000061972849859870e+00
8.320031389943382649e+00
-2.740478165397050692e+00
-3.579000242584643665e+00
2.165942833072982410e+00
5.026719430009378264e+00
-8.558765814238922687e+00
4.677448098423987233e+00
4.671155833344964314e-01
-9.753214383290707001e-01
-2.217219315051104367e-01
-2.808289406806400379e+00
8.342728470641585403e+00
-8.578486948764398434e+00
1.622416457249761468e+00
4.392350641678968159e+00
-2.095342370161065393e+00
-4.782596870849601167e+00
6.664928117393877471e+00
-1.337220679394115486e+00
-3.972965753669330358e+00
3.903894997142989709e+00
-2.242581377964967704e+00
4.607078457984005837e+00
-8.501767357652326496e+00
6.622269947887635233e+00
1.311837905996324771e+00
-6.553575363236424423e+00
3.127493744341263593e+00
3.566192751683017192e+00
-4.153535077751708826e+00
-1.917037657371241544e+00
6.560941898281840601e+00
-5.223892141097770114e+00
2.619825158617420158e+00
-4.047498856937403744e+00
6.360874963407296079e+00
-2.886355532627334686e+00
-5.193912955771206263e+00
8.923405445465169450e+00
-3.971313634479685106e+00
-2.761699773145471770e+00
2.438186442688426325e+00
3.771000284757800802e+00
-7.191918168244139764e+00
4.327915125057541168e+00
-8.293526442049699021e-01
1.605615336120576053e+00
-2.909749200137313974e+00
-1.263660226927623365e+00
8.498128952871258690e+00
-1.002917497422409276e+01
3.336175196205127147e+00
3.430823573401484250e+00
-2.311520706516578816e+00
-3.786940584062756798e+00
5.884386860903581429e+00
-1.740153484293776476e+00
-2.130030504285776338e+00
1.342145195568700489e+00
-2.505875739422558368e-01
4.213439340245284548e+00
-9.832779408952861289e+00
8.879467115488637319e+00
-6.875088936976849752e-01
-5.688035134645911484e+00
3.510153228822500360e+00
2.605062204153216765e+00
-3.657095670878475424e+00
-1.199852335882963583e+00
4.726936916326997640e+00
-3.240586057121606522e+00
1.725704988908856041e+00
-4.922726773053589966e+00
8.676292965931992285e+00
-5.535465396462827314e+00
-3.401716132281693117e+00
8.598159913525257991e+00
-4.867043629188233744e+00
-1.551384281137517140e+00
1.932553759308942798e+00
3.082056577459235225e+00
-5.716226619081261617e+00
3.162227171898464029e+00
-1.033178064276804253e+00
3.449949626277088122e+00
-5.662066045093351541e+00
1.127187896758767849e+00
7.498995543124522101e+00
-1.065554912627396611e+01
4.968739754105978790e+00
1.867955092592795019e+00
-1.728422088095076692e+00
-3.194543675188928677e+00
4.788988398402876712e+00
-1.268003791501601141e+00
-1.179581708808807416e+00
-8.989311926253007456e-01
2.257305861434043326e+00
2.699065842918282776e+00
-1.003164869495077305e+01
1.058896845649443463e+01
-2.960914239820589433e+00
-3.985749445897944110e+00
3.077707044810813031e+00
1.899853052211018856e+00
-2.705592013284903175e+00
-1.321254768368242072e+00
3.517812317412700285e+00
-1.181950557021836712e+00
-6.302146295798505271e-03
-4.609691290582937029e+00
1.009443188994414697e+01
-8.058935720212671683e+00
-9.359349816024082891e-01
7.237980670350273371e+00
-4.994295417848388041e+00
-4.161759378990816938e-01
8.438803297557690986e-01
3.168034703280289577e+00
-4.612311008866551987e+00
1.624344421730147925e+00
-2.579607722846981588e-01
4.247852299496453377e+00
-7.913427203953215638e+00
3.870384414093526626e+00
5.483670688800567738e+00
-1.017388235470615143e+01
6.004875351668335526e+00
1.232623349239130306e-01
-4.109406768319239234e-01
-3.324304082602198118e+00
3.863814209454406789e+00
-2.455144248784483785e-01
-1.186205419841093622e+00
-2.379751497042835950e+00
4.717934836734317017e+00
4.168592605843524646e-01
-9.031433109359731759e+00
1.130846481611753163e+01
-4.961167379048914583e+00
-1.770733817160297541e+00
1.748781741644347631e+00
1.861905432023543749e+00
-1.756972437250772012e+00
-2.088206808879045973e+00
3.147842397356074073e+00
4.483867967104600005e-01
-2.089500082995519925e+00
-3.274030909054403082e+00
1.034791436330526793e+01
-9.907408004020119563e+00
1.693426969445450680e+00
5.020346437301104636e+00
-4.113514540643279815e+00
1.615356467772568472e-01
-4.241291260777058092e-01
3.969788189808232115e+00
-4.208276493751384351e+00
2.218609564197198125e-01
1.137343640070745954e+00
3.967299046119730832e+00
-9.237562442893903381e+00
6.385686170359511138e+00
2.849953890445109828e+00
-8.574418898076130446e+00
6.051653789316896237e+00
-1.283891356943534845e+00
1.322652260280403391e+00
0.000000000000000000e+00
2.573864002182385313e+00
4.996221377623143667e+00
7.125403505303669505e+00
8.838733756348283066e+00
1.004036317604281514e+01
1.066724932272092019e+01
1.069287432309227626e+01
1.012846160122025196e+01
9.021630755922034339e+00
7.452613319001503811e+00
5.528325059757246862e+00
3.374740386918492430e+00
1.128130315816101792e+00
-1.074200886764812068e+00
-3.103018964959500803e+00
-4.845463940504293632e+00
-6.211985596236846874e+00
-7.141450406890926139e+00
-7.604102339344473549e+00
-7.602223243097872007e+00
-7.168510417041822791e+00
-6.362356327894325148e+00
-5.264365826083277966e+00
-3.969568468260740612e+00
-2.579868913695024801e+00
-1.196320956410909186e+00
8.819191440923712655e-02
1.195333456228683255e+00
2.066299923277958861e+00
2.665083650262862758e+00
2.979826852593200126e+00
3.022230614013349026e+00
2.825136248515540238e+00
2.438535724894009160e+00
1.924383969212611234e+00
1.350669955234568009e+00
7.852495538341581760e-01
2.899482308728502655e-01
-8.459376856038791637e-02
-3.029335528183878523e-01
-3.473978051816346557e-01
-2.190425695889686164e-01
6.303587825638601316e-02
4.639393085562382169e-01
9.365297475879854616e-01
1.425985712719948229e+00
1.874946781327243350e+00
2.228799627397594296e+00
2.440654912846493829e+00
2.475597848871836870e+00
2.313862573858582294e+00
1.952675735570574389e+00
1.406629618522783121e+00
7.065701083506957803e-01
-1.028906903181594501e-01
-9.670135442174925267e-01
-1.825405423929810311e+00
-2.616943332212140927e+00
-3.284731360964800118e+00
-3.780675408520888681e+00
-4.069296435095603570e+00
-4.130470981654353224e+00
-3.960881001061846707e+00
-3.574065850526675359e+00
-2.999088169260925252e+00
-2.277942295676888218e+00
-1.461939060057642958e+00
-6.073854440138474198e-01
2.290652986157915016e-01
9.949926090253176092e-01
1.646325600632005504e+00
2.150649672818800706e+00
2.489426732285556554e+00
2.658948795021571332e+00
2.669955845338320088e+00
2.545965781968249075e+00
2.320477125190932188e+00
2.033304255553187723e+00
1.726381794100271261e+00
1.439422648915120728e+00
1.205828983509749319e+00
1.049235425008785638e+00
9.810106552854160888e-01
9.989613623095860984e-01
1.087378099031239831e+00
1.218444570231862478e+00
1.354910146016065298e+00
1.453810308870048695e+00
1.470921173605782561e+00
1.365560814007776624e+00
1.105308538875644730e+00
6.702075766140904722e-01
5.604801648304785777e-02
-7.236065805273131923e-01
-1.636888590068224625e+00
-2.634711640757313234e+00
-3.653458472926536249e+00
-4.619121987806172669e+00
-5.452622557437381445e+00
-6.075916157642572202e+00
-6.418427758055928578e+00
-6.423299840271551986e+00
-6.052941367538268835e+00
-5.293399311575369914e+00
-4.157150979491857079e+00
-2.684025720459009001e+00
-9.401011527419429470e-01
9.854283656805595815e-01
2.985256350242919687e+00
4.940538105011387238e+00
6.728600695224450590e+00
8.231256385041735513e+00
9.343126011866079494e+00
9.979361685197075005e+00
1.008218709549963243e+01
9.625747203013979458e+00
8.618872297403662230e+00
7.105506405300366701e+00
5.162716263225970437e+00
2.896372301341025413e+00
4.347642031813746533e-01
-2.079432308424340015e+00
-4.498295522659046419e+00
-6.678275895686097918e+00
-8.489622128850140115e+00
-9.824952379351739040e+00
-1.060636386338821069e+01
-1.079057497815410471e+01
-1.037173250921841472e+01
-9.381682400273456679e+00
-7.887683734422849646e+00
-5.987728615893921358e+00
-3.803801981579497671e+00
-1.473562302144276082e+00
8.589642381005784255e-01
3.053015408434238687e+00
4.980370203414361541e+00
6.533621748970150023e+00
7.632873567940936077e+00
8.230406074970442631e+00
8.313011699328955117e+00
7.901869483473465294e+00
7.050010392168141848e+00
5.837599380714509678e+00
4.365416500432217184e+00
2.747045440771781255e+00
1.100364751299881760e+00
-4.610215763647420584e-01
-1.835784099102720335e+00
-2.941722056684219933e+00
-3.720991302742706175e+00
-4.143356441399181023e+00
-4.207272678409002431e+00
-3.938770256537598158e+00
-3.388281075423043021e+00
-2.625700493873524888e+00
-1.734105838991927051e+00
-8.026473053261631296e-01
8.082002334558757717e-02
8.367858508198798839e-01
1.400275030995915770e+00
1.725714940707594902e+00
1.790128110081270485e+00
1.594435679053315180e+00
1.162808925724849285e+00
5.401601263511821571e-01
-2.119916869293749784e-01
-1.020921035277368105e+00
-1.808910054385818977e+00
-2.499767766220249321e+00
-3.025130709156860664e+00
-3.330047274477463404e+00
-3.377413124955793933e+00
-3.150923216499021073e+00
-2.656328955749175158e+00
-1.920926796914500745e+00
-9.913459672682098933e-01
7.016326731811384221e-02
1.190623846523935381e+00
2.292003291809264987e+00
3.297202166035090531e+00
4.135882509313677957e+00
4.749680489892776691e+00
5.096404958563970133e+00
5.152911975611544015e+00
4.916457094775255499e+00
4.404452859999426373e+00
3.652688213259167149e+00
2.712188787015179958e+00
1.645002526942209942e+00
5.192754181320036189e-01
-5.959689119924944656e-01
-1.635917810052196497e+00
-2.544519903529253835e+00
-3.278145157012204880e+00
-3.808085529018644610e+00
-4.121730789217877167e+00
-4.222369733370447520e+00
-4.127684824276167674e+00
