-2.113792157671619432e+00
-3.046110256198534927e+00
-3.671258259580881589e+00
-3.938368089597009458e+00
-3.824338806616370601e+00
-3.335710831326742287e+00
-2.508364601591130061e+00
-1.405053666572424254e+00
-1.109399640464993064e-01
1.272554747150962839e+00
2.635143332405344374e+00
3.865782992036791654e+00
4.860915181577496469e+00
5.532238519562108436e+00
5.813448567805847844e+00
5.665450587194326815e+00
5.079659535490263167e+00
4.079137889220303848e+00
2.717476487460528833e+00
1.075485321590825327e+00
-7.440816766504316782e-01
-2.623402636764694762e+00
-4.437584338845502074e+00
-6.063218656496647263e+00
-7.386897815706190862e+00
-8.313090195622743650e+00
-8.770823932139137469e+00
-8.718710492473638496e+00
-8.147958424068423966e+00
-7.083170020383377619e+00
-5.580870326051229569e+00
-3.725877385711953593e+00
-1.625773443953351993e+00
5.961318549955940682e-01
2.808852641257224558e+00
4.882232074671059685e+00
6.695315123261507573e+00
8.144017957326564527e+00
9.147579076829822853e+00
9.653369225248352947e+00
9.639757955157156388e+00
9.116875335776988720e+00
8.125257321459171678e+00
6.732511757517925410e+00
5.028278158932169006e+00
3.117868567999818374e+00
1.115061029952010063e+00
-8.654341187989964546e-01
-2.715304816109446850e+00
-4.339262790891810440e+00
-5.660526330287876995e+00
-6.624817158726108879e+00
-7.202645633933170366e+00
-7.389789435030840181e+00
-7.206005493107381810e+00
-6.692142972730403372e+00
-5.905937194903168930e+00
-4.916852408457419443e+00
-3.800399141785655299e+00
-2.632375775753573510e+00
-1.483472899352901386e+00
-4.146345672519731185e-01
5.265030661497236419e-01
1.307871765589519786e+00
1.913817273286842813e+00
2.344535974043783444e+00
2.614220399209882917e+00
2.748133030998801019e+00
2.778908853463372353e+00
2.742441735892088506e+00
2.673734095733231619e+00
2.603081893566181027e+00
2.552928932060974709e+00
2.535659174882021194e+00
2.552509023531794874e+00
2.593680522413727818e+00
2.639629722464728268e+00
2.663400748520926786e+00
2.633784016366379710e+00
2.519004088449607437e+00
2.290594823852636353e+00
1.927100700450733228e+00
1.417255037186108790e+00
7.623274093965686227e-01
-2.259949431326768732e-02
-9.085744520932430568e-01
-1.853992001310350357e+00
-2.807016718729094862e+00
-3.709053181331247728e+00
-4.499004732694478648e+00
-5.117991317048926625e+00
-5.514149653014430719e+00
-5.647122045490899467e+00
-5.491854954607352290e+00
-5.041374307444984382e+00
-4.308278218531494730e+00
-3.324783795681113041e+00
-2.141275728752983998e+00
-8.234217940623058674e-01
5.519649515826836605e-01
1.902034768536598364e+00
3.143615539064378517e+00
4.199112112822069420e+00
5.002146210520790781e+00
5.502502715769581165e+00
5.669992361438219497e+00
5.496915956014721161e+00
4.998916056431207622e+00
4.214120982474623744e+00
3.200614385309347387e+00
2.032391495151553151e+00
7.940808525409566165e-01
-4.251913942221809961e-01
-1.538346463313858381e+00
-2.466820955858812781e+00
-3.146469994043680884e+00
-3.532452875626043820e+00
-3.602718780722786729e+00
-3.359810177962905708e+00
-2.830824468481374367e+00
-2.065511075301676769e+00
-1.132621481031491406e+00
-1.147630952125684445e-01
8.978758477587254205e-01
1.814472869002816013e+00
2.550674662872836951e+00
3.035323399457681592e+00
3.216292393947115524e+00
3.064976754293942118e+00
2.579078483048971027e+00
1.783447511042617117e+00
7.288815140320127339e-01
-5.110621891884372658e-01
-1.845040911704492359e+00
-3.170349886290858343e+00
-4.380345191905078650e+00
-5.372336472815210762e+00
-6.055377143068119139e+00
-6.357378831982085643e+00
-6.231017892309988149e+00
-5.657982249497202076e+00
-4.651221187501638710e+00
-3.255000784888520737e+00
-1.542723625631787998e+00
3.873681202444034799e-01
2.418333757239808257e+00
4.422111648696787967e+00
6.268018761344555045e+00
7.831586756585114273e+00
9.003119784510385415e+00
9.695373460369355101e+00
9.849811748322375493e+00
9.440994696166614020e+00
8.478778376658627991e+00
7.008159872360111287e+00
5.106763887064913021e+00
2.880131878112885513e+00
4.551277368023129988e-01
-2.028094934373875002e+00
-4.425019317120992390e+00
-6.595979920548320052e+00
-8.415041100190840950e+00
-9.777941049378831906e+00
-1.060857024570358575e+01
-1.086355773094941846e+01
-1.053467226537854273e+01
-9.648898617684839252e+00
-8.266210971202017532e+00
-6.475224048126488441e+00
-4.387046789135350622e+00
-2.127783117897247500e+00
1.697888275666572522e-01
2.374779445469778594e+00
4.366406349776480234e+00
6.041318022880876271e+00
7.319545093866803853e+00
8.148708161156463348e+00
8.506241842925795993e+00
8.399540157672904073e+00
7.864077626192631953e+00
6.959702725175896276e+00
5.765425264842813036e+00
4.373118084777098957e+00
2.880619399811182202e+00
1.384750954760048280e+00
-2.524254429029304525e-02
-1.273373982810906746e+00
-2.301335180842935202e+00
-3.071385587561278996e+00
-3.567558388191120144e+00
-3.795165665935702481e+00
-3.778713813789971177e+00
-3.558458122855815642e+00
-3.185922654172625990e+00
-2.718781109489241565e+00
-2.215531655373271125e+00
-1.730401288318760056e+00
-1.308883819679776295e+00
-9.842530022792332911e-01
-7.753041691232881449e-01
3.640308581354332773e+00
-4.332089058844011298e+00
-9.020464517114439307e-01
8.938717866034307846e+00
-1.128362093309067937e+01
5.742017676306378604e+00
3.569510159545850048e-01
-3.486203874735127606e-01
-3.140879096329439957e+00
3.395750964460009236e+00
8.027090337291653555e-02
-1.932745620034777456e+00
5.534022010376919987e-01
-1.049618454631629394e+00
6.527309922112811691e+00
-1.157094782379247278e+01
9.026166974362046957e+00
-5.817177961940966924e-01
-4.896477022872279150e+00
3.255919957383483165e+00
1.434225667380304436e-01
7.697836294227042853e-01
-4.166984164088836984e+00
4.558765501373336804e+00
-2.276700296726700490e+00
2.788501469556307288e+00
-6.966059367586625584e+00
8.190082021789061528e+00
-1.829240479965497768e+00
-6.974904392270865117e+00
9.526749283603326290e+00
-5.150032477248570828e+00
1.275892450726229921e+00
-2.393944327481620338e+00
4.565703487599349408e+00
-2.984306521708707471e+00
-7.034425734060434365e-02
-5.251125403857064278e-01
3.422178679012211511e+00
-1.859089499743196816e+00
-5.723644234449944079e+00
1.187753697126160191e+01
-9.801879808707038677e+00
2.627844173769167568e+00
1.291205117076021924e+00
1.058556726922406099e-01
-1.211520038720292458e+00
-1.443102762722983323e+00
3.974078615982177265e+00
-2.338674575703569847e+00
-1.177627895042689943e-01
-2.581249574339966379e+00
8.958397609565862396e+00
-1.074823051613154412e+01
4.319450350321195842e+00
3.892490297817050582e+00
-6.138855961805510297e+00
3.409062178845813307e+00
-2.336141641525089963e+00
4.601374011877493508e+00
-5.300973956605764315e+00
2.057869436913319916e+00
2.802785168967947271e-01
2.691631846205635448e+00
-6.906589491307393303e+00
4.726752754097080178e+00
3.781021152253166928e+00
-1.013889554869520104e+01
8.781801334450440422e+00
-3.909038398042522733e+00
2.285553014904706970e+00
-3.507370153071693863e+00
2.289233296733877321e+00
1.816638073634776251e+00
-3.228812006255305178e+00
-2.801330381205189290e-01
2.774371702564049080e+00
1.598231173555176632e+00
-9.304558497209351131e+00
1.149751471832597893e+01
-5.984143425875709355e+00
-3.414435823825766603e-01
1.719921245936406606e+00
-8.051375748153466461e-01
2.682458839057404454e+00
-5.953418962514230195e+00
5.201928953171645276e+00
-6.794691019129350806e-01
-7.484254150618898649e-01
-4.186889288284954880e+00
9.280650160331596510e+00
-6.951303037734101409e+00
-1.172602965164468047e+00
6.700374588435017209e+00
-6.078718076087206157e+00
4.137901136716232386e+00
-5.212397083407712017e+00
6.355449030186904658e+00
-3.104094966623936358e+00
-1.950753591563253675e+00
2.118524247662545434e+00
2.860961078916206102e+00
-5.225769702318841858e+00
-8.719311961444464742e-02
8.002577775219213763e+00
-1.024856680926217578e+01
6.398324283781337662e+00
-2.971864132029625516e+00
2.949807486539364199e+00
-2.184703089160045852e+00
-2.344985536404089466e+00
6.296768171746484732e+00
-4.269883408375406475e+00
-9.878664432482415769e-01
1.422934501366208249e+00
4.779196929022830886e+00
-1.011218663085057834e+01
8.020953421644533066e+00
-1.504848775029829167e+00
-2.207733811645287147e+00
2.131293751046565710e+00
-3.268305549015600775e+00
7.022589806931231138e+00
-8.154980396614920579e+00
3.418180276917909932e+00
1.937139617996019858e+00
-8.724759508081936232e-01
-4.968224221163861642e+00
7.000174909272044665e+00
-1.571464358626855962e+00
-5.355252388559893717e+00
7.174563523043191005e+00
-5.391545756833088454e+00
5.424580682604407400e+00
-7.053598900205320099e+00
4.983749114677720193e+00
1.505765607208776835e+00
-5.660093718913067562e+00
2.653182762377348958e+00
2.699954433295198797e+00
-2.165366853464936181e+00
-4.425710564724495200e+00
9.238761371171872128e+00
-7.624308923133781946e+00
3.658194307827555836e+00
-2.516397824008784312e+00
2.372008909650258346e+00
1.503435215054832241e+00
-7.482056673284010806e+00
8.598448764873776184e+00
-3.085030419500770726e+00
-1.864719970903750301e+00
-2.872738656019042658e-01
6.246925634524394866e+00
-7.713890645167342797e+00
2.948883448941787222e+00
1.906029425112413467e+00
-2.786272353536626945e+00
3.091888545772157215e+00
-6.596318512078047647e+00
9.887197334994882070e+00
-7.028833765372637821e+00
-4.473755398534917660e-01
4.234712724708950660e+00
-6.201595167547965248e-01
-4.170309468543869968e+00
2.777650747835904266e+00
3.274165384249413613e+00
-6.801368979886206034e+00
5.724539328337044708e+00
-4.822721557380303281e+00
6.627371138638189052e+00
-6.618658637156958235e+00
7.491711271073815404e-01
6.619602708796181290e+00
-7.619795636559295815e+00
2.088295421182249090e+00
1.790650020136282716e+00
1.189383364502607510e+00
-6.488149508818340294e+00
7.152543058239237084e+00
-3.664559637930044467e+00
1.670190640996785048e+00
-2.157027288254536934e+00
9.108167189880611581e-02
6.344159259790918881e+00
-1.098496528661865135e+01
7.882956710299635184e+00
-5.179070610119782536e-01
-2.326749993215464940e+00
-1.490463895721200416e+00
5.122316903624161810e+00
-3.047284196396539357e+00
-1.625820043609420562e+00
3.221901853274476757e+00
-2.581279259598176612e+00
4.758938067242667103e+00
-9.414971997319538488e+00
9.823709654026131943e+00
-2.965896364965549203e+00
-4.705554631385538755e+00
5.403008499841274848e+00
-5.533437341837867951e-01
-1.723740215109298202e+00
-1.742108623047182281e+00
5.667686773255470101e+00
-5.324048712549592111e+00
3.475154439880745905e+00
-4.699633223119931813e+00
6.784626878743875267e+00
-3.541977475397086295e+00
-4.819935513110571890e+00
1.019989489653499071e+01
-7.324849688985282548e+00
1.122370553422696204e+00
2.918903972287751891e-01
3.331837941885285925e+00
-5.344624236135249618e+00
2.801120176229300540e+00
-1.323716105189731707e-01
8.720915944874731984e-01
-1.286013056719071734e+00
-3.501549839228134786e+00
1.043177926104115372e+01
-1.137840607121799508e+01
4.620108272612031719e+00
2.185212497678195920e+00
-2.344630946156564200e+00
-1.271211045832935760e+00
1.624256403124813897e+00
1.942086116859639500e+00
-3.950002939247371891e+00
2.471205351181566812e+00
-2.335961154582206767e+00
6.639482100594408465e+00
-1.027395089997846434e+01
6.559532502800523801e+00
2.427773404101145616e+00
-7.723258905345172565e+00
5.397512176645756554e+00
-1.204311397237017633e+00
1.533457062464308907e+00
-4.611640371673169980e+00
4.738263705896837763e+00
-1.955503162731202504e+00
1.612030176711058083e+00
-4.761645374969559086e+00
5.187928692205100667e+00
1.350640087913833609e+00
-9.569455608052505724e+00
1.096714137115780119e+01
-5.296440111853087274e+00
4.179091030971666676e-01
-1.021836846310463898e+00
3.058762999822375761e+00
-1.419792897200359505e+00
-1.862234088571564250e+00
1.656495780720837807e+00
9.606475240178591335e-01
4.210166306289740978e-01
-7.179573801661749854e+00
1.200252531598017924e+01
-8.497310017425633077e+00
2.681421118167465201e-01
4.041350665761894057e+00
-2.405801487081465240e+00
7.435809373109751874e-01
-2.890942001513284509e+00
5.142983520931804442e+00
-3.345057352442852849e+00
5.506083898902334184e-01
-2.506354507200479809e+00
7.768248524993789594e+00
-8.392107041264425860e+00
1.193093647423203896e+00
7.069313320251726651e+00
-8.630119056851754067e+00
4.782511207064603198e+00
-2.608707904630921171e+00
4.124624491835274576e+00
-4.467775998185786079e+00
1.032790251301583417e+00
1.622739711126147455e+00
7.959623795463126594e-01
-4.396677277175450094e+00
1.903760985942065442e+00
6.296314663956783519e+00
-1.166350837895464387e+01
8.897120283253304507e+00
-2.665816350125170597e+00
1.612544729854650249e-01
-1.136826147386427177e+00
1.359621826909425124e-01
3.638283138127905936e+00
-4.874027879239001493e+00
1.350190476740793954e+00
1.240343874412582537e+00
2.654429478764230854e+00
-9.378407204226325788e+00
1.026342021426245310e+01
-3.535699749144870729e+00
-3.466343594585297616e+00
4.759415813691399322e+00
-3.118945339796582505e+00
4.015488559240638189e+00
-6.456446188652496865e+00
5.209886180437627523e+00
-4.122400893871125405e-01
-1.352862943871235180e+00
-2.974273281852029882e+00
7.233836020137337286e+00
-4.150274673962757177e+00
-4.248800904767549014e+00
9.322743722900494134e+00
-7.588126040952547058e+00
4.252250802534465635e+00
-4.132517149548846191e+00
4.602351955595807453e+00
-1.197023459341234997e+00
-3.760725052589943385e+00
3.891229598776907217e+00
9.431542502707133124e-01
-3.131275263917926210e+00
-2.073308795958516804e+00
9.337186922426054636e+00
-1.039015187505712134e+01
5.117786220242036777e+00
-5.212468731063570893e-01
-2.890422644672896446e-02
5.970650551681035978e-01
-4.454980884941955210e+00
7.662072161772848666e+00
-5.109129454014081695e+00
-4.391079935912416410e-01
1.153233178099257294e+00
4.510634428621163039e+00
-8.951828301885065287e+00
5.807527451806772767e+00
1.518691593438342036e+00
-5.406381936157294454e+00
4.731071800391391413e+00
-4.708849683861610735e+00
7.192374533945005588e+00
-7.364969257552727910e+00
2.145278009063629199e+00
3.355998766185030124e+00
-2.396549835988119881e+00
-3.163535877356991932e+00
4.770842769385123638e+00
9.510913304432939697e-01
-7.692882958003877114e+00
8.671051118410957770e+00
-5.536322826764373595e+00
4.134593653110240297e+00
-4.728832723307510477e+00
2.295690483125902848e+00
3.955753847028417258e+00
-7.594942505829518353e+00
4.140111213064279205e+00
1.449852142325027238e+00
-1.068013002347237617e+00
-5.170317387615476434e+00
9.212656740919788589e+00
-6.450608924631954011e+00
1.293404015097646242e+00
6.213504507204010707e-01
-7.977077762638540293e-01
3.974208187333403863e+00
-8.854301848799867258e+00
8.918154890641705634e+00
-2.698940362300036977e+00
-2.598327787997580351e+00
6.641465421915524470e-01
4.936637436061126039e+00
-5.809266564656091703e+00
3.975727822187908878e-01
4.784336436564866624e+00
-5.345223773306337023e+00
4.635019617772040412e+00
-6.720573694247709895e+00
8.675329426404072564e+00
-4.971917586706509518e+00
-2.737225664121651469e+00
6.333457397829649338e+00
-2.437174815745927425e+00
-2.482386297346037551e+00
1.073826553612955870e+00
4.892416561737876535e+00
-7.929167857257754193e+00
5.836859615300257431e+00
-3.593648375353452273e+00
4.176228736814172393e+00
-3.511788498183756158e+00
-2.252027983878041262e+00
8.906569939598723451e+00
-8.969599768793884209e+00
2.656111595589707441e+00
1.691018340594233837e+00
1.014015469293302552e+00
-5.954012017251486100e+00
5.971478562605607721e+00
-1.604118873661912748e+00
-1.173480987690418864e+00
9.576030494863443376e-01
-2.544111793964024315e+00
7.853537510024952262e+00
-1.111990835434570357e+01
6.862763874462022962e+00
1.150575237356035174e+00
-4.155580144896196870e+00
2.724836241299284367e-01
3.353642056908949343e+00
-1.088256415070331773e+00
-3.795715706090994512e+00
5.288470253224734741e+00
-3.968605889242493134e+00
4.917133556656336779e+00
-8.139655318977885301e+00
7.398272027545915286e+00
-3.674938272757510838e-02
-7.439079880695345537e+00
7.495934677194926010e+00
-1.945093374149386101e+00
-8.189078514054668467e-01
-2.382345284948814701e+00
6.031773290310987967e+00
-5.121458632345747830e+00
2.331326268090299969e+00
-2.463693683562055980e+00
3.734847605519481029e+00
-3.394209311742523161e-01
-7.409198919701095676e+00
1.164523659787459131e+01
-7.534967442632968471e+00
4.046044617541011412e-01
1.478372927721309793e+00
1.992805699178490819e+00
-3.870627012203283535e+00
9.959279545689747604e-01
2.148869243055514744e+00
-1.724481232302425671e+00
1.108079072162161616e+00
-5.021681831037025034e+00
1.058719004026671229e+01
-1.011539180133641658e+01
2.347083074016559578e+00
4.812488799656154725e+00
-4.747034960272027426e+00
6.465671030724498003e-01
1.111540480494682681e-01
3.264846296675027570e+00
-5.147389790937593190e+00
3.303517985607640206e+00
-2.352780654344710953e+00
5.466526927383236867e+00
-7.899423776901647543e+00
3.428055998956292427e+00
5.577315663180689498e+00
-1.018131409704714585e+01
6.782735146775051405e+00
-1.569588353895032817e+00
1.224512757228942927e+00
-3.974719456641954363e+00
3.873463238676636777e+00
-6.858137474532790545e-01
-3.113309494116172083e-01
-2.156416829739359553e+00
2.260518181633465407e+00
3.934373483992262166e+00
-1.112512450386337548e+01
1.111436584185564413e+01
-4.128553705922370476e+00
-1.577537451083441233e+00
1.199439847868065456e+00
1.017433900871778096e+00
3.781878548721283595e-01
-3.589382399307448956e+00
3.446787218053725788e+00
-7.502459702846122624e-01
1.609075062033134218e+00
-7.314287119567756790e+00
1.078114848957356742e+01
-6.061609088603477247e+00
-2.812094190893045464e+00
7.014406799535531256e+00
-4.675684666620250951e+00
2.102815524173530459e+00
-3.510749139847119338e+00
5.337024683933687896e+00
-3.276371632213492369e+00
9.041920405686010298e-02
-1.342599626687438930e+00
5.683459130576337337e+00
-5.516189001350653598e+00
-1.941579197006789714e+00
9.715368834784216645e+00
-1.015348755968991412e+01
4.944854925013272506e+00
-1.638143232057643672e+00
2.531845348706787124e+00
-2.725763984453281719e+00
-6.688740251042235574e-01
3.389327783909384717e+00
-1.219700481172298456e+00
-2.146839427019821223e+00
-2.279483224626888127e-01
7.721884025284778907e+00
-1.184437343259663500e+01
7.643324172715130871e+00
-2.684158229206798918e-01
-2.729912649453687834e+00
1.552749033998434225e+00
-1.927586615098454637e+00
5.045779818408479223e+00
-5.852437552352320438e+00
2.096892831522593426e+00
7.833313500816316832e-01
2.500833196268155589e+00
-8.243380060252185615e+00
8.018145298429143253e+00
-4.751707210852120777e-01
-6.675332918970156904e+00
7.350640510542705286e+00
-4.569208118572376520e+00
4.252721563964902529e+00
-5.806077732279685932e+00
4.123000640713687659e+00
8.344965750539712346e-01
-2.783878996659904903e+00
-1.152496075332198888e+00
4.900426481307055937e+00
-1.496977625436619164e+00
-6.688361866973973058e+00
1.087533066579788610e+01
-7.766630092726677148e+00
3.012749511409023029e+00
-1.899299443270596521e+00
2.037354046214739256e+00
1.141990073885214230e+00
-5.654013700593404579e+00
5.442756933194565327e+00
-4.656869590335914744e-01
-1.840151062294846263e+00
-2.975708455942666752e+00
9.393133590192583426e+00
-9.232258776677786827e+00
2.744063570944429209e+00
2.610961748170508745e+00
-3.167956711938720193e+00
3.035870528646252620e+00
-5.838236733492649932e+00
8.072537742042865005e+00
-4.893462015115933816e+00
-9.701281336627847196e-01
1.942782469236222109e+00
3.266697185381598700e+00
-7.013708408661891269e+00
3.165450844731627633e+00
4.489218303012323830e+00
-8.025615396269415669e+00
6.306471574909144451e+00
-4.869519181526752227e+00
6.057331847310725159e+00
-5.437885800441463857e+00
9.936634212520001341e-03
5.336622659322042495e+00
-4.190524390066192595e+00
-1.386873296189401250e+00
2.904394332788536648e+00
2.738573151373349113e+00
-8.941904177340788351e+00
8.841946323130976282e+00
-4.326842023025347928e+00
1.703387710827547252e+00
-1.669194828392789987e+00
-6.369428280658846475e-01
6.193608982170484722e+00
-8.967620428450834069e+00
4.829001616965376442e+00
1.156551138364808384e+00
-1.044285666499817467e+00
-4.772262163337116725e+00
8.073960299865939660e+00
-4.356192952307420541e+00
-1.614723282226774970e+00
3.787700415776095397e+00
-3.455858569783403222e+00
5.497053315462726353e+00
-9.034822096841498507e+00
8.008488620777361788e+00
-1.198610758467454129e+00
-4.254781083319295831e+00
2.320544479011342531e+00
3.166207058895194937e+00
-3.750033787190726109e+00
-1.919746060317437220e+00
6.986498178047710006e+00
-6.820799544980579832e+00
4.835866778101777896e+00
-5.474466699465349251e+00
6.304000353740236484e+00
-2.135106244260169817e+00
-5.369731203206780989e+00
8.375523718920092620e+00
-3.876386302733654254e+00
-1.430529344814547521e+00
2.361283523096568970e-01
5.435046782679929578e+00
-7.835249721318224836e+00
4.721237888745344335e+00
-1.332916848253914210e+00
1.093470396129689881e+00
-3.009995267014577980e-01
-4.827488996100618657e+00
1.035543795590372795e+01
-9.248105464649444940e+00
2.087154192155260546e+00
2.684047549753999728e+00
-1.555496640642313189e-01
-4.565144737115397255e+00
4.147398511766472673e+00
7.741752561252885911e-01
-3.893022325381845228e+00
3.451200125593608448e+00
-4.119957051608380105e+00
8.039915120199275123e+00
-9.906012385777705376e+00
4.687665236450952122e+00
3.643688365858127831e+00
-6.442090419649479927e+00
2.154206598810215478e+00
1.768844239597370915e+00
3.918167735864401813e-01
-5.178736040786112049e+00
6.273461221897422391e+00
-4.068970061544484373e+00
3.762615260167607723e+00
-5.756494187723547817e+00
4.275006913276547138e+00
3.073133148581291163e+00
-9.855997388872491882e+00
8.892515946569893970e+00
-2.410242838293052081e+00
-9.509566179462369817e-01
-1.944748692058103412e+00
5.321894713389099252e+00
-3.917141136154087100e+00
3.796251427872299189e-01
2.280570158624222188e-01
7.165800887833397859e-01
2.300852295918446089e+00
-8.989504741333728788e+00
1.182510449646910544e+01
-6.450647225608499902e+00
-1.449347915153715860e+00
3.540488105673735397e+00
6.452748814142994505e-02
-2.090294398350484695e+00
-8.177472496517785849e-01
4.095416716746943742e+00
-3.601586742855856116e+00
2.417550458180043105e+00
-5.212853706959894140e+00
9.381613556928815711e+00
-7.701995297920638528e+00
-6.747549148427773869e-01
7.706185173069446392e+00
-6.967497458974504454e+00
2.036448760998804453e+00
-6.342577863863128051e-01
3.649001594288190820e+00
-5.272748787148511695e+00
2.979511349417133026e+00
-1.234064675403600209e+00
3.347692531220765044e+00
-4.958687395490666283e+00
2.478179713734136314e-01
8.234991371395697257e+00
-1.171234323810400824e+01
6.996622192386992012e+00
-7.199828060918531669e-01
-1.965634244683900356e-01
-2.400973317054432510e+00
2.275373151170434038e+00
1.079733858313218775e+00
-2.423473637970834815e+00
2.406066563046471707e-01
-6.033251676927697815e-03
5.441782905972504913e+00
-1.134107743993955353e+01
9.891134579015044892e+00
-1.796740887949686671e+00
-4.365646948553552953e+00
3.787230916331040476e+00
-1.000688379626379465e+00
1.835014576777676432e+00
-4.711288086563459210e+00
4.388480674139138671e+00
-1.387177544363909387e+00
1.564154960245516479e+00
-6.202965206636165796e+00
8.508619681177169269e+00
-2.975388442588448257e+00
-6.016060506833234456e+00
9.584837276085327318e+00
-6.133812146464045156e+00
2.416070841168688865e+00
-3.010891913871929226e+00
4.440772871471175165e+00
-2.198936808661897668e+00
-1.252318527767855683e+00
4.974639624653334202e-01
3.250142069557114155e+00
-2.741087073548493791e+00
-4.471079711240889765e+00
1.131333762878913163e+01
-1.036291527034605053e+01
3.764448498971275647e+00
4.882522677385301435e-01
1.018240210040697313e-01
-5.001341130057466167e-01
-2.524969153208069805e+00
5.009348695204735691e+00
-2.786311027967255605e+00
-6.673579806586422691e-01
-1.280618219785001788e+00
7.853032832647245165e+00
-1.070039572663922556e+01
5.268030448540998556e+00
2.842517542108050854e+00
-5.822325723466686753e+00
3.952686468419486676e+00
-3.325934651298240841e+00
5.555468277415931411e+00
-5.812270004897471587e+00
1.767864456833899034e+00
1.414702680318914663e+00
1.319727943609857235e+00
-6.271130143300357673e+00
5.290570440121127760e+00
2.575104963164026817e+00
-9.339557297196723340e+00
8.949262234840119845e+00
-4.769523930400067613e+00
3.206803013584252682e+00
-4.020848168660594801e+00
2.147346229367114834e+00
2.698015237796311361e+00
-4.557594226103090840e+00
7.140356550860502693e-01
2.873750259889095826e+00
4.525112258812491461e-01
-8.047832426115659743e+00
1.109660142272388939e+01
-6.578608652225598874e+00
6.146422862208971161e-01
1.096304030729954526e+00
-8.161278237702784821e-01
3.329788523117930499e+00
-7.054188088844066229e+00
6.257234944583229819e+00
-9.542542173211612244e-01
-1.619263307205535796e+00
-2.708597002297525425e+00
8.291391951250419723e+00
-7.104252258073798565e+00
-2.180391645152406355e-01
5.811960259742844137e+00
-5.835372148836361461e+00
4.569508606796893524e+00
-6.071518485578849322e+00
7.283275502268407031e+00
-3.568062174618817917e+00
-2.451862921966928344e+00
3.493798494165930357e+00
1.491508401764157998e+00
-4.853080456362790507e+00
7.061053815963731495e-01
6.814301073762824679e+00
-9.576292989023826863e+00
6.545867330927191752e+00
-3.660804672638733770e+00
3.754673116368985930e+00
-2.705584471572204386e+00
-2.515999873267802389e+00
7.327874008488298507e+00
-5.680246827824248612e+00
-1.845537750860275494e-01
1.868973765243674645e+00
3.454012724811127200e+00
-8.947347166007080688e+00
7.749719455344034280e+00
-2.047742191462365025e+00
-1.396615295835360593e+00
1.534009340810230659e+00
-3.190667297074325059e+00
7.646910077445197018e+00
-9.320392063291828677e+00
4.415795707275614213e+00
1.950967347285857301e+00
-2.043693353045902050e+00
-3.464182659522982544e+00
6.226240602261070123e+00
-1.883199728231730541e+00
-4.445031893958528713e+00
6.365016724071989707e+00
-5.078058363548380250e+00
5.716181572771152908e+00
-7.879708886861601869e+00
5.942660977032902636e+00
1.151445966025933298e+00
-6.420940922147863716e+00
4.167188953566812515e+00
1.505037290490087942e+00
-2.110077411478034737e+00
-3.483221893200113772e+00
8.112555021809079392e+00
-6.995382900340383792e+00
3.700896459997681021e+00
-3.094209529623913824e+00
3.203915157676245684e+00
9.236001279327623603e-01
-7.740146906700013929e+00
9.784225823458154281e+00
-4.447110127010144964e+00
-1.378670938481505459e+00
4.719039796305484202e-01
4.875163676271936808e+00
-6.688638019561675918e+00
2.739863542651459483e+00
1.435895597903590559e+00
-2.000074090745366018e+00
2.382977300076318805e+00
-6.427638309051144638e+00
1.057096243850180706e+01
-8.255599106341266591e+00
3.851021908835257079e-01
4.578899080084891438e+00
-1.969474331917920651e+00
-2.797297380308329195e+00
2.242569777639710882e+00
2.873414598463230885e+00
-5.924459359974992623e+00
4.869827129196879767e+00
-4.363187934625514686e+00
6.855409109900676867e+00
-7.526178864299188476e+00
1.736956625496186790e+00
6.447538450313155423e+00
-8.608608746275390189e+00
3.578089351700613374e+00
8.901745569822743231e-01
9.700480663489221556e-01
-5.493479586642635581e+00
6.076243035467006059e+00
-2.990350495812140519e+00
1.614715418682493464e+00
-2.763458147800072595e+00
1.063013161651570782e+00
5.732135971840090605e+00
-1.139052040794772580e+01
9.161425652909940709e+00
-1.691481840342492715e+00
-2.190047358075284389e+00
-5.426244529895827284e-01
3.822514266595129939e+00
-2.146556401934733405e+00
-1.827798702680058618e+00
2.762225627003497941e+00
-1.671832730134411360e+00
3.881092397576721975e+00
-9.238647537246343688e+00
1.063778539010560564e+01
-4.195784553363001379e+00
-4.120842137076576428e+00
6.017488092580522974e+00
-1.908573135370882579e+00
-5.770858167647845427e-01
-2.087996396723765802e+00
5.228508294443720672e+00
-4.408855867014780827e+00
2.473570207981536928e+00
-4.124855119569927453e+00
7.088954062802654832e+00
-4.602120019019897867e+00
-3.860013083282551438e+00
1.024526391922023372e+01
-8.431451210228598114e+00
2.433247095010827810e+00
-2.955743520220748266e-01
2.948183018666568067e+00
-4.360751394149710691e+00
1.718407841511441658e+00
6.257409482301619086e-01
8.208700293667319237e-01
-2.073052907303292169e+00
-2.359827401614285058e+00
9.869708498849256273e+00
-1.195101639731530341e+01
5.883017596458947729e+00
1.285514665636028564e+00
-2.479739911299178701e+00
-2.912662819635931655e-01
4.510924026717457735e-01
2.773249969110494817e+00
-4.145939092233418499e+00
1.900313665600248836e+00
-1.199863558110474848e+00
5.642535818026027883e+00
-1.021137284744448515e+01
7.522085458094457167e+00
1.278556958936062804e+00
-7.396425697829037915e+00
6.141064542859076880e+00
-2.417972999241472465e+00
2.453157308446557217e+00
-4.851987383662500264e+00
4.259100521768061753e+00
-9.078109846216788625e-01
4.420162756698251538e-01
-4.198193462650729124e+00
5.702913777238344473e+00
1.424461935365820553e-01
-8.711583200866968468e+00
1.119817341955060819e+01
-6.376285031711237394e+00
1.471300578080585675e+00
-1.380107811032603049e+00
2.629696755714107770e+00
-4.495543675645761184e-01
-3.010156599422754820e+00
2.453940529980640051e+00
1.068472940268986093e+00
-6.383072053264291501e-01
-5.931327181977485097e+00
1.157843735675233177e+01
-9.198282713649804876e+00
1.411681595610786655e+00
3.403137320014751666e+00
-2.661404352631112857e+00
1.637225552572133314e+00
-3.958933077366274311e+00
5.954369515646940059e+00
-3.469593462897835767e+00
-2.539831300821471238e-01
-1.138920317857974096e+00
6.784767407351940172e+00
-8.540726316446765054e+00
2.262054269683642094e+00
6.062010281155885139e+00
-8.485151612830273749e+00
5.493937432696680112e+00
-3.619839434619522844e+00
4.897666914758847412e+00
-4.667997394575102099e+00
4.605961380261303084e-01
2.863400033181009441e+00
-4.622371145934776049e-01
-4.010453311930217701e+00
2.695743333449187151e+00
5.011279021995608929e+00
-1.095301726357455507e+01
9.222709233653240801e+00
-3.605994927393490812e+00
9.881584337598248169e-01
-1.405937380477898735e+00
-2.676994781207269192e-01
4.640853522352655247e+00
-6.101466192012864553e+00
2.068051789426039733e+00
1.642932415289190207e+00
1.334676858295615887e+00
-8.144703356875988121e+00
1.002369805020101268e+01
-4.287071692368026987e+00
-2.487013205441784613e+00
4.275223398721655244e+00
-3.339889102125471076e+00
4.789947359972506646e+00
-7.488782713940410396e+00
6.006000423152423551e+00
-3.607724045046891703e-01
-2.449739189701453324e+00
-1.477749156199258174e+00
6.417147324321661017e+00
-4.539499271742374553e+00
-3.147449385724069959e+00
8.457106429349517285e+00
-7.493710821423100299e+00
4.823310322808080919e+00
-4.986442714880205962e+00
5.338932205652711538e+00
-1.368286733582397385e+00
-4.495928018320610065e+00
5.307015839470947682e+00
-2.487774494272065873e-01
-3.052704153566637491e+00
-1.032456366598662800e+00
8.070484466143314606e+00
-9.815575927796047040e+00
5.430941883423169969e+00
-1.295602874720310549e+00
6.942572608255654920e-01
2.903242346303049892e-01
-4.836675376440155993e+00
8.751435735642518310e+00
-6.361522212454321590e+00
5.556748006307721255e-02
1.902060405532404186e+00
3.039722045836066755e+00
-7.851713849635017617e+00
5.737212636568962409e+00
7.889059739246109260e-01
-4.548850639775232629e+00
4.247596966186931056e+00
-4.806462608505150058e+00
7.903291208039101789e+00
-8.428909190381418171e+00
2.874213951471023876e+00
3.673123101141769542e+00
-3.742607299720662084e+00
-1.705059422775947908e+00
4.226789137305661193e+00
3.652467666323921947e-01
-6.618857303806766623e+00
7.879419993419839230e+00
-5.368227180369814278e+00
4.559263333169051080e+00
-5.546675250517406397e+00
3.075767506956992303e+00
3.857379439771694063e+00
-8.530993867507554285e+00
5.627806667701087839e+00
4.875399362393735281e-01
-1.334860183422142299e+00
-3.982955080506703105e+00
8.032631703279010438e+00
-5.951035434158038484e+00
1.528930313461151824e+00
-6.314301519625153958e-02
-2.449949857634292627e-02
3.574566445085519906e+00
-9.276478651642545259e+00
1.011258201425726710e+01
-3.867349684818213618e+00
-2.427718658530910290e+00
1.699519995307708031e+00
3.470345504408167692e+00
-4.907026768367161118e+00
4.379242943950090172e-01
4.096449839785337943e+00
-4.495463834608763420e+00
4.026254501342960701e+00
-6.709752049857410583e+00
9.427081963067566406e+00
-6.088887858180780377e+00
-2.158573621567299927e+00
6.937828323552981402e+00
-3.897496613513133035e+00
-1.221872948359284283e+00
8.193865033313221247e-01
4.194378332149550914e+00
-6.891396747041488524e+00
5.017487387321997616e+00
-3.298334839383878947e+00
4.551976234500465068e+00
-4.426294086235198932e+00
-1.417020125672911801e+00
8.947135263646273984e+00
-1.007713824113091761e+01
4.064562197100474172e+00
1.058457872576459735e+00
4.693166059545532676e-01
-4.743055188199393868e+00
4.889119087316471379e+00
-1.108536379046825449e+00
-9.980024571248309329e-01
2.190167880937554656e-01
-1.610211960313737922e+00
7.396830821050246030e+00
-1.165884261220512919e+01
8.122075244281230511e+00
1.810017078100236709e-01
-4.315679664706972396e+00
1.448316398265464766e+00
2.024869379674503200e+00
-3.739010778979556804e-01
-3.704164505729834467e+00
4.592147323109171175e+00
-2.995659367612263146e+00
4.146168443496079270e+00
-8.125968623112674649e+00
8.284269650982249544e+00
-1.169341736527683029e+00
-7.077019988643554527e+00
8.318466853727832344e+00
-3.347747937983297284e+00
1.583234532927200178e-01
-2.415223162852489391e+00
5.295798489746004201e+00
-4.073352586962741384e+00
1.405394201565841161e+00
-2.090646621726345078e+00
4.215074493011581325e+00
-1.429571413263278634e+00
-6.574931833072865217e+00
1.186649416491271403e+01
-8.718250532476483627e+00
1.600347739317915963e+00
1.168565672589272797e+00
1.306769752789525896e+00
-2.721728757399627163e+00
-2.944034696627162440e-02
2.672183907169736639e+00
-1.508194138955372576e+00
1.720377443331455591e-01
-3.911552628845067048e+00
1.017431022847800648e+01
-1.081282152393913343e+01
3.586796678476756206e+00
4.104337703925381220e+00
-5.141667012106152512e+00
1.794945033456923689e+00
-1.023627102230078023e+00
3.854552026741289161e+00
-5.022290184761015297e+00
2.498866886209595961e+00
-1.176709875117050608e+00
4.605781160485422632e+00
-8.024355216515251854e+00
4.482764801080124428e+00
4.501879524734752280e+00
-1.004184844342873717e+01
7.686314064699454107e+00
-2.779876248153195561e+00
1.938367847693629908e+00
-3.895192769072170158e+00
3.124394218346344232e+00
4.438188728967764618e-01
-1.348742567252817270e+00
-1.841295069353825253e+00
2.981292570390813079e+00
2.678279033484670446e+00
-1.037725062659113995e+01
1.150175393993747974e+01
-5.264901371923362383e+00
-6.484486338542143624e-01
1.104075553789698239e+00
3.296568625059115298e-01
1.448945456076092153e+00
-4.613052924963948698e+00
3.959555390305858680e+00
-3.525092569338004189e-01
4.031511413552411049e-01
-6.113035221502603811e+00
1.052262531653071242e+01
-6.900335302013793637e+00
-1.677054185873503744e+00
6.541298247482465911e+00
-5.146438519163383241e+00
3.107026657525492119e+00
-4.484268411945687483e+00
5.871509521235812379e+00
-3.077155030164705263e+00
-9.193221516887581934e-01
1.832852596151479663e-02
4.883347221845738773e+00
-5.888843332852903067e+00
-7.552066443381160177e-01
8.760144781645351486e+00
-1.016933204897538801e+01
5.783759623148100104e+00
-2.616533268763040265e+00
3.087998503084115498e+00
-2.625094627183719442e+00
-1.462055667298635120e+00
4.646401457455414885e+00
-2.283046368446748797e+00
-2.051864481379193972e+00
7.886025717447902039e-01
6.387669162994932037e+00
-1.124850799933878065e+01
8.128017010560444788e+00
-1.267542071393811032e+00
-2.015455413082317015e+00
1.514909650014895082e+00
-2.536507006699999067e+00
6.084083564801868960e+00
-6.898527565062479106e+00
2.498375593063631328e+00
1.475033612537392624e+00
1.061450518335013804e+00
-7.095002680643581527e+00
7.979562078185557183e+00
-1.391369113107243205e+00
-5.681589866288199175e+00
7.003553024179534958e+00
-4.966826800283338450e+00
5.093728245589124626e+00
-6.708958095633935415e+00
4.632556483791447022e+00
1.186071550783471817e+00
-4.034658522671740855e+00
2.752666374497885204e-01
4.321775935640988386e+00
-2.146036021539306837e+00
-5.452336228293882314e+00
1.005397997860300485e+01
-7.824961745855210538e+00
3.700610380072645089e+00
-2.714890097580619610e+00
2.569269705501973089e+00
1.233320836878652571e+00
-6.549497355500232487e+00
6.807434216579215658e+00
-1.408420479799018299e+00
-2.079767390610975486e+00
-1.712683468576580381e+00
8.099286390356292387e+00
-8.799736622293258037e+00
3.239415282510235805e+00
1.758654389228800019e+00
-2.533838870234707663e+00
2.923832107527582824e+00
-6.375139713203230585e+00
9.145379992739893993e+00
-5.927921442036264921e+00
-7.981644955298983213e-01
2.953807508575744478e+00
1.726138815224608436e+00
-6.054370047859201520e+00
3.341625422121479616e+00
3.565292196621909770e+00
-7.135449741047162675e+00
5.942997792421168768e+00
-5.121945121329616768e+00
6.812435121484735845e+00
-6.362322275604042510e+00
4.676174908275645414e-01
5.909281297155588142e+00
-5.625852141434997122e+00
-6.335296479569541006e-02
2.647511085072463022e+00
1.870577621892287823e+00
-7.734882289298575131e+00
8.108538221169460769e+00
-4.325790216533754950e+00
2.255675580045920725e+00
-2.462297489598113120e+00
-3.450074007829595502e-02
6.311745222927609866e+00
-1.000463685118971391e+01
6.209151136085409917e+00
4.785365843631161908e-01
-1.631959363612320413e+00
-3.390683054315547729e+00
6.912051424391332688e+00
-4.044355130707143253e+00
-1.161923346584485817e+00
3.000778292779300749e+00
-2.749341472369668971e+00
5.263462064280529873e+00
-9.577249190849407512e+00
9.155675003716362781e+00
-2.138065372099355876e+00
-4.387379404233344715e+00
3.569143653549115669e+00
1.695218016932674931e+00
-3.050026487692925059e+00
-1.590624723421636855e+00
6.085881224859643446e+00
-5.936398329482345027e+00
4.349775418486517609e+00
-5.618597155039388724e+00
7.100487408855429727e+00
-3.124219606311350539e+00
-5.029593925082783912e+00
9.180800613443949487e+00
-5.360757007000784391e+00
-3.619386384495610898e-01
3.004345630198970163e-01
4.455454866108647494e+00
-6.690759387529022106e+00
3.997005112379719449e+00
-1.238183632141130808e+00
1.622146695286722284e+00
-1.213387414007209619e+00
-4.140641976090112308e+00
1.057183922470914617e+01
-1.041103480807359816e+01
3.352607077006315883e+00
2.345369077462963858e+00
-9.974628293944451940e-01
-3.210870132367215746e+00
3.144723696980257444e+00
1.028411116627506505e+00
-3.465551607777431986e+00
2.593106223277160005e+00
-3.243515020164677409e+00
7.738576856228858603e+00
-1.055217611014390400e+01
5.893198244021044196e+00
2.890517185791733556e+00
-6.866411080879011308e+00
3.482143517922698273e+00
5.029807081139610059e-01
8.497465623858930783e-01
-4.771768229819688401e+00
5.366793546601719811e+00
-3.082375563560139753e+00
3.139516285630176373e+00
-5.918416891117701084e+00
5.223555131621179015e+00
2.044402027900899643e+00
-9.694292502511562049e+00
9.864455725605415282e+00
-3.783863615608888953e+00
-2.025982664111041220e-01
-1.652430549439892982e+00
4.331232405397722474e+00
-2.811873600750371072e+00
-3.969781290716718480e-01
3.569575560911917300e-01
1.377954341125580129e+00
1.193955184913243261e+00
-8.284149139533615980e+00
1.219798511164608712e+01
-7.665490359278383181e+00
-4.071237065032604630e-01
3.509179712838767617e+00
-8.738519197001193284e-01
-8.629860804089219961e-01
-1.697374353259177848e+00
4.328985166563981579e+00
-3.111699851867235633e+00
1.363245692923925834e+00
-4.172110218054868369e+00
9.135732925411090832e+00
-8.515611234326664558e+00
5.244029699772851938e-01
7.186706174758978882e+00
-7.579217748976456726e+00
3.276615472684848207e+00
-1.648970765823712936e+00
3.947002000950078138e+00
-4.829866049942047823e+00
1.992422008562922064e+00
-8.840245554075942813e-02
2.678325373965181555e+00
-5.292476253088377547e+00
1.389276317432275532e+00
7.239776557830739812e+00
-1.174266842818795098e+01
8.012967863881627295e+00
-1.869364648833399034e+00
2.768564474461929770e-01
-2.015872265736753821e+00
1.321013719223802063e+00
2.201656639821687467e+00
-3.251141127393461172e+00
2.706354765853959954e-01
9.141901502780589439e-01
4.165530901443638356e+00
-1.072237974698828289e+01
1.042811587198697865e+01
-2.963963936791524034e+00
-3.578734970689250616e+00
3.937187957288910134e+00
-1.885216856311199063e+00
2.918016148966382950e+00
-5.532036710206730490e+00
4.580495381877319971e+00
-7.168193598515548715e-01
2.653437490319946468e-01
-5.105853893539629595e+00
8.448395791704282232e+00
-3.954475697319064231e+00
-4.898746396001076420e+00
9.269820550643537160e+00
-6.779434607350848907e+00
3.464906163024015662e+00
-3.827830897055262138e+00
4.673884945819563264e+00
-1.706072339601224286e+00
-2.393571351576882833e+00
1.767573640374036081e+00
2.693277308970274397e+00
-3.356338519744902271e+00
-3.180336237498108787e+00
1.042739787348624425e+01
-1.053582192072022750e+01
4.701274730113994771e+00
-4.214548593359981332e-01
4.298247583288477003e-01
-1.336193275195909358e-01
-3.461313004078176991e+00
6.190891883767513093e+00
-3.586507703861195218e+00
-8.833382837828267498e-01
-6.659335709934888214e-02
6.517894335482029788e+00
-1.025667230902297611e+01
5.921217145801064063e+00
1.795589295011062347e+00
-5.225967650956762967e+00
4.120919950538612042e+00
-4.078390083899860130e+00
6.551546286167057254e+00
-6.618230247056226645e+00
1.842706435573159052e+00
2.351997588161494512e+00
-1.640463052709757452e-01
-5.279232687420353010e+00
5.492358073764921578e+00
1.490734417987804150e+00
-8.343995004657548620e+00
8.739506710462491057e+00
-5.315758128593699894e+00
4.066668293006761914e+00
-4.755693586811305273e+00
2.371306528933540214e+00
3.297457550335934240e+00
-5.874793723126301437e+00
1.985812777681084773e+00
2.585667376152030794e+00
-4.605848544169233172e-01
-6.707644652784119366e+00
1.035467359820216515e+01
-6.803617787229818248e+00
1.407582471032084115e+00
3.371424287528536068e-01
-4.842244054113824525e-01
3.638304258814216929e+00
-8.031052200258795182e+00
7.488854425827473626e+00
-1.599100204419938276e+00
-2.171900201139863817e+00
-1.275235973317899951e+00
7.039052360851454360e+00
-6.865661411953530191e+00
4.777936241888212088e-01
4.888124201480934516e+00
-5.295053351296991728e+00
4.631130836512802773e+00
-6.713047027086348706e+00
8.280594597100579435e+00
-4.350826601220605383e+00
-2.586236808897710127e+00
4.700888898511182745e+00
-2.941968132231942423e-02
-4.109440005901492832e+00
1.162883917109698739e+00
5.703778118055245372e+00
-8.679900686017665734e+00
6.318130887175381183e+00
-4.057462065927158079e+00
4.526101439798523529e+00
-3.472976468428356611e+00
-2.309666659784534115e+00
8.091518110694909893e+00
-7.115435651263219086e+00
9.262628536860284534e-01
1.933254334120025675e+00
2.322624438215273646e+00
-7.660441194704007195e+00
7.128882218964919915e+00
-2.242814937081514692e+00
-7.166152133121439505e-01
7.748472829987501642e-01
-2.756360623320698533e+00
7.937824040512493795e+00
-1.038997465917564078e+01
5.626010318677884925e+00
1.580138915359737162e+00
-2.920188529025751212e+00
-1.962526332972160059e+00
5.165148255833589275e+00
-1.816047563091106820e+00
-3.758819463256067195e+00
5.488954494527277461e+00
-4.453084558069024368e+00
5.641064255448660525e+00
-8.509523603938447422e+00
7.005506162056381214e+00
4.509582447045894504e-01
-6.819252932772601028e+00
5.549397474148825893e+00
1.211666352725397910e-01
-1.678712781149699129e+00
-2.847794718948589487e+00
7.026960355527208435e+00
-6.122832971252845979e+00
3.371436635471308563e+00
-3.399142453776068606e+00
4.032354404932484648e+00
6.694977945768409988e-02
-7.610392677593084798e+00
1.072570869018823103e+01
-5.876251441219987548e+00
-5.599647020377584994e-01
8.632666327051681243e-01
3.658838052587126022e+00
-5.511968680360005202e+00
2.179257483701718456e+00
1.294017656395226368e+00
-1.316918061064070500e+00
1.484483349134630537e+00
-5.886066531275281122e+00
1.093139054144053013e+01
-9.423810352001357415e+00
1.468943373727045199e+00
4.531272681457935825e+00
-3.054239499115876555e+00
-1.387874608849851477e+00
1.405453796349368067e+00
2.836261841858495725e+00
-5.242606430766612036e+00
3.922353297385032356e+00
-3.576549750427584495e+00
6.719470742861160417e+00
-8.264862676341108383e+00
2.870035210376712165e+00
5.904244036351920855e+00
-9.248801517497080127e+00
4.977128972600342038e+00
-2.307542311535158985e-01
1.124527364534546159e+00
-4.778138590007097619e+00
5.011427027223937181e+00
-2.056857484294989824e+00
1.187975033071096309e+00
-3.116261848284259450e+00
2.066812153435791721e+00
4.810209112347143545e+00
-1.140464230086102937e+01
1.022897420512963507e+01
-2.975771087048961761e+00
-1.703364947427332243e+00
5.644028105077358859e-02
2.644677440242692690e+00
-1.072836501906934803e+00
-2.382506105285324249e+00
2.615514181634312152e+00
-8.379370844204678814e-01
2.782367014403580807e+00
-8.674417367015665903e+00
1.114793563872587612e+01
-5.412235354159536271e+00
-3.249202326145946618e+00
6.242408300455217329e+00
-3.032257078838149766e+00
6.382768506268947650e-01
-2.745222277589434157e+00
5.140465383118407061e+00
-3.665498519639986075e+00
1.353341628527197749e+00
-3.204911631743112110e+00
7.035482676204555474e+00
-5.529606606803278090e+00
-2.710438944259204064e+00
9.902387455669321881e+00
-9.213122616004556065e+00
3.694504464482905703e+00
-1.127723582075775610e+00
2.933253344916249894e+00
-3.633924868287603527e+00
6.233476668029223067e-01
1.660081802690153596e+00
3.968290332353938688e-01
-2.629476797324544091e+00
-1.145009594696403399e+00
8.967088332845575493e+00
-1.213971269995667335e+01
6.976069885808945159e+00
2.351347338714095403e-01
-2.255407812442724591e+00
3.594923151555327046e-01
-6.273035701616742621e-01
3.795968918540113535e+00
-4.699456533001363567e+00
1.629862386676220964e+00
-1.084632132657175063e-01
4.390694390786325840e+00
-9.752170825399899101e+00
8.211020596144669170e+00
9.473684242257640609e-02
-6.755119685439956001e+00
6.505254964806995943e+00
-3.431688447387758245e+00
3.467990771667031069e+00
-5.412818166154256261e+00
4.124020580249773360e+00
-1.082869534854724591e-02
-8.760238477200283924e-01
-3.270909939599394800e+00
5.873810909193815988e+00
-9.768696903473683690e-01
-7.622806674277940786e+00
1.103517347576032748e+01
-7.161270462414058180e+00
0.000000000000000000e+00
2.576557978489600220e+00
5.005207244872234895e+00
7.147378414057303786e+00
8.882552303661091386e+00
1.011575794501820269e+01
1.078335822549718515e+01
1.085674333714683115e+01
1.034369806474285625e+01
9.287370531051609035e+00
7.762935777253000325e+00
5.872205682971296525e+00
3.736576014679440227e+00
1.488812036893875312e+00
-7.357515512162200455e-01
-2.807987593582926600e+00
-4.613131939308288132e+00
-6.057771470339623932e+00
-7.075209281557125252e+00
-7.628873198294446212e+00
-7.713577414629609663e+00
-7.354602031641102045e+00
-6.604710343521137617e+00
-5.539367649744356470e+00
-4.250547886928631058e+00
-2.839606879062936073e+00
-1.409757201076928590e+00
-5.869597855649946738e-02
1.128087180381041499e+00
2.082857106530243474e+00
2.759664889360222695e+00
3.136615038137881228e+00
3.216254847713319709e+00
3.024114894790651320e+00
2.605566637507784833e+00
2.021284986165318376e+00
1.341701593231805489e+00
6.409015368412984692e-01
-9.552473595615840196e-03
-5.463900422579588412e-01
-9.195608595762888582e-01
-1.095958412735547727e+00
-1.061678423263276549e+00
-8.226696355955500639e-01
-4.037622065785047010e-01
1.538145466468741063e-01
7.961975883612750771e-01
1.461615202668968827e+00
2.085678577314020732e+00
2.606809093858160065e+00
2.971366854833117799e+00
3.138076325980787562e+00
3.081406491757362254e+00
2.793650426348102123e+00
2.285555522547109586e+00
1.585472261151902984e+00
7.371070944982253126e-01
-2.039254794504843371e-01
-1.174463771479598684e+00
-2.108715821195555229e+00
-2.943335555347819543e+00
-3.622253282288921294e+00
-4.100879778995859759e+00
-4.349357422274668039e+00
-4.354611499432593291e+00
-4.121053476660844872e+00
-3.669897619243871922e+00
-3.037164138414456538e+00
-2.270547052801904275e+00
-1.425414845968541844e+00
-5.602796609597513466e-01
2.678891207317413148e-01
1.008121622005900164e+00
1.619311108743711980e+00
2.073172432577834012e+00
2.356059787520080384e+00
2.469503939271211035e+00
2.429436038388198327e+00
2.264174726980192620e+00
2.011356610053472771e+00
1.714078882926460601e+00
1.416589729348659343e+00
1.159901503741269657e+00
9.777103327029598168e-01
8.929827141373918309e-01
9.155165913472087524e-01
1.040705289554389346e+00
1.249633794136497222e+00
1.510525935267645004e+00
1.781446969805511760e+00
2.014058009338004496e+00
2.158125545144352841e+00
2.166418699851063945e+00
1.999584826455760078e+00
1.630584521371576390e+00
1.048291345027693611e+00
2.599182271400901634e-01
-7.079822277462217706e-01
-1.810088731260828254e+00
-2.984476913641301632e+00
-4.156275976810182016e+00
-5.242590808681091730e+00
-6.158356413677397612e+00
-6.822707096525603809e+00
-7.165388578714836143e+00
-7.132721947900638959e+00
-6.692646254521637417e+00
-5.838421082945900231e+00
-4.590658141191759078e+00
-2.997465857645731369e+00
-1.132625007831693953e+00
9.081431918044033935e-01
3.012612864238129795e+00
5.058859083407698520e+00
6.922990648447285622e+00
8.487288927392802051e+00
9.648189767677871842e+00
1.032354376659216655e+01
1.045862945719673043e+01
1.003047193778317592e+01
9.050131018187087761e+00
7.562760406810594915e+00
5.645393163916187618e+00
3.402567653275539339e+00
9.600610927761494828e-01
-1.542866566062259359e+00
-3.962207250567647776e+00
-6.158333466367899689e+00
-8.004904218926103709e+00
-9.396942220047140637e+00
-1.025753025001809604e+01
-1.054266761823855170e+01
-1.024395352835361095e+01
-9.388913937612636929e+00
-8.038951575605491229e+00
-6.285063536824726071e+00
-4.241625521622498951e+00
-2.038675318988745211e+00
1.867690335804079727e-01
2.299756137342249929e+00
4.176190630982750562e+00
5.710764387273874476e+00
6.823493015634118919e+00
7.464423057333934963e+00
7.616207346533483857e+00
7.294398694503266611e+00
6.545474271869837324e+00
5.442763106313087462e+00
4.080595484613862567e+00
2.567115301967637375e+00
1.016285899666811821e+00
-4.603295331501715548e-01
-1.761423682454231976e+00
-2.802881943811930121e+00
-3.523319320845083258e+00
-3.887844235353686617e+00
-3.889809750755941486e+00
-3.550462135202230307e+00
-2.916550827509691857e+00
-2.056111409657466638e+00
-1.052763410441776903e+00
1.031686967505773822e-03
1.011237288677226287e+00
1.889487574759301847e+00
2.559776286627962971e+00
2.964101306581796713e+00
3.066662224296165640e+00
2.856321020288026702e+00
2.347168862045220461e+00
1.577184718980783718e+00
6.051133496945104717e-01
-4.941793271182031155e-01
-1.635505959417193456e+00
-2.729864401727940315e+00
-3.691156906944348837e+00
-4.442618824716724646e+00
-4.922482731455509963e+00
-5.088467878532982880e+00
-4.920778539702847176e+00
-4.423410835744400416e+00
-3.623696894696824433e+00
-2.570147859600317997e+00
-1.328783240023526435e+00
2.175599397744765184e-02
1.395927432757530617e+00
2.707401775325350535e+00
3.875111931468501414e+00
4.828790494959889656e+00
5.513596791726403268e+00
5.893511560898934576e+00
5.953277315162393890e+00
5.698777522461873524e+00
5.155868867440295489e+00
4.367798553636142778e+00
3.391443846097041526e+00
2.292695858410558785e+00
1.141367674969461010e+00
6.034143801712854582e-03
-1.050794588365205229e+00
-1.976800598698928990e+00
