0.000000000000000000e+00
1.208293904263853635e+00
-1.890159450396649898e+00
1.853627706674959574e+00
-1.267894148400213972e+00
4.171179166540310845e-01
5.057117640581217932e-01
-1.359477460171231611e+00
1.907731888668697806e+00
-1.846941795865891356e+00
1.059920685594601286e+00
1.773723999317188826e-01
-1.309409072156302090e+00
1.869514019120172232e+00
-1.754242698525122268e+00
1.164229385881373702e+00
-3.427583318745116570e-01
-5.648232278650620053e-01
1.410840987840690453e+00
-1.916569283978940330e+00
1.771476373942501459e+00
-9.161513880582944358e-01
-3.064799596497020384e-01
1.342556280371643540e+00
-1.801496625300863075e+00
1.653449705158249960e+00
-1.098056244294541184e+00
3.173067925754201601e-01
5.859713107844386482e-01
-1.441044460097112845e+00
1.920300842393253271e+00
-1.711513840348875437e+00
8.131739831628344017e-01
3.807056666850689997e-01
-1.336661404718628043e+00
1.738103899798896679e+00
-1.600924589425956723e+00
1.093250960036162622e+00
-3.301707403415389264e-01
-6.061687171640578464e-01
1.496489908892034038e+00
-1.957537389343662060e+00
1.684769657916679320e+00
-7.403449249852557257e-01
-4.377644552163676428e-01
1.343068903937111314e+00
-1.721282560931496342e+00
1.607880590301328017e+00
-1.124014323825793804e+00
3.318400991816846668e-01
6.742607605799209036e-01
-1.604347418245977819e+00
2.025381167768067758e+00
-1.662234501352206406e+00
6.538444487277543793e-01
5.212009774306198828e-01
-1.388291874831969919e+00
1.747088113719726499e+00
-1.638161715252610895e+00
1.136816896015219847e+00
-2.771615253811376967e-01
-8.049849762417810028e-01
1.743462223679177026e+00
-2.079236327570620269e+00
1.596720522366726902e+00
-5.219410409517599714e-01
-6.372888668999387995e-01
1.451201561270817564e+00
-1.773038230518837466e+00
1.642951879955111938e+00
-1.097785656196923920e+00
1.650249325109170995e-01
9.640812849771870363e-01
-1.860506245832612926e+00
2.072833145235844832e+00
-1.469603828078876351e+00
3.588032528125741916e-01
7.481771141487407739e-01
-1.485972713495497199e+00
1.761387322648660492e+00
-1.606293633865967241e+00
1.021105957410164189e+00
-3.728749319137077134e-02
-1.098582327288978311e+00
1.916471029251143321e+00
-2.000881217893748065e+00
1.311456685785723941e+00
-2.146097638386031126e-01
-8.078234295850698077e-01
1.468847201294974703e+00
-1.717189493102959874e+00
1.558512820622479422e+00
-9.519693351266718118e-01
-6.184295303842962666e-02
1.183871485365031839e+00
-1.919966808380246137e+00
1.904190935128940998e+00
-1.176828045181956828e+00
1.309873240257828919e-01
8.067701991128495287e-01
-1.424253700002004130e+00
1.685003531918270347e+00
-1.545033479719809977e+00
9.205045316596214278e-01
1.275184292201350933e-01
-1.243352556062412573e+00
1.916215568605447839e+00
-1.832419863371614666e+00
1.096651568105035501e+00
-1.035908118450221127e-01
-7.833724344533677941e-01
1.405287916295060224e+00
-1.707213697720202372e+00
1.580252969906843274e+00
-9.104917691687314241e-01
-1.976784917906829198e-01
1.322480684614000035e+00
-1.942382733835537501e+00
1.799489850918910339e+00
-1.052851651331786709e+00
8.698387815043670535e-02
7.906592942422887571e-01
-1.446645464256950619e+00
1.783265997603335151e+00
-1.630310101267125722e+00
8.726572425380076936e-01
3.150512158606916246e-01
-1.442005233968889577e+00
1.991579631154679619e+00
-1.773545475582581687e+00
9.987770257634720483e-01
-3.715620329568199848e-02
-8.498130583350994582e-01
1.534142670346807957e+00
-1.868359636549045799e+00
1.641347052612813995e+00
-7.701961023901744419e-01
-4.837753778604081956e-01
1.574892328510719031e+00
-2.019589294899210241e+00
1.710652360183692267e+00
-9.058806735964803902e-01
-4.840217492605188021e-02
9.338370778202403910e-01
-1.619376849242866623e+00
1.912995091743903142e+00
-1.586936046272634293e+00
6.136627202184883334e-01
6.618462318156306257e-01
-1.669014372742006813e+00
1.987944137718786974e+00
-1.600105946918330080e+00
7.923608199006499930e-01
1.307436279979811433e-01
-9.964814127080814377e-01
1.665567671536734018e+00
-1.906304281180952076e+00
1.490228810131439374e+00
-4.522987007369174695e-01
-7.968328896345777679e-01
1.694440475978258309e+00
-1.902575263147206597e+00
1.478245292821695811e+00
-7.065890718797259717e-01
-1.693498025181837396e-01
1.018802293021371153e+00
-1.681295753673386129e+00
1.882578845912604271e+00
-1.400187292498819458e+00
3.298782529888343307e-01
8.715028918819200943e-01
-1.670861414083448793e+00
1.811342313912778668e+00
-1.397402675021534924e+00
6.809216305293092075e-01
1.639212513625541434e-01
-1.029138658609654700e+00
1.710380296997290550e+00
-1.885176254462621159e+00
1.344511184599114229e+00
-2.465440114696723917e-01
-9.166336308680420597e-01
1.649332809327628935e+00
-1.762488822924335841e+00
1.379003470861900782e+00
-6.995446180773232658e-01
-1.582945215255920357e-01
1.077450959418446930e+00
-1.787627650041614613e+00
1.922209046378838826e+00
-1.303774723390779711e+00
1.623775147211228287e-01
9.792210858962515641e-01
-1.665528489164109338e+00
1.762900199490469832e+00
-1.394858285452059032e+00
7.108583916412988257e-01
2.024460745574028775e-01
-1.188130744192176680e+00
1.902471975838833540e+00
-1.956146957699320899e+00
1.231165405798300805e+00
-3.901080626981277139e-02
-1.076326163992220808e+00
1.708482773293559465e+00
-1.775213331409374984e+00
1.394172084615160845e+00
-6.729560210548296562e-01
-3.081217480367507422e-01
1.335810384041913546e+00
-2.005137385031293462e+00
1.937397717221454263e+00
-1.099078213628166711e+00
-1.203369054688161743e-01
1.178267865952261406e+00
-1.734094775747810901e+00
1.756177441896675795e+00
-1.350750725775873073e+00
5.895803841164605208e-01
4.396991921946878379e-01
-1.467099036639717635e+00
2.049848868993966011e+00
-1.850345738675914342e+00
9.283825896753370444e-01
2.705170020702299394e-01
-1.237076967653119253e+00
1.710356201009076482e+00
-1.699781679397397660e+00
1.285927796601153972e+00
-5.029643940253278878e-01
-5.487166551421952532e-01
1.547922387811246914e+00
-2.034651009041574365e+00
1.728473610112770897e+00
-7.724596637187590709e-01
-3.644207324705176498e-01
1.233305064868008838e+00
-1.651284377588402741e+00
1.644238710997246500e+00
-1.245745799872055359e+00
4.506539004464279463e-01
6.193857357765071292e-01
-1.592057174133482356e+00
2.000560543736133123e+00
-1.624265582481479342e+00
6.707461463130532930e-01
3.957656350688938396e-01
-1.196861541749319358e+00
1.607191557285608807e+00
-1.636115995167185755e+00
1.254179816150049920e+00
-4.273764492888009192e-01
-6.821427872111480717e-01
1.644251711005787486e+00
-1.991095601150153271e+00
1.562165681961771302e+00
-6.152825467154341421e-01
-4.044580672132523924e-01
1.181976656293568517e+00
-1.620150446783714226e+00
1.685450500119449746e+00
-1.286860252136561078e+00
3.882005945934813851e-01
7.825598224250920332e-01
-1.734206821224420825e+00
2.010534876391127490e+00
-1.518766033653053293e+00
5.615049709695706381e-01
4.395091389966136464e-01
-1.219618515863326369e+00
1.686412681527862389e+00
-1.754295528536897963e+00
1.290435385138288149e+00
-2.901824269221340291e-01
-9.351579413842542321e-01
1.845184424664047196e+00
-2.020360048789101803e+00
1.448633141965931515e+00
-4.728092994643127156e-01
-5.144364238907817022e-01
1.291933030927268078e+00
-1.761050507150939248e+00
1.789692151770550410e+00
-1.229640828730685698e+00
1.332773710260851396e-01
1.105988760382808467e+00
-1.927167844197371860e+00
1.977195112937119692e+00
-1.331065993949032578e+00
3.566143353377628777e-01
5.970773842509912166e-01
-1.352485768211360018e+00
1.800337041270552607e+00
-1.770210696022720853e+00
1.117962665837085146e+00
3.811497686261759027e-02
-1.240748471653194906e+00
1.942386652361342225e+00
-1.876293372537737758e+00
1.193312679708877333e+00
-2.577635576818508856e-01
-6.431812214326908528e-01
1.372884289639385136e+00
-1.801867442811805553e+00
1.722455870206379247e+00
-1.003204526646779060e+00
-1.745542730327767911e-01
1.312237038341105499e+00
-1.900388164856130935e+00
1.759300210288291311e+00
-1.088008235975010507e+00
2.154684994743109594e-01
6.417692535110768315e-01
-1.371517189272792425e+00
1.804658296183248245e+00
-1.692302079959885575e+00
9.217457857416950784e-01
2.649379337506339582e-01
-1.342706052461626109e+00
1.849603178657411418e+00
-1.678668565039068472e+00
1.045848619082759390e+00
-2.245082062086096730e-01
-6.291147341214831101e-01
1.397101747523389115e+00
-1.849326890701679327e+00
1.698343810645470242e+00
-8.647281427237945017e-01
-3.432011780511309285e-01
1.380295434999820436e+00
-1.833308128416224259e+00
1.651974158615174826e+00
-1.047960322477630823e+00
2.374790205759282069e-01
6.578068593727579572e-01
-1.482476794624103977e+00
1.936202713874846104e+00
-1.711794605753363063e+00
7.880464207198940585e-01
4.523456868873275138e-01
-1.452019249861498773e+00
1.851387969131472966e+00
-1.648901187836951721e+00
1.043929560271372292e+00
-2.062280162791248483e-01
-7.497825806858068320e-01
1.612261955777494205e+00
-2.021226206750124987e+00
1.682043805117812374e+00
-6.565783039785157982e-01
-6.000904122041506028e-01
1.537803853435328216e+00
-1.863745043901880560e+00
1.622859208851064938e+00
-9.984660208342973631e-01
1.236808049882611726e-01
8.773981465462740159e-01
-1.735020258372835356e+00
2.053849906926247026e+00
-1.583905416668581312e+00
4.806862656175009407e-01
7.483285125675789295e-01
-1.590112398384945669e+00
1.831833023306602248e+00
-1.557123221622246367e+00
9.227555448356729029e-01
-2.693077652016714202e-02
-9.902307672666392779e-01
1.808652684182307180e+00
-2.021507809966583302e+00
1.442022345323269228e+00
-3.102501217434784353e-01
-8.466236694767967919e-01
1.580563528605098966e+00
-1.758779336956038941e+00
1.481759241797235394e+00
-8.611007408875638314e-01
-4.098615720413159580e-02
1.062239702542538744e+00
-1.836463463158272136e+00
1.958980098575950679e+00
-1.309344787058594806e+00
1.915278803856251821e-01
8.783449236374835101e-01
-1.529378844561221307e+00
1.689887424756536527e+00
-1.445263044503851901e+00
8.457233365878290554e-01
7.425009881089009167e-02
-1.114805629346761640e+00
1.860186915397814333e+00
-1.914043721705174894e+00
1.219844616516959412e+00
-1.272124596036702804e-01
-8.760205042876180181e-01
1.489617074474840042e+00
-1.672728781140298437e+00
1.467682425343624475e+00
-8.627029678070340379e-01
-1.113733500503695240e-01
1.194033446902829310e+00
-1.916902025042566349e+00
1.901967113053339764e+00
-1.159856393263418495e+00
7.705610927497599794e-02
8.914388342182811842e-01
-1.500763855975915773e+00
1.714227745648652101e+00
-1.519570993875684062e+00
8.615414616111869428e-01
1.993973339184854643e-01
-1.323957365465314728e+00
2.000828314283678466e+00
-1.891835350751006395e+00
1.084792017743967607e+00
1.801629838700899433e-03
-9.486287704871385618e-01
1.555135780346377006e+00
-1.775059509160367810e+00
1.546835880496963078e+00
-7.996631071460043039e-01
-3.488968360732461749e-01
1.480099262278721906e+00
-2.066346032751091411e+00
1.837547938666943992e+00
-9.651171535778504396e-01
-1.130620651584748337e-01
1.023913082607130098e+00
-1.608463916237911295e+00
1.806563219957145083e+00
-1.518303978280539646e+00
6.801529381888948844e-01
5.222978115887711992e-01
-1.608666502316459690e+00
2.069608142732772382e+00
-1.724073193239914925e+00
8.178549160945985941e-01
2.175808943957835140e-01
-1.071599389545331515e+00
1.624358617671564753e+00
-1.795351928190344726e+00
1.451440410891006394e+00
-5.473519177834624827e-01
-6.666755449311974058e-01
1.673616559842659779e+00
-2.009600693333679633e+00
1.585061173239125987e+00
-6.935655400787428260e-01
-2.712505311150917864e-01
1.070746663956321454e+00
-1.610441161723466408e+00
1.773639099492321014e+00
-1.392292039412294846e+00
4.446144501487221401e-01
7.603089462233294515e-01
-1.687498527660090453e+00
1.929927349188506724e+00
-1.474886264441994665e+00
6.308239814286427105e-01
2.686008567059204322e-01
-1.048528412002550425e+00
1.611874317366602805e+00
-1.785747453984865674e+00
1.368917927430904680e+00
-3.741434055751333698e-01
-8.293510114050880455e-01
1.697244564610198347e+00
-1.879556698281789062e+00
1.421164267162833506e+00
-6.209690688181650486e-01
-2.507771877892019941e-01
1.057804916411019924e+00
-1.668326266734654340e+00
1.842690649217063603e+00
-1.362548950655194213e+00
2.967530842733647201e-01
9.192181866475885865e-01
-1.738527377176334099e+00
1.869403151868751944e+00
-1.402213588686987311e+00
6.162988672514222444e-01
2.700968413834786142e-01
-1.129767390105968161e+00
1.775016096922891196e+00
-1.908020569937689093e+00
1.323918742420918226e+00
-1.716293547601194514e-01
-1.048044805170870619e+00
1.801873863555614186e+00
-1.865463337237291741e+00
1.370417728502131505e+00
-5.739877581252721406e-01
-3.443127652247383041e-01
1.246105592966285203e+00
-1.884738037367940544e+00
1.928642009520324052e+00
-1.219489139802004241e+00
-1.676306329320143007e-03
1.186452838184985925e+00
-1.842527848129529744e+00
1.824672759352937934e+00
-1.299183959537060895e+00
4.943906732930887782e-01
4.434039573000964629e-01
-1.356809802800842402e+00
1.949176610009754729e+00
-1.881843059489210823e+00
1.063979477722101885e+00
1.789537044617907635e-01
-1.283000661835567158e+00
1.824663090909134366e+00
-1.739300803949969554e+00
1.209004650234678291e+00
-4.177892224492954498e-01
-5.210237440859938340e-01
1.426749352342957300e+00
-1.960812516066456235e+00
1.794440537544588654e+00
-9.084308788098721665e-01
-3.091320154246783303e-01
1.311488801446144992e+00
-1.758034444858924239e+00
1.647645849741985913e+00
-1.147946134494574721e+00
3.829285734644122252e-01
5.606301406406332122e-01
-1.467116062396681908e+00
1.956203667279408309e+00
-1.716185052784597653e+00
7.949029517124508448e-01
3.788406774417467648e-01
-1.295579248159875574e+00
1.692213332055577890e+00
-1.600629347873887998e+00
1.145002912778632531e+00
-3.868022627404112401e-01
-5.925323690725897707e-01
1.522204524969661854e+00
-1.977889876857316986e+00
1.672647264226394537e+00
-7.203085240491030605e-01
-4.219960708511948377e-01
1.287492325376357494e+00
-1.673529442267709166e+00
1.615568894659993315e+00
-1.180464927710440648e+00
3.839829175033571129e-01
6.656226408764392977e-01
-1.624238655775011475e+00
2.031199182103784473e+00
-1.642069781566723119e+00
6.432081176928705624e-01
4.856289247218280591e-01
-1.320781679710806511e+00
1.705011445198704401e+00
-1.660593332549366030e+00
1.201479621209835313e+00
-3.264624711873557739e-01
-8.004283356219001888e-01
1.759175653068712597e+00
-2.076996200538600235e+00
1.577947834038630592e+00
-5.268107397623222887e-01
-5.843864325771084278e-01
1.381558479672483131e+00
-1.746795222048646457e+00
1.684342453386970195e+00
-1.168408242824331866e+00
2.066914559112420502e-01
9.678526985217200673e-01
-1.876096702142566297e+00
2.067418238707423583e+00
-1.455849032848242297e+00
3.772569935512002925e-01
6.867357804907157082e-01
-1.425049078871025054e+00
1.756313539843224802e+00
-1.662960418487523295e+00
1.088558133542595119e+00
-6.341846634652709147e-02
-1.113827110579796997e+00
1.931666205150915916e+00
-1.990982406900502655e+00
1.300026966104643966e+00
-2.407431454522521996e-01
-7.458739708134962676e-01
1.421536329774685248e+00
-1.730101360340319028e+00
1.620171534835239679e+00
-1.005800992057030108e+00
-5.505101550718327630e-02
1.206852869345001356e+00
-1.928021552572269703e+00
1.884500481719839415e+00
-1.164396652750543604e+00
1.619473640327889208e-01
7.460550527163709589e-01
-1.387982780409148686e+00
1.707611860726837794e+00
-1.601718510778499027e+00
9.562027884902914998e-01
1.354728619317980276e-01
-1.263870305906227731e+00
1.908602510704602295e+00
-1.800460325820598007e+00
1.085483324816786999e+00
-1.428221286785330835e-01
-7.204042922971614082e-01
1.375157045217487939e+00
-1.733390124033846735e+00
1.628581107023083563e+00
-9.318206853822478264e-01
-2.101259044855536273e-01
1.330380861840492868e+00
-1.916046685093417468e+00
1.760466794817697522e+00
-1.051409755658069045e+00
1.405683921514444268e-01
7.231257679445489694e-01
-1.422119351956196098e+00
1.813355608544084063e+00
-1.673459673204122033e+00
8.870422110679044847e-01
3.234157056131429231e-01
-1.433924935828936098e+00
1.951983239155986372e+00
-1.738414382687661019e+00
1.015885289803100999e+00
-1.067330779020907172e-01
-7.820044910906427393e-01
1.520794553566880092e+00
-1.906603685367270318e+00
1.683061847146598566e+00
-7.816011018525763632e-01
-4.863917229247533003e-01
1.555135997221306798e+00
-1.976662326493065169e+00
1.688951742523732147e+00
-9.437513439812181826e-01
3.066239197677793349e-02
8.756843926368947928e-01
-1.623928820443544030e+00
1.960700841325362376e+00
-1.625482573011892029e+00
6.196883951966627446e-01
6.624143104402697713e-01
-1.643947301836012898e+00
1.948660070175200376e+00
-1.594030345645816915e+00
8.449408203613127943e-01
5.347815020074132147e-02
-9.568357615842610908e-01
1.688883335381651918e+00
-1.957464826135942193e+00
1.518235029899242861e+00
-4.481589666283236628e-01
-7.978403682322585677e-01
1.665834645465941843e+00
-1.866984955001498303e+00
1.483270345734075013e+00
-7.647418801664856991e-01
-1.024528787345135306e-01
9.990620332491071398e-01
-1.716001044318167024e+00
1.926362379463581131e+00
-1.410675334108035139e+00
3.153420166292230653e-01
8.691090124111158222e-01
-1.634535768508588394e+00
1.775571015582725121e+00
-1.408625151990752222e+00
7.395984698587378947e-01
1.084038130950934070e-01
-1.023062366538528778e+00
1.745502175773732567e+00
-1.913224000906639244e+00
1.337511450782137956e+00
-2.290653872899459098e-01
-9.020991153077462243e-01
1.600346021987472556e+00
-1.725591783230398413e+00
1.397022392406528812e+00
-7.603048364898359335e-01
-1.097046639082595032e-01
1.077234061730940606e+00
-1.816085852056483096e+00
1.934119466723366543e+00
-1.287273231886123304e+00
1.531906623635139186e-01
9.457390206553062395e-01
-1.604913188614680353e+00
1.730816358129433352e+00
-1.425530401607555397e+00
7.775601275408314805e-01
1.576514937362827606e-01
-1.190997985524522074e+00
1.924615623423209465e+00
-1.958188020480839509e+00
1.215397927127675803e+00
-4.558534098985289607e-02
-1.024940705692426901e+00
1.644980337285931515e+00
-1.757807490732007150e+00
1.442440728884408774e+00
-7.449376681611205031e-01
-2.701482373518186431e-01
1.344976642097492459e+00
-2.025276329062918990e+00
1.935812752535758907e+00
-1.089385845292664357e+00
-9.864274806424402908e-02
1.117345498425592387e+00
-1.679009774165712621e+00
1.759921601194901930e+00
-1.414427868517750042e+00
6.590522360604498253e-01
4.158926151550887407e-01
-1.486346244707554165e+00
2.069340085174867561e+00
-1.845639749033411992e+00
9.231386479004127787e-01
2.397538928005658598e-01
-1.175792250864888366e+00
1.670106825861643385e+00
-1.722801187856787486e+00
1.355435763285256945e+00
-5.593614295038563666e-01
-5.438754087642554413e-01
1.575131440990180653e+00
-2.048324691195649638e+00
1.716054342658744458e+00
-7.677504667707656383e-01
-3.290426377584542705e-01
1.175167431548998831e+00
-1.624388964194842577e+00
1.678293005908909397e+00
-1.310270574196102267e+00
4.881097208005138466e-01
6.303438998509096614e-01
-1.618066142626076509e+00
2.000068187387545660e+00
-1.600730724462562815e+00
6.670979425149223818e-01
3.540554503255275987e-01
-1.139197756147314111e+00
1.588260485537198674e+00
-1.673624662944693364e+00
1.308687876318341381e+00
-4.484870697246544635e-01
-6.990017220681783439e-01
1.658406884591868247e+00
-1.972160176603191761e+00
1.531122805694866473e+00
-6.198058725140880298e-01
-3.507403168008820238e-01
1.121607354247824873e+00
-1.606882100247406964e+00
1.725001179541010954e+00
-1.333643344222069871e+00
4.006823332175414309e-01
7.955703485821737919e-01
-1.731652363374841741e+00
1.977318315105812463e+00
-1.490453052164019798e+00
5.831881111567978060e-01
3.710126526507393496e-01
-1.159088770673583513e+00
1.682819062965842605e+00
-1.799584133679418052e+00
1.334013274422857442e+00
-2.996542242662323385e-01
-9.409863790146473228e-01
1.829265341105996256e+00
-1.982796303666028770e+00
1.433419786745029123e+00
-5.152159010996069100e-01
-4.361983044507231622e-01
1.240126944388130870e+00
-1.773774023805926303e+00
1.843111840707920113e+00
-1.270095680671748939e+00
1.389684049772804131e-01
1.107724710502048682e+00
-1.904879401369506287e+00
1.943691025228810876e+00
-1.332678852523646595e+00
4.147648832324325463e-01
5.200569475424087207e-01
-1.318774452111486806e+00
1.831526416809980073e+00
-1.827404289596913367e+00
1.149210125444737995e+00
4.077832284045990879e-02
-1.241936891275500665e+00
1.917294140898711863e+00
-1.848496867868315352e+00
1.207900867292109659e+00
-3.221168970447267910e-01
-5.771079948603511367e-01
1.360103361373633302e+00
-1.845414995626041943e+00
1.773261152617442660e+00
-1.017979317353853164e+00
-1.870976689153712735e-01
1.310848799679774856e+00
-1.869744838535199349e+00
1.733627137465017842e+00
-1.109693487075327223e+00
2.793063691578636654e-01
5.891894269483413105e-01
-1.374239045935652159e+00
1.849508300221013535e+00
-1.727483886936433510e+00
9.186612941195506643e-01
2.814255018387619156e-01
-1.330985631371587097e+00
1.808344553110209363e+00
-1.652866235412295159e+00
1.073344371729175961e+00
-2.878961158345361704e-01
-5.859659143575459694e-01
1.406750161377159580e+00
-1.886956727935419575e+00
1.716017278431885007e+00
-8.507247463465448245e-01
-3.526998441932681638e-01
1.350821622741070316e+00
-1.781027428643717991e+00
1.630237030774638107e+00
-1.085912128904183760e+00
3.042769089316494369e-01
6.197126334649825097e-01
-1.494460695992751109e+00
1.965485418959892261e+00
-1.717683744575704941e+00
7.738098997018975078e-01
4.462321059111301058e-01
-1.404377547237755541e+00
1.795511652644159462e+00
-1.640437739624277746e+00
1.097696728044893488e+00
-2.772332077759721569e-01
-7.179072550451464085e-01
1.628486088671334375e+00
-2.046374836386902096e+00
1.683467071478293331e+00
-6.490687107926615962e-01
-5.775833760987471033e-01
1.479607469913092777e+00
-1.815659121806502130e+00
1.635031510367586316e+00
-1.067341430989605655e+00
1.926619708373061290e-01
8.581839795557512085e-01
-1.759571705988387080e+00
2.077667400520990082e+00
-1.583217365520573239e+00
4.795858702115297079e-01
7.152675661222833714e-01
-1.531354737878584116e+00
1.799332160454072849e+00
-1.589465774241357376e+00
9.981752038413337358e-01
-8.358312576674439831e-02
-9.891941302359041899e-01
1.840965452171892558e+00
-2.040564853613305196e+00
1.435666204007786328e+00
-3.114036837166036520e-01
-8.088296651930497738e-01
1.526495773547116075e+00
-1.741675463584641204e+00
1.526432141695218458e+00
-9.317523004966878908e-01
-3.692364692123570324e-03
1.077696708681191495e+00
-1.868685254308816379e+00
1.965469414030296180e+00
-1.293291058848113018e+00
1.938381285001118948e-01
8.359359977272824427e-01
-1.478427878645688365e+00
1.682653480418257796e+00
-1.493508580335945357e+00
9.049986939917959994e-01
5.505177090213617119e-02
-1.137550105902538355e+00
1.881523406060165327e+00
-1.902685813556112215e+00
1.196090408365335422e+00
-1.362078689567816914e-01
-8.240699300295620811e-01
1.438050616302829710e+00
-1.671458913381110856e+00
1.516275221021913922e+00
-9.117504145795209958e-01
-1.026210589269495044e-01
1.213449124456644101e+00
-1.921119527734521659e+00
1.875491316734941627e+00
-1.137603043546414838e+00
1.015287106181980564e-01
8.262886776510276476e-01
-1.449413908340978052e+00
1.721187084200553885e+00
-1.571337064208610412e+00
9.053221120383719844e-01
1.940268624906202333e-01
-1.335034194929037854e+00
1.990080044026865336e+00
-1.859816982945579733e+00
1.074907532541790278e+00
-4.291101431227506424e-02
-8.737541499202999828e-01
1.511546909045414777e+00
-1.796451329334323388e+00
1.604977819156511609e+00
-8.399889618100694344e-01
-3.459138670712709196e-01
1.485009163230409879e+00
-2.047899507871781655e+00
1.809569169246369791e+00
-9.728196667483792748e-01
-5.181278757754526759e-02
9.495878373486055235e-01
-1.582174857706896809e+00
1.845629387317779813e+00
-1.580158702334995446e+00
7.124796868317514464e-01
5.257120419347587337e-01
-1.611701867222077977e+00
2.048676375409220984e+00
-1.703460691577361796e+00
8.402508983696451716e-01
1.493688242167273694e-01
-1.008415309738530663e+00
1.619554319455087876e+00
-1.847412929755875677e+00
1.507850514810393117e+00
-5.644847674603159504e-01
-6.790773564537130325e-01
1.674545804051508879e+00
-1.985072052998869241e+00
1.568855998388881012e+00
-7.241380751186219378e-01
-2.042642481640848107e-01
1.022814505256402828e+00
-1.622761815376883465e+00
1.827927037435739033e+00
-1.433466694785234807e+00
4.438778568243003098e-01
7.773955573630785265e-01
-1.679848697539382707e+00
1.896965853602632368e+00
-1.459789682524690324e+00
6.664713009487506223e-01
2.044188726152377789e-01
-1.012490774206678878e+00
1.632326029093583264e+00
-1.832536384547546415e+00
1.391501781232721280e+00
-3.612089173838081702e-01
-8.408483701054948467e-01
1.673311127690303435e+00
-1.836478295533598981e+00
1.409559191341104301e+00
-6.648656652565184677e-01
-1.858823174862760663e-01
1.028333687502265503e+00
-1.690623154243509951e+00
1.879269844333076200e+00
-1.371421764029690626e+00
2.823894060151178609e-01
9.156187762100097549e-01
-1.696486242446078929e+00
1.822128639507357706e+00
-1.402312057790128241e+00
6.738806390905770494e-01
2.024323639988673540e-01
-1.106149752993433211e+00
1.799530648610922601e+00
-1.938163857770022647e+00
1.327148091126578278e+00
-1.642456289455968554e-01
-1.027076258650759577e+00
1.748301037275391101e+00
-1.825085264298939691e+00
1.390174768594096610e+00
-6.459383981213105974e-01
-2.784035996441913130e-01
1.233565268471463305e+00
-1.915513357136841899e+00
1.956353615468486407e+00
-1.221236042073055472e+00
-9.077830777393589012e-04
1.153404912319833331e+00
-1.787878942066167154e+00
1.800145661962442523e+00
-1.339567582660631251e+00
5.734151264720332986e-01
3.889254737506377957e-01
-1.361261369237531937e+00
1.987061325455962590e+00
-1.905525683105329993e+00
1.062001164625847816e+00
1.740755558271456782e-01
-1.244771779170037229e+00
1.775828160694903124e+00
-1.731865891220614406e+00
1.262899824553100014e+00
-4.924493621000108345e-01
-4.859156112030641461e-01
1.447968581469198490e+00
-1.999475737855192614e+00
1.807174531214689406e+00
-8.984034319060689722e-01
-3.026783571308879761e-01
1.270062561474344598e+00
-1.714776608590604434e+00
1.651989909788368127e+00
-1.205740618162563838e+00
4.451937182266385018e-01
5.450547375525616189e-01
-1.496888702253147629e+00
1.985081369866869228e+00
-1.711964996948027506e+00
7.772795381496380163e-01
3.670269427464721845e-01
-1.247092936212822911e+00
1.650586914481988465e+00
-1.611471574121321915e+00
1.201682727934261230e+00
-4.364789506994763979e-01
-5.892523395508331152e-01
1.549391499735214506e+00
-1.989558142445045252e+00
1.652714743254708907e+00
-7.029838864477832017e-01
-3.965866823976083033e-01
1.227695139039777894e+00
-1.632763192158628751e+00
1.633315421173227255e+00
-1.237699399424581737e+00
4.261248607941488520e-01
6.663977497322314258e-01
-1.642224862088285775e+00
2.026452394122053580e+00
-1.615302961133423976e+00
6.371891074362679985e-01
4.408801741569903232e-01
-1.251570626240323003e+00
1.671075189787229798e+00
-1.690660908700621023e+00
1.262965366535441003e+00
-3.644522915344938774e-01
-8.024386694837448708e-01
1.768954090741787777e+00
-2.063013222783740108e+00
1.554795654939050031e+00
-5.386905020893579810e-01
-5.225926335850625826e-01
1.312198008758454604e+00
-1.729027294875887133e+00
1.730814893073146621e+00
-1.233142667576718976e+00
2.377137977215998399e-01
9.742139863490890672e-01
-1.882367314286982340e+00
2.050845868371887537e+00
-1.441321574566097219e+00
4.053304608184095104e-01
6.171380466222327055e-01
-1.366653435598369493e+00
1.760087524994783381e+00
-1.722675053408540435e+00
1.148681182422966573e+00
-8.071313039131533529e-02
-1.127911491621070406e+00
1.935903279668400367e+00
-1.972476277590424765e+00
1.292095111012121933e+00
-2.782125817982795124e-01
-6.778687088313215536e-01
1.379732166301116392e+00
-1.752319474956833156e+00
1.683002173541965352e+00
-1.051320331437762157e+00
-5.525059680437297699e-02
1.226028369472904389e+00
-1.925281802438727263e+00
1.859801019966272451e+00
-1.159023829109564918e+00
2.040427993699364950e-01
6.829410454487402360e-01
-1.360393523078025080e+00
1.739227658270317445e+00
-1.657031651964780750e+00
9.823837736463645331e-01
1.489198249068573732e-01
-1.278851626012958098e+00
1.891252139200799043e+00
-1.766833560122947455e+00
1.083253910264945441e+00
-1.910478259926766120e-01
-6.593365824563731659e-01
1.355832288828742627e+00
-1.766616854825556526e+00
1.672052178133763167e+00
-9.424481096533857682e-01
-2.263345412864994355e-01
1.331093281954094154e+00
-1.880977301783575362e+00
1.722210468303960296e+00
-1.059238795842718961e+00
2.000860772597533310e-01
6.610456823522725678e-01
-1.408533292880502108e+00
1.846878687452330414e+00
-1.708106892759515549e+00
8.905809146572123414e-01
3.327637932120761644e-01
-1.416614958027028415e+00
1.904507307836188490e+00
-1.705965790927133963e+00
1.041986766049209479e+00
-1.794554721865788960e-01
-7.216588855447361173e-01
1.516685859245825663e+00
-1.944072523008400166e+00
1.713796634981006095e+00
-7.838987279752231974e-01
-4.861068060741214891e-01
1.524239973863115383e+00
-1.927325885769212155e+00
1.672150255164242871e+00
-9.904740773217289851e-01
1.107551693626059042e-01
8.257731401977677077e-01
-1.635263075206259131e+00
2.004173398666722949e+00
-1.652553428930124024e+00
6.200396317957231895e-01
6.560807803816397499e-01
-1.607110506385480475e+00
1.905815980166209345e+00
-1.595608538903571239e+00
9.061758192799562739e-01
-2.279897807540343796e-02
-9.259036207750130920e-01
1.716797392988989923e+00
-2.002274379818036909e+00
1.535924051587825856e+00
-4.422970370223465730e-01
-7.891802466739112898e-01
1.626857383990837569e+00
-1.831907088833080399e+00
1.498462240505351151e+00
-8.303781440958502014e-01
-3.922311632478244631e-02
9.887126614801345914e-01
-1.753520104517105382e+00
1.962540800541512809e+00
-1.412571690784714118e+00
3.023179337802878175e-01
8.561686820524582187e-01
-1.590892439781455225e+00
1.744448728772071799e+00
-1.431060464678781674e+00
8.029370405410760636e-01
5.988656635725761457e-02
-1.026786821758368884e+00
1.781331024686358289e+00
-1.932408798172831732e+00
1.323392890778745112e+00
-2.152584368841976015e-01
-8.775423374654234276e-01
1.547521263990191631e+00
-1.696232355531735791e+00
1.425214978448298364e+00
-8.216233662475423971e-01
-7.109968427544957614e-02
1.085932470284654672e+00
-1.842152104435934579e+00
1.935652606891473670e+00
-1.265022182200505885e+00
1.493770669799265594e-01
9.031154917754605771e-01
-1.543288406535673563e+00
1.707447957388754212e+00
-1.463791760624742366e+00
8.407103174075993834e-01
1.242304397371903901e-01
-1.200043824675762316e+00
1.940531232029737430e+00
-1.948812776915915368e+00
1.195985117752433435e+00
-5.954570908251013983e-02
-9.650784420255986706e-01
1.582535639416565720e+00
-1.749201508241792880e+00
1.495398419068372231e+00
-8.104678979959140106e-01
-2.428809799318651652e-01
1.356299189833297003e+00
-2.035795466653006702e+00
1.923337455077582581e+00
-1.079431634515301885e+00
-6.725800356894694187e-02
1.048811090609873320e+00
-1.627015661562189797e+00
1.772414316444531179e+00
-1.480447865450464251e+00
7.206362294824543158e-01
4.007518162634455261e-01
-1.503777352357268837e+00
2.077478387642066160e+00
-1.832544278560253259e+00
9.218033597694802461e-01
1.976612163963466506e-01
-1.108876204217064787e+00
1.635581087428636726e+00
-1.754682209191078757e+00
1.425354573846734363e+00
-6.071764853653962568e-01
-5.454606103161937503e-01
1.597669343027297018e+00
-2.050852462358712103e+00
1.698982834046047330e+00
-7.705990863473056729e-01
-2.824635958327637031e-01
1.114887087230732821e+00
-1.606158658927323346e+00
1.720822518076106977e+00
-1.372886175953118126e+00
5.162073131541193849e-01
6.459145156223882189e-01
-1.637700801629000891e+00
1.989782835927428994e+00
-1.576180628521677285e+00
6.730083246071587588e-01
3.032849678266101856e-01
-1.083678722866482147e+00
1.580103530624479724e+00
-1.717773124172730315e+00
1.358111290794350001e+00
-4.593677515378822851e-01
-7.187030323742515936e-01
1.664846264050534597e+00
-1.944864517014091021e+00
1.501729780231349398e+00
-6.341489678144734965e-01
-2.912361445194219800e-01
1.067091723270519266e+00
-1.604600538336012017e+00
1.767687219584673786e+00
-1.371862259371573689e+00
4.028470010954960379e-01
8.088586467029172944e-01
-1.719749994938307713e+00
1.936902991472159385e+00
-1.465667041348105437e+00
6.140815928276071034e-01
2.998584952159475403e-01
-1.106553058008068025e+00
1.688461143859546709e+00
-1.843730265038054039e+00
1.366517037983145721e+00
-3.004459134721046421e-01
-9.434556989655971115e-01
1.802350217889404416e+00
-1.939528082838223533e+00
1.423644039399871497e+00
-5.662621063703815460e-01
-3.576480805661614304e-01
1.196988650588949543e+00
-1.792998413362427490e+00
1.891723546078446061e+00
-1.298914166655546820e+00
1.393766137470957567e-01
1.102181102624310016e+00
-1.870987260281913533e+00
1.907144182414677536e+00
-1.342122455924835922e+00
4.810858088846368674e-01
4.446788228859890335e-01
-1.293841430967742623e+00
1.866661350772831574e+00
-1.877546524730107746e+00
1.170094144726410601e+00
4.461005772236165123e-02
-1.232991369360159961e+00
1.881916482327711249e+00
-1.821560187659471586e+00
1.232644490224267697e+00
-3.934749948831703925e-01
-5.150536759090471595e-01
1.356358862913367158e+00
-1.890909532711119168e+00
1.815905117422064396e+00
-1.024461784994824765e+00
-1.973107622997950505e-01
1.298387194011425994e+00
-1.831910952264910186e+00
1.712965332980607158e+00
-1.142605394316215328e+00
3.474960115996872378e-01
5.436507880651493263e-01
-1.386175232584716088e+00
1.894283362916043600e+00
-1.753632631842687362e+00
9.091576626128693439e-01
2.932945552669597999e-01
-1.308880616628067761e+00
1.763621340848441577e+00
-1.635109810376323969e+00
1.111093298357451520e+00
-3.516316867204806185e-01
-5.527228863729067854e-01
1.424756361995661580e+00
-1.921700474053142482e+00
1.723544839152048036e+00
-8.318767318574482594e-01
-3.560418670370550931e-01
1.312233566684303243e+00
-1.728418434449376928e+00
1.617781393963703129e+00
-1.131429539787890848e+00
3.672192512635535921e-01
5.929709625091792446e-01
-1.512201758882318448e+00
1.988295858226866830e+00
-1.712581280638203030e+00
7.567444047230512671e-01
4.323291953380927199e-01
-1.348689369755254441e+00
1.741499182826345082e+00
-1.641139406359482855e+00
1.155823146010852565e+00
-3.413018934861269393e-01
-6.967527161374353906e-01
1.646464315488202601e+00
-2.061710807471362816e+00
1.674386617045230619e+00
-6.418683145862966732e-01
-5.453349718387618950e-01
1.414408999172949155e+00
-1.771294201883441444e+00
1.655908881624724938e+00
-1.137906265196689359e+00
2.532340126639746614e-01
8.474768136934809348e-01
-1.781733371366603924e+00
2.089856643454706564e+00
-1.574441868231939434e+00
4.828020820233070998e-01
6.709597792720489728e-01
-1.467480104611442959e+00
1.772828354411404961e+00
-1.630246496859370176e+00
1.073251061932533945e+00
-1.313762745245460051e-01
-9.940612188515797198e-01
1.867822623212876731e+00
-2.048203506104066651e+00
1.425034278563860779e+00
-3.205570190072783987e-01
-7.598597503233224248e-01
1.470600846462500888e+00
-1.733222379646014222e+00
1.579019520756768991e+00
-9.999354027932767508e-01
2.439140354759138096e-02
1.096907685118587050e+00
-1.893733449632437837e+00
1.962135938373259725e+00
-1.276853068957851001e+00
2.062661279881747856e-01
7.844505969696242698e-01
-1.429861445599250436e+00
1.686112405695034289e+00
-1.547940641146712482e+00
9.589627488959511226e-01
4.557997469052121886e-02
-1.162195396541775283e+00
1.894619997596537431e+00
-1.883350556145993782e+00
1.174860542926015050e+00
-1.555551116628808850e-01
-7.664695144565193408e-01
1.392688743578320620e+00
-1.681170572219028880e+00
1.567703445747877344e+00
-9.522325258936180647e-01
-1.035779479273120085e-01
1.232397540300461447e+00
-1.915887551737644579e+00
1.842540091463036767e+00
-1.119756651192261421e+00
1.354566797585390892e-01
7.589314645582124763e-01
-1.406549121390090029e+00
1.737374950696361608e+00
-1.621656670754212604e+00
9.380409739374662159e-01
1.968279410607989000e-01
-1.342291886909801724e+00
1.968549063303930424e+00
-1.822886757324653217e+00
1.071059556656578815e+00
-9.607969524213164081e-02
-7.992713097326549221e-01
1.477060908973371278e+00
-1.824115731565424836e+00
1.657836406750459624e+00
-8.686163592833597846e-01
-3.477915049674936698e-01
1.482324965086329494e+00
-2.018130571767849268e+00
1.779159854452998513e+00
-9.885642000685138653e-01
1.710781806756749013e-02
8.775928484521592354e-01
-1.564775491205907976e+00
1.888057569246970768e+00
-1.634342475721830779e+00
7.344422901884317678e-01
5.297749007400872623e-01
-1.604241525317429806e+00
2.017655723473045004e+00
-1.684104313122244845e+00
8.727662541664522600e-01
7.468907194398947957e-02
-9.496521858600244226e-01
1.623468188849137794e+00
-1.900590877007269253e+00
1.555575424380585270e+00
-5.736203078049937343e-01
-6.883921596870473669e-01
1.663964501308219379e+00
-1.953535735795371764e+00
1.558008226044615530e+00
-7.658859900236203444e-01
-1.332926948481140683e-01
9.819790150545483209e-01
-1.643698498670653318e+00
1.881352633157262311e+00
-1.465443797725723085e+00
4.374134933552067395e-01
7.889528583993847821e-01
-1.661489830858759342e+00
1.860911564249496664e+00
-1.453199801140333314e+00
7.124007944873403941e-01
1.401040352240886522e-01
-9.862346828353976136e-01
1.660529180263349947e+00
-1.875936464515867819e+00
1.404200607470807105e+00
-3.443654123240694198e-01
-8.453975444535433148e-01
1.640291022134372056e+00
-1.793737698351492327e+00
1.407778524284745814e+00
-7.163105193858200215e-01
-1.250903116093812772e-01
1.010118190433711538e+00
-1.718221788069631994e+00
1.909171622337138885e+00
-1.369810198287036318e+00
2.660803200224587384e-01
9.038060434281900424e-01
-1.646841192758208949e+00
1.777543870429192818e+00
-1.411969159962110032e+00
7.355469672191741193e-01
1.421135294339353761e-01
-1.093217717336168127e+00
1.825423457485675138e+00
-1.958402007521008015e+00
1.320373313671499238e+00
-1.577991768720960752e-01
-9.963334140061642641e-01
1.688395459153377853e+00
-1.789119909603626768e+00
1.418648166006920119e+00
-7.189803333241193695e-01
-2.213827106575679549e-01
1.229383284080125760e+00
-1.943409446501398019e+00
1.972285169368505064e+00
-1.215285377890097163e+00
4.584812641549015910e-03
1.109268462975814273e+00
-1.728719578254649170e+00
1.781951926154565546e+00
-1.387996582905479892e+00
6.513547287431301624e-01
3.435911421716741909e-01
-1.371145269468722283e+00
2.018800543585170360e+00
-1.917608007317332275e+00
1.056147719420817976e+00
1.608166112554724747e-01
-1.195492533816977065e+00
1.725554391610380156e+00
-1.733083126129771223e+00
1.324128962277434596e+00
-5.640587132236088985e-01
-4.598927463859919795e-01
1.472124814313756636e+00
-2.030222880022769960e+00
1.810089787298939656e+00
-8.885963536190869538e-01
-2.856237415639890642e-01
1.219612351666830907e+00
-1.674154853918145003e+00
1.666905274320759522e+00
-1.269223809110040069e+00
5.019083906867699563e-01
5.386920580513283596e-01
-1.527618871613378282e+00
2.005209865940691838e+00
-1.700155893732051560e+00
7.630293021763889794e-01
3.443675805189977401e-01
-1.193100556875850371e+00
1.615474695782754821e+00
-1.633235317517521601e+00
1.260883774131308144e+00
-4.776310522420674221e-01
-5.950137911180288786e-01
1.575338148885066847e+00
-1.991689944054815919e+00
1.627058116293758072e+00
-6.909618804818320470e-01
-3.614648979660192718e-01
1.166110490814531664e+00
-1.600929553112323545e+00
1.660269394655631281e+00
-1.293233367465981942e+00
4.573112682679405516e-01
6.747623749654838576e-01
-1.655929315890254605e+00
2.011196692414837006e+00
-1.584490763189602358e+00
6.378547159540619571e-01
3.878334952533467606e-01
-1.183438683460586560e+00
1.646677782809774504e+00
-1.726819116618841132e+00
1.318787942227239496e+00
-3.907788827647499241e-01
-8.088558686514363272e-01
1.770884075353911236e+00
-2.038099735959447933e+00
1.529916737971601437e+00
-5.588585955469266286e-01
-4.536364465083497222e-01
1.245885171955204873e+00
-1.720306812631586801e+00
1.780139957745579427e+00
-1.289673889207545443e+00
2.584205379100705802e-01
9.807393799100191378e-01
-1.877889975921383181e+00
2.024497300500517571e+00
-1.428501811347352879e+00
4.434674277825297328e-01
5.416672111182961880e-01
-1.313136786940492851e+00
1.772309611173209731e+00
-1.782726770375118397e+00
1.199635075779281301e+00
-9.029821143720875853e-02
-1.138225869996856821e+00
1.928298098768575830e+00
-1.947213894673702539e+00
1.289856526616356414e+00
-3.267385424036248764e-01
-6.063118928842783362e-01
1.345111402698651482e+00
-1.782561012345645235e+00
1.744188230690085772e+00
-1.087480805627505598e+00
-6.051047560829980049e-02
1.238821611840530412e+00
-1.911564705779137396e+00
1.832386611312842417e+00
-1.162566455093702267e+00
2.563848244266476173e-01
6.199321660327204997e-01
-1.342434802690215312e+00
1.777951091111128923e+00
-1.708443385135560710e+00
9.989552995433599314e-01
1.653323511259975065e-01
-1.286105637536076429e+00
1.864852361388803503e+00
-1.734190882259996291e+00
1.091353610660658280e+00
-2.467920081901056051e-01
-6.025786032994069341e-01
1.347599877985773409e+00
-1.804655259678860535e+00
1.708668373067338209e+00
-9.431622505888368480e-01
-2.435560087468311152e-01
1.323157247845966999e+00
-1.838755423065671968e+00
1.687476427179888328e+00
-1.077032531881594313e+00
2.634569252954774843e-01
6.066494496284731142e-01
-1.405546266121678878e+00
1.881423313600863345e+00
-1.732845911783986059e+00
8.847169609020055780e-01
3.404958342464000642e-01
-1.389513837114147776e+00
1.851418731563363673e+00
-1.678673259934574391e+00
1.076864950907006069e+00
-2.527266226338580335e-01
-6.706347846396675250e-01
1.520793128384616333e+00
-1.978254635028033004e+00
1.732722061465340024e+00
-7.789764633069156119e-01
-4.806893385128040985e-01
1.482486430691809742e+00
-1.874175559847833572e+00
1.662082922506119553e+00
-1.044885625531021489e+00
1.890418076792775848e-01
7.852971051842502215e-01
-1.651614685944374328e+00
2.040914275103566933e+00
-1.667940821657689421e+00
6.169440378581187989e-01
6.410483420359336382e-01
-1.559455774384764570e+00
1.862003656017706010e+00
-1.605866538583212488e+00
9.741523629562081066e-01
-9.542011715933662597e-02
-9.039653781532537291e-01
1.746889831332002263e+00
-2.038497998257771560e+00
1.543839368207342577e+00
-4.372293486648476390e-01
-7.695251641303432200e-01
1.578993981382709633e+00
-1.799743414456962398e+00
1.524072184196606505e+00
-9.011596614837977803e-01
1.819221404714964352e-02
9.870721914693506571e-01
-1.791072043217590393e+00
1.989486271585764188e+00
-1.407268671304981789e+00
2.934736302308568745e-01
8.319484904138350068e-01
-1.541911622860611786e+00
1.720117526747106496e+00
-1.464300152523152931e+00
8.684556467865799378e-01
1.983106891518077175e-02
-1.038845549039186356e+00
1.815130678901625494e+00
-1.941982741226753184e+00
1.304313923868132719e+00
-2.076437359759839285e-01
-8.430221958328786291e-01
1.493305452262827071e+00
-1.676205882525065416e+00
1.462568147499118121e+00
-8.810211259075105827e-01
-4.326588978224657489e-02
1.101575017604809137e+00
-1.863471225192063985e+00
1.926999858374171870e+00
-1.239648733992579022e+00
1.529303482196138209e-01
8.523327813166414746e-01
-1.483409631554983621e+00
1.694045398774518985e+00
-1.507997363151032610e+00
8.979046477922496550e-01
1.023446740088835849e-01
-1.213011024894433465e+00
1.948398652702153511e+00
-1.929000404854737782e+00
1.175632750503016410e+00
-8.207304950594485060e-02
-8.985688021965394512e-01
1.523878634634374230e+00
-1.749842478337251483e+00
1.550773412508560822e+00
-8.673528394335818792e-01
-2.258288889611591022e-01
1.367335678642899621e+00
-2.035424466058305626e+00
1.901516534565253824e+00
-1.071694714236582247e+00
-2.588154095357712847e-02
9.750528818821552202e-01
-1.580416360146592147e+00
1.793140838288121097e+00
-1.546085304719731823e+00
7.726134512881995819e-01
3.930416481842555765e-01
-1.516837979513759205e+00
2.073559867013630154e+00
-1.813022254213504825e+00
9.264918848427303733e-01
1.446995934094091607e-01
-1.038917385824529083e+00
1.608370405731521791e+00
-1.794015050523458887e+00
1.492861591526691623e+00
-6.454728993079180688e-01
-5.514761471881053367e-01
1.613049384446948231e+00
-2.042207243590839827e+00
1.679587429565960965e+00
-7.827160282467026109e-01
-2.257508537252163050e-01
1.054990819875595509e+00
-1.597398915269065078e+00
1.769789820216233434e+00
-1.431077209702879216e+00
5.349712351659899889e-01
6.635220936205147302e-01
-1.648862206166579858e+00
1.970504729873264527e+00
-1.553236631987310101e+00
6.896990664900940482e-01
2.450577498244972396e-01
-1.032653373004472908e+00
1.582819425144593728e+00
-1.766208129574511787e+00
1.400517678541383315e+00
-4.609494448576314518e-01
-7.384560425655289917e-01
1.662201829695267641e+00
-1.910873435926358388e+00
1.476683654980598837e+00
-6.588569665089455407e-01
-2.280817890281388316e-01
1.020534568510887752e+00
-1.612778854723343924e+00
1.811048152092277430e+00
-1.400244761487201561e+00
3.962972445084266271e-01
8.198105362457314138e-01
-1.698054350733323226e+00
1.891635118969885010e+00
-1.446818107871229664e+00
6.538511047627451056e-01
2.286454542502038834e-01
-1.063723121276749062e+00
1.702177151491284013e+00
-1.884257487092089178e+00
1.387298596958578045e+00
-2.945795086550589414e-01
-9.403822884821295691e-01
1.764876069042816242e+00
-1.893226046872617641e+00
1.421064406942537328e+00
-6.246788655632261600e-01
-2.816003840400210789e-01
1.163579212546980823e+00
-1.816882465327811502e+00
1.933125318561458084e+00
-1.316069146316595884e+00
1.367962439668002073e-01
1.087683479025195021e+00
-1.826618798846115332e+00
1.870186900720903767e+00
-1.360307098982133311e+00
5.535507908314047931e-01
3.735831146192332142e-01
-1.277850938752360888e+00
1.903287275317695482e+00
-1.918518314093619281e+00
1.181296462879070308e+00
4.710765973916705013e-02
-1.212756432621349134e+00
1.837889171609689676e+00
-1.797854777986969799e+00
1.267629135521992856e+00
-4.693891137482532616e-01
-4.591128324918434811e-01
1.360847630809298936e+00
-1.935549650859140103e+00
1.848868121478854043e+00
-1.024132404190670753e+00
-2.025949819937255258e-01
1.274290959464835504e+00
-1.788949759747990420e+00
1.699347344380799818e+00
-1.186145553374555295e+00
4.174852832123607804e-01
5.065086890840935219e-01
-1.405719589266439140e+00
1.936237215918663379e+00
-1.770106921207499351e+00
8.954537858292738184e-01
2.981103471396112647e-01
-1.276586510375742556e+00
1.717889141199909098e+00
-1.627036488152756366e+00
1.157917508607927637e+00
-4.132419409845217717e-01
-5.300067353764560396e-01
1.449009837168846015e+00
-1.951229010474920145e+00
1.721246004280496678e+00
-8.108656519093915271e-01
-3.513186972031916433e-01
1.265613965216548120e+00
-1.678198431844978078e+00
1.615698034552044193e+00
-1.182766201098101710e+00
4.239878172022284453e-01
5.775514556401801780e-01
-1.533347275075577221e+00
2.002905297339049095e+00
-1.697623311142594460e+00
7.395971918213394281e-01
4.095542083392608168e-01
-1.286871741428510241e+00
1.692028283151848722e+00
-1.651320495683689105e+00
1.216000705927090531e+00
-3.963725320068584024e-01
-6.856594112518703543e-01
1.663737685612119321e+00
-2.066120547688903741e+00
1.656505356202309098e+00
-6.374518556694273030e-01
-5.031796035102187314e-01
1.344685930589641476e+00
-1.732895280308224262e+00
1.684864301411910681e+00
-1.207435460379018277e+00
3.038131681337150058e-01
8.439299307461598509e-01
-1.799011440558337505e+00
2.089898610295759518e+00
-1.559653958903931992e+00
4.923711450964072811e-01
6.160389098244585249e-01
-1.401150943496010992e+00
1.753825938758771352e+00
-1.677940762520048645e+00
1.145171707426227758e+00
-1.694919499220206849e-01
-1.002777077698891128e+00
1.886839859481162840e+00
-2.044560135584840399e+00
1.412488960225037005e+00
-3.392728002505829288e-01
-7.009568823161553830e-01
1.415425378793359279e+00
-1.734087118805043959e+00
1.637359753336512957e+00
-1.063159932146519049e+00
4.340422534473192817e-02
1.117263299409055222e+00
-1.909615494927275003e+00
1.949895247764436457e+00
-1.262614889411046937e+00
2.298576555920043285e-01
7.256214080170582115e-01
-1.385967493934751271e+00
1.700179573848469516e+00
-1.606099007263530831e+00
1.005750278821322397e+00
4.477126593926419873e-02
-1.185924353119725438e+00
1.898209022967974668e+00
-1.857779586420948759e+00
1.158778898616852571e+00
-1.856415131998780943e-01
-7.054104947707131590e-01
1.355505448860223394e+00
-1.701149598264664276e+00
1.619459549836494983e+00
-9.830075009501351158e-01
-1.124925533262444710e-01
1.248258939022825365e+00
-1.900873830943889509e+00
1.805523819256397378e+00
-1.108648724826868381e+00
1.783851198525944481e-01
6.919583052862372519e-01
-1.373723094097152098e+00
1.761487209597030423e+00
-1.668089883774796389e+00
9.592306419588548794e-01
2.056482296309441460e-01
-1.343595016080628923e+00
1.936817642645121573e+00
-1.783775432051470045e+00
1.074922725857145211e+00
-1.563375110744920360e-01
-7.279583509075118197e-01
1.452594483259338265e+00
-1.856135967351301597e+00
1.703113875333895244e+00
-8.857037924882196211e-01
-3.521683964574320869e-01
1.470492733492051673e+00
-1.978334092758316620e+00
1.748985076091692292e+00
-1.013148183230463850e+00
9.157559380268602556e-02
8.105246355328104002e-01
-1.556310096481798411e+00
1.931368909393220479e+00
-1.678865712309520752e+00
7.468668123831642136e-01
5.319995156603717357e-01
-1.585303682900361055e+00
1.978329776419839536e+00
-1.668344560742900606e+00
9.153287275718750005e-01
-3.912723345580487733e-03
-8.973442383426540880e-01
1.635182891504518343e+00
-1.952080657258033813e+00
1.593216240678986040e+00
-5.763266277983546404e-01
-6.920996623087699584e-01
1.641490678302889750e+00
-1.917138881615245927e+00
1.554440907085242074e+00
-8.180259131239230319e-01
-6.095201023068890639e-02
9.494909316044374270e-01
-1.671518208847458720e+00
1.931174356871240283e+00
-1.487692131927043970e+00
4.274900933701334393e-01
7.926466765423054728e-01
-1.632760581640981812e+00
1.824225242157168303e+00
-1.456590294665583762e+00
7.672691261778585847e-01
7.812217516562380837e-02
-9.702206013417535857e-01
1.694244192764000845e+00
-1.913650856076059226e+00
1.407455341909534363e+00
-3.263325968688643997e-01
-8.411872939522508918e-01
1.599365696221187516e+00
-1.754002050505708343e+00
1.416743245112301208e+00
-7.734542907265726797e-01
-7.063069430566748519e-02
1.002936466062858800e+00
-1.748677437396206846e+00
1.930757043583446686e+00
-1.358996285766964407e+00
2.506014601139979758e-01
8.827982718010494168e-01
-1.591584947665255045e+00
1.738257621679189180e+00
-1.431358536894632438e+00
7.989581109750065746e-01
9.106041605715611831e-02
-1.090138840095255857e+00
1.850218960766733867e+00
-1.967775639050391323e+00
1.305448195827970004e+00
-1.547557634758735257e-01
-9.557793302984294304e-01
1.624707517955623626e+00
-1.759740452481250994e+00
1.455100232946136218e+00
-7.904026111137502086e-01
-1.746854722489274703e-01
1.232097891320192318e+00
-1.965996788434400511e+00
1.976105019125491635e+00
-1.203823167469447508e+00
1.676038389149110686e-02
1.054840886016996437e+00
-1.667773872016100389e+00
1.771505813340624957e+00
-1.442842978309574420e+00
7.254269266691425466e-01
3.080914932950734042e-01
-1.384352306944288236e+00
2.042123326945270989e+00
-1.918396522978616847e+00
1.048815861984747855e+00
1.377615331498341922e-01
