-1.330306243634583385e+00
-1.308022034426423730e+00
-1.219628553270366123e+00
-1.071372275762318083e+00
-8.731333002485170969e-01
-6.376684562689219904e-01
-3.796556314015621658e-01
-1.146158499216231030e-01
1.422013598328714101e-01
3.768817223583230680e-01
5.777765565477913645e-01
7.362288738207654060e-01
8.470418044544293368e-01
9.086575728210996017e-01
9.230393557146268080e-01
8.952729500123712825e-01
8.329282215769642228e-01
7.452399075598609146e-01
6.421818814415325427e-01
5.335172606501834558e-01
4.279080505590501238e-01
3.321622579408678444e-01
2.506840370579492827e-01
1.851744659869902776e-01
1.346084707286016036e-01
9.548905026235077198e-02
6.235533825271089015e-02
2.849823398380482709e-02
-1.318171921756740306e-02
-6.925319314595784759e-02
-1.448557158792734834e-01
-2.429099139743201574e-01
-3.635145770736112336e-01
-5.035943153252110394e-01
-6.568413656846167070e-01
-8.139707044647785938e-01
-9.632809862165274684e-01
-1.091487112756331035e+00
-1.184765642501034888e+00
-1.229933845760205369e+00
-1.215668759572156477e+00
-1.133665410216389002e+00
-9.796342060303453447e-01
-7.540464817149808985e-01
-4.625537736479460316e-01
-1.160294831127326454e-01
2.697905352174311266e-01
6.750613257241769860e-01
1.076938018671840025e+00
1.450973808580774183e+00
1.772715079358228252e+00
2.019383765967542654e+00
2.171526660100741246e+00
2.214509832935799061e+00
2.139743962208227934e+00
1.945542718140943039e+00
1.637540413534094963e+00
1.228625187374588812e+00
7.383779188915533531e-01
1.920423893705893725e-01
-3.809136846668826903e-01
-9.485567776382354266e-01
-1.478450578803045534e+00
-1.939693276629061547e+00
-2.304891297605451417e+00
-2.551934347397915026e+00
-2.665448969646172728e+00
-2.637829088687823731e+00
-2.469770645191000646e+00
-2.170271423288060220e+00
-1.756094057784935103e+00
-1.250727333877699632e+00
-6.829155617842710413e-01
-8.485551626813772619e-02
5.098169661034743783e-01
1.068114757675966420e+00
1.559721415628031238e+00
1.958812960388313318e+00
2.245560285417599555e+00
2.407216559158031455e+00
2.438724037729695482e+00
2.342809048539982175e+00
2.129569991164706355e+00
1.815598388293346632e+00
1.422704755314432523e+00
9.763470751499712108e-01
5.038781493952757540e-01
3.273781501004324745e-02
-4.112835951054385486e-01
-8.055929674483908176e-01
-1.132052876712972278e+00
-1.377874460711758342e+00
-1.536097407042773533e+00
-1.605641505234271849e+00
-1.590946214312366269e+00
-1.501244518020536933e+00
-1.349542776640836772e+00
-1.151397501177093385e+00
-9.235916513284677665e-01
-6.828164794659697945e-01
-4.444600485498358955e-01
-2.215909306212301422e-01
-2.420642449043386435e-02
1.412094123765217368e-01
2.717995189042518023e-01
3.681285118147560320e-01
4.336933931960761379e-01
4.742077128137932585e-01
4.967335846105622177e-01
5.087463039177644308e-01
5.172193247513803271e-01
5.278129298798478475e-01
5.442385607802215919e-01
5.678535290800564850e-01
5.975192308854020418e-01
6.297318935323322764e-01
6.590103469373205236e-01
6.785023901112818834e-01
6.807519258916260307e-01
6.585547646722731407e-01
6.058230162707718414e-01
5.183769354663909645e-01
3.945890214985568467e-01
2.358175763234512390e-01
4.658474818960822716e-02
-1.655241719698909986e-01
-3.902395932651039345e-01
-6.152400495210714748e-01
-8.269915903037846627e-01
-1.011729198644196970e+00
-1.156502243413276787e+00
-1.250199298940543713e+00
-1.284467949119802999e+00
-1.254452450652149498e+00
-1.159285801218405298e+00
-1.002291757368476866e+00
-7.908751487802353486e-01
-5.361035995900312878e-01
-2.520084865460073820e-01
4.534437304640744071e-02
3.389450542872514127e-01
6.120083203425461527e-01
8.491315652334172626e-01
1.037352959241190087e+00
1.167028353183786837e+00
1.232459552026115457e+00
1.232226066954602128e+00
1.169195844422427966e+00
1.050215876473130194e+00
8.855089745436286464e-01
6.878262893266420264e-01
4.714244930042181814e-01
2.509503320433538742e-01
4.032237614829980998e-02
-1.483003646115038654e-01
-3.053807168254678572e-01
-4.246284118877597935e-01
-5.033395505102046252e-01
-5.424257662421687609e-01
-5.461341604876078781e-01
-5.214848281530912733e-01
-4.774764102821428269e-01
-4.241296513512691768e-01
-3.714527760161061565e-01
-3.284194567882349203e-01
-3.020495946019702282e-01
-2.966750579930407250e-01
-3.134575149705484121e-01
-3.502047052369375857e-01
-4.015065805873992977e-01
-4.591856824312646745e-01
-5.130291175780953283e-01
-5.517447485131565799e-01
-5.640637883694349375e-01
-5.398976173265043199e-01
-4.714495850763256724e-01
-3.541835305975861159e-01
-1.875597992094785171e-01
2.453391526529580258e-02
2.737067193067864723e-01
5.473660229422068202e-01
8.293888152043267237e-01
1.101125024614345582e+00
1.342667396336101326e+00
1.534298905794951651e+00
1.658011715984491374e+00
1.698982531829761333e+00
1.646888778919964658e+00
1.496958539443077774e+00
1.250664129892789855e+00
9.159934579926442000e-01
5.072631264139313423e-01
4.447048194372571484e-02
-4.477840254232139938e-01
-9.417402784288697593e-01
-1.408195411188919888e+00
-1.818379790078178626e+00
-2.145863581491175509e+00
-2.368360584827134296e+00
-2.469300846080389356e+00
0.000000000000000000e+00
1.756275723739805672e+00
-1.234521384160575774e+00
-7.941253410165873827e-01
1.547641711574506251e+00
3.092847352601846289e-02
-1.846462942601886814e+00
1.450120449530614808e+00
6.804685443819229462e-01
-1.771566735295194484e+00
4.532913182498679028e-01
1.420619651144047424e+00
-1.265626429517973994e+00
-7.684060338337737051e-01
1.998347307943506346e+00
-8.017105215018967002e-01
-1.213091335506265134e+00
1.366444365452043064e+00
4.990328107981062411e-01
-1.808732569449701844e+00
7.133762780539686377e-01
1.418656751234770308e+00
-1.817097329332155509e+00
7.593965555395792988e-03
1.557544214805391514e+00
-7.810561330664312907e-01
-1.276453160495763406e+00
1.821919801236065561e+00
-7.213222316029707648e-02
-1.697826079412199984e+00
1.200285530309056492e+00
8.079405106359880406e-01
-1.552053226397527741e+00
-2.889963417001842338e-02
1.848689245177842277e+00
-1.463569815127157669e+00
-6.501324664508357776e-01
1.723242314880765624e+00
-3.909679520730728330e-01
-1.487271916674224981e+00
1.321689709318919714e+00
7.379552015343383564e-01
-1.999735620808704262e+00
8.273970777397579024e-01
1.178958563266205628e+00
-1.335651695806848505e+00
-5.267613850129115871e-01
1.842101220875963952e+00
-7.587375877135023039e-01
-1.364512812139925257e+00
1.765308946394881229e+00
2.916396024947828791e-02
-1.569808391018706173e+00
7.645215155819419239e-01
1.319163605757559310e+00
-1.879902871252675745e+00
1.293538578115489557e-01
1.653769768073031221e+00
-1.170301701004419437e+00
-8.330081216702636127e-01
1.580661961700640994e+00
-9.164411461005106396e-04
-1.830426476982713657e+00
1.470096191442108458e+00
6.147505869249890731e-01
-1.665727735339503468e+00
3.239358221813742333e-01
1.550464676361944516e+00
-1.369777498408332628e+00
-7.114656522660928184e-01
1.993413366669823272e+00
-8.322887091251019998e-01
-1.172318837817746484e+00
1.328174393953520660e+00
5.445561208888772819e-01
-1.881239231915150079e+00
8.199668301797654602e-01
1.294196876995541201e+00
-1.704882089781117216e+00
-6.583609623970754221e-02
1.579019603530475990e+00
-7.504369100934937808e-01
-1.348775266032300468e+00
1.916273469001462004e+00
-1.651693418673886304e-01
-1.620584042481840292e+00
1.134885198836803610e+00
8.775034572975508596e-01
-1.633647360750746902e+00
4.963041527903541694e-02
1.804514039675603865e+00
-1.478351983759132127e+00
-5.758817055740023116e-01
1.610848264967069454e+00
-2.682276697287103717e-01
-1.598462200056726790e+00
1.408213577552813955e+00
6.809899879261605005e-01
-1.968010288273100761e+00
8.095244862089507887e-01
1.190939052089802885e+00
-1.334364239404596697e+00
-5.626244378458683526e-01
1.929282130110151483e+00
-8.896565754896759159e-01
-1.222624388903339909e+00
1.650437341538583569e+00
9.592178686771990481e-02
-1.589862515858919689e+00
7.511566685349210237e-01
1.353085917522028003e+00
-1.926177934813931625e+00
1.841634483577310188e-01
1.588475823979458079e+00
-1.086777005614435021e+00
-9.399418249099950051e-01
1.700190282803498931e+00
-1.026516013932270155e-01
-1.780968553342209715e+00
1.487818682960664773e+00
5.444379381334507606e-01
-1.573734954354056859e+00
2.348009182235833714e-01
1.629925578464667790e+00
-1.444500041875220298e+00
-6.365225185864409330e-01
1.918750442575747783e+00
-7.636634518221321333e-01
-1.223150994600404662e+00
1.342667407117856593e+00
5.847214827798935532e-01
-1.978925372601529897e+00
9.527545606019245383e-01
1.164659386689256282e+00
-1.608925159885918221e+00
-1.232068258596055316e-01
1.613166757387913597e+00
-7.768121240686516327e-01
-1.329479152691084964e+00
1.916065465415051738e+00
-1.971692434748104350e-01
-1.550127087494890477e+00
1.028199777910317803e+00
1.008354222774717535e+00
-1.764490343578422493e+00
1.488307819021238987e-01
1.760424853151313362e+00
-1.488942820101694320e+00
-5.339284445313468019e-01
1.563662623186688361e+00
-2.236738598139748069e-01
-1.652871050998299118e+00
1.488122712182154528e+00
5.747186949015707924e-01
-1.852118591724914332e+00
7.082931570247106290e-01
1.255832562991699985e+00
-1.348175156197300328e+00
-6.044406577905467870e-01
2.015946127322048476e+00
-9.951748156826792924e-01
-1.126746745267411809e+00
1.576675417590060801e+00
1.575304450553506042e-01
-1.657234781218280828e+00
8.277180788142477486e-01
1.286629859264492914e+00
-1.898436980253588091e+00
2.124051257894863098e-01
1.507522489408844590e+00
-9.712648791785259972e-01
-1.066652778147838321e+00
1.814990473651021841e+00
-1.868202619426531930e-01
-1.734578021901196143e+00
1.470058465267120251e+00
5.514300797124849218e-01
-1.578582726999017805e+00
2.254160160996259710e-01
1.677234342116371568e+00
-1.541944380069600218e+00
-5.031538641646530197e-01
1.782994135698015015e+00
-6.577635043073470911e-01
-1.282925620860421612e+00
1.356058325667391484e+00
6.090266444330681983e-01
-2.027893686450442434e+00
1.011950726274270407e+00
1.104351138703086654e+00
-1.543947444610079600e+00
-2.060876505034676121e-01
1.720565351679597121e+00
-8.931738961834363444e-01
-1.238822483885798187e+00
1.882844086441571640e+00
-2.288386363337210350e-01
-1.471996013158063832e+00
9.313303116145708049e-01
1.103865261611460813e+00
1.087852617041241921e+00
1.014457172247214878e+00
9.102649348494745718e-01
7.731681618422918678e-01
6.021821271027915090e-01
3.980241242197422036e-01
1.635925940323079697e-01
-9.571473983432032817e-02
-3.718922830322893835e-01
-6.544586483212350148e-01
-9.308396370108452667e-01
-1.186989788659543965e+00
-1.408217820570645040e+00
-1.580161102479638258e+00
-1.689838091733173009e+00
-1.726696880610811613e+00
-1.683573744057638599e+00
-1.557478366045335516e+00
-1.350132235818219950e+00
-1.068202931545176870e+00
-7.231984997352193245e-01
-3.310112918601900711e-01
8.887249814468656250e-02
5.144548532022530374e-01
9.225327768212234769e-01
1.290143713796328084e+00
1.596049908868377276e+00
1.822155989917591867e+00
1.954755942343158193e+00
1.985515498086289021e+00
1.912113192899078440e+00
1.738486758819778766e+00
1.474659424271739017e+00
1.136151025829046368e+00
7.430093098080227110e-01
3.185250928114461422e-01
-1.122811285795832781e-01
-5.242958537399270424e-01
-8.939572618401713244e-01
-1.200791118313779826e+00
-1.428728313662936955e+00
-1.567109873681895138e+00
-1.611307840560325833e+00
-1.562918457438881692e+00
-1.429515505493803351e+00
-1.223984080348729631e+00
-9.634860988991245101e-01
-6.681360399734159738e-01
-3.594867625292209601e-01
-5.893907324717073681e-02
2.138060400951452555e-01
4.421373501578915732e-01
6.136628353100843647e-01
7.209962358439215846e-01
7.621448559291539304e-01
7.404734983934648795e-01
6.642520429137054316e-01
5.458261708730696160e-01
4.004796438343536935e-01
2.450801326478264097e-01
9.661705155128547107e-02
-2.925209616921875533e-02
-1.195313337735741666e-01
-1.649862026834650885e-01
-1.609266889683093060e-01
-1.076105953889997524e-01
-1.023470753104616104e-02
1.214864752952015126e-01
2.741221719119663058e-01
4.316445746678043149e-01
5.767782882871780314e-01
6.924737441553249218e-01
7.633879981672726522e-01
7.772549434245565880e-01
7.260347298384773884e-01
6.067485087015457301e-01
4.219282795423479060e-01
1.796408117915750946e-01
-1.069228798715117223e-01
-4.202676918516094484e-01
-7.397677879735475859e-01
-1.043109245078247982e+00
-1.307896840958941986e+00
-1.513306473992981793e+00
-1.641660242373043754e+00
-1.679806003589595864e+00
-1.620196929763918714e+00
-1.461588143654434457e+00
-1.209295339581042850e+00
-8.749922681207152886e-01
-4.760576882214841987e-01
-3.451533451386198936e-02
4.243598525141896727e-01
8.736717393380800667e-01
1.286654755892226110e+00
1.638424365346339950e+00
1.907603746978512316e+00
2.077713684347981982e+00
2.138230332351501506e+00
2.085240023621571126e+00
1.921649683362975036e+00
1.656943515806783562e+00
1.306508989605875914e+00
8.905853750778499611e-01
4.329139550118387691e-01
-4.081131769248036445e-02
-5.045818726304647228e-01
-9.336867244087947437e-01
-1.306189024076534144e+00
-1.604169872269182839e+00
-1.814661855166667781e+00
-1.930219524568594913e+00
-1.949102023178729270e+00
-1.875072053698996877e+00
-1.716843168638819472e+00
-1.487231819913720887e+00
-1.202089958131291381e+00
-8.791068533716307476e-01
-5.365744018601980025e-01
-1.922082586818025796e-01
1.378919311449565699e-01
4.400752083218129607e-01
7.037169632777797723e-01
9.215167802811130571e-01
1.089515824887589357e+00
1.206856355002033698e+00
1.275326303892018176e+00
1.298747782225171843e+00
1.282278558481320552e+00
1.231699383745656018e+00
1.152757259730311290e+00
1.050625798038980374e+00
9.295295939565276777e-01
7.925613875626393856e-01
6.417003782784960197e-01
4.780192440438825185e-01
3.020480625244792439e-01
1.142471714594930354e-01
-8.447051254486576122e-02
-2.922330298283497552e-01
-5.057836798099345499e-01
-7.201943599846879485e-01
-9.287638695500625152e-01
-1.123130100410666188e+00
-1.293604826324155299e+00
-1.429718132845035017e+00
-1.520938307221544550e+00
-1.557514119944179987e+00
-1.531371600749315220e+00
-1.436988048156988995e+00
-1.272163081559826825e+00
-1.038610491630708843e+00
-7.423053413403114531e-01
-3.935375205085384076e-01
-6.644545489643882696e-03
4.005788227187074835e-01
8.077705403539070517e-01
1.193142040246120139e+00
1.534798746363918331e+00
1.812151847686859218e+00
2.007321729088270779e+00
2.106429764300495666e+00
2.100679396152391298e+00
1.987139443529607696e+00
1.769161645849794740e+00
1.456389276853427894e+00
1.064342446395822206e+00
6.135963343988979357e-01
1.285987560230387183e-01
-3.637991716440248657e-01
-8.360030401642872810e-01
-1.261413877365736402e+00
-1.616125907619633040e+00
-1.880464658473658623e+00
-2.040256497667082058e+00
-2.087738608627318637e+00
-2.022043243850112137e+00
-1.849220049125609222e+00
-1.581793135972242581e+00
-1.237882961468085297e+00
-8.399544628995463391e-01
-4.132799307887619067e-01
1.577425687164635271e-02
4.215152468737597968e-01
7.806201558450636124e-01
1.073641367081682008e+00
1.286215092156310025e+00
1.409889801322028013e+00
1.442519457710629727e+00
1.388198836028708083e+00
1.256752134431202483e+00
1.062819043765101945e+00
8.246119392053915531e-01
5.624416853664532256e-01
2.971259091636172522e-01
4.840127584115683224e-02
-1.665402541940241843e-01
-3.342818586909865886e-01
-4.460885458491233857e-01
-4.984253513011334125e-01
-1.850483275654929205e+00
2.243005558829423707e-01
1.693265652400754773e+00
-1.426253914910396547e+00
-5.925576408483577140e-01
1.607103714409124917e+00
-2.288641384863333572e-01
-1.706335399376553985e+00
1.598305545846827158e+00
4.370373238196741950e-01
-1.726152583697157405e+00
6.187378037650385076e-01
1.308588834206671603e+00
-1.377490175924606763e+00
-5.880911125280616769e-01
2.011961897902456720e+00
-1.009344364898185020e+00
-1.086873555933891122e+00
1.503689623123326102e+00
2.664407084749420007e-01
-1.791134759107852803e+00
9.575533787706916877e-01
1.196821951722982114e+00
-1.869431181889414262e+00
2.364580799754397999e-01
1.457379070709607705e+00
-9.178336718081373524e-01
-1.119917641554221355e+00
1.878957460075856067e+00
-2.707147458258003514e-01
-1.633175336152029811e+00
1.363956579945698966e+00
6.439464563122611063e-01
-1.636505224131663994e+00
2.296159407359562032e-01
1.733290444281868403e+00
-1.642664610558586924e+00
-3.905541930357950275e-01
1.687948761725736935e+00
-5.873596657140542909e-01
-1.342850804747831805e+00
1.420928484605935571e+00
5.411645293567076687e-01
-1.976602523710980330e+00
9.995217993464338146e-01
1.066512965180645311e+00
-1.458283782908876614e+00
-3.262298508508086892e-01
1.852841903270556090e+00
-1.009518682094762587e+00
-1.161613247878890309e+00
1.849511558585670290e+00
-2.232892138841154894e-01
-1.470965188484227415e+00
9.289003641821808044e-01
1.124043743087583813e+00
-1.910107324404614060e+00
3.286901626374305052e-01
1.562009537310186769e+00
-1.297970218310527279e+00
-6.915504755996924047e-01
1.661193852276193317e+00
-2.333369596037199734e-01
-1.744948773562692068e+00
1.662340427299969114e+00
3.687563970942072666e-01
-1.663862737820751780e+00
5.539033844054529476e-01
1.392880455933644068e+00
-1.484890719210979260e+00
-4.788001114718536400e-01
1.935774990792795913e+00
-9.915640797613859414e-01
-1.044806716588677187e+00
1.419463112223795953e+00
3.699031582132681351e-01
-1.894738548970175351e+00
1.048033679738743951e+00
1.125300795996970971e+00
-1.812735575331854809e+00
1.842623662333102708e-01
1.508555107610593415e+00
-9.534159195091744810e-01
-1.127028513201673299e+00
1.946842320897148149e+00
-3.902473021037932144e-01
-1.495093535189655043e+00
1.242940060362681676e+00
7.290305518092020653e-01
-1.685729157728297789e+00
2.515606725837590818e-01
1.730660614294030841e+00
-1.654344356915989911e+00
-3.655509906515389540e-01
1.643502087485282592e+00
-5.115486519572008950e-01
-1.456064801833685918e+00
1.557338834760427115e+00
4.164140062521946573e-01
-1.899833498445645086e+00
9.851117262886868176e-01
1.032223826143993550e+00
-1.401366974430307222e+00
-3.878853423300618330e-01
1.916727488475035823e+00
-1.081096340893294316e+00
-1.078446234264423209e+00
1.755786711957786128e+00
-1.257164505644974006e-01
-1.557029420285769294e+00
9.790719689860382102e-01
1.132771775154514549e+00
-1.981819707746476533e+00
4.405558373373963388e-01
1.446673982376409429e+00
-1.205090663210849344e+00
-7.604676017162265156e-01
1.720361934126578118e+00
-2.929251426927860780e-01
-1.689786377527917383e+00
1.626900841384387730e+00
3.690986797071568182e-01
-1.619462569062221968e+00
4.630427893561269714e-01
1.519835092210382932e+00
-1.622200679791195421e+00
-3.650854885240894521e-01
1.869368710789127919e+00
-9.710756080301787829e-01
-1.041055185099557745e+00
1.411501801466508388e+00
3.818919167682172100e-01
-1.927870540919932596e+00
1.118192295077809151e+00
1.018619267430308062e+00
-1.686454077269863294e+00
6.234176552153823658e-02
1.602676053713744109e+00
-1.000758072880445715e+00
-1.135109255726366007e+00
2.001503476303255979e+00
-4.667262539218355322e-01
-1.421857341445384559e+00
1.179881523374741059e+00
7.956103178862899972e-01
-1.772272004052526828e+00
3.559994748363609629e-01
1.632706391794717327e+00
-1.593629735966428873e+00
-3.707899614472124350e-01
1.593772983703209523e+00
-4.204917965451472339e-01
-1.568481201451045859e+00
1.668592153842423320e+00
3.256397858838414039e-01
-1.836234925217761216e+00
9.388911817076402988e-01
1.076546827227035319e+00
-1.445861998920261682e+00
-3.627643488268356142e-01
1.938590778090475419e+00
-1.161848556524761822e+00
-9.540822711374411513e-01
1.620137118814780841e+00
-8.612255082268297293e-03
-1.639514883940833556e+00
1.023459377369533296e+00
1.122134809004115219e+00
-1.994982467297886863e+00
4.655990782165216890e-01
1.414697967775189635e+00
-1.157096467793530259e+00
-8.410843992618617371e-01
1.838711118125984090e+00
-4.287703518988245088e-01
-1.574593548626030959e+00
1.564451803307122413e+00
3.714972565596960097e-01
-1.577354214130264554e+00
3.983244592622749991e-01
1.592318698581485670e+00
-1.696427778861081759e+00
-2.900319009105362111e-01
1.790960961252676231e+00
-8.852034551598546575e-01
-1.132476371147458583e+00
1.491591796688413796e+00
3.423932547583724562e-01
-1.952294044139993412e+00
1.204285638257382995e+00
8.999211946965938180e-01
-1.571104607455745983e+00
-2.941836226762398199e-02
1.671888499897408842e+00
-1.057679231955982013e+00
-1.085008661991877510e+00
1.961435958261547929e+00
-4.451717569734811031e-01
-1.413670948117810022e+00
1.129703816274739037e+00
0.000000000000000000e+00
6.054867291206320612e-01
1.177107251179041469e+00
1.683087876372284519e+00
2.095699925763091720e+00
2.392942095177065465e+00
2.559841689120894603e+00
2.589290614572189231e+00
2.482364726350065443e+00
2.248111236413328662e+00
1.902825805231605827e+00
1.468875947365736456e+00
9.731579851338235665e-01
4.452987970474248658e-01
-8.427064093550845625e-02
-5.862364802468027491e-01
-1.034187762549381606e+00
-1.406148990060032355e+00
-1.685762498652195518e+00
-1.863050928166757547e+00
-1.934721834023672926e+00
-1.904010259117821846e+00
-1.780088344060894556e+00
-1.577101334187828163e+00
-1.312914444572386374e+00
-1.007673198736144915e+00
-6.822898491942475108e-01
-3.569697472201546207e-01
-4.988416104476067758e-02
2.239191889175873307e-01
4.532983468777918024e-01
6.314489719599168938e-01
7.559716306132220343e-01
8.285894672675711004e-01
8.545582308755115264e-01
8.418335111860933972e-01
8.000770371269250170e-01
7.395937946332737933e-01
6.702939020049676344e-01
6.007676335611397134e-01
5.375493214916655660e-01
4.846272667702212766e-01
4.432338877439684355e-01
4.119250871829793770e-01
3.869323442901344001e-01
3.627474455800516195e-01
3.328799848317701704e-01
2.907133798856610385e-01
2.303773048297979020e-01
1.475537040745639183e-01
4.013993326070230960e-02
-9.129453116893471165e-02
-2.433030814663894592e-01
-4.096318133197326405e-01
-5.815632691748714445e-01
-7.485091322608959929e-01
-8.988049638402277886e-01
-1.020642031074217915e+00
-1.103058638775573863e+00
-1.136907213244428005e+00
-1.115714214471863475e+00
-1.036357722604250853e+00
-8.995016332988806651e-01
-7.097446626480130583e-01
-4.754652378957754943e-01
-2.083679693350964923e-01
7.723825039222620426e-02
3.653783850469301542e-01
6.394954853113159476e-01
8.835984158015266487e-01
1.083384634041078876e+00
1.227250830185020458e+00
1.307112519132216377e+00
1.318968344924117853e+00
1.263164746912553316e+00
1.144340157286212190e+00
9.710531606295328411e-01
7.551240123519629144e-01
5.107415663866331501e-01
2.534061675266670588e-01
-1.208084946684617744e-03
-2.383821494218311132e-01
-4.453834467737407543e-01
-6.123195881931940976e-01
-7.327488616214612449e-01
-8.040019286340861493e-01
-8.271928949476636816e-01
-8.069234021896563025e-01
-7.507085726483078147e-01
-6.681764646522844187e-01
-5.701112888966208825e-01
-4.674234558746974688e-01
-3.701354942384609270e-01
-2.864714742542946446e-01
-2.221288626126690646e-01
-1.797963939522201349e-01
-1.589607859567173653e-01
-1.560206158481035610e-01
-1.646994038106824876e-01
-1.767240626235483947e-01
-1.827115113890784293e-01
-1.731873701588866332e-01
-1.396478638545718409e-01
-7.557050401019538288e-02
2.271865159426067482e-02
1.554033999168187297e-01
3.188266893839717397e-01
5.054732684483896898e-01
7.043013373661676235e-01
9.014101239446086211e-01
1.081001933525392644e+00
1.226571505957238628e+00
1.322234565213201485e+00
1.354093042546459014e+00
1.311527873443014469e+00
1.188312196249166508e+00
9.834482410558427201e-01
7.016495462161398411e-01
3.534151037812853779e-01
-4.532819541085864046e-02
-4.740060832635603072e-01
-9.085591598306159700e-01
-1.322915461146894511e+00
-1.690676492216252047e+00
-1.986901140964546952e+00
-2.189861430701092182e+00
-2.282642809284517682e+00
-2.254469855976268811e+00
-2.101655442723725287e+00
-1.828096362880808012e+00
-1.445269482966943242e+00
-9.717173541888383115e-01
-4.320484037136517186e-01
1.444883444390219762e-01
7.257631676870436310e-01
1.278744638869988126e+00
1.771565600759412717e+00
2.175536756649767423e+00
2.466971181116790035e+00
2.628695485466826298e+00
2.651144687760523144e+00
2.532966504222132098e+00
2.281094721840798201e+00
1.910288068480642920e+00
1.442167901363666571e+00
9.038224181021798920e-01
3.260744824515665607e-01
-2.584675455522369991e-01
-8.174429401847994603e-01
-1.320718588202478783e+00
-1.742184393389121677e+00
-2.061247629981835860e+00
-2.263932766952373221e+00
-2.343522562025344591e+00
-2.300709556407237510e+00
-2.143261993359683260e+00
-1.885242058224519290e+00
-1.545844728757567843e+00
-1.147950263797888448e+00
-7.165007332797310724e-01
-2.768198715957159717e-01
1.470045542188722631e-01
5.335655187682782907e-01
8.653150492700225627e-01
1.129405640298080993e+00
1.318152034022282537e+00
1.429100622677984544e+00
1.464723672927559672e+00
1.431783163388416602e+00
1.340432198503950678e+00
1.203139033844225381e+00
1.033528552521709498e+00
8.452379982930172675e-01
6.508779576180261373e-01
4.611766657398892466e-01
2.843669180988951384e-01
1.258518709684858794e-01
-1.183920817529615643e-02
-1.288195099832989965e-01
-2.273751897011078715e-01
-3.113149047175804429e-01
-3.852095416928750793e-01
-4.536008735285343985e-01
-5.202584655190382046e-01
-5.875577934992401996e-01
-6.560398868994030686e-01
-7.241950253009672434e-01
-7.884916741119171180e-01
-8.436488027845392423e-01
-8.831269753191873795e-01
-8.997930887777652043e-01
-8.866971146771087664e-01
-8.378880821853190719e-01
-7.491917853754543888e-01
-6.188747186275469492e-01
-4.481273949372214238e-01
-2.413147757265330928e-01
-5.960834543407678154e-03
2.475433108434873519e-01
5.064946012776865292e-01
8.938113099558001595e-01
-1.906942215390053263e+00
4.952365064578552190e-01
1.526230916987865838e+00
-1.539534759415901233e+00
-3.807288266179805203e-01
1.582817700553957430e+00
-4.042518717406698436e-01
-1.592922940523112008e+00
1.714625237349526099e+00
2.489500674082059106e-01
-1.731274490510624542e+00
8.178485479959718418e-01
1.194302555002002109e+00
-1.535339819314470500e+00
-3.253920853648583078e-01
1.962317840693758253e+00
-1.231596701248508730e+00
-8.692080834805502310e-01
1.544484031055256334e+00
5.634856362229868909e-02
-1.709606529055331281e+00
1.110643899529888845e+00
1.025079875511136329e+00
-1.911049680621659252e+00
4.187144097221026096e-01
1.410634771886666305e+00
-1.100206172268171079e+00
-9.413420447354859943e-01
1.961134923228196936e+00
-5.446189563265315670e-01
-1.488193842850853876e+00
1.510449762683307995e+00
4.092885570503509429e-01
-1.615600171825138709e+00
4.344653504951236922e-01
1.580870901303688125e+00
-1.733266070776059653e+00
-2.002186690322486085e-01
1.665681913815263870e+00
-7.522580130385649877e-01
-1.247762487240775986e+00
1.571517233564968974e+00
3.063290688684789931e-01
-1.956375224604279817e+00
1.232613781041264511e+00
8.652573444398971025e-01
-1.534451687868501502e+00
-8.225105744403088393e-02
1.759137878513948872e+00
-1.179509508246522564e+00
-9.542997681556681933e-01
1.858723122909754943e+00
-3.956956478301355551e-01
-1.406979370256738138e+00
1.079966333311114468e+00
9.689809428292274207e-01
-1.991527332535913741e+00
5.768807495335658286e-01
1.452352057584808787e+00
-1.467656262769485132e+00
-4.606019285080906189e-01
1.669620354245033189e+00
-4.763869161480449033e-01
-1.567634227192471918e+00
1.755275004392079286e+00
1.520279924519898074e-01
-1.609489032116875329e+00
7.026820079752780224e-01
1.287013695982043959e+00
-1.604763838221327177e+00
-2.744208092080746564e-01
1.925407122680204086e+00
-1.206328339060791954e+00
-8.802937047671730575e-01
1.529780524751014781e+00
1.138125135962100992e-01
-1.817109231482396670e+00
1.251412106802743285e+00
8.885575410266800533e-01
-1.814907688265135599e+00
3.758349665164216757e-01
1.412644685856453197e+00
-1.081915680049823969e+00
-9.688248778496207914e-01
1.999577381029346901e+00
-6.008261438391893083e-01
-1.409531281075846687e+00
1.409000699467310103e+00
5.268241089587247794e-01
-1.730518931952076178e+00
5.170488867840755676e-01
1.557319735477006528e+00
-1.773496384293681949e+00
-1.186369968410573295e-01
1.575921131219655047e+00
-6.742332206831571639e-01
-1.316750978020260643e+00
1.644987630846085791e+00
2.223609785114850912e-01
-1.870653693106301363e+00
1.162713820980231683e+00
9.014024547255997666e-01
-1.522788989074568056e+00
-1.480781588433505713e-01
1.870761437932758842e+00
-1.310440824703654750e+00
-8.384857418397158035e-01
1.779891009631580978e+00
-3.503898691628856699e-01
-1.438694821896135734e+00
1.111691714171552103e+00
9.444868848315689513e-01
-1.995610356407758523e+00
6.262191290554649514e-01
1.357873681761396112e+00
-1.343193428139440870e+00
-5.925332396597257079e-01
1.784282107105377602e+00
-5.512829904517819735e-01
-1.544031931647542377e+00
1.775258795955781732e+00
1.114613833617692229e-01
-1.568427603854427144e+00
6.611813453215431569e-01
1.346938371294926551e+00
-1.698539158137963856e+00
-1.530502865068207874e-01
1.803969238862704216e+00
-1.116369584914750579e+00
-9.195816320180196790e-01
1.515384540115695344e+00
1.732576239700755472e-01
-1.905158267484407197e+00
1.346790666016902671e+00
8.040345878005485947e-01
-1.745419345777411202e+00
3.097153660009264731e-01
1.488655000373351855e+00
-1.163375081885196005e+00
-9.082573783441382220e-01
1.990682253982964278e+00
-6.555203748898574823e-01
-1.305950995755080335e+00
1.285722100121371003e+00
6.435393258739823263e-01
-1.825318391693345088e+00
5.840596971990231756e-01
1.516683135769635982e+00
-1.751270358696939144e+00
-1.316997067406965316e-01
1.579446114977354210e+00
-6.525767797560879657e-01
-1.383948038942520498e+00
1.761788450290514563e+00
7.943791661012658545e-02
-1.741090968988319387e+00
1.077382523469955444e+00
9.355815546105586966e-01
-1.517947014605877776e+00
-1.761047235336447025e-01
1.912221433169473350e+00
-1.361828402299202434e+00
-7.764801094377038471e-01
1.702418446293933352e+00
-2.517378497239928237e-01
-1.554708161528948196e+00
1.222818259328841028e+00
8.727013457383563377e-01
-1.988388111241197631e+00
6.810906484728344035e-01
1.268351573014911304e+00
-1.249932852080196000e+00
-6.747821650324566933e-01
1.858457688093627880e+00
-6.254217921644880107e-01
-1.467855699736072106e+00
1.702638738648980299e+00
1.696042674114180970e-01
-1.596418505017745737e+00
6.411855380211075595e-01
1.424398380659379626e+00
-1.821701728940092746e+00
-1.747418118887449079e-02
1.692463863918215239e+00
-1.045716367395440383e+00
-9.584859818234582329e-01
1.541817754172167376e+00
1.507755024700329627e-01
-1.895374071167605701e+00
1.365644553901902647e+00
7.463485892166021873e-01
-1.649312521221470984e+00
1.853308376419778025e-01
1.621483168500610139e+00
-1.276292396827590103e+00
-8.425405934480341141e-01
1.982355790459593869e+00
-6.898749180404484260e-01
-1.256725392312225020e+00
-3.131400524416665387e-01
-5.116816648213067253e-01
-6.779401670350952980e-01
-8.107303797687053226e-01
-9.109318580282796951e-01
-9.809414309353421402e-01
-1.024039386741136815e+00
-1.043739264107616638e+00
-1.043190640133861313e+00
-1.024697393503408271e+00
-9.894013190112874723e-01
-9.371638166374082202e-01
-8.666582047851920656e-01
-7.756638065902059509e-01
-6.615322356324164765e-01
-5.217781197627461287e-01
-3.547325002739504241e-01
-1.601886331122500673e-01
6.003225516245414006e-02
3.016632304915212170e-01
5.577790418422471364e-01
8.188292968684198758e-01
1.072937342335187560e+00
1.306461429944716368e+00
1.504790748909216713e+00
1.653326284237857102e+00
1.738577180860026106e+00
1.749289090905876476e+00
1.677513206519702482e+00
1.519524187066679577e+00
1.276502254096381073e+00
9.549090164036748707e-01
5.665071728956034836e-01
1.279996637901044121e-01
-3.397077816997591260e-01
-8.125875843016323596e-01
-1.264853941157788597e+00
-1.670524358121706188e+00
-2.005075995390927179e+00
-2.247082667169111758e+00
-2.379715554751139717e+00
-2.391996617421331184e+00
-2.279708073791446132e+00
-2.045883279233740915e+00
-1.700832348491567947e+00
-1.261687982665446128e+00
-7.514908292659079336e-01
-1.978668359828051337e-01
3.686210243121047503e-01
9.163398468867782753e-01
1.414548832285378754e+00
1.835324051268580003e+00
2.155314817256503979e+00
2.357211094587543077e+00
2.430820682371620745e+00
2.373681639108995434e+00
2.191167642233713853e+00
1.896079378324896147e+00
1.507751055665985662e+00
1.050735088628566238e+00
5.531574341224400060e-01
4.485880635446021225e-02
-4.445486062560094487e-01
-8.875742927266614402e-01
-1.260562542167782851e+00
-1.545109728987052122e+00
-1.729092323089503669e+00
-1.807241150664697038e+00
-1.781230811315485330e+00
-1.659288458624161855e+00
-1.455360746486003443e+00
-1.187909072669862010e+00
-8.784290145168021091e-01
-5.498081830572045803e-01
-2.246463270738436879e-01
7.633822887959018644e-02
3.357007442418462606e-01
5.403632507779069227e-01
6.823357614780442004e-01
7.590221706329747242e-01
7.730999954473998237e-01
7.319958823792602765e-01
6.470093608966611676e-01
5.321633609739088167e-01
4.028795757670855515e-01
2.745884213609631752e-01
1.613863172954014269e-01
7.484716009387448743e-02
2.308074601420351257e-02
1.010971228442281156e-02
3.561003895422087950e-02
9.503041568402331718e-02
1.800751889819812990e-01
2.795065701898937216e-01
3.801965649654466262e-01
4.683396254854351182e-01
5.307248046509435158e-01
5.559621061446881063e-01
5.355620297422214460e-01
4.647796027309195610e-01
3.431534375316477314e-01
1.746949965414795747e-01
-3.228869976561815625e-02
-2.657264474860878689e-01
-5.106277298214976224e-01
-7.501757122280439116e-01
-9.669834615128993782e-01
-1.144415714384552363e+00
-1.267873462439069066e+00
-1.325941624748314229e+00
-1.311310858266122148e+00
-1.221402214328704883e+00
-1.058646457559440535e+00
-8.303965756394617870e-01
-5.484802103423580544e-01
-2.284262176326106175e-01
1.115758216445026652e-01
4.519044648408546694e-01
7.728313794609968923e-01
1.055843833596946002e+00
1.284867470625003172e+00
1.447300980682654448e+00
1.534789838993086075e+00
1.543687248120940048e+00
1.475175082757919753e+00
1.335044003111611088e+00
1.133157875131802772e+00
8.826511672248764651e-01
5.989272570456583011e-01
2.985391145409330149e-01
-1.959358427138346848e-03
-2.871033911965261143e-01
-5.434682166721584995e-01
-7.604138034406473512e-01
-9.305752261945143822e-01
-1.050072653336602713e+00
-1.118438726635210489e+00
-1.138284513450315893e+00
-1.114746295021685984e+00
-1.054772494025944196e+00
-9.663216723110392703e-01
-8.575478391161125424e-01
-7.360479298821841487e-01
-6.082384379483533055e-01
-4.789145433898216453e-01
-3.510269049256501406e-01
-2.256901622612108582e-01
-1.024149838052957340e-01
2.046587309157729684e-02
1.452256768021780720e-01
2.740884976844583654e-01
4.085617994270057118e-01
5.488302297476483904e-01
6.932795297541994861e-01
8.382086301988852517e-01
9.777716234346022217e-01
1.104170731339798817e+00
1.208098345688215947e+00
1.279402648241947382e+00
1.307929249718933207e+00
1.284472655598100088e+00
1.201757856101958399e+00
1.055365236224029779e+00
8.445120905918631626e-01
5.726115088834039524e-01
2.475438661936413265e-01
-1.184033782929767575e-01
-5.089469024395834040e-01
-9.045615236645794255e-01
-1.283540736033148555e+00
-1.623301327274953909e+00
-1.901847364088142367e+00
-2.099292413383142542e+00
-2.199329748565038045e+00
-2.190539396401742334e+00
-2.067428509013376381e+00
-1.831117335065671092e+00
-1.489606010032426875e+00
-1.057585908409869990e+00
-5.557913608668682004e-01
-9.920786002891757160e-03
5.508117642939756031e-01
1.095405423123565480e+00
1.592970154683926776e+00
2.014667061943303583e+00
2.335559459643282487e+00
2.536246551846913722e+00
2.604164615744020139e+00
2.534462144669070049e+00
2.330383961765830403e+00
2.003132863014225329e+00
1.571213476952140642e+00
1.059299120380293058e+00
4.966958515634663507e-01
-8.449377551717698887e-02
-6.513836535690671337e-01
-1.172357821538460021e+00
-1.619026320926018947e+00
-1.967951825466144777e+00
-2.202032227465791081e+00
1.239386322531324858e+00
6.919300217520825136e-01
-1.893591695613824122e+00
6.816399966178173786e-01
1.400469742048335187e+00
-1.641088891314330667e+00
-2.108988299866766669e-01
1.610819575762861167e+00
-6.294280711438193787e-01
-1.456090029102356187e+00
1.863131949115117703e+00
-2.302952890296411370e-02
-1.657912283032712875e+00
1.012956256634301555e+00
9.980774578853229828e-01
-1.590647827394788827e+00
-1.030106030191230981e-01
1.866613739313420561e+00
-1.368887255613446818e+00
-7.116223750840542372e-01
1.595022367336878855e+00
-1.261240613441699243e-01
-1.674892050449356296e+00
1.318495555379159523e+00
8.124430395794524085e-01
-1.961172682999688277e+00
6.723392655257310890e-01
1.272458713558237919e+00
-1.246719600969121711e+00
-7.056790576621003730e-01
1.936811119934677805e+00
-7.488670229351990226e-01
-1.327518297802549929e+00
1.582167851668322633e+00
2.458908379658742982e-01
-1.623887092426634871e+00
6.281278598412486369e-01
1.465471618618218841e+00
-1.877846576115832056e+00
4.337824403460274758e-02
1.628757434485996969e+00
-9.700899410437552328e-01
-1.056387562803976499e+00
1.656682163281989473e+00
4.671933161990975136e-02
-1.838087946610828194e+00
1.374639177049890915e+00
6.804103061168242927e-01
-1.554439244757133798e+00
8.754941286158024472e-02
1.709966159599159319e+00
-1.354431457823393803e+00
-7.721962053777445822e-01
1.917281357630788330e+00
-6.294390585298885732e-01
-1.306038663488930052e+00
1.259727698561704301e+00
7.228322646376433847e-01
-1.984336266616135047e+00
8.138322034824785334e-01
1.264949259925051361e+00
-1.536092597142012739e+00
-2.749745415182807684e-01
1.645070402903234141e+00
-6.489164074294512252e-01
-1.446491544502542137e+00
1.869089004307849633e+00
-5.344850731406758371e-02
-1.595785669307164811e+00
9.157862677907704363e-01
1.124420622368680123e+00
-1.724640105292948533e+00
4.687641858631783065e-03
1.814049823733485223e+00
-1.376042974809295050e+00
-6.661456351445633750e-01
1.539429713666701005e+00
-7.325154513887011110e-02
-1.732345465585082955e+00
1.393956844705360298e+00
7.155710703667580441e-01
-1.853585749941038197e+00
5.727406539195778468e-01
1.343531120724772654e+00
-1.270367802859905471e+00
-7.404652361002550531e-01
2.023581360161129883e+00
-8.612105291593249445e-01
-1.222541879244117169e+00
1.502522101516265751e+00
3.067625058630616408e-01
-1.684320319583963999e+00
6.955932420623246459e-01
1.404699173687360858e+00
-1.848563170645787901e+00
6.349273080702114158e-02
1.557397621054701364e+00
-8.592800707753505129e-01
-1.186445881476728692e+00
1.780577367449275084e+00
-4.623483192283140558e-02
-1.788777671082527609e+00
1.361344351446786227e+00
6.786091325580414502e-01
-1.551560947189699169e+00
7.604937313821172329e-02
1.752499969772783217e+00
-1.442916119327969593e+00
-6.465922011444792394e-01
1.783082156557620479e+00
-5.175649376863139528e-01
-1.375664307453284607e+00
1.280378573875001313e+00
7.473116314387157066e-01
-2.040703873310299787e+00
8.826399180343116324e-01
1.199020656035772570e+00
-1.472786141220305822e+00
-3.502430719876592491e-01
1.743662937551561765e+00
-7.604968033874973665e-01
-1.353742905617238090e+00
1.827988707393911172e+00
-7.608518641524991688e-02
-1.522153533982951057e+00
8.157356031349922709e-01
1.228983068100046872e+00
-1.819656816643046016e+00
8.313791381378936307e-02
1.751856397455645364e+00
-1.322820808147205707e+00
-7.170134995592146732e-01
1.581559503275379530e+00
-8.408324962520849488e-02
-1.776822196236304885e+00
1.497163252491680696e+00
5.787276565065938572e-01
-1.721673896867692122e+00
4.738616491034678968e-01
1.403221983163536635e+00
-1.299595659989705831e+00
-7.314411514819354476e-01
2.029447869849791530e+00
-8.811984492937321445e-01
-1.184698655581907234e+00
1.437898421232067792e+00
4.065413335489000413e-01
-1.814021132266784075e+00
8.284749215555599067e-01
1.306685025930498290e+00
-1.811131833851256978e+00
8.387924457914167076e-02
1.503854989317647384e+00
-7.972142800663197804e-01
-1.248333893313002374e+00
1.847525818459501590e+00
-1.252565920982609549e-01
-1.697061478606370022e+00
1.263326800525588212e+00
7.699767945026207983e-01
-1.615848150468750744e+00
8.979382130416430075e-02
1.801897208976397380e+00
-1.543752401025614729e+00
-5.274448595885036228e-01
1.679068185730560714e+00
-4.410849574814468266e-01
-1.435049454999752783e+00
1.338166037721282509e+00
6.888869893028306546e-01
-1.995163259196010230e+00
8.683001887438930311e-01
1.169702884676638188e+00
-1.396649761623621977e+00
-4.661456425183185814e-01
1.879604970808731457e+00
-8.857679464083033638e-01
-1.268139792144738154e+00
1.791856538095823126e+00
-7.476628435357998703e-02
-1.512529930138644119e+00
8.054530015924129538e-01
1.251519059726242444e+00
-1.874458390598791935e+00
1.782257602236126948e-01
1.628554531293372909e+00
-1.195822588121560726e+00
-8.224376150443960531e-01
1.645598628840623912e+00
-9.542972745863584350e-02
-1.816021139971397247e+00
1.568568136705541516e+00
5.012072557728519673e-01
-1.653984480920922095e+00
4.105355927911942815e-01
1.480148797146802364e+00
-1.398145000351828537e+00
-6.271887609100584848e-01
1.951218848194411493e+00
-8.552309896370671183e-01
-4.116865270706863700e-01
-1.892416616913462635e-01
5.955646836111472275e-02
3.250334835216153184e-01
5.951260113195684376e-01
8.560267065942992470e-01
1.093032208296257579e+00
1.291534144966462128e+00
1.438078658243801433e+00
1.521411155455839825e+00
1.533420973212632488e+00
1.469905632756348002e+00
1.331086117761578702e+00
1.121822270652298448e+00
8.514996524099148756e-01
5.335843185443260861e-01
1.848679488776254765e-01
-1.755494492154427155e-01
-5.274704772059274349e-01
-8.509195620829340667e-01
-1.127474918805619231e+00
-1.341514854506765442e+00
-1.481284782481930407e+00
-1.539703458604741559e+00
-1.514845611223772259e+00
-1.410061922133748702e+00
-1.233724423404376047e+00
-9.986137132852137555e-01
-7.209917560213474630e-01
-4.194282626013683957e-01
-1.134678260940327199e-01
1.777624388900856944e-01
4.369000669349271115e-01
6.495476871252461315e-01
8.052362576190102983e-01
8.980787461900732183e-01
9.270657749818120852e-01
8.959824970158289936e-01
8.129554586956682094e-01
6.896671246952054135e-01
5.403018258994176648e-01
3.803080718249441383e-01
2.250767521495192214e-01
8.864155096839965164e-02
-1.749367045077721006e-02
-8.530562996383139751e-02
-1.109030622128061028e-01
-9.482506188221417887e-02
-4.196066122752573069e-02
3.890568759048063097e-02
1.358878522947283285e-01
2.350684294380096795e-01
3.217603155296842043e-01
3.818575546856184388e-01
4.031651222761617470e-01
3.765975116234747677e-01
2.971449275977781079e-01
1.645229419834609574e-01
-1.655462294299148152e-02
-2.365108432968537899e-01
-4.814483101325240932e-01
-7.340664203047119196e-01
-9.748904186069335953e-01
-1.183723598250111753e+00
-1.341214892875424169e+00
-1.430422967600838646e+00
-1.438255784191192044e+00
-1.356671737756089513e+00
-1.183544392895975683e+00
-9.231164615208586888e-01
-5.859982427619746526e-01
-1.886991005378970687e-01
2.472848027624393596e-01
6.967699702694813979e-01
1.132486192280385495e+00
1.526868868407866398e+00
1.853918027918399769e+00
2.090992583152793571e+00
2.220411502739895848e+00
2.230746170309640952e+00
2.117709306485713316e+00
1.884573943306862676e+00
1.542088992799642400e+00
1.107893518070300676e+00
6.054672828357292591e-01
6.268792141655318839e-02
-4.899072600960621138e-01
-1.021036279710524797e+00
-1.500633722079589560e+00
-1.901725112476190027e+00
-2.202088284131513696e+00
-2.385591540145580947e+00
-2.443122072403961731e+00
-2.373047680807838677e+00
-2.181188112121432710e+00
-1.880306833129348654e+00
-1.489167229378585366e+00
-1.031226669771594162e+00
-5.330654995856427547e-01
-2.266418570305750446e-02
4.723505139306030665e-01
9.263707465315229594e-01
1.317274409717733352e+00
1.627601530389428452e+00
1.845371882603869418e+00
1.964503659281177317e+00
1.984823193103802064e+00
1.911685644115356242e+00
1.755253975752840256e+00
1.529506411465255455e+00
1.251059280615797853e+00
9.379016200327540131e-01
6.081395834275321599e-01
2.788427335079632918e-01
-3.492863901846776642e-02
-3.208546651364683200e-01
-5.698076910284046726e-01
-7.760116561973180449e-01
-9.369207729100007542e-01
-1.052851980906848395e+00
-1.126424571555592946e+00
-1.161873995247545421e+00
-1.164314189870305327e+00
-1.139023344666516557e+00
-1.090821963114520177e+00
-1.023600085782082170e+00
-9.400337463725255693e-01
-8.415107175001949047e-01
-7.282641685042025026e-01
-5.996919186352285269e-01
-4.548203781558946002e-01
-2.928576649245511199e-01
-1.137710503339548485e-01
8.117934781841917857e-02
2.890155488269904316e-01
5.047809925437328760e-01
7.214850926423566069e-01
9.302752744302696941e-01
1.120837470307999517e+00
1.282004159928244125e+00
1.402528427320762106e+00
1.471964992286017182e+00
1.481586345436207708e+00
1.425255186174565036e+00
1.300174060142452070e+00
1.107439599529914220e+00
8.523416999207854561e-01
5.443663915086316418e-01
1.968836778119127384e-01
-1.734735451818409935e-01
-5.477082024481881861e-01
-9.055806446975562807e-01
-1.226878620100035677e+00
-1.492746664958323866e+00
-1.686978186405913460e+00
-1.797173148501450601e+00
-1.815671519202524342e+00
-1.740187075157344054e+00
-1.574086799486710042e+00
-1.326286441940423444e+00
-1.010760942991478561e+00
-6.456972061958512477e-01
-2.523439068382633543e-01
1.463634870909414909e-01
5.273064070154374061e-01
8.687086659180045523e-01
1.151573936902768436e+00
1.360930858909247476e+00
1.486794794521949070e+00
1.524775681190251753e+00
1.476287353716969175e+00
1.348343228712759245e+00
1.152954093084916476e+00
9.061735689600902699e-01
6.268633382662787135e-01
3.352713435978239565e-01
5.153028236689721764e-02
-2.058103430937902045e-01
-4.211080631110984962e-01
-5.827077980696522275e-01
-6.836982110110370048e-01
-7.222886042350356028e-01
-7.017802980290747117e-01
-6.301378770916949978e-01
-5.191967680540251484e-01
-3.835719098722441545e-01
-2.393555929374006352e-01
-1.027090449537222394e-01
1.153927474675864318e-02
9.117612782694972662e-02
1.276633713306317697e-01
1.168892688494200804e-01
5.954939932510783240e-02
-3.887557337216651643e-02
-1.685461903375392589e-01
-3.160633991718599378e-01
-4.655796934944962939e-01
-6.001359646190771446e-01
-7.031191493307287210e-01
-7.597251190250412511e-01
-1.151959000548735013e+00
1.358029604060515982e+00
5.136517496069261668e-01
-1.926925001928816661e+00
9.277106030013649862e-01
1.232642534190175887e+00
-1.759514635164800556e+00
4.083697658750441717e-02
1.547570660446945023e+00
-8.314178478349386614e-01
-1.250065026656488776e+00
1.906460791577353930e+00
-2.375674360786699246e-01
-1.559960235563182085e+00
1.136124985343043070e+00
8.647510081993681208e-01
-1.672012778114021492e+00
1.112297272135140125e-01
1.806960687364485008e+00
-1.565157995667763924e+00
-4.970835796241261928e-01
1.636897847438992137e+00
-3.734198323490783844e-01
-1.539478294602841801e+00
1.470413873843566366e+00
5.613343572815453486e-01
-1.910301727642795599e+00
8.452561275553233111e-01
1.139302452288667666e+00
-1.336193571808166336e+00
-5.368288844127819814e-01
1.952262442366477835e+00
-9.599948152222154141e-01
-1.190292631628483200e+00
1.707850310202938093e+00
1.513427989568827403e-02
-1.597801727375581349e+00
8.618988763862600599e-01
1.251051162001105777e+00
-1.939645206402846878e+00
2.900054842666722754e-01
1.506850610660952050e+00
-1.093828413027385649e+00
-8.977064084903380037e-01
1.704201664949090311e+00
-1.475616575425977572e-01
-1.770566994189130883e+00
1.538668725690956141e+00
5.039414466644872581e-01
-1.618294476151700412e+00
3.288875849492377546e-01
1.603288446105991971e+00
-1.539165673944498991e+00
-5.048590548556463053e-01
1.876632725916230982e+00
-8.318042278588005933e-01
-1.144204507484529287e+00
1.341412584319780610e+00
5.337858593091651116e-01
-1.962502608960480233e+00
9.927312783355402015e-01
1.135626761830606846e+00
-1.641122327099411748e+00
-8.026078708704294240e-02
1.648451508412282607e+00
-8.885301066840591844e-01
-1.251714248723323930e+00
1.961880077053673732e+00
-3.211738701185649081e-01
-1.477759148990559490e+00
1.067610803342400327e+00
9.300702481237275165e-01
-1.751217786160924161e+00
2.065423802367846173e-01
1.714232741777842017e+00
-1.502175075445763675e+00
-5.109301374507746463e-01
1.596587104084066677e+00
-2.863315461702947151e-01
-1.655970688301605209e+00
1.590942317882030776e+00
4.622160572428320457e-01
-1.844462718877169838e+00
8.039663857297842942e-01
1.174779270459054059e+00
-1.373265700396008926e+00
-5.133214775205714453e-01
1.968855071801697942e+00
-1.031567537660749601e+00
-1.073418294551502283e+00
1.573070448726338944e+00
1.388534335504268968e-01
-1.690215234035221226e+00
9.129567014430872707e-01
1.241399748151777560e+00
-1.960629401093023860e+00
3.244358035094945247e-01
1.469879071310783658e+00
-1.048078752211447862e+00
-9.704800577418416507e-01
1.813892032366879681e+00
-2.790502685186481702e-01
-1.652748399415826075e+00
1.467965846725850509e+00
5.152949760000201662e-01
-1.580094979593158699e+00
2.602428587537292670e-01
1.685153865087106961e+00
-1.622040012811695409e+00
-4.276307428077238404e-01
1.803812704367251829e+00
-7.554216044688100151e-01
-1.228359867053210097e+00
1.420802025914852829e+00
4.882724774056169670e-01
-1.977927176190125813e+00
1.072164553297455525e+00
1.017240808169468158e+00
-1.519331665564902956e+00
-1.814717042746339937e-01
1.724163620642573003e+00
-9.445860402968497826e-01
-1.209497808866444757e+00
1.931551750381910404e+00
-3.047356816613475683e-01
-1.472347176682463177e+00
1.026053753304187799e+00
1.019460531817530269e+00
-1.882277264757927115e+00
3.493031807416031587e-01
1.599386834191297124e+00
-1.439839220854877366e+00
-5.240598212132523415e-01
1.581655898149640249e+00
-2.611267399474703765e-01
-1.688811998990437990e+00
1.639236903511046117e+00
3.911210383355068210e-01
-1.749352351192284605e+00
6.904867276768418272e-01
1.292168453102110481e+00
-1.469566616307731888e+00
-4.665280019382747057e-01
1.986441081643320228e+00
-1.101977317334452255e+00
-9.816848771433707155e-01
1.488475458983967714e+00
2.095171101813097514e-01
-1.759168369573928858e+00
9.925562863022354687e-01
1.153800368593027592e+00
-1.881871635591875647e+00
2.748441096524782967e-01
1.474744694880684381e+00
-1.000418565959562134e+00
-1.067245083449404941e+00
1.940598544767303757e+00
-4.039157996132111128e-01
-1.558349609673315372e+00
1.411728216584307027e+00
5.484186894361117171e-01
-1.609602619707604321e+00
2.887516825418704469e-01
1.675517604921208381e+00
-1.653445881488159852e+00
-3.473675796521906722e-01
1.686112135580768667e+00
-6.229748056467857564e-01
-1.350683584964875728e+00
1.510627694816918831e+00
4.459779811050781362e-01
-1.983318130534333035e+00
1.108171960326419292e+00
9.735551655908060154e-01
-1.477793680192535763e+00
-2.322844387502981944e-01
1.803748310970331614e+00
-1.057610002094626189e+00
-1.083395197394760867e+00
1.826152012204988795e+00
-2.466324960022933943e-01
-1.474832712833382020e+00
9.799667145259777223e-01
1.099029599447390204e+00
-1.976376421870309263e+00
4.392366984667878116e-01
1.523740798514032546e+00
-1.373538978351655393e+00
-5.947893034440842053e-01
1.661399805774970817e+00
-3.324052069359038630e-01
-1.657732837879395849e+00
1.670814605503958772e+00
3.011352473509318339e-01
-1.627927557025198757e+00
5.685468509813917937e-01
1.394659607591719030e+00
-1.545373328435338145e+00
-4.168910484336514344e-01
1.957689143575919388e+00
