0.000000000000000000e+00
2.119641054352407750e+01
-2.826994249662470082e+01
1.777060439361753907e+01
6.217139652287366758e-01
-1.172969956070441455e+01
6.689069625956852505e+00
1.018974123314287894e+01
-2.480155811481583328e+01
2.424468974273442257e+01
-6.931908873685637573e+00
-1.600017912692590727e+01
2.907579401230108118e+01
-2.419590987488307476e+01
6.666254459058006177e+00
9.077113183565524324e+00
-1.070738951458500487e+01
-2.481146648535118349e+00
1.911765968335616606e+01
-2.467241819785967394e+01
1.283134238361534507e+01
9.463587905381842802e+00
-2.718826237896379183e+01
2.861987961611997733e+01
-1.415648020459040701e+01
-4.189856451690025629e+00
1.217746647015104777e+01
-4.318484725326154461e+00
-1.200538672993065603e+01
2.242060140303207305e+01
-1.683959832445043503e+01
-2.591772012407663972e+00
2.299551759438244147e+01
-3.051975002817835048e+01
2.081307912399253013e+01
-2.169649155636234283e+00
-1.101039299594455301e+01
9.337777199705829645e+00
4.456506125774637894e+00
-1.784952243282000239e+01
1.841423204730495655e+01
-3.584046007216992180e+00
-1.723402241054627382e+01
2.977921275800103729e+01
-2.575705097084856732e+01
9.027897096410141486e+00
7.536010925702831820e+00
-1.201450947778606171e+01
2.502941106609085864e+00
1.167071392738354163e+01
-1.741471789469096620e+01
8.181010186059936018e+00
1.085727303507841413e+01
-2.669956354367206330e+01
2.841128304041063402e+01
-1.536939914650739247e+01
-2.437582876927061548e+00
1.218335282028373001e+01
-7.986964030448475249e+00
-4.817920707851987672e+00
1.411619761011424501e+01
-1.061061953720146533e+01
-4.868069508120547617e+00
2.193704008099993175e+01
-2.859019967706243648e+01
2.031070957605874128e+01
-3.374978288980384988e+00
-1.009210722119181725e+01
1.139641805770707528e+01
-1.719156153093862827e+00
-9.149426878265352059e+00
1.067011754014362701e+01
1.449424489406534455e-01
-1.637832983734688241e+01
2.651834800951646542e+01
-2.324784748743534735e+01
8.929805697928930641e+00
6.344183306825122770e+00
-1.251196330789033873e+01
7.067850390645698866e+00
3.378547677268777250e+00
-8.563278347595312923e+00
2.705727977613464841e+00
1.097748708303125476e+01
-2.277531146582143151e+01
2.395064213598958958e+01
-1.336536682538797649e+01
-1.778607652814562456e+00
1.151689646832184977e+01
-1.062071717125692416e+01
2.260352448653556223e+00
4.847633157432399642e+00
-3.445271351647339220e+00
-6.584437589970092652e+00
1.817788320801381019e+01
-2.258743900347411326e+01
1.607880918550950611e+01
-2.689765330797820653e+00
-8.946560132574218116e+00
1.213214168879684074e+01
-6.929874762439448332e+00
-3.187287760844501605e-01
2.229139145865922877e+00
3.796593737131672697e+00
-1.362190618675285947e+01
1.967654019320124803e+01
-1.682345518203366908e+01
6.239977077811026618e+00
5.574587824625357513e+00
-1.174629130351675066e+01
1.003963273046911198e+01
-4.146448679024389961e+00
4.397778620442664987e-01
-2.860614237978377439e+00
9.913474943507791792e+00
-1.597431053814841739e+01
1.573812429861904505e+01
-8.293142349113782785e+00
-2.257847671193951911e+00
9.952151705239147716e+00
-1.134511161581716365e+01
7.757352425788353045e+00
-3.821314846931528564e+00
3.641864784402195632e+00
-7.620954674623723335e+00
1.232154712094430771e+01
-1.330372022053137826e+01
8.611815340393238927e+00
-2.305440284568316400e-01
-7.474947630860091508e+00
1.097928155879916545e+01
-9.957628778253459600e+00
7.090342947188156941e+00
-5.666436299126350384e+00
6.975190128366288711e+00
-9.477324692521678529e+00
1.023607978508656124e+01
-7.332542345934051298e+00
1.348741100939841786e+00
5.125032341930834789e+00
-9.411821174782579291e+00
1.052526971031472414e+01
-9.502166818337503429e+00
8.227019756529038830e+00
-7.836119856677011164e+00
7.971686784107276935e+00
-7.335920740838609788e+00
4.926178968041833528e+00
-8.866399273015854732e-01
-3.633152130954096393e+00
7.344364318559131632e+00
-9.606739935920511897e+00
1.053966665541043390e+01
-1.053204115475421432e+01
9.731490588403570285e+00
-8.004860708561935212e+00
5.324648664954877653e+00
-2.094103098086071313e+00
-9.993236470808994909e-01
3.503404984469136174e+00
-5.562132527208227373e+00
7.679116208940012456e+00
-1.001440572984887822e+01
1.186943671587611604e+01
-1.195981566449061972e+01
9.411829403061922505e+00
-4.697321924842828622e+00
-3.795412738203465253e-01
3.823278694413634771e+00
-4.911774625914010706e+00
4.770438426683637267e+00
-5.447825145604058505e+00
8.102667931795398459e+00
-1.175378523244603279e+01
1.373766391810472598e+01
-1.169874658218682129e+01
5.620760805351639355e+00
1.791212892659348022e+00
-6.871603922397188313e+00
7.669478560368631292e+00
-5.447332395836636643e+00
3.699677166517787441e+00
-5.309679642248385179e+00
1.002870295264998646e+01
-1.436304548989197727e+01
1.414413632493522144e+01
-7.896244345622417171e+00
-1.665687807600585657e+00
9.349706510544269378e+00
-1.125813484184521585e+01
7.740600002198371854e+00
-3.139312475234132815e+00
2.368814796403205136e+00
-6.904849595754068758e+00
1.336362749578926845e+01
-1.594559857147755011e+01
1.099405981526469489e+01
-1.402058241831181107e-01
-1.054589183589106760e+01
1.493020794153603603e+01
-1.142897346797152380e+01
4.240331872185731044e+00
-9.485659876526586487e-02
2.926017944855775710e+00
-1.060133053398939751e+01
1.638412580515236527e+01
-1.415362500409994340e+01
3.397912694099788133e+00
9.981040266918462578e+00
-1.785586387552194054e+01
1.595535096069110637e+01
-7.139690736674038085e+00
-7.808945617416160889e-01
1.130674814427191421e+00
6.313003699222795362e+00
-1.497473122229386178e+01
1.653051693141025424e+01
-7.539599810804620716e+00
-7.515377505582756079e+00
1.928854791484329567e+01
-2.052627036326458665e+01
1.159588701110132369e+01
-2.376528203771230974e-01
-4.402032184539916848e+00
-1.078836734385912877e+00
1.157453397489938141e+01
-1.736282201371358269e+01
1.175724636646468291e+01
3.391572617918482635e+00
-1.871794150642036669e+01
2.425938273184406313e+01
-1.701956766185956127e+01
3.301822001647356952e+00
6.105976692770246572e+00
-4.276281334203384077e+00
-6.427293937201238982e+00
1.612543830007307122e+01
-1.515033002983182442e+01
1.794750949599562162e+00
1.598114662595517288e+01
-2.635154541000699879e+01
2.257162562264689143e+01
-8.172031194960947431e+00
-5.697304674594385610e+00
8.830628974117979979e+00
1.351835032775010603e-01
-1.264302281725393406e+01
1.689483549960572617e+01
-7.192452198025550913e+00
-1.131058700891735214e+01
2.623611041708181801e+01
-2.731118124661381330e+01
1.424459746101505431e+01
2.982532159896483570e+00
-1.173558007170027118e+01
6.437861425935659909e+00
7.139812886457589158e+00
-1.640213446672983366e+01
1.184288076481760221e+01
5.308794649981366298e+00
-2.369978222851376515e+01
3.036639926852930671e+01
-2.064744489212802847e+01
1.828205129239101501e+00
1.237611811646417692e+01
-1.231407259055414727e+01
-2.161686026106623970e-01
1.343794957976841253e+01
-1.485152935552191167e+01
1.146196899076767473e+00
1.893673767296197852e+01
-3.109664615613096572e+01
2.638782537488047097e+01
-8.142679036894648448e+00
-1.049198797460418930e+01
1.657426518518360226e+01
-7.244766101500473177e+00
-8.178821406507552183e+00
1.555182020815650112e+01
-7.048217473807648403e+00
-1.252919123368879539e+01
2.921587951849270581e+01
-3.052539294647645818e+01
1.507845938021529619e+01
6.236628167412687773e+00
-1.852321947095908428e+01
1.422391584705934875e+01
1.194920293354691410e+00
-1.363076055716454960e+01
1.143657271775688500e+01
5.357127615471938498e+00
-2.485413530788775915e+01
3.233911189905333572e+01
-2.160907707015103085e+01
-1.623790253646437698e-01
1.781761076978026637e+01
-1.974028758626718272e+01
6.638425732368158805e+00
9.193055855200238824e+00
-1.356439194779418500e+01
1.546996078633956273e+00
1.854525758596178875e+01
-3.145743450870191893e+01
2.673827763158303128e+01
-6.866020684161439291e+00
-1.453280117207912525e+01
2.302065133276233411e+01
-1.428498317871441259e+01
-2.751472029878353709e+00
1.303100758183748553e+01
-7.172577422629119681e+00
-1.114251792131513952e+01
2.792778924441885025e+01
-2.967089893910690535e+01
1.381445339647263815e+01
9.155929116732679063e+00
-2.363405234309638558e+01
2.072183705532679099e+01
-4.855277691026637754e+00
-9.854138817895801594e+00
1.070279836691390507e+01
3.677001594716728494e+00
-2.221246023611548281e+01
2.994941528229113459e+01
-1.965335462821829537e+01
-2.506195955404844078e+00
2.156666490707256401e+01
-2.511221131515301153e+01
1.260257106648237091e+01
4.468606073516315114e+00
-1.165308745263740065e+01
2.815851011645359669e+00
1.511137705792054575e+01
-2.753140229464958821e+01
2.353124527463223359e+01
-4.403434912402701684e+00
-1.722336248133766645e+01
2.694571438288742371e+01
-1.945267839275713584e+01
2.348287144408806704e+00
9.951121498409445820e+00
-7.470311640413687115e+00
-7.625688874825760522e+00
2.279394958012726136e+01
-2.491660321188260951e+01
1.053820126163674331e+01
1.135575748844773258e+01
-2.612077822926248061e+01
2.452917878939645391e+01
-9.611178070311666488e+00
-5.944050855831363833e+00
9.733701106709430562e+00
7.868018298988127546e-01
-1.646439145804820114e+01
2.368261413309129537e+01
-1.501611849598380388e+01
-4.929886105403301855e+00
2.295463873763809914e+01
-2.726158670379256321e+01
1.629644998952878154e+01
3.319375663359771522e-01
-9.453318021178580111e+00
4.518181793425386061e+00
9.490176598227435534e+00
-2.011982051815025940e+01
1.725371135577989534e+01
-1.042299745254199106e+00
-1.811946876709995990e+01
2.747430400045428200e+01
-2.151660157455319933e+01
5.960129003437774742e+00
6.891657794417928251e+00
-7.693123128426379687e+00
-2.871770632878548390e+00
1.487490665481785967e+01
-1.705682107167917394e+01
5.676946442974360352e+00
1.251677204797874055e+01
-2.540428501569197195e+01
2.466765075365911031e+01
-1.194761791881525070e+01
-2.667791947695903332e+00
8.525341633619769155e+00
-2.510860758022670947e+00
-8.827372532836575303e+00
1.464057411958093979e+01
-8.366270206162814915e+00
-7.113382614560474160e+00
2.164492336027550934e+01
-2.552313772224645305e+01
1.675944302492155202e+01
-2.363692344737353679e+00
-7.207740600447952950e+00
6.046630822804363703e+00
2.927162815586422440e+00
-1.057566766547407155e+01
8.873889948145826878e+00
2.769317709284921492e+00
-1.702721115213619285e+01
2.425824200252255736e+01
-1.978659272016167492e+01
7.273405498711881023e+00
4.287372911667599595e+00
-7.489826559334492373e+00
1.976658886578546159e+00
5.671677905258450281e+00
-7.360766603645963357e+00
-8.903289396526181676e-02
1.246067906520682911e+01
-2.140048657728193859e+01
2.077961696735040320e+01
-1.122759253411501135e+01
-5.508145007484657185e-01
6.987705173054687080e+00
-5.284657066146117188e+00
-8.196229779982022734e-01
4.337894474563730007e+00
-6.769036891904494091e-01
-8.763882881795296953e+00
1.771706434414106823e+01
-1.987770800332116750e+01
1.363678151765346058e+01
-3.131696479633705010e+00
-5.035019516625484748e+00
6.746053206220484988e+00
-3.176617957974817941e+00
-5.554548177596601022e-01
-3.377855190785046258e-01
6.515923529450994067e+00
-1.406047532015425716e+01
1.756489310782529500e+01
-1.425538851375932836e+01
5.973916784193930241e+00
2.364865321152507249e+00
-6.490301878315851702e+00
5.748570839331122784e+00
-3.150144497262248322e+00
2.657388596655012147e+00
-5.956365088271982522e+00
1.120175072621901080e+01
-1.456242269818334734e+01
1.321432100164803813e+01
-7.421622824956598308e+00
2.029848699215683894e-01
4.986140765693904520e+00
-6.663648528670142568e+00
6.022226182869294675e+00
-5.570427891575906010e+00
6.951725503039500431e+00
-9.682662332785785253e+00
1.167826598168290175e+01
-1.098122269175116372e+01
7.253431841915157108e+00
-1.927299276464493616e+00
-2.936602290464899401e+00
6.059462493323673371e+00
-7.531428571822717188e+00
8.279140306902281310e+00
-9.034173880628005193e+00
9.714588098068206889e+00
-9.642525239993551267e+00
8.256560839982597599e+00
-5.615826813138374618e+00
2.292814284078932729e+00
1.130413538146433972e+00
-4.406059629963926305e+00
7.477148229278991920e+00
-1.006354857439028372e+01
1.150451307911523813e+01
-1.114283059416979960e+01
8.960086184418809552e+00
-5.825749965610387271e+00
2.986214481017696265e+00
-1.112001496787103250e+00
-2.783101033624220122e-01
2.403731756013564702e+00
-6.023841504928730828e+00
1.042882638573168741e+01
-1.357948013057107062e+01
1.348282108715393335e+01
-9.808476329645348102e+00
4.395703527232242891e+00
-7.139538322703620210e-02
-1.438025970356989092e+00
8.655453127343424313e-01
-8.361446456885541778e-01
3.665492328461744442e+00
-9.207880741768486033e+00
1.455510115630865542e+01
-1.602109493661350470e+01
1.200033451512823390e+01
-4.447084499680327596e+00
-2.339022596686602729e+00
4.850419383006593144e+00
-3.048780008284693643e+00
4.069274131002629247e-01
-1.125098959499879037e+00
6.599543527129194231e+00
-1.395483488245830372e+01
1.796171779502896015e+01
-1.501770196505900756e+01
6.130553219566286849e+00
3.536243596543946932e+00
-8.388719681185593302e+00
6.617169009547287040e+00
-1.590988663794600022e+00
-7.917073875389650794e-01
-3.134901425397549346e+00
1.163408798373318298e+01
-1.859025158328659089e+01
1.811180165477701820e+01
-9.227041014940606800e+00
-3.041663613183946957e+00
1.123329456036969987e+01
-1.102537840977074168e+01
4.529100222750897409e+00
1.361109605322877503e+00
-4.221630744544881964e-01
-7.820856241702390577e+00
1.742397658829030505e+01
-2.044960260734450941e+01
1.318005100165371957e+01
7.133401206182936605e-01
-1.264639044685405267e+01
1.549272368638163044e+01
-8.986217735962249265e+00
-9.231788577177768573e-02
3.221720639117809704e+00
3.084217913552764756e+00
-1.431956328503324727e+01
2.127957580625370682e+01
-1.719444230100649662e+01
3.211147400415218733e+00
1.212447989082301447e+01
-1.915013563876716063e+01
1.438208989119044290e+01
-3.163398692837183113e+00
-4.494343474425799734e+00
1.764047955278526203e+00
9.517258874093634802e+00
-2.008529917913350005e+01
2.038361350930986049e+01
-8.144282597684000535e+00
-9.508810080556544975e+00
2.120756682707254015e+01
-1.988916039636778521e+01
8.167040005851067264e+00
3.706085355591529851e+00
-5.816847076859946064e+00
-3.612459873379204822e+00
1.669766618936824543e+01
-2.193780308850136862e+01
1.324593091681026102e+01
5.032725281016878327e+00
-2.111044447665497259e+01
2.458010990840985954e+01
-1.431899055528662679e+01
-6.724928347382559402e-01
8.240985088847930129e+00
-2.540908520228608580e+00
-1.134401523713665583e+01
2.128208659686296045e+01
-1.757096398716050700e+01
7.039728071004978105e-01
1.865561147892917049e+01
-2.759797621357130737e+01
2.075480204846851251e+01
-4.390296501464473700e+00
-8.436767716376117221e+00
7.978011116195348862e+00
4.624128445609045457e+00
-1.819435269014480738e+01
2.024024630947852543e+01
-6.829814492933969028e+00
-1.404454501342480199e+01
2.831738633604419419e+01
-2.649268891842311291e+01
1.088774318674072106e+01
6.158107536023683437e+00
-1.179490129009678334e+01
2.583405689538160743e+00
1.286077693657417775e+01
-2.060350044017967974e+01
1.234889795551895375e+01
7.863148101543696811e+00
-2.646686253299020208e+01
3.060605196231546188e+01
-1.793921501165363708e+01
-1.570382777191106527e+00
1.331300366125730505e+01
-9.268022901602549268e+00
-5.857751967558795236e+00
1.836385499887528994e+01
-1.631402915831434086e+01
-9.909453486338879458e-01
2.218917204073351002e+01
-3.238952921588296618e+01
2.452424411010829886e+01
-4.765335888932105135e+00
-1.220593095172456088e+01
1.446081707278007045e+01
-1.937239747986036154e+00
-1.364076908954649170e+01
1.799426783502178395e+01
-5.544426490362610593e+00
-1.602798913743938414e+01
3.148807461122446227e+01
-2.965650516585460394e+01
1.197955754515879434e+01
8.565052950288059463e+00
-1.740349148808715185e+01
9.490211793302458787e+00
6.959250605180272942e+00
-1.700623664916198408e+01
1.074138057199508722e+01
8.842641719206753237e+00
-2.796520866817223094e+01
3.255405082496291413e+01
-1.903784574965394683e+01
-2.891381442311290684e+00
1.768184839812911946e+01
-1.578485157075493639e+01
8.332269062169925800e-01
1.338506747594994906e+01
-1.379576366791934205e+01
-1.665926694073939451e+00
2.229765027594572757e+01
-3.277489766012438110e+01
2.491482636883357671e+01
-3.985197407528849212e+00
-1.529942525852897006e+01
1.999490336271710689e+01
-8.707445953103277958e+00
-7.581839220811325220e+00
1.423843675763328953e+01
-4.469545262313721068e+00
-1.529698336625536115e+01
3.029331152235128144e+01
-2.876739825676035167e+01
1.104501031590276661e+01
1.067777895556639223e+01
-2.162362425099875196e+01
1.562556490810244370e+01
3.877800532747421869e-01
-1.201414908167376616e+01
8.705213773482789463e+00
7.972353879655985409e+00
-2.550294342485407739e+01
3.007591782412901438e+01
-1.725099407097751225e+01
-4.583308063948596356e+00
2.058516558213742442e+01
-2.071545469726613575e+01
7.201114498943034903e+00
7.487510913267032109e+00
-1.049932786190278655e+01
-1.358965975595313180e+00
1.914632266017958884e+01
-2.872797568289342962e+01
2.172331401793775996e+01
-2.006084631248801209e+00
-1.721334490569217479e+01
2.341486578287710429e+01
-1.415452854854350306e+01
-1.375189275113882559e+00
9.712993961216692895e+00
-3.656638034401214377e+00
-1.218365623222232941e+01
2.502989672279071698e+01
-2.388475664448009894e+01
8.070228337988918810e+00
1.219655237711775619e+01
-2.355960586072290397e+01
1.958246861155520691e+01
-5.383080057934344076e+00
-6.624318436900692220e+00
6.483018334308883190e+00
5.624930606280062584e+00
-1.964433095629603088e+01
2.355087455026249899e+01
-1.272107525097995584e+01
-6.451028018720833757e+00
2.140021683918752871e+01
-2.288256978084836035e+01
1.179093900804897643e+01
1.868640104464777352e+00
-6.915786543415041621e+00
-3.559250226859094202e-01
1.346581477279927519e+01
-2.094906483733030456e+01
1.535068870471858560e+01
9.559599468416140056e-01
-1.754478068722906414e+01
2.383367407541226513e+01
-1.696884577960510754e+01
3.683622837303193620e+00
5.158946505124758275e+00
-3.010291421874058848e+00
-7.457474527948571463e+00
1.666385156560171410e+01
-1.572626978547547694e+01
3.419280104203505033e+00
1.283902616398070684e+01
-2.261927747381313480e+01
2.030292868799457295e+01
-9.088619377274394395e+00
-1.772546411511523701e+00
4.229663865477858664e+00
2.479033049408111644e+00
-1.151919590363885249e+01
1.401554247117776342e+01
-6.064191282350732237e+00
-8.206348370832873940e+00
1.977742242644978177e+01
-2.154239438201242152e+01
1.350020537820888933e+01
-2.442877413545058829e+00
-3.454311127747597077e+00
8.623202458123495617e-01
6.420166807278357091e+00
-1.073874035263767190e+01
6.725491340012249353e+00
4.477578251227473771e+00
-1.608717887260451818e+01
2.082828908194789008e+01
-1.631903423502914308e+01
6.603009099283296379e+00
1.186459037722268128e+00
-2.311071795235609017e+00
-2.183644391749204772e+00
6.657007441466650022e+00
-5.537310520932152258e+00
-2.242020362315958693e+00
1.241349626458054267e+01
-1.864921613170928794e+01
1.729235555932631740e+01
-9.908107357009717120e+00
1.831363036665175414e+00
1.994855395935041908e+00
-6.104534125095515407e-01
-2.618726484139020982e+00
2.978528849686872260e+00
1.747114239881065068e+00
-9.539768978518154086e+00
1.573318373347986388e+01
-1.654661039675711720e+01
1.179154487443143928e+01
-4.768612909473654682e+00
-3.832527642262717471e-01
1.719958710949268443e+00
-6.070452063796469844e-01
2.338768505501347406e-01
-2.864851357988766889e+00
8.019543852029345388e+00
-1.289657443341884857e+01
1.454753402905306636e+01
-1.202096807476145379e+01
6.872492790644631810e+00
-1.817510200556578859e+00
-1.274909880040380195e+00
2.478635133243731303e+00
-3.294736257606315277e+00
5.130517991581419857e+00
-8.075034594897399387e+00
1.087910190241623098e+01
-1.199604098397127672e+01
1.073352220777012178e+01
-7.615805933900082536e+00
3.813476478942739334e+00
-2.601687838209127968e-01
-2.783547125631923080e+00
5.475124053894127485e+00
-7.845774176810772715e+00
9.561203087395639955e+00
-1.019609424591449809e+01
9.680148954272020489e+00
-8.399027836290303028e+00
6.799051506778919673e+00
-4.886910305013909550e+00
2.188452436759347641e+00
1.675022589813313090e+00
-6.270018871279384953e+00
1.022604376494830447e+01
-1.200178592442249936e+01
1.103606422297544931e+01
-8.311372263332243548e+00
5.718547843128171770e+00
-4.587594218595224760e+00
4.543994399137803342e+00
-3.727666548388816281e+00
3.632679641954421612e-01
5.501120940547881588e+00
-1.156391843621914717e+01
1.469009468387700679e+01
-1.322293095496812754e+01
8.376863840985699028e+00
-3.477924728414366395e+00
1.477010172365184282e+00
-2.618105758815993056e+00
4.173433795396945811e+00
-2.617495446532579706e+00
-3.355261448326508855e+00
1.137730693057175024e+01
-1.683522493306667300e+01
1.625005002695167988e+01
-1.003558068707283191e+01
2.384335572026416550e+00
1.806744649455150231e+00
-6.911018859273347914e-01
-3.047852947205392127e+00
4.289750459604434241e+00
3.509877137029278060e-01
-9.513941018439014741e+00
1.772574354528235219e+01
-1.937966553196934782e+01
1.307845319430677833e+01
-2.917129584502431427e+00
-4.453396555427156400e+00
4.850485720947926183e+00
2.048024083971160536e-01
-4.662111336766210812e+00
2.760549325290413414e+00
6.192044839766815301e+00
-1.687958310641906223e+01
2.178904300867014499e+01
-1.696049912018737871e+01
5.221580160791350345e+00
5.732937731107673685e+00
-9.092206385212836750e+00
4.128443269483761391e+00
3.247419374142003434e+00
-5.141869219321974604e+00
-1.968958536641340018e+00
1.415138107132336742e+01
-2.273568004787782471e+01
2.089928091156918555e+01
-9.066187395903686053e+00
-5.147432798084242478e+00
1.256019483520438129e+01
-9.381766543410016368e+00
1.021372964384097415e-01
6.035098863269428904e+00
-2.356950335474493841e+00
-9.776397063876478555e+00
2.171027649437904827e+01
-2.402158327982139951e+01
1.387229342668389798e+01
2.541008054037386721e+00
-1.447689862262844329e+01
1.473986910404354234e+01
-5.149735060495313377e+00
-4.916231523606747089e+00
5.893175214846849919e+00
4.341959371919733357e+00
-1.854827717111024299e+01
2.553102089534146302e+01
-1.881122906080270951e+01
1.853324390710913150e+00
1.429894267306627320e+01
-1.928934600036424740e+01
1.130126432232422928e+01
1.608369791582854980e+00
-7.821575571574433283e+00
1.309063985742154657e+00
1.347838896161441191e+01
-2.486518629905323863e+01
2.295151553834185876e+01
-7.439652208132891076e+00
-1.183221158000006135e+01
2.218809892283360341e+01
-1.770111584113995207e+01
3.667902173848485603e+00
7.557084271744864523e+00
-6.225521389439539810e+00
-7.098118074608240846e+00
2.181268774368690089e+01
-2.542916397500432168e+01
1.335405946197921345e+01
7.284236782833671597e+00
-2.282565184359592081e+01
2.337939153274317761e+01
-1.031728861404731390e+01
-4.866808220996116319e+00
9.519124890298204633e+00
2.799146632309845728e-01
-1.656769358884455201e+01
2.560961645964856359e+01
-1.861166655301890316e+01
-1.243292306689267157e+00
2.094440097657011535e+01
-2.742383239241738835e+01
1.746242791251108173e+01
-7.313167563209899136e-02
-1.052801797565125597e+01
5.975561739501976888e+00
9.711055109006082375e+00
-2.321120286505107444e+01
2.227924328970146917e+01
-5.412864456857237272e+00
-1.669887173292197957e+01
2.914498420349664798e+01
-2.409016494116011842e+01
6.694287536779649272e+00
8.942482403795260382e+00
-1.071263226475558206e+01
-2.120605210205691371e+00
1.836691111146343047e+01
-2.364191426209251290e+01
1.166263246862206771e+01
1.064137272456715877e+01
-2.820416792245750770e+01
2.922518301019223230e+01
-1.412384865673664436e+01
-4.869306599165435401e+00
1.318877027455978812e+01
-5.173677734917689008e+00
-1.161251281368836352e+01
2.233337688595404913e+01
-1.651448780329652166e+01
-3.635940953119978225e+00
2.468050302242021132e+01
-3.209953774601503085e+01
2.132848931198235931e+01
-1.177493939205374041e+00
-1.300703474612418908e+01
1.116372029575043712e+01
3.802575430988209160e+00
-1.840560861331456977e+01
1.917775438425810108e+01
-3.284334283234322527e+00
-1.906432066760383393e+01
3.228724081900588772e+01
-2.728836994826991713e+01
8.358442505323855798e+00
1.018847396905613678e+01
-1.503522522785276649e+01
4.030867207063956847e+00
1.232504582794301484e+01
-1.919924906886343052e+01
9.091080439892611054e+00
1.217775371293542186e+01
-2.977933916304842654e+01
3.116994763483881314e+01
-1.564840618631746061e+01
-5.171128300949800582e+00
1.630627419627187891e+01
-1.085167103671118838e+01
-4.895642596627649112e+00
1.654099030844223961e+01
-1.293422091137148300e+01
-5.036617726199779099e+00
2.498576664520789592e+01
-3.246640337014126487e+01
2.200934946182410457e+01
-1.264341506878944976e+00
-1.490760240462989827e+01
1.579375517995615752e+01
-2.877416687079417557e+00
-1.158489891610131117e+01
1.428408021686906260e+01
-1.321561356683341515e+00
-1.866361157125981407e+01
3.108038658593378045e+01
-2.656491259574508490e+01
8.128972636185663347e+00
1.119012991742323138e+01
-1.830472860664958290e+01
9.958739822733832625e+00
5.063751121135430466e+00
-1.301648510270665682e+01
6.012346575036554341e+00
1.178487670255302611e+01
-2.733432384585374564e+01
2.874538298881224208e+01
-1.439540775288916485e+01
-5.858627943747171329e+00
1.823321994287528369e+01
-1.545756697142624958e+01
2.068894040549682956e+00
9.425777866273028494e+00
-8.450528845831117408e+00
-5.367827921045073225e+00
2.190679077240155692e+01
-2.837710041280812590e+01
1.917259391163678117e+01
-1.561146594546674038e-01
-1.584450415389820321e+01
1.877489747629677908e+01
-8.805964752951839003e+00
-4.163865671188889728e+00
8.441448780359378290e+00
3.025998110146457254e-01
-1.570695491147751532e+01
2.570057628257765003e+01
-2.185370999387196633e+01
5.863069644195000762e+00
1.176217978334528880e+01
-1.969656073773727556e+01
1.426081418742888651e+01
-1.883043374738200271e+00
-6.201477688417610601e+00
2.797358387050898454e+00
9.710367351172010331e+00
-2.131471685040917308e+01
2.221080574865891322e+01
-1.038430919773128558e+01
-6.847192521577714075e+00
1.841591373340700244e+01
-1.781623239813054838e+01
7.757019377281558548e+00
2.304691090283256472e+00
-3.691316572586464950e+00
-4.786333141326223561e+00
1.605809431364693296e+01
-2.041955187010260531e+01
1.310431317698952824e+01
2.036922052503276070e+00
-1.548284996470141195e+01
1.922170049615218090e+01
-1.260023351712738204e+01
2.433668695157614081e+00
2.537904224902888473e+00
1.548446660221252102e+00
-1.084970186485882238e+01
1.701044600811609087e+01
-1.376827030845952393e+01
1.825758829917049297e+00
1.168937436540518959e+01
-1.862175197785710168e+01
1.580445390808428741e+01
-7.114784365035772495e+00
1.516284451309974912e-01
-2.553973889015895837e-01
6.518936495601107772e+00
-1.275639349621192409e+01
1.251198643713520653e+01
-4.141903750775417947e+00
-7.913623803653993427e+00
1.651113372662702972e+01
-1.711098561976039889e+01
1.092533251607710199e+01
-3.623938630796978089e+00
7.796750935533593996e-01
-3.656332162803884955e+00
8.518269260674838250e+00
-9.818780094735727104e+00
4.657046297880579999e+00
4.951744055320519422e+00
-1.362603540168871774e+01
1.664319281475806989e+01
-1.328653698352756507e+01
7.036570399715341040e+00
-2.649097309173765069e+00
2.512497378250879265e+00
-5.077706610032913126e+00
6.412320638196190359e+00
-3.494800664176977101e+00
-3.369083703639123684e+00
1.079246210802199357e+01
-1.486638564516696803e+01
1.395564826276540593e+01
-9.624302578695946409e+00
5.152509414676138100e+00
-2.963561834568394282e+00
2.988540377562390660e+00
-3.106226862287333468e+00
1.118005687836068462e+00
3.398363857551216505e+00
-8.760673910305458278e+00
1.248342392109207211e+01
-1.306133276355529560e+01
1.084747013425800155e+01
-7.489089917140002939e+00
4.548914778435057649e+00
-2.474661390325104904e+00
6.391945849299887072e-01
1.774525844881390757e+00
-4.903546738755758305e+00
8.057056177390419904e+00
-1.028636110771812540e+01
1.106691660720337111e+01
-1.049440511963328504e+01
8.932642545847826909e+00
-6.573456371993649405e+00
3.393208576885320404e+00
4.730110466996766405e-01
-4.395566199731512746e+00
7.415725638754580018e+00
-8.881371815923628787e+00
8.992602436480160222e+00
-8.668986002385294043e+00
8.718869845801354046e+00
-8.979564039532894171e+00
8.254506238969234744e+00
-5.269684237555456008e+00
-4.064894340325864164e-02
6.033005032925072619e+00
-1.023380540100899161e+01
1.106872287563677304e+01
-9.096868004195268753e+00
6.650975481024241631e+00
-6.005636685730908475e+00
7.452337017720711998e+00
-8.885167171891696469e+00
7.398028293017324231e+00
-1.761346885409775354e+00
-6.198079461099485599e+00
1.257056115725623080e+01
-1.412332554330766854e+01
1.076721599350579872e+01
-5.719818870571691249e+00
3.070915468356755440e+00
-4.538817690014637307e+00
7.982878301668540288e+00
-8.986453514943146814e+00
4.426520769602634076e+00
4.729937866816442238e+00
-1.371612211091192535e+01
1.731765858787068524e+01
-1.380506129180443509e+01
6.356924363745125817e+00
-7.166160126538705377e-01
7.596971697132843815e-01
-5.394679877803293166e+00
9.321205236634988012e+00
-7.215673451062947663e+00
-1.836393263070176474e+00
1.318761779439610926e+01
-1.983820539835814145e+01
1.767707212115593762e+01
-8.712070886468929132e+00
-3.338301090373705371e-01
3.129944235828386212e+00
1.338831819633789166e+00
-7.916976434756460179e+00
9.302691045264198877e+00
-1.937281250823977174e+00
-1.083626448101851025e+01
2.095017451631015248e+01
-2.161328749524026449e+01
1.256080279557449586e+01
-4.131919889622093223e-01
-6.286621783576067379e+00
3.625630850176300157e+00
4.625124901487190243e+00
-9.939916369342768121e+00
5.806122958220876207e+00
6.891089441070297639e+00
-2.014990233896813265e+01
2.475329428551387068e+01
-1.733401477482232167e+01
3.111971836619665588e+00
7.944566855573822473e+00
-8.696283148525809636e+00
3.213415380067470295e-01
8.611747046585925602e+00
-8.891863767844572664e+00
-1.930319819406753012e+00
1.727580593734973036e+01
-2.631316586893676757e+01
2.221487924753095200e+01
-7.531067138450896259e+00
-7.570645886250999546e+00
1.297389638768449593e+01
-6.335273363531669588e+00
-5.147181390220936237e+00
1.039073665480972863e+01
-3.214997491616094827e+00
-1.255636857740247692e+01
2.574180159744417651e+01
-2.628559444847400073e+01
1.307955699057458787e+01
4.978647557040027927e+00
-1.563114297700087718e+01
1.257110353419596649e+01
-2.304566915501435886e-01
-9.731319924342015426e+00
7.607846849257740018e+00
6.585296804430043949e+00
-2.283708262438638315e+01
2.869698351131661695e+01
-1.890197382834367090e+01
-3.809122167929221980e-01
1.607201275579362587e+01
-1.807172030926317774e+01
6.926786395288795362e+00
6.692678227712479888e+00
-1.037571422526062292e+01
-2.275246273636177818e-01
1.779955547592378196e+01
-2.882951724373867108e+01
2.402508607990683487e+01
-5.633188290117910668e+00
-1.405204208654887310e+01
2.193976182835437783e+01
-1.406927124099964743e+01
-1.460244661356009832e+00
1.087323296486293600e+01
-5.527355375459353404e+00
-1.121282501328603587e+01
2.641570429422716870e+01
-2.752993691829919953e+01
1.218888296830942863e+01
9.736529455516286902e+00
-2.350187684249649323e+01
2.065343089566114543e+01
-5.391707751085496270e+00
-8.806792602829332850e+00
9.737780410157251154e+00
3.953361378401022641e+00
-2.160074947086743791e+01
2.871767819988070158e+01
-1.827169237541138003e+01
-3.685246445379802616e+00
2.243558606019471569e+01
-2.571606060626548640e+01
1.298864235557358882e+01
4.297737310889258033e+00
-1.167756661453473122e+01
2.954503819301753431e+00
1.492964446607187234e+01
-2.723868508077912054e+01
2.290103572245361718e+01
-3.234343327097625842e+00
-1.883509659896402155e+01
2.850401051165069077e+01
-2.029989678131578401e+01
2.128030523579344635e+00
1.096726107058477240e+01
-8.512422120117433266e+00
-7.262345498987091474e+00
2.316103119123756215e+01
-2.530032728630255434e+01
9.990170653964606018e+00
1.320353331590937884e+01
-2.860773033289139278e+01
2.631259590095049816e+01
-9.622752193618756777e+00
-7.645306789057000785e+00
1.191931774873291694e+01
-3.680850359675864603e-01
-1.696543472859503154e+01
2.503263912315708239e+01
-1.555936094675046277e+01
-6.372505232459452884e+00
2.603512399151953360e+01
-3.020398640360988196e+01
1.715726205843231256e+01
2.165777249817387506e+00
-1.270907968041256630e+01
6.928987796869687799e+00
9.467217570033037433e+00
-2.207721463394074846e+01
1.910144899701943544e+01
-6.367628798848284921e-01
-2.121211798656413805e+01
3.148104132031945568e+01
-2.369401712659868053e+01
4.677157240529122184e+00
1.082968759588775143e+01
-1.156203365105228897e+01
-1.679171644379547024e+00
1.683288648222972483e+01
-2.009975825075182598e+01
6.785795187838505882e+00
1.490972354470934391e+01
-3.006212064800644157e+01
2.836155233257742125e+01
-1.188447984882666830e+01
-6.649478665549605871e+00
1.372623184772901439e+01
-5.359967869902620308e+00
-1.004779560011800044e+01
1.844549455732119725e+01
-1.119366176188265172e+01
-8.110795644822154316e+00
2.628605354838113684e+01
-3.059894965500699726e+01
1.842284309400348619e+01
8.895689622217322068e-01
-1.328434288276605102e+01
1.076048077286143290e+01
2.688261525019979725e+00
-1.444958473091913120e+01
1.328273318730550301e+01
1.840682984638746689e+00
-2.084727472585475994e+01
3.024442910925460737e+01
-2.339950205733014243e+01
5.505076225544810242e+00
1.051739868241076792e+01
-1.392852624662073246e+01
4.229266294895088762e+00
8.780514423113107370e+00
-1.286929638166684065e+01
3.007506910369973419e+00
1.466915156732072134e+01
-2.755244495301070629e+01
2.621010104252640360e+01
-1.153226419638922096e+01
-6.065210851695704619e+00
1.465862402555376853e+01
-9.812585747852004658e+00
-2.339943872267124192e+00
1.018310490900109144e+01
-5.821436507252485626e+00
-8.738885460147676199e+00
2.313679964926556210e+01
-2.663284296197243606e+01
1.630644067355728311e+01
8.042885622477040641e-01
-1.315552544674536684e+01
1.344284087476416190e+01
-3.900794178025303260e+00
-5.813014735305911174e+00
6.365220547619593106e+00
3.934285457247971074e+00
-1.785084252791923376e+01
2.485252472750485708e+01
-1.920818688014813702e+01
4.314010943861395830e+00
9.982271226006153242e+00
-1.487154333198895095e+01
9.073172408436501968e+00
5.894213166020882966e-01
-4.805465815068223456e+00
-8.740235991968376972e-01
1.262729400925359968e+01
-2.141088965151541146e+01
1.998240130460472130e+01
-8.435118405915108752e+00
-5.944805496901922837e+00
1.424845189050265404e+01
-1.256132511167874100e+01
4.574242698236473004e+00
1.663782357156651237e+00
-1.815440847762695986e-01
-8.307511470273539089e+00
1.709332574083772727e+01
-1.876784338575598099e+01
1.095109634714065194e+01
1.935125608054153901e+00
-1.207609606225254950e+01
1.410207046182313562e+01
-8.851300046514767317e+00
2.294539096809170786e+00
-6.385799425764329129e-01
5.491750997507013565e+00
-1.277361257800441052e+01
1.605350665976470026e+01
-1.160135864326301736e+01
1.237551085017305041e+00
9.100311616488705013e+00
-1.381728949397419726e+01
1.165138648928434506e+01
-6.214253604667993258e+00
2.857970509447350871e+00
-4.437869602931910684e+00
9.246030584077347569e+00
-1.257086979041556063e+01
1.050622676437389735e+01
-2.996110341735734650e+00
-6.157950051433308758e+00
1.217351976808050651e+01
-1.272222234840778654e+01
9.317144388970408642e+00
-5.758956822247576213e+00
5.026728825743859375e+00
-7.076291878638460986e+00
9.142925373116327137e+00
-8.127888945355120853e+00
3.097701059309281746e+00
4.010746914316234424e+00
-9.877197151526329932e+00
1.218512205278799598e+01
-1.105083622913369368e+01
8.532396929885917913e+00
-6.800017281632751320e+00
6.499044222800671733e+00
-6.518812035695822793e+00
5.166899988423618417e+00
-1.670047050172164482e+00
-3.196740343000644913e+00
7.725940257404499079e+00
-1.049824741232776759e+01
1.119159196240591925e+01
-1.044237890139915592e+01
9.062642768089027356e+00
-7.380837996995060379e+00
5.225409654615470245e+00
-2.414373579430304062e+00
-8.243542907311620649e-01
3.927183424751042651e+00
-6.444398496982653768e+00
8.355172580454851783e+00
-9.882000500749933636e+00
1.097451747569205871e+01
-1.102977803717676153e+01
9.255086635670203066e+00
-5.463937526445135973e+00
5.882439805761041640e-01
3.688853742578575901e+00
-6.048241773262295062e+00
6.535970275925512496e+00
-6.538447014140596814e+00
7.596764228388415141e+00
-9.939708373118762097e+00
1.199032163234707937e+01
-1.142199785995460992e+01
7.071046209501541391e+00
-1.848835074541561596e-01
-6.138629751581706984e+00
9.074527600198738497e+00
-8.178629930223960898e+00
5.756262665465778916e+00
-5.043342644118201434e+00
7.513649462036662285e+00
-1.145550239897791656e+01
1.309423134420877766e+01
-9.551712207259647869e+00
1.374418940975811410e+00
7.464046069965945662e+00
-1.228797613098666019e+01
1.118475631110100821e+01
-6.493487229245081593e+00
3.016482784758447000e+00
-4.204561651861542515e+00
9.264175423518503649e+00
-1.356042453026408978e+01
1.217770222405710356e+01
-3.959845032616131633e+00
-7.180129696489418123e+00
1.488324413258296630e+01
-1.503278948113270275e+01
8.905629954652036773e+00
-2.234378207540605565e+00
7.550824570158818361e-01
-5.624501857001844130e+00
1.233532722831152562e+01
-1.413299465069506766e+01
7.408023537869582675e+00
5.133482755347277049e+00
-1.613200123601274782e+01
1.896500367935077946e+01
-1.277626196188992225e+01
3.187722641270520185e+00
2.003262083483578593e+00
1.083658419412628859e+00
-9.267732985998005546e+00
1.467863829099266404e+01
-1.094711914043164214e+01
-1.545886269764086052e+00
1.553483644571555189e+01
-2.213319758134437976e+01
1.754651591322945237e+01
-6.030601815547334432e+00
-3.315594365125412057e+00
3.569241352356112174e+00
4.585238876370185679e+00
-1.330575514959977035e+01
1.371248137988396465e+01
-3.014305473440526129e+00
-1.293169919568185122e+01
2.376499537954136798e+01
-2.241175415467732179e+01
1.053442465869838252e+01
2.657919050299309305e+00
-7.449234002978649016e+00
1.133350623255473977e+00
9.847464272068293667e+00
-1.491377272230013062e+01
7.728345990754174721e+00
8.549434280298893185e+00
-2.331942560068721093e+01
2.646784001306577494e+01
-1.611436840403048265e+01
1.493162753612258253e-01
9.743509573450916506e+00
-7.053625307068608130e+00
-4.528039946921415648e+00
1.399198748278065452e+01
-1.167350785727089146e+01
-2.976638318147873719e+00
2.060225667673555350e+01
-2.888003182009244796e+01
2.192427846515458256e+01
-4.890272585271909556e+00
-9.869954109690830535e+00
1.223205774579302840e+01
-2.060773665467108273e+00
-1.073668672013655900e+01
1.399285922736978804e+01
-2.930402601250719385e+00
-1.581889229304079691e+01
2.904310149866289237e+01
-2.700313841000194159e+01
1.097577437436475023e+01
7.596400580525351387e+00
-1.578663479729558539e+01
9.052840091401595402e+00
5.340989060201167149e+00
-1.405698944138313422e+01
8.194051940639644371e+00
9.554114168302831445e+00
-2.670269051759573742e+01
3.044649415682760107e+01
-1.753523408495491509e+01
-3.097860884980049079e+00
1.706020199813850269e+01
-1.545370991014416795e+01
1.616723090833179111e+00
1.158754058151470367e+01
-1.188745845847702576e+01
-2.681479716568925475e+00
2.201490543792879606e+01
-3.157139374699993084e+01
2.356231725327656079e+01
-3.059636387522582712e+00
-1.574622364941768282e+01
2.031336690110157761e+01
-9.261910159019510758e+00
-6.719274700435597047e+00
1.330104820849348712e+01
-3.781768577637776296e+00
-1.553243710925480592e+01
3.004439473450107556e+01
-2.808816816184029364e+01
1.000647513610541850e+01
1.195341501271007445e+01
-2.289420659164275662e+01
1.656822041332286233e+01
-1.138469261563423984e-02
-1.207277869073988263e+01
8.848267251251545673e+00
8.118978060442625377e+00
-2.594882283296088588e+01
3.035077672109490265e+01
-1.671286635884532501e+01
-6.196835935738754131e+00
2.280351291220663157e+01
-2.253123506125734110e+01
7.749922710852555241e+00
8.258067908278794889e+00
-1.173117522023350645e+01
-8.069163664514906742e-01
1.977851930482006537e+01
-2.992961933626077453e+01
2.216259784550418743e+01
-6.835070287989394311e-01
-2.006607809122612451e+01
2.634025508708062091e+01
-1.546474959097076152e+01
-2.326282692468540247e+00
1.198090460274360858e+01
-5.376243188005298101e+00
-1.235875133272657855e+01
2.682095591614254104e+01
-2.552580790063446159e+01
7.662207335188076840e+00
1.512349709803254072e+01
-2.751702292581334319e+01
2.212042381866819341e+01
-4.915916859250996751e+00
-9.563064134029158225e+00
9.581478748281769597e+00
4.708297046019168874e+00
-2.143996274626517717e+01
2.629957145410934061e+01
-1.370113642899117323e+01
-8.760052760845891129e+00
2.599625425444793336e+01
-2.685190124541240309e+01
1.246070377335349377e+01
4.863446147757447768e+00
-1.128056654638382561e+01
2.132510190564862462e+00
1.454923466403957377e+01
-2.439093232230569441e+01
1.792415579808337256e+01
1.968519478396381306e+00
-2.213346632232418543e+01
2.910842292832057154e+01
-1.927013981310566137e+01
1.380792739858931029e+00
1.035151312636378940e+01
-7.276776423271583027e+00
-7.126634000145407377e+00
2.012752898589229744e+01
-1.976240587271094995e+01
4.219825076688720422e+00
1.663887044234403945e+01
-2.874122119274785092e+01
2.445126553394619862e+01
-8.211134269754467141e+00
-7.091919623824884944e+00
1.013756569890299275e+01
1.965152925952682317e-01
-1.419420116494687889e+01
1.904414005379062047e+01
-8.910203555567544953e+00
-1.044959444960675654e+01
2.601953428568386784e+01
-2.740366415613943474e+01
1.461512295693960617e+01
2.158288524498011896e+00
-1.051971094879276514e+01
5.345025881628700404e+00
7.507484552512775799e+00
-1.601327832255443440e+01
1.149276346122005066e+01
4.563723393801590866e+00
-2.157256793834061881e+01
2.791307926525666616e+01
-1.970070169436420571e+01
3.557178092725354901e+00
8.640785159729977849e+00
-8.879263261001520746e+00
-1.051204199431344577e+00
1.127395254179888795e+01
-1.173782593355548443e+01
1.334770262320241763e-01
1.626859594386799657e+01
-2.617465792795377766e+01
2.284583031568316613e+01
-9.089359253476796852e+00
-5.078145630151703394e+00
1.016154759091923410e+01
-4.296622163353129409e+00
-5.671881408596993523e+00
9.821244419052973740e+00
-3.019524495267586595e+00
-1.105384665799001809e+01
2.274238048230230547e+01
-2.379647128052734217e+01
1.357252255132527807e+01
6.525390642186810197e-01
-9.348621940849746181e+00
7.913948500895880755e+00
1.349389193065277937e-01
-6.276091400179043767e+00
3.833812402320525337e+00
6.781063943750198497e+00
-1.841481958521637097e+01
2.269568805026462854e+01
-1.639055133973946354e+01
3.729650757095537728e+00
6.952428677771424148e+00
-9.534739946573852265e+00
4.497361959946276855e+00
1.880476570753517152e+00
-2.708321681537486647e+00
-4.059327595644099951e+00
1.407903032129957133e+01
-2.003941529691602241e+01
1.727777468389292181e+01
-7.245959685857101817e+00
-3.729879023945493088e+00
9.281134220025766268e+00
-7.623912768527102202e+00
2.496978352344275010e+00
1.251957652909378993e-01
3.152566563197473304e+00
-1.054195529405911458e+01
1.656804676426778400e+01
-1.635241189350876212e+01
9.307678095287478470e+00
5.298380935589630525e-01
-7.622662248886286740e+00
8.984037367731653845e+00
-6.064792581169783148e+00
3.189992901234639078e+00
-3.944979630452387198e+00
8.380836769786544238e+00
-1.311482657210685332e+01
1.407727147637982235e+01
-9.662317299055743547e+00
1.873625337798227264e+00
5.271047004198752717e+00
-8.693070571075367070e+00
8.257950385246077829e+00
-6.418560234555437560e+00
5.979012744416001723e+00
-7.840382043812256896e+00
1.043992993043151785e+01
-1.115592201995936072e+01
8.430061645088931854e+00
-2.930303291116814535e+00
-3.031050208807507751e+00
7.205557052467949752e+00
-8.841053693521656598e+00
8.813885124605850052e+00
-8.557969282083909945e+00
8.795534876418845016e+00
-9.081619930741750224e+00
8.384556432983533369e+00
-6.068001246494710621e+00
2.417289691444233668e+00
1.635938985715684524e+00
-5.213707737591610325e+00
7.946247413635641799e+00
-9.850086710286761971e+00
1.089327331536686927e+01
-1.078632672156956573e+01
9.252512536509303942e+00
-6.487972355646986600e+00
3.269502748048306984e+00
-4.775422359378591608e-01
-1.598898188389602737e+00
3.500858748873942439e+00
-6.039179755230224877e+00
9.326076747099543596e+00
-1.226810662771039873e+01
1.311772425658493724e+01
-1.080040436763948364e+01
5.970969760403725068e+00
-8.182346414365646581e-01
-2.413433199206743485e+00
3.108613497641949053e+00
-2.778074472198827749e+00
3.819812115759555038e+00
-7.405333888169620238e+00
1.218613842368870159e+01
-1.500517947887802706e+01
1.324091983214073842e+01
-7.013491462397557719e+00
-5.751431086041565166e-01
5.546226078270233728e+00
-5.988878197788685576e+00
3.535161074322643593e+00
-2.077154571640341896e+00
4.583885864739967175e+00
-1.047691737333499340e+01
1.573799878744921088e+01
-1.585569037883841581e+01
9.429561549276527899e+00
4.223680077793208198e-01
-8.122630070653407586e+00
9.729995558249655119e+00
-5.934630217089528870e+00
1.525689585231851719e+00
-1.592525956117781583e+00
7.337665443407143329e+00
-1.482927756809291964e+01
1.783741354981513894e+01
-1.269805332905741757e+01
1.435611904521026716e+00
9.419571027517495310e+00
-1.358621110173639224e+01
9.769083465988490644e+00
-2.654739214747618092e+00
-7.482921046026325129e-01
-3.303179267917130346e+00
1.212362546710537181e+01
-1.845425819255267186e+01
1.605978292235166194e+01
-4.785086553715707680e+00
-8.940591868457126168e+00
1.672093792954002112e+01
-1.449057841813849024e+01
5.619676842798448035e+00
1.693456891902711980e+00
-8.509213827152777299e-01
-7.841775630665040353e+00
1.720234215895541041e+01
-1.866289943284092701e+01
9.068126858516974309e+00
6.525861368661895590e+00
-1.837245918476303075e+01
1.930700504865915690e+01
-1.019611750943878903e+01
-7.268107206520262320e-01
4.253778484571630436e+00
2.552966964956389972e+00
-1.391711196261327643e+01
1.972936319451290643e+01
-1.347852379235994924e+01
-2.399338818480124758e+00
1.800880037168239056e+01
-2.332786533358514802e+01
1.580648254293154764e+01
-2.325943388293639558e+00
-6.106613605518205645e+00
2.920481109238380668e+00
8.822015810381945045e+00
-1.871118460776459713e+01
1.710773354155479353e+01
-2.856593203704910877e+00
-1.544231133622800023e+01
2.573246589562930353e+01
-2.161480503028291622e+01
7.246894820854178576e+00
5.840430233971178886e+00
-7.649234096836402763e+00
-2.504482532106564463e+00
1.540681269632959705e+01
-1.911395201510578090e+01
8.395188306205195516e+00
1.088184916372721744e+01
-2.592915467583578959e+01
2.667283822922316716e+01
-1.344843357085804669e+01
-3.234336388179365862e+00
1.076688951149423090e+01
-4.177256196846152569e+00
-1.001530597010165913e+01
1.888293098340308518e+01
-1.325138734266089102e+01
-4.911951696835036074e+00
2.367568254943138939e+01
-3.009083254505613425e+01
2.006538727094194741e+01
-1.528143394098976593e+00
-1.163240227657153447e+01
1.024004561299707916e+01
3.117352534250849239e+00
-1.615046156467753491e+01
1.651335804739451874e+01
-1.598092339665419637e+00
-1.913779160465421469e+01
3.120156663666690733e+01
-2.610058771344361617e+01
7.876029537711215944e+00
9.954759922642143266e+00
-1.474802625179307825e+01
4.414284014361386177e+00
1.106335655910951843e+01
-1.748810351542677566e+01
7.639342652354106811e+00
1.287443107834338818e+01
-2.968725221357417610e+01
3.059765245303868753e+01
-1.493888431640663583e+01
-5.856467185602984848e+00
1.697977300311309534e+01
-1.155923467790363190e+01
-4.166990945716412931e+00
1.583061086277080065e+01
-1.223642076924893729e+01
-5.751491891345072105e+00
2.564559984273366666e+01
-3.280957356240477907e+01
2.169047216691089375e+01
-1.364469098681744264e-01
-1.655968297820984247e+01
1.732302557306433499e+01
-3.679063724789549905e+00
-1.161255604683000442e+01
1.461744892633726600e+01
-1.200864943591427370e+00
-1.958240920862426648e+01
3.233230485745407634e+01
-2.712237890590213851e+01
7.176726313453547945e+00
1.352935913816742541e+01
-2.090824986896969051e+01
1.144254266755611660e+01
5.317576470757964913e+00
-1.434977653846444667e+01
6.961774049992599522e+00
1.233148800529458100e+01
-2.917882921821482256e+01
3.041627143169965564e+01
-1.423603783596173322e+01
-8.345648613184085463e+00
2.185235273568540748e+01
-1.809182103108788908e+01
2.236458806756610684e+00
1.141671560572872579e+01
-1.069285928912063710e+01
-4.916025447944707416e+00
2.378001275286008820e+01
-3.108362875652844082e+01
2.027788127995660261e+01
1.805386983373734822e+00
-2.010699671735619631e+01
2.276987474434194780e+01
-1.003438926671969966e+01
-6.221241513110760124e+00
1.187978594102812124e+01
-1.623713803511911191e+00
-1.691191562961618899e+01
2.904766540780377682e+01
-2.443213393246057308e+01
5.089700776174046482e+00
1.604461696233412127e+01
-2.493751090015979344e+01
1.703528485119096914e+01
-4.840539546865212372e-01
-1.041665476687168201e+01
6.405337808054310855e+00
9.562662843338523899e+00
-2.465271422459002792e+01
2.613979423066337660e+01
-1.130356092836578874e+01
-1.039106995416945800e+01
2.446012283195186399e+01
-2.234761238134269234e+01
7.728006480416132362e+00
6.618168441124772094e+00
-8.850417450985126777e+00
-2.763000861948556874e+00
1.859959024751785250e+01
-2.524196201097110759e+01
1.594100769430557740e+01
4.096770664286720098e+00
-2.162257086836001463e+01
2.537649356814510071e+01
-1.448905768904095126e+01
-1.157712689274211115e+00
8.775549148860822157e+00
-2.588756921307417969e+00
-1.181897240846905994e+01
2.199733490460761587e+01
-1.839596248816202362e+01
1.830089960857750775e+00
1.706995563296922924e+01
-2.591668992932117987e+01
1.986999790544715694e+01
-5.056970236414633391e+00
-6.412357244456356575e+00
5.875773447307832242e+00
5.306119162874774808e+00
-1.702561740793365175e+01
1.844618728172389410e+01
-6.497818534962534365e+00
-1.168560297236465573e+01
2.417497890916204284e+01
-2.324763306276197383e+01
1.104747945687524435e+01
2.353468501601724938e+00
-6.858999511272278582e+00
5.280293950788150781e-02
1.118780503817487215e+01
-1.627788380852773642e+01
9.281336570490763549e+00
6.429014232840733811e+00
-2.071859669095012890e+01
2.437049469212679043e+01
-1.593770216908331960e+01
2.564932435662461430e+00
5.703843189548176262e+00
-3.631133121916384265e+00
-5.425813412838380145e+00
1.243648519283085996e+01
-9.921110983396333793e+00
-2.163742558297613527e+00
1.636000732559958237e+01
-2.338741123793622734e+01
1.910437580583881356e+01
-7.421780641015018887e+00
-2.933183480827788792e+00
5.161702924034361928e+00
5.912469045464376904e-01
-7.713555737923065259e+00
8.553455186414479883e+00
-4.931902592906922678e-01
-1.199990162875417354e+01
2.080259580815432940e+01
-2.027796645769107542e+01
1.138141569790100327e+01
-6.836937645441345524e-01
-4.768702300773787428e+00
2.705103698733812401e+00
2.991422355050357140e+00
-5.667533997088936459e+00
1.272916506607399079e+00
8.457881524078791458e+00
-1.736649773776619554e+01
1.957592970555763756e+01
-1.384391435498084810e+01
4.284890477803582343e+00
2.926445949821899539e+00
-4.195501663870686571e+00
9.251769460612244700e-01
1.997996543044747497e+00
-2.892194055538523934e-01
-6.322355426927691369e+00
1.392349340202422425e+01
-1.746307115348952266e+01
1.454783170677651327e+01
-7.083305239089623839e+00
-3.536486791146131736e-01
3.990854157337256236e+00
-3.458937925424937276e+00
1.625953689665102786e+00
-1.999673210963286873e+00
5.847385234778408325e+00
-1.124536584719758103e+01
1.464730807977333349e+01
-1.360674615277861399e+01
8.516203777152593801e+00
-2.136241294365591514e+00
-2.543787757013686424e+00
4.363490470121961451e+00
-4.446265503375014916e+00
4.893996483238255202e+00
-6.915299471769858819e+00
9.881989191283949481e+00
-1.193112732950150345e+01
1.147346550252341402e+01
