0.000000000000000000e+00
2.056677917682372847e+00
-2.409387422802915513e+00
1.079357057061417047e+00
3.785315162773130737e-01
-6.943813661482719501e-01
1.985004885334527291e-01
-1.600746307196129758e-01
1.033756053697265642e+00
-1.774864047379660192e+00
1.083751058905548126e+00
8.919337073672346516e-01
-2.467987967928324533e+00
2.157310371544421290e+00
-2.864922770741950564e-01
-1.355256704679723256e+00
1.441541339974183433e+00
-4.234094775319616755e-01
-2.111587619662260717e-01
-2.182053119786788731e-01
8.337124417640815466e-01
-3.968896959587235318e-01
-1.024755346956347735e+00
1.966204194431943719e+00
-1.222520313046713936e+00
-6.712897725139567173e-01
1.909993776845105629e+00
-1.357810860919211216e+00
-2.419287514067540723e-01
1.158205934934992687e+00
-6.173543729317998441e-01
-4.366115505978803712e-01
5.899889605693585670e-01
3.109699067488753133e-01
-1.007021982929604320e+00
4.123848034269127494e-01
9.742902309290526475e-01
-1.555240537830115510e+00
4.927787205676171789e-01
1.231690832937128555e+00
-1.836833090219358589e+00
7.050991997098772224e-01
9.522823330916351248e-01
-1.477707208018932628e+00
5.879077793877272029e-01
4.501176008026829267e-01
-4.234334226579735128e-01
-3.818831973354273601e-01
6.074235004542158922e-01
4.130661821197224581e-01
-1.692561126619452239e+00
1.639552106493759265e+00
6.131348657868163077e-02
-1.941243722456715393e+00
2.259459477914275816e+00
-8.466590425752685833e-01
-7.985284055935584213e-01
1.225105763325793129e+00
-5.546051491812293843e-01
9.306705040909551974e-02
-5.834771225360213531e-01
1.238701005461062765e+00
-7.331101152049765979e-01
-1.032637297543317123e+00
2.544639088103214153e+00
-2.227758091036091681e+00
2.065070201615603063e-01
1.753575705252901074e+00
-2.086804653303212742e+00
9.797099201853458617e-01
7.457292598533865613e-02
-1.067710812573368917e-01
-2.931104579098052776e-01
-8.903784238150064256e-02
1.378448689050517206e+00
-2.244112576197590858e+00
1.394184337071821433e+00
7.959064977075820391e-01
-2.479119622644696097e+00
2.224318817095462641e+00
-4.907324325481253191e-01
-9.622942837614805178e-01
1.021104987098756967e+00
-2.866432997398526972e-01
1.087458280724447057e-01
-8.218582449847229299e-01
1.320422197590110036e+00
-4.791524600707612325e-01
-1.303304075277640361e+00
2.341342113930731994e+00
-1.493681843077613092e+00
-5.059474657517165630e-01
1.784183818167096813e+00
-1.324389573777382978e+00
-3.281259958394436294e-02
6.814374499032117560e-01
-1.155265685684028765e-01
-6.050241687598478801e-01
2.745224171944290470e-01
8.962434007702276828e-01
-1.469522904512006400e+00
5.185642687516791582e-01
1.154404884292184796e+00
-1.811814669880421391e+00
7.218461249459691143e-01
9.887317505337906987e-01
-1.571682409395047220e+00
5.751220066295119615e-01
7.444183687917089731e-01
-9.430002887815571722e-01
3.579370481501294166e-02
6.416525776488054555e-01
-1.384865227084560169e-01
-9.064460150922677428e-01
1.018735254223687381e+00
2.801188587182162903e-01
-1.754703583644639853e+00
1.762918951831783376e+00
-1.210340186882980507e-01
-1.628137422504110754e+00
1.874193386655599536e+00
-6.390211539974341992e-01
-5.960885273383040861e-01
6.660554227385104831e-01
6.614350772735533290e-03
-1.038744931401310856e-01
-8.219464183495899245e-01
1.671820019606073515e+00
-1.073834324120488848e+00
-8.742574341862977549e-01
2.486475519374760079e+00
-2.224677672107167936e+00
3.507692042671432531e-01
1.378277539157376497e+00
-1.610396491239966643e+00
7.241902516895650788e-01
-1.268448166991321679e-01
4.514151986408894146e-01
-8.316419091853749501e-01
1.013004483265128597e-01
1.559436299625979849e+00
-2.571489788258407572e+00
1.664243909969787882e+00
6.026650571907495868e-01
-2.300542984352321962e+00
2.111479902138833076e+00
-6.150330439876711131e-01
-5.264432815607614780e-01
4.762673132143701582e-01
-4.823915193180150496e-03
3.077100149852201039e-01
-1.357546489192333006e+00
1.818747023405744789e+00
-6.680689439530670404e-01
-1.406218804920617460e+00
2.550515573208981923e+00
-1.701062995273858514e+00
-2.614185307079195941e-01
1.480716498759806488e+00
-1.112759687962769917e+00
8.045057598410709776e-02
1.945121067334171783e-01
4.764434361896846548e-01
-9.043244253211712991e-01
9.630872434120385517e-02
1.377184934539864569e+00
-1.909888514540446947e+00
7.169928931662261640e-01
1.153172366966541462e+00
-1.885906705922904880e+00
8.671899785295064111e-01
6.881161730519506081e-01
-1.148780347819932990e+00
2.751292742617612586e-01
6.466320150237505615e-01
-4.330750889003199267e-01
-5.692297852171022132e-01
9.475665878951049503e-01
-4.308127714062248703e-03
-1.294233244102996672e+00
1.377016064287645003e+00
7.104111795369658089e-02
-1.636697144910534085e+00
1.695295148417397924e+00
-2.031089510679147114e-01
-1.282304222074172273e+00
1.358124145857963816e+00
-2.751075149261262842e-01
-5.163172987557642646e-01
1.675945358256585860e-01
5.823141779357051684e-01
-3.970597119618828330e-01
-8.998161032052699460e-01
1.941211887287581206e+00
-1.334375897106221842e+00
-6.577830226643430755e-01
2.256827524156461706e+00
-2.030212024222569411e+00
3.814070794635330275e-01
9.982703186191863587e-01
-1.036085877656700349e+00
3.306787202809337578e-01
-1.948938702124304867e-01
9.139677405925722420e-01
-1.346786565125901891e+00
3.685722300263842288e-01
1.574741816714137599e+00
-2.715149795232907781e+00
1.831414302855893128e+00
3.714328888148435426e-01
-1.966822038218974056e+00
1.814770224996712589e+00
-6.154458403083389317e-01
-1.162079407427099031e-01
-1.291676999053887054e-01
3.932473277886052720e-01
3.650106923605954123e-01
-1.765220714791356782e+00
2.258196644873370573e+00
-9.138602037113091603e-01
-1.344031439499595360e+00
2.564080762669279867e+00
-1.787808235402391199e+00
-9.548519086003959266e-04
1.045706913669065763e+00
-7.319589819755022431e-01
6.250981174326544765e-02
-2.353433074341630404e-01
1.089282721979214053e+00
-1.295954430179433681e+00
6.514943416491186801e-02
1.702210118349454682e+00
-2.259901679701108890e+00
9.519023673792873508e-01
9.936036490102913010e-01
-1.761096838967980638e+00
8.792081508546515378e-01
3.953185567253458266e-01
-6.242264345900327971e-01
-1.733927157457073043e-01
6.847239189038669682e-01
-1.152633861185170527e-02
-1.155028765775496957e+00
1.320942879623518307e+00
-1.923315327257818508e-02
-1.504136654269299100e+00
1.618604433839013312e+00
-1.539625577262529188e-01
-1.373545195315747147e+00
1.433967192152272307e+00
-1.438769957917647724e-01
-9.694904174557602561e-01
7.753395231219277761e-01
2.121825234063397236e-01
-5.747373676307341306e-01
-2.126353988054972000e-01
1.100183963145611177e+00
-7.327861544732687804e-01
-8.304490418823485820e-01
2.017862470056724700e+00
-1.457657134742702976e+00
-4.461934640935143470e-01
1.901735904763474316e+00
-1.655285148141373952e+00
2.669761910666590410e-01
6.775222495058261796e-01
-4.336053122765568535e-01
-1.579030132734803304e-01
-1.248192743121265824e-01
1.231384755881553605e+00
-1.768696956892658267e+00
6.539814812939668265e-01
1.449307509912785896e+00
-2.659316850102870333e+00
1.846913950929261805e+00
1.662195245693275092e-01
-1.533625305740107025e+00
1.358150952613278672e+00
-4.708455856438926168e-01
2.083137698603224619e-01
-7.224110150806317687e-01
8.562935646864662242e-01
2.869000616994472064e-01
-2.005470293800726722e+00
2.573867186933912254e+00
-1.154398152923662435e+00
-1.152769349252493747e+00
2.380116266971155525e+00
-1.714790354652499182e+00
2.122080536326642619e-01
5.426236423068588888e-01
-2.178997829102638228e-01
-9.699532829089493879e-02
-5.539696161745273351e-01
1.649864650989435466e+00
-1.722144652894662453e+00
1.638107170681073199e-01
1.843621246218175802e+00
-2.461826174589202054e+00
1.159624249167493515e+00
7.219241030325185271e-01
-1.449376485526006730e+00
7.294139156065457819e-01
1.709636933211594045e-01
-6.710165541977558545e-02
-7.240872480458284688e-01
8.581170589774188562e-01
2.753947406905225548e-01
-1.650868632320996010e+00
1.699500299086519339e+00
-1.553553543429359030e-01
-1.521377171352427782e+00
1.694818049989788689e+00
-3.314736114522552901e-01
-1.020388200849790872e+00
1.004337175585969355e+00
7.389697439925640987e-02
-7.458762832790332142e-01
1.980658118555913005e-01
7.678951211600755222e-01
-7.599252865301633353e-01
-4.380758717945097414e-01
1.494498800136433436e+00
-1.046288270038136847e+00
-6.518133492400208784e-01
1.900629493925737101e+00
-1.405535622970874643e+00
-3.008976907179227167e-01
1.483595347999176139e+00
-1.137672906843604448e+00
1.739799168278589186e-03
4.659843788916462892e-01
1.243180519040570364e-01
-6.800982726136441947e-01
6.145452429104497627e-02
1.378313718037535329e+00
-2.039046030395930575e+00
8.922854093531127351e-01
1.230241390334496643e+00
-2.416668717991305115e+00
1.684187353055615288e+00
4.472207839065091284e-02
-1.068604088748098757e+00
7.902557952608045833e-01
-1.869007696398807261e-01
4.050823907385818212e-01
-1.232940536725738001e+00
1.318596693533126585e+00
1.052138060565814270e-01
-2.065310202604395240e+00
2.716886375526440744e+00
-1.325894798522647466e+00
-8.874464783141374769e-01
2.024749524592784233e+00
-1.467636651983641016e+00
3.257058249479465872e-01
4.210138997264467609e-02
3.718420434531153340e-01
-3.813906069708108415e-01
-7.287614386660018484e-01
2.092519793795699634e+00
-2.115207845168038947e+00
3.513721372316663816e-01
1.801541436663059548e+00
-2.477890663645851532e+00
1.279641662452696949e+00
3.995161954292997808e-01
-9.894072353098057881e-01
4.157723799054158231e-01
6.056674836178760346e-02
4.514468810436957913e-01
-1.312657731402893990e+00
1.139802250348752599e+00
4.058168067666076961e-01
-1.998403901760360757e+00
2.015839099405886348e+00
-3.637291547100451328e-01
-1.359449646605045192e+00
1.580164869406100792e+00
-4.059174315381943732e-01
-6.431572563774361484e-01
4.561741656817036028e-01
4.401697816991927414e-01
-6.487445299088555606e-01
-3.046116218667976328e-01
1.323436156360386251e+00
-1.035446683654580369e+00
-4.986000075999690306e-01
1.716419273609684382e+00
-1.272598572466221434e+00
-4.195911095954957259e-01
1.616128293266619442e+00
-1.165475126571235531e+00
-2.710256120550676995e-01
1.070822550931278982e+00
-5.363750662747976961e-01
-3.928159457308776914e-01
3.914929123005431721e-01
5.732283454662600031e-01
-1.165529414598451829e+00
3.191856111684689412e-01
1.357028697080469248e+00
-2.120293004803251335e+00
1.022916678760255715e+00
9.784551664009666361e-01
-2.026163557751627931e+00
1.343821364678452923e+00
4.831069129879587976e-02
-6.404137317991078771e-01
1.770755288170366981e-01
2.044181420281901973e-01
4.567133964968489446e-01
-1.603375199007733842e+00
1.710489593238122330e+00
-1.282937997713336498e-01
-1.959664594879252597e+00
2.662336967782193753e+00
-1.373924836082868195e+00
-6.124979243272814511e-01
1.547995185299372745e+00
-1.059735648702486488e+00
3.070430835279235882e-01
-3.893222185790856660e-01
9.667816686200567666e-01
-7.494444030333202722e-01
-7.535418970077938372e-01
2.369152360713673744e+00
-2.408561013347693791e+00
5.705135018363384214e-01
1.603347966140743042e+00
-2.296608067075360360e+00
1.265156491620344381e+00
9.245875883529347528e-02
-4.405090000162872332e-01
-3.629351040782081983e-02
8.684315198935660396e-02
8.693794304196023059e-01
-1.866765303842623069e+00
1.480716447299444516e+00
3.852354645521773868e-01
-2.160696548948771056e+00
2.208629296271752196e+00
-5.830457026705309076e-01
-1.057518076388582751e+00
1.276852110416891728e+00
-3.393353193413249369e-01
-3.075573353280813826e-01
-1.440462544299101477e-01
9.186397183180115000e-01
-6.903480945880989816e-01
-6.774588015868139301e-01
1.807278692050679814e+00
-1.345990997997994487e+00
-4.115066266680248441e-01
1.741608599678062363e+00
-1.357536081995925681e+00
-1.973906762029873918e-01
1.214169904369640562e+00
-7.530998509109287919e-01
-3.847648666436183085e-01
7.266432767996333641e-01
7.743589847164444873e-02
-8.709865532532872212e-01
4.553963356923392269e-01
8.668288523934787326e-01
-1.546056613541752611e+00
5.885059460065411585e-01
1.196390786025589570e+00
-2.001644169361129766e+00
1.000414586379970938e+00
7.580789315083749091e-01
-1.546668549664055314e+00
8.540666729214765329e-01
1.947516565096922281e-01
-3.076732839146192888e-01
-4.081788660630230048e-01
6.497230530883781885e-01
3.729446596878530085e-01
-1.798206968422693786e+00
1.969594730100968860e+00
-3.509491390719348680e-01
-1.728319834704203251e+00
2.413362863351313781e+00
-1.262962484894261328e+00
-3.907379916716602897e-01
1.015783991048238688e+00
-5.307159860703322130e-01
1.492505124121455418e-01
-6.997087238002919207e-01
1.494406334362633260e+00
-1.141966967188674964e+00
-6.490389588126126430e-01
2.456521121990462131e+00
-2.547672064849398232e+00
7.575321913956268860e-01
1.298710961736900593e+00
-1.934892200360265768e+00
1.091425557204419583e+00
-1.396141514120747273e-01
1.266459844260451328e-01
-5.774085965969973921e-01
2.458534311496193281e-01
1.143377220851859111e+00
-2.317288156832044699e+00
1.817837968879278732e+00
2.449764325005862609e-01
-2.127799200429414395e+00
2.232905720076170830e+00
-7.503462306850006147e-01
-6.736974817123124737e-01
8.148465934102672170e-01
-1.182537666517554931e-01
-6.818967724285232568e-02
-7.234718221643843261e-01
1.452113513868467765e+00
-8.559821054994801726e-01
-8.874954703117252652e-01
2.156223157088704045e+00
-1.626697063005743793e+00
-2.180132016960869001e-01
1.573928850263598189e+00
-1.267014077071168643e+00
-4.568172016710163319e-02
7.595035257021498509e-01
-2.102015304723924283e-01
-6.441766506781900770e-01
4.988347429900070740e-01
6.314219912888707764e-01
-1.369894035533770538e+00
6.326188799665293239e-01
9.838889568514809225e-01
-1.766663033393887972e+00
8.046736880610145803e-01
9.464781866987879155e-01
-1.700737082850713344e+00
8.024444769444085690e-01
6.254009239043947233e-01
-1.047433411039215390e+00
2.668639477899258372e-01
4.748721368799566078e-01
-1.096665116687473018e-01
-8.963908761323392538e-01
1.082693933433887423e+00
1.885801814930142539e-01
-1.808977119998862237e+00
2.050972936100248223e+00
-5.000063661396090264e-01
-1.428860704118888769e+00
2.000784872553955651e+00
-9.828555825565463699e-01
-2.726618865336087882e-01
4.994821245430717815e-01
5.936983832243653003e-02
-1.277334026719714744e-01
-8.597496694449442423e-01
1.891417209408294386e+00
-1.491454725215678012e+00
-4.588985074662800812e-01
2.359507094886143186e+00
-2.499137505310339513e+00
8.534351499397273555e-01
9.510615891564632163e-01
-1.435619309811201338e+00
7.604842193873035949e-01
-2.535025621344905722e-01
6.411193884087604822e-01
-1.141704796931138466e+00
5.076176014668072334e-01
1.255335263822113356e+00
-2.609113167052472093e+00
2.084671527846146954e+00
3.640205594277326484e-02
-1.918000303760695191e+00
2.067777733132757589e+00
-8.120018667001743795e-01
-2.753300305446954588e-01
2.474662233171722181e-01
2.434898267417363593e-01
4.040253443192401428e-02
-1.214194855178841292e+00
1.971355766166882795e+00
-1.106573825118773113e+00
-9.287290901420862665e-01
2.325377410947695456e+00
-1.814135864789646391e+00
2.416149372790143968e-02
1.244618061315680091e+00
-9.931323116132702022e-01
-1.128084679991520067e-02
3.212180233888038972e-01
4.014881490566625799e-01
-1.024353464207057751e+00
4.121007260812550310e-01
1.063256248234656143e+00
-1.819429169427286386e+00
8.761429750521578796e-01
9.310556286943098003e-01
-1.794290573323454652e+00
9.091966573938523588e-01
6.697810619988191494e-01
-1.260774422577688458e+00
4.340781120656868608e-01
6.191571956504545726e-01
-5.969660336622325536e-01
-3.499905575346111131e-01
8.537230646578202187e-01
-6.029966631529865007e-02
-1.233194606243691149e+00
1.434782581462265005e+00
-4.274188641802989519e-02
-1.655064774304611408e+00
1.934522064540752151e+00
-5.235518265230079127e-01
-1.126759939583889203e+00
1.478285866280723004e+00
-5.511607097924995369e-01
-2.878530344813076125e-01
6.460954782240635463e-02
6.392209310286891544e-01
-4.801881215909068468e-01
-8.670227190108110715e-01
2.113506646586519100e+00
-1.733201514483015293e+00
-2.419015204051580270e-01
2.109846070353994740e+00
-2.256401056098693125e+00
8.142730111589330244e-01
6.268965991822255113e-01
-8.610257040060209643e-01
3.014674547620741496e-01
-2.296367739421776855e-01
1.042769744769965090e+00
-1.657027895193815104e+00
8.210992640534060527e-01
1.214685843627055117e+00
-2.709705564301103209e+00
2.222402056540285997e+00
-1.781738803720543662e-01
-1.574536759495106963e+00
1.720282628658806434e+00
-7.331455034623528544e-01
7.214719564189581158e-02
-3.567876784748674202e-01
7.064428813063453605e-01
9.298569343494156314e-03
-1.563725920533278746e+00
2.405984335280469288e+00
-1.385362006158498360e+00
-8.224616114341481987e-01
2.295231443370535640e+00
-1.857143149621697464e+00
2.508940738486173383e-01
8.070876378662679151e-01
-5.560435764224085364e-01
-1.191245438873544532e-01
-3.846207326495287848e-02
1.009755075707707395e+00
-1.477069050488790225e+00
4.643231300357218427e-01
1.330154818248697302e+00
-2.153471756082596222e+00
1.125167461940208335e+00
7.411253339705660137e-01
-1.623183539236698225e+00
8.599926442451489850e-01
4.304178383109887873e-01
-7.435762906898419899e-01
-7.238118215487021612e-02
7.537733641691505282e-01
-2.521266328515289756e-01
-9.232734614863813416e-01
1.276058091928261362e+00
-1.462958841411176047e-01
-1.387243618662404865e+00
1.646385490592420231e+00
-2.579233751373822270e-01
-1.379973173860635338e+00
1.628412991881287075e+00
-3.896647313624443387e-01
-8.842557452926097517e-01
9.139480797602420603e-01
-1.094049784112055557e-02
-4.399110345273556932e-01
-2.394051576005703508e-01
1.137336252212662213e+00
-8.477358399187502336e-01
-7.457893909118281650e-01
2.142084169672958893e+00
-1.816055841071422705e+00
-6.167538219934609600e-02
1.760544992276675380e+00
-1.841170658717226738e+00
6.190076136294965226e-01
3.846782042829985926e-01
-2.830123961303605551e-01
-2.335401881152565084e-01
-7.529904542272830570e-02
1.291494070678079309e+00
-2.056234603832644670e+00
1.122741412567605401e+00
1.056187896929393633e+00
-2.614064458047914208e+00
2.189884357852207586e+00
-3.363587977479505220e-01
-1.158319494168492447e+00
1.224741113098482881e+00
-5.039953073934119177e-01
3.159172768947994259e-01
-9.248334909129336534e-01
1.211491087412643219e+00
-1.435343194503365394e-01
-1.742920624045275035e+00
2.695638353581384816e+00
-1.627565009037117649e+00
-6.131352828869717220e-01
2.074674961074425728e+00
-1.725717078361068246e+00
4.027634016383952464e-01
3.281941385059393146e-01
-1.274923994504462144e-03
-3.676904029630287951e-01
-2.741540594167681810e-01
1.543057409528017399e+00
-1.938333328370888564e+00
6.272965746989966895e-01
1.415220149008520778e+00
-2.320557880627868830e+00
1.315594385230605790e+00
4.670750083894749105e-01
-1.275866896998293587e+00
6.389085245338885777e-01
2.831523174768858508e-01
-2.196855902795643856e-01
-6.620160015267576581e-01
1.016675298082348800e+00
-4.921864078546728249e-02
-1.385665537856214824e+00
1.675237360326702785e+00
-3.299103501347909195e-01
-1.354753914718375807e+00
1.676657489572801474e+00
-3.953728720224670146e-01
-1.043735064883666075e+00
1.167996778957818504e+00
-9.231784277825816343e-02
-7.498484558183045046e-01
3.795203460809689622e-01
5.756326316071971316e-01
-7.057363880982315818e-01
-3.867676066678640279e-01
1.493141814394217892e+00
-1.163299451435986454e+00
-5.423821951355070059e-01
1.986862743765370976e+00
-1.711058662337402447e+00
2.439962271941509275e-02
1.376905997652627889e+00
-1.300293422581957348e+00
2.736081537718725865e-01
2.651521413715399733e-01
2.280677288726726815e-01
-7.774613641190404323e-01
1.766572122189318805e-01
1.373149651694329787e+00
-2.287742650084706231e+00
1.347151810937643690e+00
8.335605807788497579e-01
-2.345261841762968480e+00
1.970823960112199069e+00
-3.865446240391124944e-01
-7.378679442413667022e-01
6.377079820280935341e-01
-1.420193386842911742e-01
4.243267433262041255e-01
-1.390326587045962903e+00
1.689107085941424113e+00
-3.764766917103942179e-01
-1.750077833896408475e+00
2.799598786253835403e+00
-1.771445350317673473e+00
-3.604140648026165072e-01
1.699468053377511501e+00
-1.416511185001485096e+00
4.353339814200170577e-01
-1.225857206905991426e-01
6.070729909327902130e-01
-7.288285351480137120e-01
-3.644393538609372318e-01
1.941567234909539863e+00
-2.338623541681045026e+00
8.518162241875946172e-01
1.329572773033204758e+00
-2.292251278090312372e+00
1.391114124339538183e+00
1.728441969350343888e-01
-7.995980386633769754e-01
2.553515207820402644e-01
2.640219254158063245e-01
2.428588335918884511e-01
-1.265615303053642560e+00
1.370117129116336319e+00
1.474586786047449305e-03
-1.686146414598655774e+00
1.984101555819206331e+00
-5.557083609393045354e-01
-1.159591569431357216e+00
1.510357823335000571e+00
-4.057537523836708404e-01
-7.126923624560026482e-01
6.103559511609466526e-01
3.469645757923935370e-01
-7.501439421331476121e-01
-6.083738142293165785e-02
1.136834916215626157e+00
-1.039292208044324761e+00
-3.789364087590233465e-01
1.666388932316601457e+00
-1.364261287369299414e+00
-3.169522130177522823e-01
1.683893028298934613e+00
-1.416540821842373843e+00
-2.474447423792563994e-02
1.025635212115953987e+00
-6.985897419676254660e-01
-1.893107186622796922e-01
2.846720337951714752e-01
6.143178098356973926e-01
-1.258700487840262117e+00
4.733788304440879613e-01
1.301202063881465865e+00
-2.323617153301358762e+00
1.438181370750018617e+00
6.100200674970055470e-01
-1.950483661298688887e+00
1.576962434232886068e+00
-2.969670209882460110e-01
-3.781039507570256863e-01
2.933086560684527999e-02
3.104269590740460494e-01
3.918606632404958989e-01
-1.703853461192792906e+00
2.070390431766159001e+00
-6.314569842151286361e-01
-1.610554737327469788e+00
2.703292588291297704e+00
-1.768947646951255726e+00
-1.288130345930447174e-01
1.226417170475182949e+00
-9.540089441981439711e-01
3.269183977581070488e-01
-4.843072134716868149e-01
1.196150839760207862e+00
-1.152041018688326535e+00
-3.149718686454918704e-01
2.166307531840506950e+00
-2.614122286314101817e+00
1.076274221519623042e+00
1.109938149432005972e+00
-2.067849325907610503e+00
1.313059209748755674e+00
-7.760889187592051597e-02
-2.588696657184874628e-01
-2.545781484110856696e-01
3.841216533241517128e-01
5.892507868451780650e-01
-1.810351745711502591e+00
1.757232899832007700e+00
-8.317560424891601301e-02
-1.797765903547587252e+00
2.146036512507054628e+00
-7.602817303781215230e-01
-8.489036903364242104e-01
1.160603742094627355e+00
-2.607372220249975503e-01
-4.483332661635046623e-01
2.538382734955529907e-02
8.819794609882949388e-01
-8.853846885838180247e-01
-3.605011644125959980e-01
1.602561887306699351e+00
-1.379227420109703228e+00
-2.437401664216876096e-01
1.643297270560384771e+00
-1.402991065174740593e+00
-1.329447757338833025e-01
1.289376698807447541e+00
-9.588367166216087423e-01
-2.264909965175817552e-01
7.638246230294337691e-01
-1.088076565958006059e-01
-7.152646622928225950e-01
4.326232971215639433e-01
8.391287485119306444e-01
-1.612433289484772159e+00
7.509578396353966401e-01
1.113845912106864677e+00
-2.163877937640913185e+00
1.358572338595016360e+00
4.472855184915367488e-01
-1.493225664968395705e+00
1.046732910661703375e+00
-6.146216693647071905e-02
-1.298397630454099505e-01
-5.274830848662419580e-01
7.926157163922192828e-01
2.397399367691602778e-01
-1.840349757940090258e+00
2.298099454104404860e+00
-8.439273875044989159e-01
-1.371978004058326039e+00
2.420619380926821496e+00
-1.594155020073677154e+00
2.341129309726341923e-02
7.242093415461995365e-01
-3.871722695452654017e-01
8.253577226666630740e-02
-7.142161943983611483e-01
1.695617386281369487e+00
-1.572516684506074736e+00
-1.570732024831264784e-01
2.204904400081395099e+00
-2.717125726027280308e+00
1.237343836154950472e+00
8.120982159859524430e-01
-1.674651822625402797e+00
1.067397725754001048e+00
-2.311737053274098841e-01
2.748144351573407751e-01
-8.333276746056372808e-01
6.275693061965604835e-01
7.864003045788919843e-01
-2.231083530253645808e+00
2.111324029620751830e+00
-2.625095664961966113e-01
-1.721533648367665981e+00
2.124414844429387994e+00
-8.832967971973946231e-01
-4.850194312107088956e-01
6.670743744654856755e-01
4.168947670810801975e-02
-2.970221224851786190e-01
-5.151577463038489180e-01
1.448793840334751115e+00
-1.129403090559841116e+00
-4.974066721028634896e-01
1.915296003441016026e+00
-1.659111052982226164e+00
-3.015303801264618278e-02
1.438447699092528342e+00
-1.255012340099920687e+00
-4.604315268759029411e-02
8.702788688496150282e-01
-3.884865563827475388e-01
-5.710822716479546646e-01
6.296136159876575267e-01
3.996714494062137413e-01
-1.236321036546982333e+00
6.733659390613278006e-01
8.925044447697498828e-01
-1.790873290726680445e+00
9.452781104518683808e-01
8.670862801635563777e-01
-1.836328979688786056e+00
1.096585262114614823e+00
3.948702718368793385e-01
-1.042923890556268551e+00
4.395918104988204012e-01
2.990351905088661777e-01
-2.167861677008943444e-02
-9.683345660953037726e-01
1.235057491941822239e+00
1.205047071067977260e-02
-1.802543956968138517e+00
2.335874640419204340e+00
-9.539705281587536057e-01
-1.095850826067907180e+00
1.991721105415314552e+00
-1.248164816103205288e+00
5.427713434158365491e-02
2.624022263042066760e-01
2.179033351041072541e-01
-2.665919400995734323e-01
-7.943403620975441060e-01
2.048501209344420815e+00
-1.921611249111401909e+00
5.794357928616891695e-02
2.073028011534939985e+00
-2.623918636582609043e+00
1.280987171882165487e+00
5.012930681188186854e-01
-1.163744773643287322e+00
6.677049076630838798e-01
-2.545870140424722483e-01
7.342247034113495996e-01
-1.410663410174595622e+00
9.539905945050046743e-01
8.277950088052240529e-01
-2.480445280203191771e+00
2.366862336179964110e+00
-4.793807410328025931e-01
-1.485802954519702235e+00
1.908864311825219540e+00
-8.780486047046753839e-01
-1.349565693547783995e-01
8.995039544026389722e-02
4.762453199021047245e-01
-2.823087421136084574e-01
-9.488227217120219770e-01
1.975647100962061309e+00
-1.434004791743771712e+00
-4.770140453961227989e-01
2.039087818824727893e+00
-1.818597106717839917e+00
2.003992742233931534e-01
1.092123896315366771e+00
-9.234611884614369881e-01
-9.440709425775939412e-02
4.932813843429921241e-01
2.274634807341139597e-01
-1.022660173849083698e+00
6.360591308097628405e-01
7.715414535395184181e-01
-1.681799134377935045e+00
9.523731002542462631e-01
7.920248887811225380e-01
-1.770842556023015657e+00
1.002978157555216576e+00
6.249300904104221344e-01
-1.391942017625669381e+00
6.685066721709084225e-01
4.814265926829017772e-01
-6.637171537354717987e-01
-1.730603075385747092e-01
7.395096826167129045e-01
-5.564878366654243957e-02
-1.247204902148305594e+00
1.570642368132213029e+00
-2.319522121452517460e-01
-1.619878967912753431e+00
2.174146852152004872e+00
-9.167050547542997530e-01
-8.469447522168302989e-01
1.476558763028016363e+00
-7.595697644419412420e-01
-5.465175777725422845e-02
-9.963289580799584988e-02
7.881406900622127676e-01
-6.679311202219672117e-01
-7.339438791294796705e-01
2.219904807201363184e+00
-2.138059883617444257e+00
2.677786826048582647e-01
1.811300652354121077e+00
-2.338825154221017222e+00
1.171968268016014392e+00
2.411558811863663554e-01
-6.019833823544576967e-01
1.536098273430984706e-01
-1.400847851161856061e-01
1.066914554356864109e+00
-1.914553528461940379e+00
1.305119958614912035e+00
7.339568125675020038e-01
-2.536089641621397828e+00
2.470404839643856487e+00
-6.701806614623487812e-01
-1.141260733037725128e+00
1.517329825778511943e+00
-7.197764526667982388e-01
1.407409892767481074e-01
-4.994288077170911389e-01
9.938841938153081257e-01
-4.010789656170944961e-01
-1.232089623849248472e+00
2.394198971374905671e+00
-1.737061864413764756e+00
-3.307443871053037387e-01
1.965090686473202508e+00
-1.813684686719308603e+00
3.847629218558056841e-01
6.635446506405806577e-01
-4.390959649667479647e-01
-2.918204530833472532e-01
2.138879206982788328e-01
8.158164143994417472e-01
-1.524646804996556471e+00
7.692153962142086465e-01
9.739568012019614862e-01
-1.989507419125657872e+00
1.205552719484055624e+00
5.793058932432864072e-01
-1.557413204237957371e+00
8.907235520665672812e-01
4.483091885688172962e-01
-8.965518307998809888e-01
1.166125148280306167e-01
7.095747140896355720e-01
-4.041784773685775933e-01
-7.188981125172497766e-01
1.197915102685317867e+00
-2.072782520365374637e-01
-1.343333993000628723e+00
1.745492711962739030e+00
-4.280911202289592321e-01
-1.343103689686649505e+00
1.831763999736591098e+00
-7.102716343535123711e-01
-6.822265877015007973e-01
9.453444040068842424e-01
-1.804496076169319341e-01
-2.949409674928932246e-01
-3.220127254221006874e-01
1.254793935644814784e+00
-1.056119591988409212e+00
-5.674553483275968091e-01
2.202141051557851004e+00
-2.178086804258803078e+00
4.099895431765099851e-01
1.478191046363237504e+00
-1.893767806145960630e+00
9.002975273529796318e-01
8.300237218482536816e-02
-6.147853431160653359e-02
-4.150448634154816352e-01
9.322427393266624618e-02
1.243243959875843574e+00
-2.282394646511946679e+00
1.614436474779994191e+00
5.484341030721526788e-01
-2.403906352178819095e+00
2.389628490896488877e+00
-7.759296094530205856e-01
-7.523529586509150047e-01
9.935825289046255060e-01
-4.103627753407068091e-01
2.980022651581476500e-01
-1.029673072797915090e+00
1.529267145217610757e+00
-6.241766727023140282e-01
-1.346836394026633243e+00
2.650293620884945689e+00
-1.972985615167970996e+00
-1.101602913154073327e-01
1.712751280020778477e+00
-1.624384000316644761e+00
4.690364190742291051e-01
2.210992894389941510e-01
1.441562723556569225e-01
-6.248847659702300161e-01
6.746437472625463339e-02
1.308554513010736997e+00
-2.008596224537516406e+00
9.907323631577735767e-01
1.001237808877475155e+00
-2.115685863300062586e+00
1.370216245431963298e+00
3.125513919743070912e-01
-1.183027135986881140e+00
6.012574672150651223e-01
3.845636256195135161e-01
-4.202220972797546250e-01
-4.970945961907958788e-01
1.055074658488402983e+00
-2.896912486473709469e-01
-1.135843072793975006e+00
1.605109460543140631e+00
-4.300878488622799090e-01
-1.263993239213666353e+00
1.727753761129428245e+00
-5.183771819580997864e-01
-1.035434560762328093e+00
1.353068343853588873e+00
-3.400760418449502165e-01
-6.411450436753889370e-01
4.673890306582131338e-01
4.214868971039034129e-01
-6.324579646502211938e-01
-3.903752529165463447e-01
1.564086057078668324e+00
-1.363655446002585148e+00
-3.482220326485249706e-01
2.015475026643823941e+00
-2.022754506912855188e+00
4.328825462310216254e-01
1.140069646419475946e+00
-1.343400496003169353e+00
4.835356631830024510e-01
5.723580257693114404e-02
3.917022228360760860e-01
-9.673896541139921368e-01
4.024909252946180516e-01
1.260617786268665164e+00
-2.470757926449374864e+00
1.818254605894964238e+00
3.300015406356870407e-01
-2.116702419664020507e+00
2.118998415277542069e+00
-7.526002707581156415e-01
-3.865564735497878379e-01
4.005728924227244248e-01
2.136988586478416607e-02
3.164253556987325355e-01
-1.440409582683540357e+00
2.010968265929271137e+00
-9.013926389727252575e-01
-1.302636971057632653e+00
2.712487653957872613e+00
-2.083856726985403807e+00
1.221401262962654166e-01
1.326467296204579149e+00
-1.258521596894310202e+00
4.179945183094309069e-01
-1.688131257396959239e-01
7.574016522048023781e-01
-1.054731805249213394e+00
6.367856461063292617e-02
1.653304941632058878e+00
-2.405077827717279959e+00
1.244539628298300338e+00
8.751419266391529117e-01
-2.042031201482399361e+00
1.395886630599602274e+00
5.643339266191765846e-02
-7.022393422783168582e-01
1.552240658101924353e-01
4.592204877297276222e-01
-2.601963354150970548e-02
-1.100364906894553130e+00
1.470486224056580582e+00
-3.187104612342476218e-01
-1.381574284030735678e+00
1.896053909236722124e+00
-6.637551435000152988e-01
-1.042714702778074765e+00
1.512883323999018037e+00
-4.611459746910483992e-01
-7.617473638030306526e-01
8.008990239556440516e-01
1.614217196726267234e-01
-7.388771578522925765e-01
1.001841664830710465e-01
9.733392252184871474e-01
-1.012855419968589299e+00
-3.176689818057528703e-01
1.685444170218346249e+00
-1.532041592889329396e+00
-1.391279734798813728e-01
1.704362428744971902e+00
-1.681344754485158965e+00
3.046526303702281613e-01
8.600624434794027495e-01
-7.566036184320874547e-01
-3.543646623066598611e-02
1.682796836648870475e-01
7.077814099482850896e-01
-1.432571994072837640e+00
7.282503770513992780e-01
1.143259903721775661e+00
-2.462071061320457499e+00
1.866448802090374892e+00
1.423611613419562549e-01
-1.728568232127504878e+00
1.681132288365804639e+00
-5.789675611816844647e-01
-1.032582046659918651e-01
-1.892964598977373569e-01
5.238272608070101422e-01
2.024927840895336395e-01
-1.691513945897535010e+00
2.372755036460874489e+00
-1.169998047816199760e+00
-1.134519954106613548e+00
2.576953828094203480e+00
-2.029380588867700563e+00
3.034083441431076333e-01
8.682635139641553534e-01
-7.510487069967886065e-01
2.213976301847600525e-01
-4.525141408844672308e-01
1.327401991742076071e+00
-1.522986448752548405e+00
1.852441111434880716e-01
1.821243667612534756e+00
-2.654817121168389527e+00
1.466511438949133828e+00
6.406726618395864881e-01
-1.778658119755498701e+00
1.253162469801068157e+00
-1.290287974916811686e-01
-1.829442361508546999e-01
-4.015494020457863744e-01
6.714260097037996200e-01
2.399707685165416438e-01
-1.621861999982216362e+00
1.892725367995308883e+00
-4.635110534632433943e-01
-1.439837137006362511e+00
2.020444685835069976e+00
-8.445987257879065124e-01
-7.332806874410560116e-01
1.124572586928146212e+00
-2.385461752615773978e-01
-5.775803438823952085e-01
2.466592291002347170e-01
7.393542363945051488e-01
-9.636476013382710981e-01
-1.195055282417322728e-01
1.408338350724140042e+00
-1.370469961941849002e+00
-1.414188454521680405e-01
1.615997978664225121e+00
-1.521558853277621859e+00
-1.628145325418051126e-03
1.329811352553939452e+00
-1.190210818209860966e+00
1.925761763768957247e-02
6.875353283920826453e-01
-2.057231266522477897e-01
-5.948327320707977872e-01
3.938701430518146140e-01
8.608021147441380361e-01
-1.750862474924850254e+00
1.004370630379167961e+00
9.375759884940049194e-01
-2.267152458751034327e+00
1.731048512635919856e+00
4.304777448241631221e-02
-1.305858575513332731e+00
1.123626211536875363e+00
-2.606835122185553466e-01
5.593538870243985883e-02
-7.053995607228971121e-01
1.030607987906543288e+00
-1.171740927896747220e-02
-1.769008644256139684e+00
2.564106104634103822e+00
-1.365417634888424381e+00
-8.965728586983056081e-01
2.267963490800739557e+00
-1.794026060730852246e+00
3.816116847606127460e-01
4.076868479793414046e-01
-1.589515005685767091e-01
-1.038596544316405801e-01
-5.975921404790803804e-01
1.787894561498947876e+00
-1.961013262196314999e+00
3.911661945755173231e-01
1.811159777054257347e+00
-2.718275141604567846e+00
1.595518264626588190e+00
3.581278447378005714e-01
-1.362512352918487046e+00
9.391720942630227276e-01
-1.987560114166493364e-01
3.044821789520192334e-01
-1.004882941934695850e+00
9.937884756647170637e-01
3.557641664020637084e-01
-2.002193056197136389e+00
2.253284785802252888e+00
-6.752886758202039097e-01
-1.322531963170859193e+00
1.951037486831639578e+00
-9.166511707094250339e-01
-4.004706862007912371e-01
6.111429111858655006e-01
1.398628297636315132e-01
-5.197585654263432442e-01
-2.409341863473517531e-01
1.324784864075197577e+00
-1.278564627739829707e+00
-1.810923810873553141e-01
1.676216832426453474e+00
-1.639179181799717888e+00
8.306844099892779498e-02
1.380617194702365547e+00
-1.318062451125929346e+00
1.498928881626887533e-02
9.591270304664434310e-01
-6.072798179308585009e-01
-4.019509782997937042e-01
6.499353562937882911e-01
2.446969864498487746e-01
-1.123525709236387726e+00
6.888234178093726179e-01
8.522243013676265022e-01
-1.883016837004531929e+00
1.169189954281773192e+00
7.038807895633274470e-01
-1.923191044525696114e+00
1.411286675179929118e+00
7.337167271267769353e-02
-9.162694075589354892e-01
5.118489024377417262e-01
1.701047275060597608e-01
7.387260810141074718e-02
-1.089794132383677949e+00
1.470972116729190038e+00
-2.741082041937124569e-01
-1.686679400649233163e+00
2.558252197834971930e+00
-1.432284877851304428e+00
-6.524554399197783905e-01
1.833872264358348492e+00
-1.390165444034360709e+00
3.244868414232777165e-01
1.057385442911115692e-02
4.474187795975783644e-01
-5.161243185012366341e-01
-5.978709513126148067e-01
2.089771930994173132e+00
-2.300940277705866066e+00
6.239475250336866674e-01
1.649030698337184297e+00
-2.582100952327028853e+00
1.584041712570582794e+00
9.270361600070953223e-02
-8.514938499491108148e-01
4.787088345314878257e-01
-1.303674759882596512e-01
6.983526522007911241e-01
-1.582084598049403379e+00
1.376664901912322270e+00
3.265708684222975999e-01
-2.203018584790179091e+00
2.489447704155513641e+00
-8.927638921154228413e-01
-1.067254657793263117e+00
1.688298993981131702e+00
-8.414916560158189895e-01
-1.090918421182802134e-01
3.800189777176193884e-02
6.380098052788811813e-01
-6.001816919194939981e-01
-6.065871605169469438e-01
1.845387678944158560e+00
-1.627674277411308656e+00
-1.012800462600117468e-01
1.750941365282011830e+00
-1.763436446350824971e+00
2.924310330638458799e-01
1.027492386268103353e+00
-9.356818005782253644e-01
-1.176622352204142463e-01
6.547253563285960754e-01
-3.094286613844350262e-03
-9.131234127201230955e-01
7.483267738874921360e-01
5.478578682665000699e-01
-1.552207158103002804e+00
9.926585491560672159e-01
7.100140348549580649e-01
-1.816370984661364485e+00
1.176012136891414928e+00
5.058610444092423997e-01
-1.487508590159122068e+00
9.342635138302206599e-01
2.510611375739303375e-01
-6.178005173478133827e-01
-8.113021306996431870e-02
6.595445222263788265e-01
-3.957499198514596861e-02
-1.306036882713111691e+00
1.781109126086496630e+00
-5.215066638764453977e-01
-1.483161240067890407e+00
2.356429118332882489e+00
-1.334057132167561610e+00
-4.643909756179159243e-01
1.339267312598533710e+00
-8.566868705189989441e-01
1.252850837268287831e-01
-2.714737633471919764e-01
9.951922815613063467e-01
-9.555054757162311230e-01
-4.739954826606133653e-01
2.208471322239955459e+00
-2.486660053690933569e+00
8.195624562188185136e-01
1.383193138401861866e+00
-2.261401133537725983e+00
1.406599747673595413e+00
-9.663069665587636914e-02
-3.152481240914167815e-01
-7.915473132033418180e-02
7.186978212725730897e-02
9.553310100130227855e-01
-2.063206577496175420e+00
1.756194407179188621e+00
1.833748756288976767e-01
-2.212764939814899634e+00
2.554658688817951440e+00
-1.052865852613524611e+00
-7.307045107074346957e-01
1.260619185362734429e+00
-6.052117523523538045e-01
8.690191345270381618e-02
-5.226149545122770190e-01
1.198576121951943740e+00
-8.037969233016968307e-01
-8.169054433228147838e-01
2.236735204766914453e+00
-1.945241113462159444e+00
7.932526015068058767e-02
1.634553766640377104e+00
-1.707671449631106508e+00
4.263014310086372660e-01
6.199913920006947521e-01
-4.149720982579579998e-01
-4.017824569275408875e-01
4.638510692072101982e-01
5.501529610934905445e-01
-1.450873999556890226e+00
9.573520547923259905e-01
6.817117322048868999e-01
-1.824329350461207477e+00
1.239821551135593225e+00
4.833912068305450949e-01
-1.566679037464102420e+00
1.001231131438238942e+00
3.995157002360766318e-01
-1.028129631918370368e+00
3.511037773309788057e-01
5.668240679484091160e-01
-4.494103043881245707e-01
-5.858451672127877874e-01
1.140502300832065385e+00
-2.494646341740658357e-01
-1.344479993711664045e+00
1.914368004062931172e+00
-6.904989755164252507e-01
-1.214987482467488000e+00
1.987649573225453326e+00
-1.059602766875654689e+00
-3.824525308179816396e-01
8.545605004260150572e-01
-2.532907121413539575e-01
-1.957429652616403670e-01
-4.091884973436824557e-01
1.420243943317327284e+00
-1.353479311749925529e+00
-2.695489207232447670e-01
2.147379394789832308e+00
-2.483009317776910141e+00
9.185522659236579068e-01
1.075914586492195957e+00
-1.797452589035712922e+00
1.064586790728075494e+00
-1.671540371183226070e-01
1.758729321999063233e-01
-6.684356175482288887e-01
3.775540757709957007e-01
1.057014962532247360e+00
-2.391889323413120216e+00
2.064765119013977301e+00
-2.275794219738061161e-02
-2.048018015584356366e+00
2.426350735876042108e+00
-1.101730058226064735e+00
-3.790494031946800568e-01
7.200425951609997766e-01
-2.213572021381344512e-01
1.534136836468295018e-01
-1.002948220677518876e+00
1.751779448444937159e+00
-1.091090954073784314e+00
-8.652381611233167513e-01
2.452359104023007941e+00
-2.166732836951028585e+00
3.035357098315283331e-01
1.356501746904752004e+00
-1.462509663945950278e+00
4.378528828433348452e-01
2.261310270789979038e-01
1.831909824873599324e-01
-8.124296930194733202e-01
4.108857850306012471e-01
9.898094181783141376e-01
-1.944183479621419464e+00
1.229621010477910836e+00
6.518993713099525689e-01
-1.905045536809703233e+00
1.370828961096699716e+00
2.341123134212759471e-01
-1.175399200208743444e+00
6.487429527236558968e-01
4.233999690316283537e-01
-6.127042641220524777e-01
-2.707778728012252278e-01
9.854048785621998263e-01
-4.248892654879744546e-01
-9.471349507684043711e-01
1.543253114494020029e+00
-5.019270019044359543e-01
-1.223197911079892286e+00
1.848779534584886308e+00
-7.283711845555672637e-01
-9.467552082485386489e-01
1.504031836965636693e+00
-6.256668691979083707e-01
-4.359114576794180795e-01
4.447274610337710876e-01
3.486122625952382537e-01
-5.943754089080223180e-01
-3.999935070272463977e-01
1.677045780274221354e+00
-1.644010514564735459e+00
-4.334959266166493741e-02
1.936710027173107251e+00
-2.281624188053160474e+00
8.764097551814870046e-01
7.927581460611912156e-01
-1.251228639712418822e+00
5.867197753684958439e-01
-9.966142517113052435e-02
5.618820014001894014e-01
-1.216402005805983233e+00
7.350452576600318144e-01
1.012373999317234263e+00
-2.534032706276851954e+00
2.242200385519931061e+00
-2.296947510742946008e-01
-1.750382169654218556e+00
2.109941944398407987e+00
-1.004192893489893157e+00
-7.683467873891336453e-02
1.342082383038090687e-01
2.706523018043066608e-01
8.185184395992023410e-02
-1.350225920885834707e+00
2.226253059130347989e+00
-1.404692224614103591e+00
-7.721100620123225733e-01
2.470948329484785155e+00
-2.239704611487087771e+00
5.076197237944896079e-01
9.685772478610435998e-01
-1.046782565041482149e+00
3.020995153172036929e-01
-9.260815364801233684e-02
7.869868366428339757e-01
-1.301067735296766115e+00
4.935043825028261888e-01
1.272361870696619990e+00
-2.325631589291714985e+00
1.503803445374479741e+00
4.901546975278412988e-01
-1.786693330128513502e+00
1.342495957120202643e+00
2.573185884517351085e-02
-7.028751924414857744e-01
1.499089861336421747e-01
5.917851366591527773e-01
-2.975962317679856084e-01
-8.580523409002762669e-01
1.450974967860179543e+00
-5.309492377437892152e-01
-1.132506420773734535e+00
1.806692171687016568e+00
-7.334870099270471844e-01
-9.844086557063761456e-01
1.590641848370304201e+00
-6.023504098962295661e-01
-7.400317677402321603e-01
9.724482529676521381e-01
-7.479601734229758547e-02
-6.280759084835619843e-01
1.590300064523544332e-01
8.769270221996714465e-01
-1.009471200120208412e+00
-2.679135082732616580e-01
1.745510578821232839e+00
-1.774371450331778899e+00
1.407972195482159461e-01
1.628052757044361032e+00
-1.902509780336107958e+00
6.715367853454498048e-01
5.914929832892624750e-01
-6.937915495624212836e-01
2.500061453048135762e-02
9.821868549991902286e-02
8.024571492624097413e-01
-1.654879302433061028e+00
1.079944221105550106e+00
8.556572439243228523e-01
-2.482888043180695448e+00
2.245829700809374607e+00
-3.750815364869840018e-01
-1.379329139458587594e+00
1.638339923521541674e+00
-7.502116605365538593e-01
1.237418300981230068e-01
-4.241932475526531965e-01
8.113821862506191973e-01
-1.095038153838248096e-01
-1.534675312734895769e+00
2.560252631412377688e+00
-1.678999094755313726e+00
-5.811877329902801481e-01
2.299516068717765815e+00
-2.132792983123579234e+00
6.323965270868514565e-01
5.362970775331961093e-01
-5.049878169069346168e-01
2.057553688360391764e-02
-2.912912452608854008e-01
1.324774939816212083e+00
-1.803046578180079740e+00
6.833055087569782637e-01
1.379888067869134094e+00
-2.542130163205375659e+00
1.715092012992794679e+00
2.484540111312764088e-01
-1.489928531279154811e+00
1.135562209107809917e+00
-8.738380489487199143e-02
-2.185305359301844552e-01
-4.409379985534658819e-01
8.918671278531841162e-01
-1.189191341112028621e-01
-1.342809658333276701e+00
1.895983407763472073e+00
-7.298327864602602855e-01
-1.136805548029004465e+00
1.888237456603894415e+00
-8.820221168614932328e-01
-6.869908343784940641e-01
1.173582384060457784e+00
-3.056183430018328817e-01
-6.428315601645009369e-01
4.638566912048048829e-01
5.309543685656445966e-01
-9.354735866765117036e-01
2.339601071316654846e-02
1.270035457701323534e+00
-1.372896124324668232e+00
-5.906718297131113848e-02
1.633721284838475007e+00
-1.713887261061525891e+00
2.251992423955652134e-01
1.285496931727451164e+00
-1.391062279240199429e+00
3.094552930745473329e-01
5.123750006380995980e-01
-1.951155188158780751e-01
-5.531600342639129142e-01
3.932049467489508454e-01
8.829622261059540955e-01
-1.930864048206736738e+00
1.345766578898631050e+00
6.401291214607153224e-01
-2.259749147406198588e+00
2.057789882805323156e+00
-4.072272945213876727e-01
-1.002216249079005195e+00
1.067025502799696657e+00
-3.571426066778087272e-01
1.914285548823029259e-01
-8.887318581767731374e-01
1.330576058913630400e+00
-3.786407587316783507e-01
-1.553738552245069959e+00
2.711367113666725892e+00
-1.851251574765756969e+00
-3.514568016986538979e-01
1.972024778605406370e+00
-1.841336666259207444e+00
6.335545037613691255e-01
1.281406820284698989e-01
9.939799291348118404e-02
-3.783871137101783022e-01
-3.487248776982592724e-01
1.736163120420438410e+00
-2.247803411067609947e+00
9.308068465310443962e-01
1.322321074864978296e+00
-2.563406694412777576e+00
1.806311658127101261e+00
-1.011590615451374298e-02
-1.060326684545628728e+00
7.584531304174286781e-01
-6.947699915199995191e-02
2.103204242255108380e-01
-1.054724919972830577e+00
1.285492060967337036e+00
-8.698209332994821796e-02
-1.673011208017336049e+00
2.252025646339151255e+00
-9.660048304757296034e-01
-9.824479660316824958e-01
1.770804365055199225e+00
-8.975499002579252483e-01
-3.963356668510318870e-01
6.532475860447697347e-01
1.409035363519292594e-01
-6.813971088831241030e-01
4.205508214748765461e-02
1.119516153726350938e+00
-1.311519304869978253e+00
3.669365944605734731e-02
1.486280703853157581e+00
-1.620699323815302240e+00
1.665067147239981671e-01
1.376112845855075317e+00
-1.459172127109596317e+00
1.683953357680376128e-01
9.747955019729208637e-01
-8.110238316434557060e-01
-1.774342877319400047e-01
5.713956643530215818e-01
1.868408240904241846e-01
-1.075383582219530565e+00
7.318499124036822456e-01
8.162152525166798123e-01
-2.014721068549774952e+00
1.475059525578690911e+00
4.286747039821467986e-01
-1.910139381495570499e+00
1.688353227680639890e+00
-2.942278158244762687e-01
-6.831144153515820161e-01
4.655092454260654211e-01
1.325115957428401048e-01
1.209833906618616450e-01
-1.209481915412021324e+00
1.758190565693490415e+00
-6.669396612787088507e-01
-1.431818036907444025e+00
2.663153257422767872e+00
-1.872225514059394191e+00
-1.469075899812727348e-01
1.543700008152133485e+00
-1.388691897822502241e+00
4.894883238090243505e-01
-1.955917628354009730e-01
6.936736714613096488e-01
-8.438410866575016822e-01
-2.706652100698944685e-01
1.981222842865340894e+00
-2.570122858924464460e+00
1.173978718407732824e+00
1.135171917239775619e+00
-2.386854264326487840e+00
1.737844259766783361e+00
-2.222602958537961970e-01
-5.610092626284387540e-01
2.465457419248943682e-01
9.030172805026392968e-02
5.292169084287334790e-01
-1.618274972819357060e+00
1.715125310655308155e+00
-1.850456408482502035e-01
-1.820365367381198363e+00
2.460955146675646521e+00
-1.175818269970165808e+00
-7.151860813257038263e-01
1.465710187456214841e+00
-7.510633315600330207e-01
-1.732082012350382172e-01
9.848512166898631959e-02
6.913057302685958749e-01
-8.556390419435027095e-01
-2.463086328270430725e-01
1.619969350501145877e+00
-1.694071078780087669e+00
1.714974449195760808e-01
1.510236324725682477e+00
-1.703709684040732197e+00
3.453358231612640439e-01
1.027416345135758968e+00
-1.034994018987579700e+00
-4.738152532169909170e-02
7.523512909902663193e-01
-2.345144194410296867e-01
-7.345238528534754341e-01
7.576084119298727160e-01
4.150360021406322986e-01
-1.475633805733495230e+00
1.049433700552642845e+00
6.397305899627583337e-01
-1.904633353464716627e+00
1.429135825708411911e+00
2.828296064234883112e-01
-1.496127080951942467e+00
1.174727780503779462e+00
-2.981887218266982345e-02
-4.722788889052536576e-01
-9.345346145614324973e-02
6.575304877088448130e-01
-6.612644718901289353e-02
-1.360535277978331070e+00
2.035476540734773909e+00
-9.091147207478357251e-01
-1.215609615637126328e+00
2.427614979047412636e+00
-1.714787823597116345e+00
-2.543427245503353945e-02
1.081967195477310018e+00
-8.230134520900542761e-01
2.053572601770293771e-01
-3.924781642312547003e-01
1.207153151342809538e+00
-1.310192226387715042e+00
-8.851913368686564754e-02
2.046358957946600388e+00
-2.720619770654782776e+00
1.348908074406333757e+00
8.730993685634712564e-01
-2.037956268687663552e+00
1.494729514184025110e+00
-3.353501976005619500e-01
-6.249978689711038760e-02
-3.429564363905489022e-01
3.757574684543674159e-01
7.050988765822383542e-01
-2.065624447200645086e+00
2.113093442487535611e+00
-3.725806852473360631e-01
-1.784352702928704515e+00
2.484420578755759834e+00
-1.298556837720503010e+00
-3.961196599945693841e-01
1.011030200607534679e+00
-4.399510126618680905e-01
-6.345228781520509398e-02
-4.195446378514012253e-01
1.281545364845006141e+00
-1.138988132316059998e+00
-3.788464045705763894e-01
1.973555748982669389e+00
-2.015639182821615361e+00
3.792062587663460604e-01
1.354747273360316973e+00
-1.595813835063397246e+00
4.215799726914409296e-01
6.533673118216594133e-01
-4.906187387879591966e-01
-4.126349933380232815e-01
6.558353187004339890e-01
2.692384612527670140e-01
-1.293348370009508530e+00
1.034971793893789904e+00
4.787780937810415804e-01
-1.704557779091198544e+00
1.280804681334316575e+00
4.089026308513809549e-01
-1.626585845825929244e+00
1.194822970877088775e+00
2.520472934138909826e-01
-1.086033361323285540e+00
5.755143791864807401e-01
3.650150648428746591e-01
-3.979878556403873557e-01
-5.451372927129363166e-01
1.147540865921955699e+00
-3.254986305059491825e-01
-1.343569961807055568e+00
2.124301378668592477e+00
-1.044332206349637637e+00
-9.658042905474217843e-01
2.043126765903222175e+00
-1.378899674432472855e+00
-2.878057658168024432e-02
6.554960607964046559e-01
-2.100136138841321443e-01
-1.873126066984092675e-01
-4.446463050267751016e-01
1.582066366611004193e+00
-1.707658730428386562e+00
1.462399164560347353e-01
1.945889088725930360e+00
-2.673732762402254881e+00
1.400834196678424792e+00
6.003949093320328778e-01
-1.566216439201304267e+00
1.089764246439320905e+00
-3.164744078932082982e-01
3.685337254638809679e-01
-9.397165596905596718e-01
7.460368426326899893e-01
7.312664274635105599e-01
-2.348182904238521829e+00
2.412590008389153606e+00
-5.924842206299435476e-01
-1.591756442318357001e+00
2.310266425614153629e+00
-1.287031672742482424e+00
-9.127036241924807447e-02
4.656694398060450268e-01
1.090162032756653021e-02
-9.023360240725228354e-02
-8.385542638344166688e-01
1.839297457822679505e+00
-1.482687607747227521e+00
-3.605084961203630645e-01
2.142756462027126663e+00
-2.214575577370268000e+00
5.986601236587728581e-01
1.058420283380511862e+00
