5.807695156065530995e+00
-1.308558102259285150e+00
-5.466577722417660823e+00
5.993930054750139291e+00
-1.440668670981281707e+00
2.975898384846056288e-01
-4.927004495037126119e+00
7.664458491740846924e+00
-2.491953651585864460e+00
-5.516713318277427724e+00
7.444501283572503070e+00
-3.525727469125153668e+00
2.200437905120227633e+00
-6.803177981996985757e+00
1.028938082714146773e+01
-6.084534027133588374e+00
-1.519613821864431946e+00
3.366841214154280948e+00
1.192761945492279985e+00
-3.821755675585472467e+00
2.203226106059932299e-01
3.282032803175699343e+00
3.698281933130304067e-01
-7.723553387336410836e+00
9.502273867246371353e+00
-4.196136539066522175e+00
-3.982669478179046152e-02
-2.019300986063947256e+00
4.832239802213098123e+00
-9.403481359074883361e-01
-7.084779058330122226e+00
9.948051072767480463e+00
-5.285849893995298920e+00
9.562991763546278001e-01
-3.014990209426845702e+00
6.724332569426679562e+00
-4.252072242498828203e+00
-2.795407770896719768e+00
5.260455854806773246e+00
6.109395610624623885e-03
-5.502605301531000137e+00
4.395646727675894816e+00
-5.625472469757186733e-01
2.125913989740998655e+00
-8.470734203780990512e+00
1.068645052515688221e+01
-4.875580274553650284e+00
-1.905301360744334982e+00
2.131265025503128463e+00
1.212982909811748833e+00
2.026430896061603981e-01
-6.762107802578746885e+00
9.891038456851740435e+00
-4.962488013389016572e+00
-1.529886419662053632e+00
1.503245999032918112e+00
2.929193026794737253e+00
-3.269110570902797441e+00
-1.910585938714852716e+00
4.506331563785217043e+00
7.603690793288231387e-01
-8.017740025026661499e+00
8.710926732474382206e+00
-4.057653090848985400e+00
2.628671783625369685e+00
-6.873910282845139719e+00
9.241266970938243119e+00
-3.843519705208116921e+00
-4.155550326977597742e+00
5.844605116339584683e+00
-1.545634826659397998e+00
-1.917720712125561278e-01
-4.066400156109483355e+00
7.378284514133393479e+00
-3.274692172957498038e+00
-3.895398559593190591e+00
5.016930384951548305e+00
4.369495563043317432e-01
-3.990542519418676992e+00
1.231264798023193663e+00
1.609322254929166807e+00
2.434535110837071414e+00
-9.870604801262437888e+00
1.147676311451150255e+01
-5.874178620934507933e+00
1.354084241190542492e+00
-3.235678126523508169e+00
6.039972287472493484e+00
-2.353475124276735553e+00
-5.253675983586470366e+00
7.573348662917041452e+00
-2.394584431866749519e+00
-2.280058355149055860e+00
3.106593556301520120e-01
3.599570703167204844e+00
-1.626813332938325640e+00
-4.657531944076424679e+00
6.206914465662965341e+00
-3.938123868728782284e-02
-6.194572379936184703e+00
5.585840739943100708e+00
-1.997757234951329064e+00
3.567315816523982441e+00
-9.727827147210797776e+00
1.167817338572534069e+01
-5.673112024646279394e+00
-1.108116728064044043e+00
1.102450512716645514e+00
2.672944635093271071e+00
-1.828193197395380665e+00
-4.101216171226528040e+00
6.664045503505390933e+00
-1.383548697138121675e+00
-5.137707222507119198e+00
4.803055069915814990e+00
2.097495237803466139e-01
-1.311848630461525111e+00
-3.022673525336073030e+00
4.814998790799258188e+00
1.073669661037418344e+00
-8.679055266863210605e+00
9.452085708306857015e+00
-4.695028299093673141e+00
3.081624804755533020e+00
-7.155861454230596941e+00
9.465758844062090560e+00
-4.225869037878069001e+00
-3.350169305685726240e+00
4.399712269280522392e+00
6.306100301472179481e-01
-3.058019660175105070e+00
-6.572262324850999260e-01
3.664682972010993023e+00
4.246200191177067484e-01
-7.236559109476806029e+00
7.727750687096974325e+00
-1.515156774065861356e+00
-2.781951716381515283e+00
6.502302803876993664e-01
1.749565277588176482e+00
2.495545550265762191e+00
-9.891542627073384608e+00
1.130194348923325975e+01
-5.495343847267700532e+00
8.970663514257375404e-01
-2.900162716697782805e+00
6.053385385844849864e+00
-2.946831305799916034e+00
-3.890836649057184182e+00
5.368680764124036386e+00
5.571379832035465718e-01
-5.743133113181128735e+00
3.984384897022729355e+00
2.089353402022231521e-02
1.574208786035177443e+00
-7.258628961524612677e+00
8.109102076087854272e+00
-1.305914034233162102e+00
-5.373655812219427119e+00
4.979512072700662095e+00
-1.401056566619827137e+00
2.826441594327960605e+00
-8.762850668301833679e+00
1.052725179854936854e+01
-4.516276319934325656e+00
-1.995396634659872825e+00
1.444641517125981878e+00
3.078343747397619179e+00
-3.089410924201922093e+00
-1.977925668990717645e+00
3.799971151583298123e+00
1.962520030860344544e+00
-8.623895390684902296e+00
8.105378284166279812e+00
-2.678237283173964922e+00
1.040239899462639617e+00
-4.818592149722102924e+00
6.144069704466540216e+00
1.294530284453931923e-02
-7.635641359600414901e+00
8.221761281558569223e+00
-3.191416159344939718e+00
1.339881537454768790e+00
-5.305305959917257397e+00
7.717773341123189468e+00
-2.861501614218100009e+00
-4.038988066864249049e+00
4.206836609324162701e+00
1.759680807577289841e+00
-5.033254191658016019e+00
1.974435437243546643e+00
6.367056853589020404e-01
3.538914420487613732e+00
-1.013366867686210604e+01
1.020028894404051911e+01
-3.509819933354023647e+00
-1.182403518795485553e+00
-7.130683506938484406e-01
3.069020093387328174e+00
1.017302253839957427e+00
1.106933995676091520e+01
-2.028852234910412999e+00
-1.162408131399556055e+01
1.276310763291411021e+01
-3.674766403681379856e+00
1.327859267021550771e+00
-1.043087413275490150e+01
1.562767464419711061e+01
-4.887288385830481197e+00
-1.157623865813016373e+01
1.583762762155173398e+01
-8.309758205559592881e+00
5.861205363624851117e+00
-1.515414546998729328e+01
2.208162454894927151e+01
-1.350322467017048922e+01
-1.932421347388646460e+00
5.824823222223802333e+00
3.175171909476100396e+00
-8.390687935636515604e+00
1.209912550142268728e+00
5.707030227075561513e+00
1.733686987202992524e+00
-1.656238252714502579e+01
2.014148666663171028e+01
-9.410390574507342620e+00
6.969429126463051460e-01
-4.484903735299833549e+00
9.710517070319738764e+00
-1.484396483601347683e+00
-1.498141662890483339e+01
2.101185001837347599e+01
-1.183955815979230763e+01
3.203949484388791014e+00
-7.259226194665641785e+00
1.455476325112228686e+01
-9.450119122785359593e+00
-4.785095622020531181e+00
9.764920066729599668e+00
8.351128538307346361e-01
-1.197274528593507092e+01
9.921359227561765692e+00
-2.399651114037709920e+00
5.628945138051803632e+00
-1.833256926331668879e+01
2.263230147055049812e+01
-1.072049030363423938e+01
-3.235952718458857458e+00
4.111005027506560161e+00
2.173942543873103261e+00
1.015236100536943908e+00
-1.440593563499072616e+01
2.079947812402871321e+01
-1.093328182768814116e+01
-2.149231746166420542e+00
2.204518936647283045e+00
6.585735966788264228e+00
-7.237810161521579744e+00
-3.082788996981497220e+00
8.139586494866549060e+00
2.618004773666263052e+00
-1.737957996026668539e+01
1.894948557346796036e+01
-9.716334345090203328e+00
6.817051186886160075e+00
-1.514846848864256401e+01
1.959391372793869124e+01
-8.396752701743910308e+00
-8.041447455432233937e+00
1.180648496802552927e+01
-3.493547267831156766e+00
2.027472867990010030e-01
-8.810115746775245782e+00
1.542794622179700781e+01
-7.135837850634307422e+00
-7.300864845509519974e+00
9.569975635741096553e+00
1.418224954094187140e+00
-8.692321563048695410e+00
3.395823727835625583e+00
2.023650499611111542e+00
6.337951673760994886e+00
-2.142778385501341631e+01
2.472227501238096181e+01
-1.343365541353857040e+01
4.176103515138326117e+00
-7.635273845645047075e+00
1.288137748982276243e+01
-5.118383148189612264e+00
-1.044887746588916144e+01
1.533021252839454363e+01
-5.078782874185987062e+00
-4.261373310652767366e+00
3.548618992581664688e-01
7.422788160901806265e+00
-3.446523567199104576e+00
-9.093391914357660255e+00
1.204890180780936326e+01
5.510735244873163907e-01
-1.334843023992178068e+01
1.245127739134301592e+01
-5.543371662225029972e+00
8.875531265282983640e+00
-2.127539548328307717e+01
2.509599971685621966e+01
-1.284786332972523581e+01
-1.045595370268591839e+00
1.376583239620720267e+00
5.866809326591250873e+00
-3.921991271638251675e+00
-8.113780962240277006e+00
1.330479415037901347e+01
-2.704321273420956295e+00
-1.041584354407925517e+01
9.781452041243102968e+00
2.914835188652968867e-01
-2.625710795026348521e+00
-5.828049330620178381e+00
9.101256500272461025e+00
3.061239095228505569e+00
-1.865366203132044021e+01
2.048914709932003220e+01
-1.113018155687358579e+01
7.930151140435887314e+00
-1.598713682182773255e+01
2.039699067643634933e+01
-9.614708176191065547e+00
-5.857073351673017569e+00
8.207864401313418767e+00
1.704903525399513953e+00
-6.497866756741311534e+00
-9.336550147650144460e-01
6.898734684286544017e+00
1.354889252012557055e+00
-1.501192148654985203e+01
1.591199865861062790e+01
-3.267794863249095627e+00
-5.644396259695410478e+00
1.749667133258407059e+00
2.658659987518781520e+00
6.211812089668851122e+00
-2.130610141809097513e+01
2.428015639061978348e+01
-1.265359019390871609e+01
3.321937676695760899e+00
-7.128675134749039799e+00
1.320371570373032455e+01
-6.755062468273883347e+00
-7.105834306926354316e+00
1.013917659313351649e+01
1.749253666985201683e+00
-1.221674866368509171e+01
8.786255208708686482e+00
-8.191037451361848909e-01
3.990454275239755155e+00
-1.524182748403440613e+01
1.668763465616378738e+01
-2.698413830479860387e+00
-1.109966924563924628e+01
1.072403423191592786e+01
-3.909197685885709816e+00
7.014013827915067445e+00
-1.902491897025264578e+01
2.254456802928110548e+01
-1.037942907944878534e+01
-2.848794833915478275e+00
1.931993735896133657e+00
6.988066496819016038e+00
-6.946100787368466811e+00
-3.182634568096994521e+00
6.736020109741422957e+00
4.942408030982783806e+00
-1.840585404764516753e+01
1.741520924721831065e+01
-6.480834938787966237e+00
3.011055518784782947e+00
-1.027375300079614107e+01
1.253479695777667935e+01
2.315596754310265126e-01
-1.591010542474504774e+01
1.741079549597622744e+01
-7.541434213444924595e+00
3.911789077106026191e+00
-1.182173244432171266e+01
1.654138497074046299e+01
-6.669065056692081050e+00
-7.274609435719567863e+00
7.662155686214511263e+00
4.328659389366203314e+00
-1.100619261844419228e+01
5.048801135241163252e+00
5.899747177820380273e-03
8.489279347608723825e+00
-2.173484321800745533e+01
2.177265407896736704e+01
-8.138077042195018151e+00
-1.605139453023470608e+00
-1.782533280320639291e+00
6.081557154552649003e+00
2.480432363605424406e+00
-1.693071570326910802e+01
1.916467375722416477e+01
-7.032611093104444322e+00
-2.305692904127380150e+00
-2.098912837406214926e+00
9.361789454519991338e+00
-4.615855288211331953e+00
-7.186938662721576776e+00
8.095543500184641417e+00
5.629217001358230554e+00
-1.737878126409656332e+01
1.459301197906161285e+01
-6.687708869777584830e+00
9.448964564919343445e+00
-1.998679098604616300e+01
2.067943724423355434e+01
-6.201629915429084150e+00
-7.623060658971014369e+00
6.811721426603036811e+00
7.584023135671262850e-01
1.454918443565815345e+00
-1.264115355492156567e+01
1.565787227172037710e+01
-3.574402839974389678e+00
-8.851541054063204683e+00
6.487122884399197709e+00
4.301847494896799518e+00
-6.298832721669477053e+00
-1.858676276106836944e+00
3.761857395233037415e+00
9.006689517338951845e+00
-2.289448280769062904e+01
2.176731231825368695e+01
-1.038192231000602028e+01
6.397933697887889792e+00
-1.328340486946557597e+01
1.548314213862006383e+01
-3.117945141073876769e+00
-1.168182733168161391e+01
1.200977921501351631e+01
-9.811053519244596899e-01
-3.512126862315775533e+00
-4.018480332020612167e+00
8.970425209212947948e+00
-1.753132766730303160e-02
-1.237310863822666640e+01
1.081414091404193378e+01
3.168085110138677329e+00
-1.158143312387706558e+01
6.929319117186001797e+00
-2.662373945565907007e+00
1.139773480509684589e+01
-2.441738063110607015e+01
2.400510688305224960e+01
-1.002154617446456264e+01
2.806542656791832790e-01
-4.115960455631114456e+00
9.291471743302995634e+00
-1.962750164989186530e+00
-1.105567742002574860e+01
1.194377816326972663e+01
1.110795102062263062e+00
-1.071456705755304206e+01
5.870468605985831978e+00
2.453296621919857756e+00
7.477597040059897893e-01
-1.072076686233179821e+01
9.809468844621051176e+00
5.400684727615235659e+00
-1.809608121614999376e+01
1.571090054128369751e+01
-7.791444771432060712e+00
1.029166239421059004e+01
-2.051419350511900319e+01
2.108563278661036478e+01
-6.931424133431447032e+00
-6.008687275808652473e+00
3.843819581262154728e+00
5.321457631087303852e+00
-4.701296729763527082e+00
-5.121977142040989861e+00
7.248083508011357701e+00
5.035884207713577254e+00
-1.690049218557746258e+01
1.335389651987508586e+01
-1.035171391486302994e+00
-2.568747471092694745e+00
-4.125264991442678664e+00
4.910429941800424025e+00
8.466839914017702640e+00
-2.243148895452570102e+01
2.102648021405376966e+01
-9.299699640936463396e+00
5.168839529985842951e+00
-1.226895316834462335e+01
1.515721478080961582e+01
-4.014565280109414935e+00
-9.101893236930806097e+00
7.541492236457321141e+00
5.231810145940165135e+00
-1.103978225448095252e+01
4.236945820375392913e+00
6.450330209734547182e-01
7.710458031594757067e+00
-1.894731116034688512e+01
1.595109721121830049e+01
-5.944023050874100988e-01
-8.869537497537208992e+00
4.838520754400143176e+00
-7.613132348120013049e-01
9.308130046158488824e+00
-2.190584073640442853e+01
2.110993826586474853e+01
-7.095657905235989382e+00
-2.121583863212108678e+00
-2.809855149275039210e+00
9.551120039920318661e+00
-4.107076567240405041e+00
-6.920657506115374780e+00
6.016822297224338811e+00
8.310502912020712785e+00
-1.848174930196310939e+01
1.351625953999080032e+01
-4.529042057269063726e+00
6.706856215335468718e+00
-1.550939843721815414e+01
1.355127518881608495e+01
2.316308299369644885e+00
-1.515759081901206073e+01
1.249102265334878048e+01
-4.071586441767138353e+00
6.071377154075046079e+00
-1.599808477504053883e+01
1.669922561096846181e+01
-3.290215044752608176e+00
-8.253158897379087477e+00
4.213281372078215625e+00
7.013694261755142989e+00
-8.364451926208843702e+00
1.956068760155744712e-01
7.983566626686712242e-01
1.193760416771861088e+01
-2.356965018743270690e+01
1.930328249485512515e+01
-6.080222070992071792e+00
1.650651856428677178e+00
-7.773599027447102294e+00
8.369440154016272615e+00
4.742517768232569431e+00
-1.805348276656718554e+01
1.585215325974970568e+01
-3.511994498466368242e+00
-7.969229620996451935e-01
-6.684675135118516742e+00
1.055742768744860527e+01
-9.836252128236395720e-01
-1.012339524333759933e+01
6.414739261903668499e+00
8.285492785921015013e+00
-1.553771254666919788e+01
9.592944922079249537e+00
-4.980197034446697479e+00
1.307174449440338471e+01
-2.366755077320407707e+01
1.993792633610535603e+01
-4.074471915119936227e+00
-5.471352257484241477e+00
1.078478414746208536e+00
3.712676702448250765e+00
3.903045101199266398e+00
-1.555172422768512952e+01
1.407722649543354088e+01
5.342799154291744124e-02
-8.678481398339791042e+00
2.501057729019593445e+00
5.964593486768665187e+00
-2.517739355740646445e+00
-6.477395701668307915e+00
3.798697508508858345e+00
1.177020868839749035e+01
-2.253063115296450292e+01
1.759045157769850931e+01
-8.270378531458490556e+00
9.969760944573632599e+00
-1.835358845811037298e+01
1.626152596041718112e+01
-7.337175285310815198e-01
-1.126502960792472052e+01
7.428116554317048426e+00
2.210609821764188965e+00
-1.224299372949861464e+00
-8.097434174864300616e+00
8.784803187168728655e+00
3.920037947517730270e+00
-1.407698406378740152e+01
8.203446248212511449e+00
4.976816795404826799e+00
-8.121857753478149533e+00
1.396844281786364217e+00
-1.352426824929437110e+00
1.446118489620671355e+01
-2.595578129277226509e+01
2.128783406130209244e+01
-7.715402337764305507e+00
3.225621621842337916e+00
-9.691271316991196372e+00
1.107372661595208996e+01
8.281053037222463331e-01
-1.265365189236464971e+01
8.991849192136536217e+00
4.441023657594747043e+00
-9.243511534278860964e+00
1.583419541172041978e+00
3.116249769525732738e+00
5.066155965978353493e+00
-1.440751888444180118e+01
8.875608294747930671e+00
7.367203873497624400e+00
-1.567466007986802623e+01
1.026967747138115783e+01
-5.757598757146674018e+00
1.363092294685636574e+01
-2.388060619122707351e+01
1.995782905588405853e+01
-4.329801175567988381e+00
-4.428473285225125622e+00
-1.232351207380307123e+00
7.592275603398144668e+00
-1.643316633232924318e+00
-8.475027416776628186e+00
5.892202099138430960e+00
8.670471160243687692e+00
-1.696552153853858158e+01
9.817547420123000634e+00
2.921036015836264710e-02
1.859184291018927127e+00
-9.348100726939833294e+00
5.465057805551046144e+00
1.080193985783536093e+01
-2.171886708792196430e+01
1.655993202752722482e+01
-6.905767439593749835e+00
8.386736572780064236e+00
-1.685136334992882468e+01
1.530654002129214852e+01
-8.992349901150857860e-01
-9.465890248386164885e+00
3.734659690224126471e+00
7.730194312582903571e+00
-8.233322662889932531e+00
-1.156256626745034710e-01
4.783795521102276460e-01
1.184138412575828170e+01
-2.100065490058823059e+01
1.379223220502667324e+01
7.254724934518410606e-01
-4.962251010713021770e+00
-1.045235333181163240e+00
8.069863299397530554e-01
1.215349713249518970e+01
-2.320666724596646446e+01
1.809089962008975760e+01
-4.381659772738373704e+00
2.646034557944532128e-01
-7.657205398683347930e+00
1.047738707344879927e+01
-4.218800179185091537e-01
-9.358872512183905812e+00
3.783482736913103217e+00
1.109685162767247135e+01
-1.669020856122563501e+01
9.153100227691503221e+00
-3.997503056257850851e+00
1.128038868275838169e+01
-1.949169443896412446e+01
1.290180163597230667e+01
4.039446744074616902e+00
-1.255763727255142470e+01
6.937977946282633646e+00
-1.945818124891710355e+00
9.253767835927527940e+00
-1.906788976955743919e+01
1.510408254921873805e+01
-5.299124898574603115e-02
-7.462643552750564346e+00
4.700720482324527438e-02
8.330918096702530917e+00
-4.418140456028720742e+00
-3.887057755142485860e+00
-2.889659574956371380e-02
1.524605068939088426e+01
-2.349885929208686619e+01
1.579463650953639942e+01
-5.145515465462493943e+00
6.221824806168404720e+00
-1.308356356486081928e+01
8.939760636240855263e+00
7.105982948992834558e+00
-1.737613862698634293e+01
1.138733247268314486e+01
-1.025174480254814391e+00
2.156943319696580819e+00
-1.078205368405649089e+01
1.001221770206796613e+01
2.975926418112242011e+00
-1.141155952371966009e+01
3.545878058827958590e+00
9.909316071760461142e+00
-1.200647815176433220e+01
4.722920573087316498e+00
-4.831905514350113506e+00
1.703671956408354404e+01
-2.564405734058902198e+01
1.774405064317484815e+01
-2.713123387682850662e+00
-1.664343985659891167e+00
-4.621732881690965300e+00
5.048398777856019315e+00
6.951888388450778500e+00
-1.695091926351715372e+01
1.100163439931899667e+01
3.015200084840207406e+00
-6.762363182074267343e+00
-1.653426203151220797e+00
6.033155848458170212e+00
2.088959735570989018e+00
-9.805386326246564366e+00
2.361627491326061978e+00
1.389398542309908713e+01
-2.024249070838783737e+01
1.290232076024527608e+01
-7.539157279437569414e+00
1.438515764610715131e+01
-2.214723057490586910e+01
1.536288699963058590e+01
1.300138361868358627e+00
-9.029682265933676177e+00
2.266315816687956897e+00
3.987383811231895336e+00
2.168104171566997529e+00
-1.116261911559590558e+01
6.947894332003283324e+00
7.619523750811197260e+00
-1.393981548665255055e+01
4.835987003500258119e+00
5.430817066432165774e+00
-3.352485865955029176e+00
-3.387981388166600105e+00
-1.622589700678686686e+00
1.734012185433851272e+01
-2.555588196179596494e+01
1.751684217799595444e+01
-6.527562868520894845e+00
7.479836078957209367e+00
-1.457558541979952693e+01
1.112460992686423289e+01
3.746909231133102036e+00
-1.250460452261924971e+01
4.970511228699018069e+00
6.637163015817946210e+00
-6.225189805139472732e+00
-2.312840380431141263e+00
2.129428119407553055e+00
9.636240580121839372e+00
-1.639965640120531631e+01
6.740795276741098796e+00
8.292455567840914199e+00
-1.154799418138459899e+01
4.942904887896166777e+00
-5.266096661983027616e+00
1.729893924158510998e+01
-2.554290222306613600e+01
1.739319298398096336e+01
-2.511589178943240075e+00
-1.190257428055693012e+00
-6.257136362919922590e+00
8.207964998048122851e+00
2.070845304008567922e+00
-1.039715060884272368e+01
3.145733528068714868e+00
1.152649395467612869e+01
-1.518657206599309006e+01
6.031890684839888550e+00
-4.374021960786773633e-01
7.066969426639053253e+00
-1.325757599763062800e+01
4.546491616791831447e+00
1.248674716027419507e+01
-1.907918981219893695e+01
1.159317507253266299e+01
-5.910893146881432969e+00
1.246947210848576759e+01
-2.018278785664933395e+01
1.380728729455564974e+01
1.847901830045866944e+00
-8.021371955875732596e+00
-6.093361735984732519e-01
8.746492837545035925e+00
-4.240160368008554670e+00
-3.549720477581040257e+00
-1.234187816588523834e+00
1.563275697014045917e+01
-2.113330287862811119e+01
1.082479388516500052e+01
7.232007685527106489e-01
2.316753219035949662e-01
-6.166140590053871051e+00
7.874810210273572864e-01
1.482434316630525117e+01
-2.259537366175305806e+01
1.406306458262896975e+01
-2.837207723306165441e+00
4.003615489802013094e+00
-1.184505361427685877e+01
9.690946958302362191e+00
3.393559164802251615e+00
-1.008534911501618048e+01
5.500957092674925164e-01
1.266004884147282716e+01
-1.325933683068820912e+01
5.092164113064110431e+00
-5.031514924169736780e+00
1.603261416336845713e+01
-2.172895352931574209e+01
1.102523441072065324e+01
4.736520127325229090e+00
-8.272493002492288028e+00
1.528921557472013859e+00
-1.398207797306025846e+00
1.280835419383249274e+01
-2.049102181588132154e+01
1.214187455630274215e+01
2.334665425695024776e+00
-4.969849540237033736e+00
-4.084196874493742691e+00
7.985385827074059861e+00
2.147626807812592631e-01
-6.596173818703827685e+00
-2.164864827855411011e+00
1.768572917822521973e+01
-2.150443469158777887e+01
1.197404441421481458e+01
-5.691174863681933260e+00
1.153118471534245693e+01
-1.705084833977901226e+01
8.018867062939664336e+00
8.839258170021150107e+00
-1.480990933681456845e+01
6.481722529929788479e+00
-8.393046385036129209e-03
6.049498751827083076e+00
-1.370394930447674575e+01
7.892257255086660095e+00
6.509268684194246646e+00
-1.086558682068941195e+01
1.501563686131905939e-01
1.001544667073898687e+01
-7.238324773398426615e+00
7.090303632987829952e-01
-6.157671901169883277e+00
2.059307810227212343e+01
-2.564884613862600560e+01
1.471150494607816306e+01
-2.653203701380927093e+00
3.406099854835489715e+00
-9.531144305360331970e+00
4.763840462347814331e+00
9.870984165565271695e+00
-1.650590612799720702e+01
7.007377425129471149e+00
4.710689475952133165e+00
-3.406372214941742804e+00
-5.220243032744765088e+00
4.445013510345281915e+00
6.792714901642654013e+00
-1.142156858314021761e+01
-4.306368125304782524e-02
1.474511042635061031e+01
-1.626505607593568570e+01
8.471122536317173157e+00
-8.331238831029992298e+00
1.894374433030625227e+01
-2.417507850910500622e+01
1.322999394260315853e+01
2.316597643419139541e+00
-5.135403586402160769e+00
-2.704208398481414477e+00
4.123263899976324254e+00
6.009185980013698192e+00
-1.267460293271559735e+01
3.850092947951818001e+00
1.036807408176430023e+01
-1.202235895547475053e+01
1.454156704722713300e+00
4.248559179473950564e+00
2.096987101445152213e+00
-6.815592867428152957e+00
-3.165236132938343605e+00
1.930951198468789798e+01
-2.320377170488051632e+01
1.342085291387594737e+01
-6.813981092606637091e+00
1.246666910658418104e+01
-1.811302711327678594e+01
9.679111527078198662e+00
6.054871709920311318e+00
-1.051460404274707194e+01
5.855074356269884817e-01
7.269563629478140498e+00
-2.169216948693828861e+00
-5.134810635044407157e+00
-3.327414196541376157e-01
1.369614326607604760e+01
-1.650422271537468433e+01
4.057812404556639052e+00
7.701565325775870718e+00
-6.177838394582536807e+00
4.598102503222505355e-01
-6.231362435953117007e+00
2.054576794426481356e+01
-2.523731476358979720e+01
1.400925955890215846e+01
-2.014942950581821268e+00
3.318306380181356374e+00
-1.048183035532274943e+01
7.178779775482754921e+00
5.701087450536499013e+00
-1.055042935970876528e+01
-4.180210125993673032e-01
1.300646360130665435e+01
-1.186682957224378931e+01
2.747099637788405158e+00
-2.487363210266292590e+00
1.231693672124630723e+01
-1.542708679813842210e+01
2.656683546975985521e+00
1.289389907770960342e+01
-1.475229246585602283e+01
6.895368055422818721e+00
-6.456369726824998878e+00
1.671741454351012379e+01
-2.177976978947485520e+01
1.111043266136610796e+01
3.552425398046066718e+00
-4.920382088495882655e+00
-4.729644161037949601e+00
8.067151044596172937e+00
2.747310750302514037e-01
-5.523172337671869769e+00
-4.101104070451411232e+00
1.837024700778066233e+01
-1.940374105019524009e+01
7.785280133858799800e+00
-8.738746526551963711e-01
6.075521598248874611e+00
-9.912548991890238526e+00
-5.117640908938425603e-01
1.659673285710309187e+01
-2.006074732550693085e+01
9.756583362762373923e+00
-2.818442670022445640e+00
8.522031738678727208e+00
-1.472669153429041877e+01
7.439302348658764608e+00
6.589314407510470595e+00
-8.997279383981547696e+00
-2.986786992369080629e+00
1.258021360703524572e+01
-8.705069478455442322e+00
2.016668458875888970e+00
-7.452095815863335915e+00
2.019770449294648174e+01
-2.202608499444792756e+01
8.571345639658002113e+00
3.937499852870741446e+00
-2.767196403363277657e+00
-3.008262696087564692e+00
-2.339421764725639896e+00
1.598409185949221722e+01
-2.000686313412297324e+01
8.434717923652002014e+00
3.330300234820045446e+00
-1.155785745381611385e+00
-7.443419577656579911e+00
6.002059283806717715e+00
4.781950932744479132e+00
-7.586308202009793611e+00
-5.041682381053743889e+00
1.866460485147794657e+01
-1.789280496910091856e+01
8.589748504240930060e+00
-7.764201497746617164e+00
1.683749675097777043e+01
-1.924935301183204928e+01
6.110472187681793343e+00
9.314808206480190478e+00
-1.059455475910184674e+01
1.901663011663893066e+00
-5.988079186601265036e-01
1.018072721584677254e+01
-1.497268621094795549e+01
4.657520358298480545e+00
8.933328541446517335e+00
-8.628512769673772453e+00
-3.023550139771318257e+00
8.404063681024771526e+00
-1.908672314859326313e+00
-1.902171943136198085e+00
-8.566997009689570675e+00
2.302808924768341114e+01
-2.374219574651029063e+01
1.157594233225573888e+01
-4.164374052233838164e+00
9.102597823931368737e+00
-1.304242748920909278e+01
3.173462831789711558e+00
1.193237800175137409e+01
-1.420414992125486542e+01
2.823204716649138746e+00
4.785278999135492484e+00
8.184618599744239997e-01
-7.561609554841449921e+00
1.460197269191262137e+00
1.083240921390847689e+01
-1.121423832775094098e+01
-2.728075639613019909e+00
1.391377250149470157e+01
-1.112141754470177624e+01
4.981478409135934093e+00
-1.046587703376246381e+01
2.287972284031156889e+01
-2.424499748040340563e+01
1.051553784742426423e+01
1.844093723001477558e+00
-4.413291712884293005e-02
-6.762841887896719584e+00
2.716449110572225933e+00
9.542701260691005771e+00
-1.237282406738823504e+01
1.158552527621266037e-01
1.162057235697158752e+01
-8.700295775036714474e+00
-1.215679848633575588e+00
1.468393749321128539e+00
7.463412460107067048e+00
-8.534252410377678899e+00
-5.417179901361557803e+00
1.978280700102305900e+01
-1.921023965423638558e+01
9.748580966831752903e+00
-8.620034885846907358e+00
1.744621911066593256e+01
-1.988372584035712975e+01
7.248820500952503743e+00
7.118229367399518281e+00
-6.917728736625208263e+00
-3.404521667996197820e+00
6.209240017814479096e+00
2.220746331130285967e+00
-6.407898013301541518e+00
-3.803702249695438464e+00
1.655651697015764157e+01
-1.485774125608383400e+01
1.566196759830203789e+00
5.405793806923327338e+00
-2.476666314194857499e-01
-2.630424114770966160e+00
-8.263211799566496651e+00
2.266081177260788593e+01
-2.302786015569172662e+01
1.054414646756510621e+01
-3.110985335459173662e+00
8.464415337903799852e+00
-1.330899287599190295e+01
4.831040726200466651e+00
8.510404868985185445e+00
-8.916574938489699065e+00
-4.075535875220761106e+00
1.276062866381200323e+01
-7.578027072031236600e+00
5.951490836616608604e-01
-5.851464159392132380e+00
1.684043225963826274e+01
-1.573988828637011750e+01
4.774943090067620410e-01
1.162023215949091437e+01
-9.265782632545491282e+00
3.151054574201817893e+00
-8.359615661177734580e+00
2.036620324725956621e+01
-2.145588347736840618e+01
7.875395815340461958e+00
3.736747076505483101e+00
-6.170164131725899281e-01
-7.917549377671630140e+00
5.803492489743131699e+00
4.546095872772536239e+00
-5.772018487753862281e+00
-7.498885861287964083e+00
1.950949015879459125e+01
-1.618605942383254970e+01
5.393702793387139316e+00
-4.018654156401597177e+00
1.180019063800989620e+01
-1.193121785252881395e+01
-2.527959133029887617e+00
1.688624530744917607e+01
-1.591582744048141507e+01
5.919972367247122058e+00
-4.369901263479922804e+00
1.308333625456803873e+01
-1.589146364698386549e+01
4.245436029766867847e+00
8.521713527217269046e+00
-6.319490154662700476e+00
-6.079539058994708256e+00
1.073960310128327222e+01
-3.737700191648613668e+00
4.012927850404852670e-01
-1.078972122683052604e+01
2.308427395463043297e+01
-2.051798974761052818e+01
6.275757022375676009e+00
1.459044018863643988e+00
3.272269201938268868e+00
-6.126708222394699810e+00
-4.375664029305327496e+00
1.806988943324265051e+01
-1.768194249174740662e+01
4.723301390517156584e+00
2.660112761341033139e+00
3.353312772402039510e+00
-9.445492410683151263e+00
2.721576249736218145e+00
8.535019301629901634e+00
-6.831192385377304888e+00
-7.943273994043158481e+00
1.784024211984694830e+01
-1.323935020297563270e+01
6.271599247662587473e+00
-1.109076704674515668e+01
2.136995549217293089e+01
-1.956327421020870005e+01
3.897209516870582924e+00
8.130111893385482347e+00
-5.256846891890162077e+00
-1.672698966502279561e+00
-2.608954533258673436e+00
1.378596651820792474e+01
-1.440696612295881174e+01
9.744552357254313568e-01
9.763637855746441829e+00
-5.145482780961776470e+00
-5.279551220930684963e+00
5.200668680023678547e+00
3.207147232839762552e+00
-2.842016698041219147e+00
-1.143921012987774510e+01
2.380078750677758848e+01
-2.030024555726192403e+01
9.055713803831851649e+00
-7.196413706199212612e+00
1.465636845990333903e+01
-1.480730021336547431e+01
8.458509286926902959e-01
1.254827879345350006e+01
-1.035644009672016530e+01
-8.059149927748041620e-01
3.197493867617403396e+00
5.177725316368949393e+00
-8.275435625137077977e+00
-2.387248179607526666e+00
1.355471197353429602e+01
-9.399248141681141533e+00
-4.956525064918383627e+00
1.129337880398550809e+01
-5.528875603677571249e+00
2.909329061014485518e+00
-1.347283429138132327e+01
2.550314016592915323e+01
-2.249491369901706150e+01
7.956841463068514919e+00
-3.015531149890644524e-01
5.562041675927544837e+00
-9.371136014791613178e+00
1.697549082774845175e-01
1.205258283769348182e+01
-1.032281750572353474e+01
-3.514196032015308724e+00
1.110252806653157798e+01
-4.594913262096703477e+00
-2.599102805843060082e+00
-2.556319560178015315e+00
1.198865559217323096e+01
-8.511294702080633101e+00
-7.668579572306397196e+00
1.842436969363945565e+01
-1.415482051016392973e+01
7.129533327651622621e+00
-1.167042279673372285e+01
2.164993163333303983e+01
-1.977818375596822875e+01
4.523060154544504385e+00
6.529078130467700802e+00
-2.234196659567848187e+00
-6.328916142068752748e+00
3.652840382375353911e+00
6.176198549351585854e+00
-5.952972416648534271e+00
-7.612618151486762130e+00
1.772858732547209115e+01
-1.189909564011351506e+01
-4.851555952658870297e-02
1.541857917053681248e+00
5.459913560984926306e+00
-4.056693339735884862e+00
-1.074242752545243462e+01
2.310636640990210466e+01
-1.929399036134262246e+01
7.717224738750161350e+00
-5.750308994115967742e+00
1.348445759165539215e+01
-1.440063617482674019e+01
1.744501714872997766e+00
9.902572769848239531e+00
-5.799585427803108040e+00
-7.089350239031738887e+00
1.075404732996348756e+01
-3.055676789888810863e+00
-2.723163669257644415e-02
-9.988034872076211101e+00
1.997823456846599299e+01
-1.440689925680746342e+01
-1.260827928375797491e+00
8.566454208386474534e+00
-3.340779345815197754e+00
8.353094551396340606e-01
-1.114891117584236468e+01
2.272802518029789809e+01
-1.935418940096598561e+01
4.844474863347659088e+00
2.211762379384546229e+00
4.215017548967148642e+00
-9.647507837876318604e+00
2.371553673306634025e+00
7.849088776220392916e+00
-4.357340611644356265e+00
-1.069027056471857406e+01
1.877867262395602665e+01
-1.210027751354356340e+01
4.217898376148770723e+00
-8.349734993030525132e+00
1.664285332577628296e+01
-1.218815841227973173e+01
-4.552791628483534581e+00
1.536012331099389527e+01
-1.074153620728719360e+01
3.181026831853387193e+00
-7.214908137302252555e+00
1.692265683509738494e+01
-1.523864135129940500e+01
8.084792228862109909e-01
8.774068545237255989e+00
-2.562265369240284585e+00
-8.070160687056263882e+00
7.346987882596614838e+00
8.675867424320782284e-01
4.259984265087606303e-01
-1.437259051829030909e+01
2.420328886734138507e+01
-1.764203888282922250e+01
4.819232552233676969e+00
-2.556695317239673138e+00
9.061815220347073208e+00
-7.558221315101066651e+00
-6.884708480674378350e+00
1.852804590168013021e+01
-1.389713261494042840e+01
1.727481316821261714e+00
3.720512854223527732e-01
7.800515267405016218e+00
-9.764723753788274507e+00
-1.262981229454220866e+00
1.086720036472335593e+01
-4.626030554689208429e+00
-1.014166851794542623e+01
1.518639620742115781e+01
-8.283304603153707646e+00
5.414320018875681484e+00
-1.512583048869126401e+01
2.446859996254592318e+01
-1.820446248188856586e+01
2.108945744055889637e+00
5.186958254667075607e+00
4.840007129566403776e-01
-3.771965278101012231e+00
-5.562014718399316493e+00
1.617720945713440628e+01
-1.215383236674230361e+01
-2.409867013763079324e+00
8.805727783723060753e+00
-1.081062420898126319e+00
-6.106031085299582273e+00
8.352826011371785597e-01
7.374753359467823621e+00
-2.166178181768519728e+00
-1.404184050101216563e+01
2.264423006704371133e+01
-1.594493191450368741e+01
7.716356847462447988e+00
-1.138519392724322898e+01
1.930597707187294887e+01
-1.479690331999305108e+01
-1.505859372801851226e+00
1.138299459718550466e+01
-5.540157108745081160e+00
-3.257733476360247238e+00
2.280967900682950855e-01
8.908481152829299532e+00
-7.268701311464856651e+00
-6.389065513383200390e+00
1.453470528800483130e+01
-6.477518407772706155e+00
-6.082476450729540574e+00
7.104345033966653844e+00
-2.692176749391300694e-01
2.436126585972977487e+00
-1.668104539090847993e+01
2.632762128178906735e+01
-1.936483912348411707e+01
6.235134905908950032e+00
-3.978767069600597228e+00
1.090389839007257677e+01
-1.027001337670254699e+01
-2.885936062566759830e+00
1.299631409257457193e+01
-6.902989057081050817e+00
-6.322731051085114018e+00
8.862755430462362582e+00
-4.583764800620335755e-01
-2.380927337712763325e+00
-7.221025324630423015e+00
1.505736188028046385e+01
-7.035060790969291489e+00
-9.199297541332667194e+00
1.521559939980410370e+01
-8.780371033862264696e+00
5.957571678464814724e+00
-1.541926166342835280e+01
2.442096044366295615e+01
-1.801411936416126380e+01
2.236962853420283004e+00
4.184365274896606479e+00
2.824447373725771371e+00
-7.729199376367560603e+00
8.680371537348463562e-02
9.005151531014675470e+00
-3.917861630177211563e+00
-1.101049084066379180e+01
1.701526742018291927e+01
-8.286566598283066298e+00
-2.851630793421424670e-01
-3.449472870758300225e+00
1.020415532263244174e+01
-3.872014275738335787e+00
-1.293938508678450994e+01
2.161955616018811810e+01
-1.466012829024662523e+01
6.093754707272909243e+00
-9.569421382677370858e+00
1.762279784154250706e+01
-1.373806150446473673e+01
-1.357657451390299030e+00
9.533924713737919276e+00
-1.768695408057963547e+00
-8.846823030282568112e+00
7.275141723842664554e+00
9.359348667427056512e-01
9.685366746120740444e-01
-1.418318223822209134e+01
2.130103763400972383e+01
-1.192385591613830975e+01
-1.920057509670744622e+00
3.960399566119962245e+00
2.238020933629333076e+00
1.283344215777644237e-01
-1.415246981447727848e+01
2.331916063169787279e+01
-1.591877732884958263e+01
2.702063003301778288e+00
-8.851662607163971463e-01
8.805533258503853489e+00
-9.673848061663283815e+00
-1.585026933055571519e+00
9.632618643003603154e+00
-1.651645295708681793e+00
-1.296370327019561408e+01
1.623076697896839704e+01
-7.897387707533273904e+00
4.566642218936331155e+00
-1.325575430564148860e+01
1.998468362124314979e+01
-1.097013288995634284e+01
-5.868889057387115749e+00
1.200298203714579692e+01
-5.280965019166348640e+00
1.930697551015329694e+00
-1.080614884650530882e+01
1.938704779796927369e+01
-1.299371732498839194e+01
-2.128492205665184933e+00
7.235405936443060959e+00
1.573669321178922331e+00
-8.514094072609713848e+00
2.901209932194376506e+00
4.412143228177174414e+00
1.944981441959209967e+00
-1.745298143012649206e+01
2.335886398267181008e+01
-1.405478843075205120e+01
4.697560730463135492e+00
-7.664007144090087209e+00
1.386030014168027691e+01
-7.358843197534657321e+00
-9.134831744043211188e+00
1.709590106241174112e+01
-9.276803895653726428e+00
1.106625116007720067e-02
-3.171087391798555366e+00
1.143699230175215753e+01
-8.394164477199261398e+00
-5.216554767988939467e+00
1.142500659453284229e+01
-1.530150215819014115e+00
-1.103555378051543379e+01
1.100101326591855333e+01
-3.792590348335014738e+00
6.105047078915553982e+00
-1.915377089616346140e+01
2.570459529120230968e+01
-1.566915094714887857e+01
1.382417840609535986e+00
7.142424155382237627e-01
5.846407131675240620e+00
-4.222430622593829952e+00
-8.781333916132801676e+00
1.687048169227448113e+01
-8.659736151416385752e+00
-4.808600676158015119e+00
6.192739261724716116e+00
2.803996717289098051e+00
-5.271233258554651968e+00
-4.035232302119564629e+00
1.003403159356271601e+01
-2.406625187493305340e-01
-1.567012495316442156e+01
1.961727479849668043e+01
-1.142877559381029329e+01
7.864070016896837600e+00
-1.611748942856025479e+01
2.243496583059653915e+01
-1.330278270395417195e+01
-3.160622629312630494e+00
8.418292297454161854e+00
-4.933245482509640567e-01
-4.148491912168916329e+00
-3.570982283040903482e+00
1.135948144978249275e+01
-4.773203265704716536e+00
-9.795266761459416216e+00
1.365435063256663994e+01
-3.139814900471127324e+00
-5.674379520334595028e+00
1.857067780294145543e+00
3.952769219188753347e+00
3.418237733506356513e+00
-1.934519625516060870e+01
2.516081783346489331e+01
-1.551321886143399809e+01
5.845633327954178782e+00
-8.742610040277352113e+00
1.524611333419912640e+01
-9.524773041595022249e+00
-5.710977398840725527e+00
1.210634439062451406e+01
-2.733425143273358060e+00
-7.750754106262051302e+00
5.266003162766175194e+00
2.965089626305567272e+00
-5.639100581230804821e-01
-1.178088269824238132e+01
1.630843897856744817e+01
-4.657223427909915614e+00
-9.417279965283620768e+00
1.046239877845512822e+01
-3.857753521592681700e+00
6.318890427126916620e+00
-1.915108568473096540e+01
2.533420115249560212e+01
-1.509271116418387848e+01
1.031086106966279781e+00
3.082977842888063869e-01
7.485476899848324983e+00
-7.443502359540437041e+00
-3.802647791141981592e+00
1.021937270550784049e+01
-7.479658441882373054e-01
-1.331105114262405564e+01
1.454837457702337034e+01
-4.774472165183837546e+00
1.077341467729807434e+00
-8.901581883628129077e+00
1.341941484025757525e+01
-2.439082089508798568e+00
-1.415360921510351844e+01
1.826366833692364366e+01
-9.880197024459800303e+00
5.978698438358617473e+00
-1.395598170483187594e+01
2.026924502523560179e+01
-1.162226290550625230e+01
-3.745712907464038288e+00
7.378420539191252736e+00
2.447755949376283269e+00
-8.975507662125410846e+00
2.884101131900020931e+00
3.743912744257571923e+00
3.347659370363287756e+00
-1.768351830891262466e+01
2.068761440275950747e+01
-8.975836763004924279e+00
-1.077102021985351321e+00
-1.680529752407649458e+00
6.763841650523215066e+00
8.853491266704649476e-01
-1.662525991167876782e+01
2.195008307620049237e+01
-1.181072737689493124e+01
1.944886333721993488e+00
-5.113012303249937496e+00
1.242882114325100140e+01
-8.075167087282746792e+00
-5.314727204541979333e+00
9.620565071372867649e+00
1.732639533797279974e+00
-1.376817719273125817e+01
1.223566676063495429e+01
-4.320487950655148346e+00
6.431462822725219297e+00
-1.798669089854751491e+01
2.146212046784832950e+01
-8.826590910691779257e+00
-5.888085849446507147e+00
7.123798462763751616e+00
-3.039513714236461439e-01
2.251531614216858657e+00
-1.442703770060902890e+01
2.005525912484252515e+01
-9.664135142523253563e+00
-3.918899204829214611e+00
4.122527761236860933e+00
5.327323407609397599e+00
-7.264095675621192072e+00
-1.899338949084882877e+00
6.400982787731089196e+00
4.516489510588633571e+00
-1.934815764909789593e+01
2.068505085182668068e+01
-1.050844887790050031e+01
6.126282596298284311e+00
-1.319228490011692756e+01
1.710262551019733124e+01
-5.893905478217308591e+00
-1.042447739455198708e+01
1.383677078535184712e+01
-4.573123190658249015e+00
-1.240240761465285502e-01
-7.357310703691414489e+00
1.365929898608684212e+01
-5.645407632263390596e+00
-8.399256232653105059e+00
1.017302730384694698e+01
1.739296670095633601e+00
-1.026524445919876882e+01
5.854097231909701549e+00
-4.236860852141604017e-01
8.108604704887310888e+00
-2.242132280410785938e+01
2.495804019746645963e+01
-1.264216325212389158e+01
2.138376025383925239e+00
-4.770046783281206793e+00
1.012785689321780147e+01
-3.175641605488957353e+00
-1.151752974552285380e+01
1.567561973066813330e+01
-4.586123515079302493e+00
-5.724727842027510505e+00
2.362220615356746656e+00
5.793623761481272005e+00
-2.867237439238159880e+00
-8.647308672544713914e+00
1.090014985515354340e+01
2.330010474692843836e+00
-1.578164493732112383e+01
1.509621037301058699e+01
-7.495943968581531891e+00
9.488009741607495329e+00
-2.064261485531342188e+01
2.368282509360743759e+01
-1.087836057302490822e+01
-3.527714273753749463e+00
3.959981634243121995e+00
4.020858780075316830e+00
-3.403971915852084251e+00
-7.478410205278136047e+00
1.211068558136827455e+01
-1.300776595675027014e+00
-1.195462868047524374e+01
1.112419936995888747e+01
-1.365341711340057884e-01
-3.598401283905817039e+00
-3.739093999043519467e+00
6.636290610856162786e+00
5.417199960966940786e+00
-2.078664191305006170e+01
2.214074674946922627e+01
-1.169319227586165866e+01
7.002637448407954324e+00
-1.392383302120320465e+01
1.803013287013672183e+01
-7.509570030848594868e+00
-7.596796889922743823e+00
9.440680335937942758e+00
1.439995791330032304e+00
-7.503068370502505857e+00
9.268680262256037139e-01
5.076311215958439149e+00
2.532041247693634034e+00
-1.548815668391211986e+01
1.569955763071362220e+01
-2.086293202750320042e+00
-7.973147006012774263e+00
4.742531345950377286e+00
-4.575602979384196800e-02
7.977791309249900209e+00
-2.211396900103321883e+01
2.427370395773283818e+01
-1.170243536166629461e+01
1.328744810990990732e+00
-4.586052535771647953e+00
1.105628213638658153e+01
-5.635512207389819395e+00
-7.256951829682032340e+00
9.623877254371665302e+00
2.898500968359806862e+00
-1.402017786240372388e+01
1.076500667823758661e+01
-2.072365632728835116e+00
3.936820831785647457e+00
-1.404251784164673467e+01
1.481592193703339078e+01
-3.580949826433119654e-01
-1.384824216082760096e+01
1.341930188899798360e+01
-5.698617964242687073e+00
7.359484351898113452e+00
-1.816073619157728203e+01
2.106968177503281225e+01
-8.614874643369427432e+00
-4.821650906208132525e+00
3.733883158329620144e+00
6.097785880963973781e+00
-7.413653756635985914e+00
-1.689308433163986045e+00
4.946044823507641297e+00
6.597227798089766893e+00
-1.983667810042972235e+01
1.834613880877193992e+01
-6.306965170721769098e+00
1.393152940132231343e+00
-7.640821488392484540e+00
9.734629745703859527e+00
2.667329911046327773e+00
-1.788995947912546569e+01
1.876135635037386606e+01
-7.784152658352135212e+00
2.787448453361889733e+00
-9.806480729652907513e+00
1.453624599480851032e+01
-5.238183986620777333e+00
-8.098196810758993891e+00
7.862062836580334668e+00
5.059209138730492938e+00
-1.281829595376264130e+01
7.413643032239962238e+00
-1.967816317623008349e+00
9.487985211348775039e+00
-2.179145184853683759e+01
2.103101363902163001e+01
-6.462916763638789419e+00
-4.265701256874817382e+00
1.302821485084954656e+00
3.532898292083331171e+00
3.903978661961707175e+00
-1.732503820557002783e+01
1.881474653187779467e+01
-5.942735036348590683e+00
-4.135169812969683889e+00
-5.872786082665726326e-02
8.018567788231109716e+00
-4.498543322185556192e+00
-6.284517200352157218e+00
6.632004816753761745e+00
7.487907211817897313e+00
-1.956958077329715096e+01
1.662176256021332321e+01
-7.710106742621128717e+00
8.998032631326607245e+00
-1.836684709426027950e+01
1.850018631880655207e+01
-3.765425633426096486e+00
-1.021661944335574645e+01
9.130666255024209477e+00
-5.270238916892431291e-01
1.305489697447933750e+00
-1.143766123582607364e+01
1.411964660739857891e+01
-2.088991071969719115e+00
-1.020466695738321761e+01
7.399837861246020942e+00
4.442771844224772337e+00
-7.782624217968675318e+00
4.850865361213108073e-01
1.397447992480787882e+00
1.091322696832304295e+01
-2.427808271213064018e+01
2.243885314948555276e+01
-9.866473300873147778e+00
4.499154702218149282e+00
-1.055064434649537297e+01
1.283143782559832147e+01
-1.077108961510147900e+00
-1.308953440800705614e+01
1.273176130170249110e+01
-6.852790228907874592e-01
-4.945264653062303672e+00
-2.023606188009503093e+00
7.348740795108201773e+00
7.068198833624439459e-01
-1.227094787109349028e+01
1.001353303542716233e+01
4.819011494741066493e+00
-1.410098848279143979e+01
9.707752725120315063e+00
-4.745416364638312956e+00
1.226215424131991227e+01
-2.421015551059598181e+01
2.300871893340509899e+01
-8.231850339139134221e+00
-2.260773039403536799e+00
-1.415546875531222604e+00
7.353827169384192786e+00
-1.272607235600860420e+00
-1.073700185336008772e+01
1.104988704136396471e+01
2.453640027600192397e+00
-1.243703891197638534e+01
7.444303683579983399e+00
1.863258310591703548e+00
-4.610612952578030388e-02
-8.903955679449389038e+00
7.573480903874582282e+00
7.785146010493310342e+00
-2.052241252637092828e+01
1.771125027976436783e+01
-8.611808036440192993e+00
9.597356321427113812e+00
-1.874993882561952674e+01
1.897422932649525507e+01
-4.834307405025973559e+00
-8.000223512702486772e+00
5.373235137004222395e+00
4.884613563458653829e+00
-5.604510118446673239e+00
-3.402752739304301777e+00
5.531094564464979157e+00
6.329993213550013209e+00
-1.773054113810746557e+01
1.351270760189802544e+01
-5.217351536174241744e-02
-4.829608522501347423e+00
-1.197401994303516792e+00
2.227741410802933864e+00
1.042287485781040246e+01
-2.366000906495125733e+01
2.145309380532840748e+01
-8.588436494851734437e+00
3.253937684445677547e+00
-9.788857524848618041e+00
0.000000000000000000e+00
7.051041087884953207e+00
-6.646354120925755282e+00
2.103050117056029400e+00
-1.984981608999881963e+00
6.811302234197439631e+00
-8.324376921348031644e+00
2.417094618765163627e+00
4.079185559007123985e+00
-3.223266752565923987e+00
-2.445787264768361169e+00
4.115405285773563904e+00
-2.081611783920305214e-01
-1.430220470328193327e+00
-4.048842591911707700e+00
1.051912268594161404e+01
-9.648638331917231525e+00
3.172366791616753723e+00
-4.938831149632250117e-02
2.888426375552218595e+00
-4.330455438129805934e+00
-1.173774798606393777e+00
8.281097700488778912e+00
-8.361993790789849612e+00
2.314399908352191115e+00
8.846395799814272820e-01
2.334613930272573690e+00
-5.132134058832942713e+00
1.265817719810347075e+00
4.817061730020149923e+00
-4.332076461206795237e+00
-2.635151296193485759e+00
7.167753030826748528e+00
-4.763068482181549435e+00
1.660552436343739391e+00
-4.723122150104436479e+00
1.044577526139695678e+01
-9.979117286102500373e+00
2.580062194273147647e+00
3.015976573863633270e+00
-1.447403826985879549e+00
-1.696135436508551475e+00
-1.005163779572550986e+00
7.029073032962918077e+00
-7.547047247337271614e+00
9.670383861833624639e-01
4.296313450614503537e+00
-2.131809515977001190e+00
-2.532293105072922490e+00
1.754948888292253706e+00
2.992519079534436077e+00
-3.031036747315380531e+00
-4.043463128956261698e+00
1.022056343006640411e+01
-8.700835601091394977e+00
3.687607461467298009e+00
-3.540976663144018044e+00
7.837092702667226796e+00
-8.116915904483789745e+00
1.159772517665626612e+00
5.550045668277485689e+00
-4.628023349771838824e+00
-4.783146116699565908e-01
1.081538881028043964e+00
3.433340201733026120e+00
-4.894416496814729456e+00
-7.385130880688040023e-01
6.636521531138626528e+00
-4.958337095325411781e+00
-1.602666214100333164e+00
4.097284550046272678e+00
-8.558301776981841469e-01
-3.436422506189511505e-01
-5.302862325778932018e+00
1.168830607947436562e+01
-1.058826770664753880e+01
3.889733696906161775e+00
-6.727162231416949911e-01
3.605558350211898855e+00
-5.351034860386343794e+00
3.569129194168283448e-01
6.091163676769603796e+00
-5.496550201600414631e+00
-1.078188607791406906e+00
4.536793484660502251e+00
-1.268180547055110852e+00
-1.878705352053537503e+00
-1.372898624946611967e+00
6.655161617577252997e+00
-5.325831990281455930e+00
-2.365801900065918062e+00
7.394039983291754048e+00
-5.235200448824046227e+00
2.163356393793600230e+00
-5.095948142827879224e+00
1.061129483255233197e+01
-9.988437114932178673e+00
2.621210181280406282e+00
2.682367296449659655e+00
-5.840261615517690075e-01
-3.244640629416654320e+00
1.290051501543754142e+00
4.030211298291167310e+00
-4.018453772085241127e+00
-2.790934225357788900e+00
7.928959121955990952e+00
-5.331741084694851196e+00
3.483729354961351277e-02
-9.025109831172573038e-02
4.131992512228689129e+00
-3.596636115605414741e+00
-3.816534606017878417e+00
1.006661977693243415e+01
-8.423284629472544083e+00
3.213199375171640337e+00
-2.909843401808266616e+00
7.176817517362668930e+00
-7.634703324363196764e+00
1.121850870941087042e+00
4.890672038167323876e+00
-3.126849174834543277e+00
-2.810311455218605037e+00
4.101589174097859392e+00
-4.540355193387535238e-02
-1.248697805317817711e+00
-4.223604089696992858e+00
9.666194197709737423e+00
-7.359165481936670972e+00
1.564905989380518392e-01
2.867351177563510767e+00
2.233818232127748882e-02
-1.077434679736346101e+00
-4.501892195847129408e+00
1.066227995452285171e+01
-9.307822426259530602e+00
2.480244799023070268e+00
6.355383286525034814e-01
2.657350883561498733e+00
-5.004228646676158299e+00
8.108759124381803574e-01
4.725099036596818181e+00
-3.255641971299046311e+00
-3.993962019099436489e+00
7.826288372728506637e+00
-4.617696708682965223e+00
1.257728778705221373e+00
-4.083984235010677644e+00
8.821599070285650157e+00
-6.966969605278036326e+00
-1.088043150807541881e+00
6.243843407771827891e+00
-3.997379954122634693e+00
6.970039468356032941e-01
-3.344132328299333601e+00
8.613644847493340251e+00
-7.907433847337930644e+00
7.333085608329648064e-01
4.063025087028373505e+00
-1.205406548738702455e+00
-3.518734866973113107e+00
2.480334708634400531e+00
2.012899945668815249e+00
-1.382365846051758052e+00
-5.736428878911771889e+00
1.085223986639389082e+01
-7.978804458493443441e+00
2.279262151657893476e+00
-1.921050259261645188e+00
5.630043106109844153e+00
-4.928886663173955185e+00
-2.420019235251708700e+00
8.388133384358877009e+00
-6.350774351833800679e+00
7.807038099378957874e-01
-2.694125668184250699e-01
4.554237312893200773e+00
-5.307012748559498228e+00
-6.111453822700427807e-01
5.778062438696986547e+00
-3.052973434492018523e+00
-3.793891516501838534e+00
5.817096366075717562e+00
-2.249435064458476408e+00
1.168958440115670072e+00
-6.577086610680190404e+00
1.173717265764435425e+01
-9.063725979371264785e+00
1.566513920766765100e+00
1.577416245551694907e+00
1.395157609440133228e+00
-2.722942710283502432e+00
-2.430885051118541362e+00
8.097656141756361947e+00
-6.324746751517098531e+00
-6.953667428175349663e-01
3.693765573521173629e+00
2.285688691257048433e-02
-3.047068586379062083e+00
-2.873750001638128992e-01
4.888607851138660365e+00
