-4.429847254216145558e+00
2.715008506673854960e+00
2.589552242856816733e+00
-5.679529802684738726e+00
4.672925693255490565e+00
-3.963017154255231489e+00
7.052997959272977901e+00
-1.080194066217918802e+01
9.868009253970662087e+00
-4.715556492137238820e+00
1.121411593985871091e+00
-1.876651059035007396e+00
3.102421734462009528e+00
-6.147302921456532232e-01
-3.378461468270291590e+00
3.434597993848526265e+00
8.378772105392582326e-01
-3.885460615817196928e+00
2.133338612685179658e+00
1.109794998994546145e+00
-1.041395225670128433e+00
-1.179937928783235890e+00
2.135188830655805337e-01
5.134849845281105551e+00
-9.654493359965835353e+00
9.050818411533551711e+00
-5.927798000317123339e+00
5.523553484802517843e+00
-7.708091737785997211e+00
7.335069592254917836e+00
-2.380875613796420431e+00
-2.491077231355008692e+00
2.434370170276706880e+00
6.957770813809922572e-01
-1.364508192132815267e+00
-1.319078622869488626e+00
2.518144036916122097e+00
6.090491148040402258e-01
-4.134220015093040601e+00
2.855303143800467236e+00
2.117481197601102316e+00
-5.058822471946008648e+00
4.037905672903092658e+00
-3.405523452197825485e+00
6.703498029394221902e+00
-1.081087961049371948e+01
1.027322664277754072e+01
-5.373329337516103976e+00
1.807916663713611705e+00
-2.434158717400688676e+00
3.455154482770374180e+00
-6.832427541729129139e-01
-3.687577231326468308e+00
4.116829635464402060e+00
-4.214069002917675277e-02
-3.059782337573397015e+00
1.532439759194096141e+00
1.432520641510993009e+00
-1.059919099344451610e+00
-1.504460698028588173e+00
8.449018647786585845e-01
4.383582439320904633e+00
-9.039142730193283626e+00
8.732227130339088816e+00
-5.920480193338773844e+00
5.788836261378341952e+00
-8.224030631827663029e+00
8.034967586340286516e+00
-3.075578649548333487e+00
-2.047584572753291088e+00
2.382765966516313672e+00
3.841310902527110827e-01
-7.924338121041074601e-01
-2.072362806028664295e+00
3.362694126623297031e+00
-1.468457875272983770e-01
-3.691725812993321032e+00
2.841845605154178944e+00
1.768726737451776110e+00
-4.502319131748556913e+00
3.393628974213961591e+00
-2.766937245577329563e+00
6.218521464114154185e+00
-1.066099365105839425e+01
1.053427346304693835e+01
-5.936083623455941094e+00
2.469986404347764619e+00
-3.041951221998099975e+00
3.920609197734732820e+00
-9.012080746400106257e-01
-3.845362025945709306e+00
4.682597648516871658e+00
-8.692132988280332206e-01
-2.211354586494923335e+00
8.397482747023833349e-01
1.894047735399732701e+00
-1.232439351057037502e+00
-1.695554386281533432e+00
1.395920606441769518e+00
3.639127380428313074e+00
-8.355173786750658138e+00
8.286561664792383652e+00
-5.757610620110098942e+00
5.905308742147938439e+00
-8.631579108431763458e+00
8.692551561288183848e+00
-3.804840642735125567e+00
-1.501100574022973255e+00
2.185522158595282427e+00
2.255241963608516365e-01
-3.453915786418360057e-01
-2.757134670899732409e+00
4.211772188823972307e+00
-9.804371507249995954e-01
-3.116535524751100183e+00
2.673289808861496919e+00
1.559809165206145654e+00
-4.037792461794346366e+00
2.772572623349312870e+00
-2.076798205693164867e+00
5.617703890553767287e+00
-1.035736117950335888e+01
1.064046003501027826e+01
-6.379898717743369474e+00
3.076134392875195189e+00
-3.668402744430837359e+00
4.474463127656514772e+00
-1.257343569495037894e+00
-3.847369997899400484e+00
5.112750780581704291e+00
-1.614002031198836118e+00
-1.372772388447646374e+00
8.343885523732108567e-02
2.477235120348640685e+00
-1.556871618325284867e+00
-1.739746370316694435e+00
1.840711531820526492e+00
2.933625854050245785e+00
-7.633398256776756874e+00
7.736031366446915136e+00
-5.447577741553711661e+00
5.865573882893990287e+00
-8.909286924735599911e+00
9.277359989805960439e+00
-4.536381899868045409e+00
-8.780814827100726916e-01
1.857017617198503112e+00
2.210355405918322802e-01
-3.965710615414552720e-02
-3.345739842480621284e+00
5.032835433915545664e+00
-1.861959056204510521e+00
-2.428605949611813752e+00
2.355075393572304332e+00
1.501064000209605620e+00
-3.688889836037062331e+00
2.206120523102598874e+00
-1.366843098260433154e+00
4.925650691145597726e+00
-9.911631308455655542e+00
1.058771860895456030e+01
-6.685965309819735580e+00
3.597269835419306894e+00
-4.281002992361488069e+00
5.088437748596702725e+00
-1.734272159515659162e+00
-3.695951112065064326e+00
5.394031935553831758e+00
-2.250770317005418519e+00
-5.761703022576800670e-01
-7.055245560385755565e-01
3.159560644929156226e+00
-2.024427590968578716e+00
-1.630010018580354103e+00
2.158078499959966479e+00
2.297431491521743308e+00
-6.906141926108187334e+00
7.107303987506140786e+00
-5.005121345276139166e+00
5.668981531431941612e+00
-9.041255635512282396e+00
9.761978745496886489e+00
-5.237746817686465661e+00
-2.083411461989346236e-01
1.417378122266870655e+00
3.649637270443011339e-01
1.147092305493271347e-01
-3.814708396434087767e+00
5.794507762025650877e+00
-2.759518983117848379e+00
-1.652812279116695926e+00
1.899191773675014350e+00
1.596190701791492916e+00
-3.474101263291159203e+00
1.723194011987426943e+00
-6.696219249241790461e-01
4.170865097179417447e+00
-9.341516719046426331e+00
1.037878058495106259e+01
-6.841405197723563703e+00
-1.160383400495447859e+01
7.649989192082042422e+00
5.400074419439073736e+00
-1.264797626237635697e+01
9.342401001813403383e+00
-6.924711469851275503e+00
1.452615507046365906e+01
-2.410765528200241192e+01
2.190427668348742074e+01
-9.071563005461555917e+00
4.220715337282767710e-01
-3.045404422806136324e+00
6.831947373737480511e+00
-9.100315233347178179e-01
-9.066175180519863375e+00
9.051554794911151447e+00
2.018536607200604127e+00
-9.907193338503477165e+00
5.487015160964304528e+00
2.635669056277063049e+00
-2.039640867486770759e+00
-4.275242341208696395e+00
2.476313123885660605e+00
1.061229354217353738e+01
-2.166490075640935231e+01
1.970861495885604242e+01
-1.152790353131371859e+01
1.065191655184482755e+01
-1.671365822320740335e+01
1.636439737003351524e+01
-4.280183832285652912e+00
-7.622815297786097233e+00
6.936329021349646240e+00
1.505342888135767332e+00
-3.428098335004949426e+00
-3.419409931573961448e+00
6.484347883681646607e+00
1.653333480093827301e+00
-1.094308560328289914e+01
8.015897165528421908e+00
4.266295066894485899e+00
-1.118941830621358591e+01
7.864011311777289848e+00
-5.619611628658627289e+00
1.369529223034883714e+01
-2.412019452266203956e+01
2.286019207965965094e+01
-1.062325040205896798e+01
2.030511473667647948e+00
-4.348049544799647670e+00
7.673028039383226862e+00
-1.110196972277263328e+00
-9.742680500521917253e+00
1.060987103496932349e+01
-4.494086765434612829e-03
-8.024246016583704844e+00
4.138312323662608705e+00
3.347438833911910550e+00
-2.064079464477758918e+00
-5.043485096138932811e+00
3.969485340989308497e+00
8.836695975370156830e+00
-2.022233667023910542e+01
1.897572425768620974e+01
-1.151914297217998495e+01
1.126522516026528997e+01
-1.791130237908104306e+01
1.800991852918656022e+01
-5.929518841689893627e+00
-6.562657766865168441e+00
6.798981257136647471e+00
8.034621647833386504e-01
-2.139867966726185955e+00
-5.121411037665287047e+00
8.412177466160713379e+00
-8.261766552921478990e-02
-9.940608668697453965e+00
8.024034038264488800e+00
3.419369880841015785e+00
-9.880379192170135383e+00
6.364806789663518316e+00
-4.127074616062631485e+00
1.255052050063670066e+01
-2.376429715541507193e+01
2.348171633584564688e+01
-1.195500606573904889e+01
3.583085272264783683e+00
-5.768117691741222686e+00
8.776250528343867430e+00
-1.657848695105236025e+00
-1.006714118764247168e+01
1.189722418074186194e+01
-1.904535833119046284e+00
-6.088127866413881151e+00
2.576110591758986157e+00
4.381758884907156038e+00
-2.446537737596468531e+00
-5.501086679192638051e+00
5.275123163998683751e+00
7.077561147589520374e+00
-1.862082265961410599e+01
1.794826080717433570e+01
-1.114995402294902682e+01
1.153374670927501455e+01
-1.885773151996676589e+01
1.955754338674897852e+01
-7.659711069168993802e+00
-5.262493332168800997e+00
6.322751980816490480e+00
4.572380086844454183e-01
-1.142066610794557846e+00
-6.664129637979728571e+00
1.035035386538158519e+01
-1.999217478612553833e+00
-8.629312443560440471e+00
7.671255755743795035e+00
2.897694448041525206e+00
-8.785388864728650660e+00
4.920241414944441338e+00
-2.515731722370536438e+00
1.113746418671268401e+01
-2.305176379454172775e+01
2.374400930655796316e+01
-1.301124776518613935e+01
5.006636282715684949e+00
-7.232129780207674941e+00
1.008509725757427766e+01
-2.526757131511003784e+00
-1.002924673372394437e+01
1.286913532284746786e+01
-3.613440687771468873e+00
-4.174547834593267837e+00
8.658457555424114993e-01
5.698823384949228021e+00
-3.182183204145986544e+00
-5.616739451482390955e+00
6.333128894431167666e+00
5.409571627744237610e+00
-1.693194637415199111e+01
1.667781969725700364e+01
-1.043982172547488929e+01
1.144029607026535444e+01
-1.950311066788702874e+01
2.093649451591681299e+01
-9.395753223225556283e+00
-3.783799004415860257e+00
5.541056284610035298e+00
4.691657957342956209e-01
-4.724879786262299319e-01
-7.983339276859120481e+00
1.222328930655833901e+01
-4.027324590638725610e+00
-7.055548304851170904e+00
6.970183170949178830e+00
2.725295606249231284e+00
-7.959393112080783261e+00
3.603229293545187950e+00
-8.593181387326732645e-01
9.513293006249458728e+00
-2.200965993080194849e+01
2.363761470591466463e+01
-1.374826758560891271e+01
6.233573027850417780e+00
-8.664551657295909592e+00
1.153386040189688977e+01
-3.676534020277364867e+00
-9.634474935091420278e+00
1.349481906391396890e+01
-5.071428941503996590e+00
-2.358145226837396358e+00
-9.205662715273629226e-01
7.246325256967219630e+00
-4.250608554616626122e+00
-5.374111458823292331e+00
7.094248626555839543e+00
3.903256816684520736e+00
-1.523081268853791315e+01
1.522635350841206758e+01
-9.422986178369914256e+00
1.098336216074337912e+01
-1.981050254852932824e+01
2.208307402474853376e+01
-1.106222907724401594e+01
-2.195852507917899654e+00
4.500660763100896133e+00
8.259882164833003415e-01
-1.544864717225671313e-01
-9.024534893069922958e+00
1.395810651895703103e+01
-6.092857008455068168e+00
-5.277094315166063865e+00
5.948653902211563427e+00
2.910783027204411511e+00
-7.445355871019125438e+00
2.480963156476717835e+00
7.665420393700062007e-01
7.744231822562429812e+00
-2.067913771811322121e+01
2.316887182879065676e+01
-1.413613647040455845e+01
7.204817374354325565e+00
-9.991090608105174908e+00
1.305050929879523025e+01
-5.054394451176038139e+00
-8.903850779923857317e+00
1.375852023161721860e+01
-6.229688407989653953e+00
-7.092408706059103451e-01
-2.707861642475704933e+00
8.961733044069685405e+00
-5.616716247999472778e+00
-4.772562743607254632e+00
7.522220540637716724e+00
2.621919337853223730e+00
-1.359276968045456080e+01
1.366347002842230118e+01
-8.146949283296715194e+00
1.017717587730535200e+01
-1.975748069923668027e+01
2.294344141740551990e+01
-1.258660094487439984e+01
-5.727105345510998813e-01
3.259640158838079671e+00
1.499278341631221423e+00
-1.959624533674659830e-01
-9.745306046101836372e+00
1.548781078573245651e+01
-8.120014900033339700e+00
-3.360641772836340024e+00
4.648510992487213223e+00
3.446972786633020647e+00
-7.272383825800309509e+00
1.611982281690460539e+00
2.287633080442357247e+00
5.902675813726936838e+00
-1.911364395723177267e+01
2.235963898969306740e+01
-1.416000832591696579e+01
7.872381722321136088e+00
-1.114193782334251281e+01
1.455983350272581944e+01
-6.597459246718006654e+00
-7.873027756804755306e+00
1.366019556453140460e+01
-7.052495718302505878e+00
7.092234925024136771e-01
-4.420706692114406700e+00
1.077501344831476082e+01
-7.232243407430720694e+00
-3.827177730261831279e+00
7.595356941355897895e+00
1.618876465182059299e+00
-1.209012412946061588e+01
1.206339644534863709e+01
-6.670403580968201851e+00
9.051092025855620449e+00
-1.933711026829755752e+01
2.347596196449597272e+01
-1.390237177374683952e+01
1.010021299626971736e+00
1.884841156877110846e+00
2.446683858067538964e+00
-5.890210798534374348e-01
-1.011718304614972297e+01
1.675420567105712166e+01
-1.003457828274416386e+01
-1.378893299311695575e+00
3.123781161200098300e+00
4.311199327441969764e+00
-7.454455035239934801e+00
1.043617625269639859e+00
3.634383456124596457e+00
4.064036802557325245e+00
-1.737659237486514741e+01
2.124634073228287079e+01
-1.382076685424682694e+01
8.201462890977357034e+00
-1.205481551322231759e+01
1.598672450786010657e+01
-8.235497331199713500e+00
-6.590731623750079038e+00
1.321551066400264141e+01
-7.518767175057838870e+00
1.844424200192269936e+00
-5.986979113680940046e+00
1.261168088409506716e+01
-9.037860560769267693e+00
-2.568112271024917348e+00
7.307491092691555501e+00
9.351368112234368368e-01
-1.078898968098416589e+01
1.050174232278028619e+01
-5.060673441812605589e+00
7.648312184701537397e+00
-1.855825375938888300e+01
2.365302323582709931e+01
-1.495198404763156219e+01
2.478486023408312811e+00
4.489638622567502790e-01
3.613778247334909821e+00
-1.310319558354355429e+00
-1.012687553162677645e+01
1.771042535437664611e+01
-1.176713589803535243e+01
5.926010681510847089e-01
1.438322042330400841e+00
5.466302221009035733e+00
-7.989806997784127063e+00
8.099255086335226395e-01
4.744899227606631520e+00
2.303458189104412135e+00
-1.553860164342697026e+01
1.987838033360496937e+01
-1.313498692385410038e+01
8.171961444569905808e+00
-1.267769586761433587e+01
1.725945311492231582e+01
-9.893988568967568398e+00
-5.116634462164509678e+00
1.245515234701229268e+01
-7.622971579976888457e+00
2.655953681028130120e+00
-7.340909199007541019e+00
1.439604114307404537e+01
-1.096575276159193457e+01
-1.039283807003689386e+00
6.668247583922947364e+00
5.976135294298394740e-01
-9.746405037813769212e+00
9.052202432852372027e+00
-3.390780128505813451e+00
6.024004159367214228e+00
-1.744518839496907958e+01
2.346224062721064030e+01
-1.568932915764119507e+01
3.763796690432759107e+00
-9.726118434669661639e-01
4.936438226945726093e+00
-2.322087695731339885e+00
-9.776849516379872540e+00
1.832297321044546123e+01
-1.325610455536056875e+01
2.478731892378672530e+00
-3.369590551780893284e-01
6.862244722633843885e+00
-8.861010824827783239e+00
9.301999163798875259e-01
5.567662778880136720e+00
6.925416536853639116e-01
-1.367441951239330322e+01
1.831598678852202866e+01
-1.213421216134718605e+01
7.779360242614192344e+00
-1.297107336388438981e+01
1.831279960731870915e+01
-1.149737358747492522e+01
-3.518751669120189440e+00
1.142348637101801856e+01
-7.375365254933747394e+00
3.117577334897193353e+00
-8.425944243184591897e+00
1.605448780784412932e+01
-1.294257060311819529e+01
7.035382724283740785e-01
5.702624442893567291e+00
6.179519020537664886e-01
-9.007847773195761576e+00
7.783343143482930770e+00
-1.736258639907545920e+00
4.242899985366638482e+00
-1.603655177310967872e+01
2.290699934147352934e+01
-1.608175787941801715e+01
4.805041175982323054e+00
-2.305116751933062869e+00
6.343643839471476475e+00
-3.573777259560318775e+00
-9.085217759151255734e+00
1.857317779239217970e+01
-1.445040735995541681e+01
4.208099165689302090e+00
-2.127193654837688630e+00
8.438293582616209321e+00
-1.003572829084890117e+01
1.408128242519468998e+00
6.063779281144106470e+00
-7.037717145300890209e-01
-1.185966710187277684e+01
1.662759010600075982e+01
-1.086358024790224874e+01
7.034923924686514951e+00
-1.290969138961210483e+01
1.909090031674629628e+01
-1.297234895129989241e+01
-1.870475332491458920e+00
1.017661903138255752e+01
-6.801539016422574413e+00
3.218372716687224688e+00
-9.197211279481356527e+00
1.751870775263576263e+01
-1.489262251704633400e+01
2.595158848454392153e+00
4.449905207939383267e+00
9.920224093704579360e-01
-8.605252117792216993e+00
6.755612414877583127e+00
-1.718650635693337314e-01
2.376477160947228828e+00
-1.438366176629489601e+01
2.200630920224870479e+01
-1.611150433565260442e+01
5.551939435414750434e+00
-3.477656178651098440e+00
7.760579154815504310e+00
-5.004268267907795220e+00
-8.084948234505462850e+00
1.845800276551131702e+01
-1.531169410531411579e+01
5.716119494000669654e+00
-3.856813286689428022e+00
1.012566511392701685e+01
-1.146811876801577590e+01
2.231627280351115239e+00
6.208672983369379672e+00
-1.830029938465303374e+00
-1.016754524657078029e+01
1.488683930586269533e+01
-9.379855831857245363e+00
5.965210634719907645e+00
-1.248364792917449861e+01
1.954968651859777395e+01
-1.425106407701468569e+01
-2.473732806399064899e-01
8.779947112262044939e+00
-5.941296849547678782e+00
2.963201377554967486e+00
-9.623470815782466659e+00
1.872865603146070868e+01
-1.674116923367478904e+01
4.563794133131295006e+00
2.961948371342525199e+00
1.700101373008380712e+00
-8.555617108665822812e+00
6.018703715014101618e+00
1.231682064153669209e+00
4.998459552198049050e-01
-1.254828388215531376e+01
2.079397862686117548e+01
-1.577646138469910042e+01
5.967037415357522079e+00
-4.426304968525393235e+00
9.111898449602769290e+00
-6.544536052666600767e+00
-6.822425202588533466e+00
1.799017549541729366e+01
-1.581600706449432714e+01
6.947836221489666286e+00
-5.452841201903054547e+00
1.185052219718551392e+01
-1.310083472983672870e+01
3.373366605048506273e+00
5.993159401459368318e+00
-2.642685052711561511e+00
-8.665646432188637505e+00
1.316939307615205657e+01
-7.748956785960656291e+00
4.610917263419302081e+00
-1.169883212459933652e+01
1.965880936424232317e+01
-1.527408056096026812e+01
1.276106689584767029e+00
7.305302970102812488e+00
-4.846915153268660070e+00
2.372492802181605853e+00
-9.688476426633387817e+00
1.963517050454750290e+01
-1.841767682722962007e+01
6.534195929284612347e+00
1.300928742375443647e+00
2.707731300705057187e+00
-8.860265759531332108e+00
5.609388739446361072e+00
2.410784373546873027e+00
-1.311521553158435882e+00
-1.059994338663644520e+01
1.931714375677117701e+01
-1.509027364177963193e+01
6.027342002103584839e+00
-5.096898768775869115e+00
1.032501551611154866e+01
-8.120662859763793762e+00
-5.355425589729286173e+00
1.719762868819734791e+01
-1.595481958472112183e+01
7.860310028069658728e+00
-6.848071170621089720e+00
1.353719160930300802e+01
-1.486751885765267467e+01
4.791956540365940320e+00
5.423846677850051812e+00
-3.111989137126553118e+00
-7.413011264430371838e+00
1.154962295912766734e+01
-6.043081618683658895e+00
3.025108533757779661e+00
-1.057667268260889770e+01
1.940296695670871685e+01
-1.599296494646997857e+01
2.629883770050494896e+00
5.827819173792475382e+00
-3.580858424273696272e+00
1.481349860233563298e+00
-9.391680948925891670e+00
2.020211225458015036e+01
-1.985888657530107793e+01
8.430926931423243786e+00
-4.633708358057730958e-01
3.967223437131104369e+00
-9.504787538863613605e+00
5.549913389427020505e+00
3.311735907130235468e+00
-2.985078154126502348e+00
-8.612899329960786332e+00
1.763421684717846460e+01
-1.408174407796331451e+01
5.725325752228830112e+00
-5.447399918733191626e+00
1.133327274493296066e+01
-9.657062734341488763e+00
-3.750598873924332999e+00
1.612227941854045099e+01
-1.573540222396282218e+01
8.424485815468610639e+00
-7.983994826842157444e+00
1.511146145987627065e+01
-1.669569392299057853e+01
6.433748937075721486e+00
4.522848619214814292e+00
-3.223288852922379100e+00
-6.457557753477161100e+00
1.009737274591572742e+01
-4.337563231180190826e+00
1.270907107571210837e+00
-9.153209090555701977e+00
1.878257573174304440e+01
-1.637240193220796414e+01
3.751300774993670650e+00
4.422649347557031874e+00
-2.213050936188026174e+00
3.380147597825882144e-01
-8.748258505095490634e+00
2.040793851123863689e+01
-2.101156784468561867e+01
1.018164432652622509e+01
-2.256599384748846582e+00
5.419737037142414948e+00
-1.045966666282047441e+01
5.847026914680288456e+00
3.893064176457652792e+00
-4.454360663358134076e+00
-6.662912350596890576e+00
1.581234332708684320e+01
-1.279358005744221316e+01
5.069257616350126838e+00
-5.449734845044647003e+00
1.207885186530522148e+01
-1.107977914341580927e+01
-2.080560306894238209e+00
1.481819875947099696e+01
-1.518050047499243860e+01
8.626454522015041704e+00
-8.813349982984107100e+00
1.650381502838562398e+01
-1.850991950102820738e+01
8.235172283607116839e+00
3.326821918168359815e+00
-2.977662063925124336e+00
-5.833995448994537369e+00
8.874915310170987226e+00
-2.707586137844323559e+00
-5.812546191477957480e-01
-7.477526117080010692e+00
1.781375688244412459e+01
-1.639173592337363772e+01
4.587857236585213272e+00
3.161688129608778652e+00
-8.178233212508969618e-01
-9.982376391417657757e-01
-7.788441395207108542e+00
2.024663953448967035e+01
-2.183483403020776237e+01
1.172024859167604127e+01
-4.003076821847605160e+00
6.997844743207386031e+00
-1.168156882087545156e+01
6.491686532690418510e+00
4.127338003080827100e+00
-5.661883878477425469e+00
-4.823947119844460119e+00
1.392447835390080080e+01
-1.128053346192840678e+01
4.082845241105200529e+00
-5.091022883407948285e+00
1.251529948596065012e+01
-1.231971161888159827e+01
-4.207241560779317879e-01
1.334925178582860994e+01
-1.432733812439590260e+01
8.468054876059174063e+00
-9.302178855291328929e+00
1.765246006671942425e+01
-2.023507794140378735e+01
1.012549938196115207e+01
1.885369518029277103e+00
-2.391868798750829583e+00
-5.562315330019577786e+00
7.934239506377056550e+00
-1.224910218859057487e+00
-2.456701262393427676e+00
-5.609619822336444628e+00
1.652763841707939463e+01
-1.604587374116124465e+01
5.099499848559734261e+00
2.110433198165329927e+00
5.293328702288184751e-01
-2.459687336254384959e+00
-6.556200758191643274e+00
1.972799862691325856e+01
-2.230192061582031116e+01
1.298976026062629785e+01
-5.629090962486149152e+00
8.628472263588736979e+00
-1.311523025659236552e+01
7.459450398048803166e+00
4.002363355115440946e+00
-6.561643212113853707e+00
-3.164953138078923978e+00
1.204621026963229724e+01
-9.607015957620539837e+00
2.804204437078834378e+00
-4.374142970486218474e+00
1.260955736695260399e+01
-1.331563079655710169e+01
1.153985019843331461e+00
1.178631080563985023e+01
-1.322598968413723419e+01
7.966788864569611661e+00
-9.431306500242413904e+00
1.850602154568779412e+01
-2.179964638924563403e+01
1.202992697035237768e+01
2.588797041939088217e-01
-1.497618691774121658e+00
-5.646921261778564016e+00
7.314785373538722268e+00
4.525621168714266673e-02
-4.279766085323920777e+00
-3.617788078272101249e+00
1.496900326551638827e+01
-1.534550914755218010e+01
5.260370435263265421e+00
1.325126124842568309e+00
1.755061188602212496e+00
-3.973124758122698275e+00
-5.107328502353743360e+00
1.887716394431974010e+01
-2.240134786887749740e+01
1.394479928668430802e+01
-7.066108805179490027e+00
1.023608423515851840e+01
-1.469586687412828674e+01
8.711541795908768648e+00
3.521715062956900510e+00
-7.121116934165507395e+00
-1.746864179061391908e+00
1.025246939633582954e+01
-7.844293334345474378e+00
1.284200723562141988e+00
-3.317613506440831195e+00
1.234340893753050494e+01
-1.401685044966674987e+01
2.572399732785783488e+00
1.020416327278896773e+01
-1.193719282973272833e+01
7.155054602759625126e+00
-9.197175030195564815e+00
1.902578049162058704e+01
-2.313881225741735648e+01
1.387283307863389403e+01
-1.484104902227841416e+00
-3.401868297330716828e-01
-6.076440870880826850e+00
7.041726347161755939e+00
1.047097745812774150e+00
-5.977085812350181548e+00
-1.575659322157426878e+00
1.319434234997549638e+01
-1.431665939896745954e+01
5.059935265558730855e+00
8.502966636480211449e-01
2.791343233471939023e+00
-5.463045570478227475e+00
-3.507004098576978812e+00
1.773355076688673648e+01
-2.213741749706420592e+01
1.455355894891071245e+01
-8.253762147354802181e+00
1.174597742552206370e+01
-1.635199837769781439e+01
1.019653818056637817e+01
2.704581241221469590e+00
-7.322680763501584700e+00
-6.199471494289534590e-01
8.614265605210848165e+00
-6.067381191019642017e+00
-4.157647731771363375e-01
-1.954790621540898776e+00
1.171427901601997412e+01
-1.438544006327791891e+01
3.770213166411157779e+00
8.678249140843430354e+00
-1.052969618485893122e+01
6.078730039360555004e+00
-8.611997252615609000e+00
1.918736134131706450e+01
-2.419729637324616789e+01
1.558107015676694296e+01
-3.269873785468525362e+00
1.023561671566796782e+00
-6.824224080163387107e+00
7.124873342913900842e+00
1.736623800235726378e+00
-7.480795030152189717e+00
4.410109671678532628e-01
1.126939746819070542e+01
-1.299953402508313083e+01
4.503446492844195959e+00
7.168175015364823821e-01
3.578468940117094377e+00
-6.854945498677672333e+00
-1.826952280423083774e+00
1.634912207256586214e+01
-2.153002162445370260e+01
1.479918827715392915e+01
-9.142477414416113390e+00
1.308753775119551932e+01
-1.800856436308600550e+01
1.185261144835903835e+01
1.584927197343985128e+00
-7.164373160077817104e+00
1.783840973184576129e-01
7.195596839958931845e+00
-4.351777257573083091e+00
-2.226428575363482931e+00
-3.324197854045465306e-01
1.073535187625748932e+01
-1.439788152054225101e+01
4.692783755423391767e+00
7.281369850768073526e+00
-9.077258042202831945e+00
4.795169223790646029e+00
-7.703223037911530291e+00
1.898179427802727304e+01
-2.493176076328798985e+01
1.708715045736716576e+01
-5.022760257058537015e+00
2.527652267550315912e+00
-7.849507575089560873e+00
7.558248473020670488e+00
2.083585127122229430e+00
-8.731480959936462227e+00
2.357636457878019343e+00
9.266301072113408921e+00
-1.144678513184856961e+01
3.611715609753358258e+00
9.405542496098924232e-01
4.067644751361161326e+00
-8.078571561102997123e+00
-1.423155240841211810e-01
1.478612234905791922e+01
-2.061377241325088150e+01
1.468052274909529942e+01
-9.695635090477956908e+00
1.419731916534638927e+01
-1.959019655677858296e+01
1.361022181033377620e+01
2.100152652285416366e-01
-6.659977966016348283e+00
6.251947167785640858e-01
6.050663324415252120e+00
-2.770172762854587134e+00
-4.073680759580751598e+00
1.491396120215334964e+00
9.435002512472451031e+00
-1.404609769797428243e+01
5.297518513852218724e+00
6.080512381906689967e+00
-7.655426823320216734e+00
3.370698462860908684e+00
-6.512341673069343528e+00
1.841590625038607243e+01
-2.531269614155092285e+01
1.833218484930703340e+01
-6.668438487009038518e+00
4.099878652735331919e+00
-9.099194451262704320e+00
8.320346972871995206e+00
2.072791393001156557e+00
-9.680769828577258096e+00
4.104045167548642681e+00
7.260437592941871188e+00
-9.721215481829695193e+00
2.420208789152542117e+00
1.521669512551332204e+00
4.223126004118667787e+00
-9.070988019391023727e+00
1.471622388500509082e+00
1.311436340940433176e+01
-1.943649026523187828e+01
1.421213141583170625e+01
-9.891164639801676373e+00
1.502181023188970244e+01
-2.102450459288273521e+01
1.539514786157336879e+01
-1.361654927981626795e+00
-5.838420795232021732e+00
7.130237396282321782e-01
5.221508862218831482e+00
-1.389286171401144188e+00
-5.881792076432043714e+00
3.449723712740025761e+00
7.855565886626469485e+00
-1.333780814010232163e+01
5.555731241727910330e+00
5.133926780570744697e+00
-6.338243592252138292e+00
1.877721490379666847e+00
-5.093072397396860573e+00
1.751202363329966261e+01
-2.532570684201471778e+01
1.926844698485172813e+01
-8.137162154433466910e+00
5.664952081923817495e+00
-1.051017148186214989e+01
9.375075921881222740e+00
1.704772404219595749e+00
-1.029343212178303091e+01
5.617532250559237994e+00
5.327163098903548111e+00
-7.893044236049322926e+00
9.775035368075686293e-01
2.444611368125721107e+00
4.023780595403383842e+00
-9.779323424773384232e+00
2.942718929992332200e+00
1.140818050058078725e+01
-1.805711649083117720e+01
1.342367840359607811e+01
-9.722505410232123779e+00
1.551976781377477543e+01
-2.224523212804979977e+01
1.713172079187217989e+01
-3.062895995152236761e+00
-4.742505479132251622e+00
4.502044916743948022e-01
4.736192022891902553e+00
-2.669572788548464359e-01
-7.576711642377416567e+00
5.469710879643395529e+00
6.051497793869105024e+00
-1.229619631098085364e+01
5.453894625604069901e+00
4.488584533730388237e+00
-5.195010334791280826e+00
3.915598126547032987e-01
-3.509021980292513110e+00
1.630699948946236333e+01
-2.497213719651801966e+01
1.986145107073460991e+01
-9.366803572245306242e+00
7.147785091249900802e+00
-1.201206301358088524e+01
1.067332884684846306e+01
9.957541623927568253e-01
-1.054891497048949134e+01
6.845587327347779194e+00
3.538526246108070872e+00
-6.036849519112717388e+00
-6.568260841663247085e-01
3.678786760755550667e+00
3.464015778168441528e+00
-1.016307903792151102e+01
4.205118451318636374e+00
9.743191363456514154e+00
-1.654314141652315939e+01
1.235862661977215105e+01
-9.198891641324800972e+00
1.566401616910053995e+01
-2.319514574536985663e+01
1.874612178585638489e+01
-4.820761009607917202e+00
-3.427045637415463641e+00
-1.395033945494041916e-01
4.607566915392405704e+00
5.503716911390332811e-01
-9.089291486481196003e+00
7.475756511501787216e+00
4.087007496045870880e+00
-1.095890292240572350e+01
4.994231662935248117e+00
4.178128557463875126e+00
-4.287264848925803840e+00
-1.012834065442940634e+00
-1.830911428333310997e+00
1.485060782513104627e+01
-2.426901205995171296e+01
2.009145269131145994e+01
-1.030556083608403739e+01
8.476766508410825907e+00
-1.353030147048004039e+01
1.215512758327939302e+01
-2.304920611389249530e-02
-1.044223488795180188e+01
7.748177496448526824e+00
1.960133426550020985e+00
-4.228321054091869868e+00
-2.414803493016295377e+00
5.179890463672604639e+00
2.554027693410617417e+00
-1.019589801578429444e+01
5.202123776232376429e+00
8.192999490497044235e+00
-1.496766001896327047e+01
1.107234015916304770e+01
-8.344949156526297429e+00
1.544263304710606377e+01
-2.382853074374410340e+01
2.016959890634679553e+01
-6.559722795893954128e+00
-1.956472804346637728e+00
-1.017954337114838737e+00
4.832726683344840346e+00
1.029678211768732865e+00
-1.035829742250970753e+01
9.392800057492546983e+00
2.033265294385405042e+00
-9.376389209573208205e+00
4.194620634156154715e+00
4.221404144367966182e+00
-3.666094087601144302e+00
-2.264147289307217648e+00
-1.334926869470369759e-01
1.320337482120775086e+01
-2.324829407515873214e+01
1.995430727622771627e+01
-1.091421501566940933e+01
9.586885020801215518e+00
-1.498938064699946793e+01
1.375223804792331173e+01
-1.306796786914056874e+00
-9.984191952110341717e+00
8.299486534248988079e+00
6.482947328591164293e-01
-2.540964391054982841e+00
-4.223009844188480244e+00
6.891831693221432076e+00
1.319362761061658063e+00
-9.866718259613435293e+00
5.888668617465441457e+00
6.825985259081758016e+00
-1.340618340739177583e+01
9.629668111945143494e+00
-7.199621316568530993e+00
1.485947109149973677e+01
-2.411318504163742205e+01
2.134146326408645322e+01
-8.204965732014585456e+00
-4.020253535554775270e-01
-2.134284188542031835e+00
5.393133973648952306e+00
1.152796673371676128e+00
-1.133307502929348409e+01
1.114958754146437414e+01
-3.469326258442251287e-02
-7.609741483345780821e+00
3.087817762718843007e+00
4.621634895011236921e+00
-3.369903044647568180e+00
-3.297818636534029402e+00
1.507710287662161530e+00
1.143394155794288913e+01
-2.195549004749350885e+01
1.946164879992184993e+01
-1.116783901669546708e+01
1.042256517045982278e+01
-1.631615000494581125e+01
1.539114592223039679e+01
-2.798976150755137393e+00
-9.200896100240830933e+00
8.489034487697118436e+00
-3.524248789478345856e-01
-1.042900362695373673e+00
-6.005781482014119987e+00
8.749174412396877543e+00
-2.001899574424372830e-01
-9.180258679335342009e+00
6.233283061373922962e+00
5.702324788828205371e+00
-1.193334511619326577e+01
8.102115076176897190e+00
-5.814471043157418251e+00
1.393399182694908944e+01
-2.403182429711966961e+01
2.221173389580989621e+01
-9.685646600756914637e+00
1.161359266217914632e+00
-3.427131976896039323e+00
6.255432690738158996e+00
9.172080639415662873e-01
-1.197575455296603764e+01
1.268177170268735487e+01
-2.041231618996149244e+00
-5.728012638573445336e+00
1.720031439710258070e+00
5.366279549061580667e+00
-3.422736421265227591e+00
-4.058856205117478133e+00
3.019694056297345774e+00
9.616073170209361365e+00
-2.044766716575995247e+01
1.864038092550906356e+01
-1.105688363825662535e+01
1.094009217755046848e+01
-1.744300640233268851e+01
1.699626256050365569e+01
-4.433867348308266898e+00
-8.132626182165509476e+00
8.322128868625220832e+00
-1.011142506763302862e+00
2.061007495251230281e-01
-7.688505248303668438e+00
1.067998497317181794e+01
-1.952327154651825492e+00
-8.156817680274071947e+00
6.219466461468750040e+00
4.871366446482378265e+00
-1.061964575392467758e+01
6.564721689634620105e+00
-4.251432913787666301e+00
1.270041946332082716e+01
-2.358283700615531586e+01
2.274331608244081337e+01
-1.093798237664363349e+01
2.658313541664587110e+00
-4.827319175051113298e+00
7.372905657211950903e+00
3.361476955289939283e-01
-1.226289863944361791e+01
1.393471115445113995e+01
-3.913402640930156995e+00
-3.805216478036691719e+00
1.489101495157219013e-01
6.427575956852749073e+00
-3.833226219518286015e+00
-4.504238006843412023e+00
4.335158330135497451e+00
7.825444778865900730e+00
-1.879096552609616566e+01
1.753150277050785633e+01
-1.058759349376335557e+01
1.110951991361745783e+01
-1.831084415182129632e+01
1.849322140324059660e+01
-6.139408241043164516e+00
-6.832071497878009048e+00
7.819627788149015046e+00
-1.311997888068648699e+00
1.157221084644717735e+00
-9.200868029449020824e+00
1.260896299469487936e+01
-3.874505106810414823e+00
-6.831392652697798162e+00
5.846407906946073041e+00
4.369479335196361447e+00
-9.528377883226879064e+00
5.092791133655296676e+00
-2.580113295306194043e+00
1.120625139544749516e+01
-2.278035667004632359e+01
2.291361817260365896e+01
-1.190803037749597948e+01
4.016327681661250537e+00
-6.260869729159981745e+00
8.687514651827360268e+00
-5.619737172175964801e-01
-1.218652108764759312e+01
1.486584657091765393e+01
-5.584121835534879175e+00
-1.917105842358427736e+00
-1.558968215134937774e+00
7.763748485713559688e+00
-4.594211130180590352e+00
-4.604790842618163182e+00
5.395440004704000536e+00
6.136344272546566891e+00
-1.705771536714147629e+01
1.618832046985155770e+01
-9.781734668777957609e+00
1.091597887095763753e+01
-1.887163483913818851e+01
1.981212123160636907e+01
-7.840336291648094758e+00
-5.362032457459031676e+00
7.017025356672848879e+00
-1.254839231351227546e+00
1.774719714541880933e+00
-1.047991892373993750e+01
1.446071903058263786e+01
-5.896659842954704800e+00
-5.252158836404209552e+00
5.129022866282178406e+00
4.218467535095587806e+00
-8.712865151506015593e+00
3.758604274368457787e+00
-8.747561810768510471e-01
9.510190312680416369e+00
-2.165364788612156843e+01
2.271553644744393807e+01
-1.255403961658454470e+01
5.168912891873739035e+00
-7.652239226623594348e+00
1.013243391509021762e+01
-1.734810394736030936e+00
-1.175443222607390226e+01
1.544655034645634828e+01
-6.995085068420058505e+00
-1.378749584294371999e-01
-3.330996230078025810e+00
9.320826241504571286e+00
-5.683044304517939516e+00
-4.346465573750088573e+00
6.153070724068656183e+00
4.618435637744358502e+00
-1.532328465221576863e+01
1.467412247972969297e+01
-8.675645984835837154e+00
1.036032712354977647e+01
-1.909052446711265105e+01
2.089057491566452640e+01
-9.461469888833386577e+00
-3.792680573943804756e+00
5.962899211341300187e+00
-8.552244059907350149e-01
2.037487211489318106e+00
-1.147281057610212684e+01
1.616305618110876097e+01
-7.944255106424516377e+00
-3.478373852098209706e+00
4.097304408052214519e+00
4.424619205488204088e+00
-8.214135996453533650e+00
2.628266601806290126e+00
7.889930344502542603e-01
7.679588039369033226e+00
-2.024583311601302071e+01
2.215776510442690395e+01
-1.284827087935915557e+01
6.058502275186819830e+00
-8.927612469031990017e+00
1.163496670614330064e+01
-3.127929189481371441e+00
-1.098989586210344171e+01
1.566336911860733316e+01
-8.099303623003875074e+00
1.463070278519833067e+00
-5.091699628465949701e+00
1.103499286562325565e+01
-7.062576098604696817e+00
-3.730953209158175632e+00
6.573846511970612205e+00
3.333723896340509363e+00
-1.366279438594097329e+01
1.305941993662527345e+01
-7.318655216589666779e+00
9.459115908459718725e+00
-1.894735652693506012e+01
2.167643078597586737e+01
-1.093098620050074388e+01
-2.198497204336195221e+00
4.716787832663646540e+00
-1.437374411067180446e-01
1.939962521823211716e+00
-1.213910020971584913e+01
1.765011263430566046e+01
-9.941525275994337107e+00
-1.577799221637986138e+00
2.795017273000852676e+00
4.978431991080466190e+00
-8.059133311061785321e+00
1.758824383469346664e+00
2.337384803519049647e+00
5.787512507112042570e+00
-1.861201562013573962e+01
2.126441785023910569e+01
-1.277820620235332427e+01
6.638962930628810710e+00
-1.001812573451699961e+01
1.311971780107166907e+01
-4.677184115094308758e+00
-9.930612756009104203e+00
1.551860500576475488e+01
-8.863146122408714689e+00
2.824133334643877724e+00
-6.766024967245352073e+00
1.283536550079782579e+01
-8.682768962319926231e+00
-2.775614956989906013e+00
6.638319271526950338e+00
2.333853923257239060e+00
-1.214784481721516407e+01
1.141887234157634978e+01
-5.770929285929188524e+00
8.243871326532730137e+00
-1.843755461706022203e+01
2.213004802555379058e+01
-1.218355269997092805e+01
-6.550244549904973290e-01
3.346590162630669330e+00
8.353498763478102163e-01
1.492372188503095387e+00
-1.245251007309916247e+01
1.886522818070280394e+01
-1.181477191729537424e+01
3.762487502676458706e-01
1.277791711090840110e+00
5.855026699770363052e+00
-8.259538094764113936e+00
1.195775716070262007e+00
3.701779995765023479e+00
3.909565683927670676e+00
-1.681688036305331124e+01
2.007397759385873215e+01
-1.234709504276338876e+01
6.877609768055381601e+00
-1.086287329591230666e+01
1.451188366809607011e+01
-6.311514220908088113e+00
-8.627074923136095919e+00
1.503021023049939231e+01
-9.267798326116748697e+00
3.894207719502074561e+00
-8.282608990677132965e+00
1.464708181504431650e+01
-1.048287409538193948e+01
-1.512729287549517743e+00
6.342645151089041811e+00
1.657860865742133427e+00
-1.084339520576418714e+01
9.828032553597253695e+00
-4.100852124997521386e+00
6.759723465741129367e+00
-1.757232614215166677e+01
2.222602691577801792e+01
-1.316317588772662894e+01
7.644301465406431184e-01
1.925600855410952050e+00
2.026012971986917321e+00
7.202814984542351695e-01
-1.240207058091702663e+01
1.976340977623738127e+01
-1.349557029766589622e+01
2.308090207462150545e+00
-3.892998436340990853e-01
7.015231223738718214e+00
-8.811258358734335161e+00
9.710849487788966172e-01
4.821641695427535623e+00
2.120591139369518707e+00
-1.493187744508681192e+01
1.863762001353510200e+01
-1.157381333521211175e+01
6.756633271922710904e+00
-1.141156716362296564e+01
1.574051692657758394e+01
-7.956042874421747513e+00
-7.140362487705062655e+00
1.423099972325931617e+01
-9.310077183622404107e+00
4.634900493677518440e+00
-9.576887207716003658e+00
1.639456054742007751e+01
-1.239407500985768529e+01
1.191117973029420796e-02
5.698752802640128401e+00
1.330470204539578205e+00
-9.804933137043159164e+00
8.360052951010700895e+00
-2.382044484693732755e+00
5.063442690972070892e+00
-1.637817821277755215e+01
2.195431852814926543e+01
-1.382564305572137719e+01
1.991991595835141737e+00
5.293103715342555304e-01
3.362921691633997234e+00
-3.365228819967809315e-01
-1.199259632960982280e+01
2.031328870193325287e+01
-1.492374612177174598e+01
4.142976009512915780e+00
-2.134577648735135114e+00
8.407287465275068428e+00
-9.694605560547655543e+00
1.101787013588642949e+00
5.647173837754627890e+00
4.914147341917596279e-01
-1.303211080978972447e+01
1.701698405869048969e+01
-1.049204157767265144e+01
6.273878988294844028e+00
-1.162673413524390753e+01
1.674162281767481986e+01
-9.535343379080728710e+00
-5.539479106252492180e+00
1.316721602456310691e+01
-9.002563669741116215e+00
5.022201699739904157e+00
-1.059390620757869783e+01
1.800479347693823939e+01
-1.434248279012065019e+01
1.740991816790395497e+00
4.733824199394307541e+00
1.361021542510728821e+00
-9.076056751152467683e+00
7.082496311751758533e+00
-6.901555701552641864e-01
3.220968680602694256e+00
-1.489576684203355228e+01
2.132066549832065760e+01
-1.414045067735039041e+01
2.968178599127256234e+00
-7.678906249394801264e-01
4.774293090392995431e+00
-1.625770085445424229e+00
-1.124447424378816507e+01
2.049848402584005669e+01
-1.604999275911821854e+01
5.810341466960019297e+00
-3.882877531792775727e+00
9.969106877009052070e+00
-1.087515087969422467e+01
1.589242489282168158e+00
6.141491688356198964e+00
-9.142395203669506643e-01
-1.119306782136155221e+01
1.528148655140740608e+01
-9.148797766256024033e+00
5.442944762409779536e+00
-1.148535439861230500e+01
1.746095273534385584e+01
-1.097672860487274704e+01
-3.898342088747051015e+00
1.189650903187355979e+01
-8.373048614922881328e+00
5.047526961848662452e+00
-1.129071714909510504e+01
1.941052534639572968e+01
-1.625235251371980283e+01
3.608170335763738912e+00
3.489110638905950523e+00
1.743063023423169433e+00
-8.686575255891769487e+00
6.054390399684836943e+00
9.004336715382987855e-01
1.304539897002379600e+00
-1.317812959108498916e+01
2.034635467152824972e+01
-1.409213537980410891e+01
3.644498949241271823e+00
-1.895958936329801503e+00
6.185025471841696820e+00
-3.084986324848846273e+00
-1.019277308736734255e+01
2.031831294714585212e+01
-1.683801490280229984e+01
7.246877743296162855e+00
-5.558825672225694348e+00
1.163097631694493650e+01
-1.230522401679374056e+01
2.419075865357834587e+00
6.282229572541653262e+00
-2.042524022716392551e+00
-9.487332241170522096e+00
1.350529792085409042e+01
-7.602389115392218955e+00
4.292591487480019730e+00
-1.097987027316443509e+01
1.785637306929352519e+01
-1.221342126314089782e+01
-2.292558394087137685e+00
1.048541863893907866e+01
-7.463315684585128729e+00
4.718087817542065743e+00
-1.163824611279347820e+01
2.055318315590748313e+01
-1.804938065780790879e+01
5.540964639640587386e+00
2.018135531877438549e+00
2.454634056395103237e+00
-8.651210506527890587e+00
5.323654623164286726e+00
2.319851935555962363e+00
-6.104514079493803536e-01
-1.128837868592986737e+01
1.906729239809749643e+01
-1.368094949184056475e+01
3.985565977692855810e+00
-2.792257027328992613e+00
7.519977088340437987e+00
-4.644220854708747126e+00
-8.885713149571060399e+00
1.978781706615960445e+01
-1.726610523755648785e+01
8.399287068841157833e+00
-7.090122567008662280e+00
1.331859629293040825e+01
-1.392598919723196893e+01
3.561799697377767693e+00
6.062515787183906824e+00
-2.851811641856121682e+00
-7.981423855913642562e+00
1.176411087227721453e+01
-5.919871829993731183e+00
2.865493043677248330e+00
-1.011852112475494536e+01
1.789970611975841308e+01
-1.318746665870191492e+01
-7.961270085655671735e-01
9.006469980680638088e+00
-6.327314549664751375e+00
4.056573643818571995e+00
-1.162255980362461472e+01
2.138542716387028264e+01
-1.966393978648062912e+01
7.463908319127964042e+00
3.843623016679531545e-01
3.459224023923643365e+00
-8.968956239123453855e+00
4.925010916178651499e+00
3.505782351056223156e+00
-2.448741589972062371e+00
-9.296955141288218982e+00
1.753244277774547299e+01
-1.292285172453722808e+01
3.970643843063353273e+00
-3.404288463462068037e+00
8.707246609080192101e+00
-6.229097808384818080e+00
-7.382562800568218897e+00
1.893710343693502907e+01
-1.732808540538558262e+01
9.226601691396137284e+00
-8.410693060230006068e+00
1.495631918531463533e+01
-1.567000790420333622e+01
4.974097452844358891e+00
5.491272206806076639e+00
-3.314507122048245158e+00
-6.732902490436258880e+00
1.013184281659814978e+01
-4.174129636103780072e+00
1.216379905461904887e+00
-8.924989855437146957e+00
1.757796285213062859e+01
-1.385226097534171785e+01
5.217885754183217983e-01
7.535007879338414760e+00
-5.028803866884183904e+00
3.100159041431447271e+00
-1.124547144395146248e+01
2.187321241961586793e+01
-2.103410954764919794e+01
9.301836275372453500e+00
-1.341570969229034738e+00
4.707365191050618236e+00
-9.623122882837654046e+00
4.878469889334603238e+00
4.406177983950853694e+00
-4.138472361215014494e+00
-7.278563559224549451e+00
1.580169691495359174e+01
-1.184881339014947699e+01
3.594554307995869280e+00
-3.691991375032822376e+00
9.681312385521366082e+00
-7.764060906123464889e+00
-5.751053589374492958e+00
1.781002912210300693e+01
-1.703357026225305404e+01
9.701965501814278525e+00
-9.463565154002800739e+00
1.647044632096908146e+01
-1.746417665377487438e+01
6.600709139873966791e+00
4.592825526660980984e+00
-3.418246888442593168e+00
-5.787862615647622277e+00
8.677415773196518245e+00
-2.440698391793825639e+00
-5.903426797414146332e-01
-7.437376372522733980e+00
1.689391376387376553e+01
-1.417458490667909388e+01
1.599877118870729475e+00
6.145908454115087238e+00
-3.638566794017417561e+00
1.898879938838614834e+00
-1.052446045179454082e+01
2.199727098367016254e+01
-2.210837188515743890e+01
1.098315727710691370e+01
-3.084929627366375549e+00
6.138790393523361644e+00
-1.058206599779072654e+01
5.188458226753771996e+00
4.981529704991829455e+00
-5.614319086450271890e+00
-5.308921187115620555e+00
1.394326604532016312e+01
-1.050347039402114113e+01
2.867905484454940535e+00
-3.629489991147944572e+00
1.038589369741512058e+01
-9.175669622631167144e+00
-4.064426539221090984e+00
1.646228658068989503e+01
-1.640754391104772481e+01
9.813800689997744797e+00
-1.020335213787326012e+01
1.779244020715429997e+01
-1.923291177966558152e+01
8.376837540778867108e+00
3.405847085433578947e+00
-3.166434965265940704e+00
-5.178927739275611231e+00
7.461754082177666447e+00
-7.944751659246396258e-01
-2.483398139547062122e+00
-5.706542772415115650e+00
1.586597298236753950e+01
-1.413605400204194140e+01
2.387354156866641652e+00
4.910311209655174203e+00
-2.231320394658505180e+00
5.134491896171593517e-01
-9.491909405833842683e+00
2.175395023900912506e+01
-2.284785300584139023e+01
1.244297083024135198e+01
-4.770139123480031884e+00
7.685061468927560036e+00
-1.180056659156610088e+01
5.843625358270720049e+00
5.206587586297869663e+00
-6.820334291705659524e+00
-3.461462914192416918e+00
1.203071214291298219e+01
-8.943179746898731963e+00
1.816632576634094498e+00
-3.206227906995030352e+00
1.077640927940873183e+01
-1.039580316012763994e+01
-2.398238368941137288e+00
1.495897333236323590e+01
-1.548926599007037552e+01
9.566308588149510683e+00
-1.059822986225652208e+01
1.886191193088581031e+01
-2.090144243002553637e+01
1.023097018366741295e+01
1.981667471905693034e+00
-2.578091651494874625e+00
-4.923831985817621160e+00
6.535130769733402012e+00
6.935447921724575693e-01
-4.387741474102036854e+00
-3.793902356344474924e+00
1.452740064275182519e+01
-1.373392251768373384e+01
2.846177719511462811e+00
3.892514026190493581e+00
-8.824536281595940501e-01
-9.873931353293166069e-01
-8.193691552203894446e+00
2.115537075920633470e+01
-2.322801439444892324e+01
1.362589252301880549e+01
-6.324078343727324025e+00
9.272553878981192099e+00
-1.322180315754921764e+01
0.000000000000000000e+00
5.387734338268136192e+00
-5.970135622877466908e+00
3.650557713489349876e+00
-3.752530305594018234e+00
6.785536021433411946e+00
-7.725528467876044303e+00
3.878083160159019549e+00
6.067810053738318388e-01
-4.875171209767463765e-01
-3.101848281851149913e+00
4.626228863248798007e+00
-2.524421899680755033e+00
1.347728645012618465e+00
-4.489034997658174930e+00
8.565917346671831467e+00
-8.049841183292327784e+00
3.275587833112739933e+00
1.657690837847289878e-01
2.948854541659396977e-01
-7.096797305633153474e-01
-2.910112225520738782e+00
8.029941184392633602e+00
-8.961963390935887119e+00
5.187011451162602427e+00
-2.132336901025101206e+00
3.227837101696792388e+00
-5.159070499672536059e+00
3.371567538756052418e+00
5.970635790458671543e-01
-1.126242714075506246e+00
-3.093150043261763127e+00
6.919493470284556302e+00
-6.142693610699804907e+00
3.344740952432165848e+00
-3.518778133879123526e+00
6.172693349787446770e+00
-5.917287002092614046e+00
6.940267691040645781e-01
4.783368079604862544e+00
-5.636724120701213536e+00
3.626746017715193560e+00
-4.015549932675574141e+00
7.327244175949978455e+00
-8.497975252779626842e+00
4.705746621260885831e+00
-2.143544655367501939e-02
-2.304278807009998431e-01
-2.982432519764016021e+00
4.211301338845840903e+00
-1.879415617701689634e+00
5.476276815355314298e-01
-3.703692317943311441e+00
8.030485474758682685e+00
-7.911963475986631522e+00
3.502808881192311041e+00
-2.912864479981513988e-01
8.684042635937715415e-01
-1.311767953846973089e+00
-2.424465298265974234e+00
7.855458480561301471e+00
-9.206152849767189394e+00
5.772430650879838865e+00
-2.869496728368135408e+00
3.958470027027750859e+00
-5.786729594318125613e+00
3.782023789588427665e+00
5.528305449169859109e-01
-1.516361953151756037e+00
-2.381024196942288285e+00
6.112324935871381371e+00
-5.425898783079526666e+00
2.807708324032300862e+00
-3.231636931921080258e+00
6.229269732905034829e+00
-6.345098603918623681e+00
1.355691944064294496e+00
4.134319337233401725e+00
-5.193237794250130435e+00
3.453879568219304641e+00
-4.124559014650459154e+00
7.744959391782554547e+00
-9.205720284848194268e+00
5.544106097242391229e+00
-7.330247370484566094e-01
1.614677173848808600e-01
-3.016214861303823991e+00
3.932113977188770537e+00
-1.321382994139502109e+00
-2.353728967052561849e-01
-2.859925906167624099e+00
7.374119639384034031e+00
-7.619913015035498560e+00
3.579707029136161012e+00
-6.366208740843330993e-01
1.393876483798143440e+00
-1.940796706151619366e+00
-1.841955811604812476e+00
7.536247486100121407e+00
-9.292537523194283722e+00
6.224948783094593097e+00
-3.529281395479782368e+00
4.683862313271036193e+00
-6.481845290749093103e+00
4.317394804030270095e+00
3.553532514000807829e-01
-1.762241597726661446e+00
-1.768515940837437572e+00
5.336405460087886965e+00
-4.665472597491768347e+00
2.162569054523633572e+00
-2.796122265733552492e+00
6.131050505093318392e+00
-6.648620723032681035e+00
1.954045603346554749e+00
3.472607864553050927e+00
-4.665198782822982615e+00
3.144973861359512401e+00
-4.077003890780096285e+00
8.021141707761087147e+00
-9.820345978012682053e+00
6.360564409490376825e+00
-1.498916174992612094e+00
6.694890666765167531e-01
-3.199292685017434135e+00
3.800445582526311039e+00
-8.750175200561152167e-01
-9.694619980034522300e-01
-1.989170508768663970e+00
6.620450732046393227e+00
-7.183938925789703944e+00
3.500756083000815533e+00
-8.502656704801725418e-01
1.841605816134381346e+00
-2.564333022812629093e+00
-1.190100939091545351e+00
7.088391291352290402e+00
-9.221948996352235639e+00
6.529953774705916203e+00
-4.085096375800160828e+00
5.371702988675291834e+00
-7.213984826948739659e+00
4.956291472695896871e+00
1.191593443967997601e-02
-1.855323511954798832e+00
-1.278002190503267244e+00
4.622635533732298185e+00
-3.893554619793084814e+00
1.435150027244405102e+00
-2.225678592516703080e+00
5.875921495679279793e+00
-6.810668561608527405e+00
2.460899646974456179e+00
2.830744767069874435e+00
-4.081757526309489847e+00
2.718953816203350193e+00
-3.877128164476420835e+00
8.144333687714556902e+00
-1.031736807624145946e+01
7.123380657381833458e+00
-2.287616468723136176e+00
1.269826003246803170e+00
-3.521137087625322959e+00
3.821514673472647061e+00
-5.600654036485455123e-01
-1.624995800466713547e+00
-1.123985320868690740e+00
5.797260919761290765e+00
-6.620489192002512624e+00
3.267214132624071787e+00
-9.180222518506280238e-01
2.185291193450861869e+00
-3.150163738289367021e+00
-4.994257600208442671e-01
6.533499502395972769e+00
-9.001960433158352259e+00
6.679200051217828005e+00
-4.514837364615192250e+00
5.991236643628413461e+00
-7.950969766889608437e+00
5.672689324242931264e+00
-4.637652749626361981e-01
-1.793760643361186791e+00
-9.264529167547190802e-01
3.999088161147979381e+00
-3.142702993085607410e+00
6.548440466786875636e-01
-1.539623095773195338e+00
5.468563443391159851e+00
-6.820171784800704629e+00
2.852057579451305447e+00
2.240313820778606413e+00
-3.474419773616368445e+00
2.199826693554729040e+00
-3.535786590571545318e+00
8.109659176040636908e+00
-1.067730166078236564e+01
7.803052071930435929e+00
-3.066581523956449118e+00
1.934577020612798570e+00
