-6.651406824451101762e+00
-5.768867858463941900e+00
-4.561919026790511644e+00
-3.120346989634085855e+00
-1.549009791699134997e+00
3.985445107059737424e-02
1.534862909880640780e+00
2.833646755395568206e+00
3.850315428370473914e+00
4.521659481538272907e+00
4.811620010586339369e+00
4.713684675517502143e+00
4.251029113428141493e+00
3.474395846486409312e+00
2.457877097865854843e+00
1.292929627609831655e+00
8.108613138621501015e-02
-1.074071790118987568e+00
-2.075057473260427443e+00
-2.838109923086138853e+00
-3.299722174605431047e+00
-3.421564464773587666e+00
-3.193424834363993714e+00
-2.633944372480625518e+00
-1.789095943411914913e+00
-7.285304523620284023e-01
4.599201884771781934e-01
1.677152116789897285e+00
2.820571236327141129e+00
3.792142502630361012e+00
4.506083298649945057e+00
4.895607603645887096e+00
4.918203827869727540e+00
4.559045150065367480e+00
3.832277665485040341e+00
2.780096990086742714e+00
1.469695116532031332e+00
-1.167715109966671605e-02
-1.563143684277506384e+00
-3.077632168825971348e+00
-4.449726741043414258e+00
-5.583345234306005267e+00
-6.398662225343467291e+00
-6.837763894800781728e+00
-6.868624711675042960e+00
-6.487130489067084227e+00
-5.717026480678018885e+00
-4.607830499159613069e+00
-3.230906713263447472e+00
-1.674033595293648480e+00
-3.490879277085623400e-02
1.585893748625605060e+00
3.091968465837220403e+00
4.397591785302604528e+00
5.433226741650772240e+00
6.149632409369379715e+00
6.520312373288790653e+00
6.542175343207137672e+00
6.234426747814314496e+00
5.635850732691094933e+00
4.800766046536394605e+00
3.794036968166362378e+00
2.685584167042873283e+00
1.544865584856540242e+00
4.357827274787644534e-01
-5.875848358558930506e-01
-1.484099312377881397e+00
-2.227331677590789649e+00
-2.805893993071356451e+00
-3.222384691690134861e+00
-3.491116833931612540e+00
-3.634904109119794224e+00
-3.681257653266627017e+00
-3.658392050906717152e+00
-3.591447543686993704e+00
-3.499307034548494677e+00
-3.392323719278909966e+00
-3.271183833755272108e+00
-3.127017286587656653e+00
-2.942746834119868815e+00
-2.695544843684705150e+00
-2.360156459337001245e+00
-1.912759058389700062e+00
-1.334968387402724055e+00
-6.175773026990791781e-01
2.363737822271920752e-01
1.209545465113070595e+00
2.269534349787011518e+00
3.369552204309145704e+00
4.450580123400047938e+00
5.444895168942372798e+00
6.280738590068892790e+00
6.887782566735868528e+00
7.202966500319705645e+00
7.176222158455296096e+00
6.775594684515141353e+00
5.991295596012850666e+00
4.838292978128905020e+00
3.357148324853030719e+00
1.612941078504944947e+00
-3.077293485395848904e-01
-2.301520231170271380e+00
-4.254610112649074516e+00
-6.050032871861958483e+00
-7.575565129314343338e+00
-8.731591596281965906e+00
-9.438357706068931208e+00
-9.642049652294067741e+00
-9.319217203589120757e+00
-8.479169197133622049e+00
-7.164117062585702911e+00
-5.447007153879619423e+00
-3.427155410491093512e+00
-1.223964546941437526e+00
1.030848473629089268e+00
3.201970170398893867e+00
5.159532386548866256e+00
6.787827041775989834e+00
7.993061680021661175e+00
8.709590860318970229e+00
8.904168810284200930e+00
8.577914075157645257e+00
7.765846124360376024e+00
6.534034092674772864e+00
4.974575211391734975e+00
3.198781392743066831e+00
1.329084495690899814e+00
-5.097361173210130936e-01
-2.199353134421317524e+00
-3.636069986260699771e+00
-4.737782599719919219e+00
-5.449225130041743803e+00
-5.745135001771211947e+00
-5.631133858504528078e+00
-5.142296529091469282e+00
-4.339556190591681073e+00
-3.304256896744205640e+00
-2.131301993309536513e+00
-9.214481878595164321e-01
2.266473928820429418e-01
1.224010035989340439e+00
1.997981344381348556e+00
2.497408306731595751e+00
2.696012216195750710e+00
2.593710494805820055e+00
2.215828672616536821e+00
1.610306659162027865e+00
8.431598180739192649e-01
-7.411036862665643099e-03
-8.577660857494202595e-01
-1.625874899945555230e+00
-2.238097394459981793e+00
-2.635158595061106723e+00
-2.776851689251740307e+00
-2.645113197139645322e+00
-2.245250397091027139e+00
-1.605253083520835622e+00
-7.732768978370758717e-01
1.864686846515786200e-01
1.199069757934413172e+00
2.185042744157648986e+00
3.066746396279340647e+00
3.774548902641587045e+00
4.252256546743760524e+00
4.461378693371779391e+00
4.383905800428548716e+00
4.023403902563098100e+00
3.404369852180804124e+00
2.569934774138538991e+00
1.578136871292269650e+00
4.970980023605720000e-01
-6.004777596975583442e-01
-1.643017650574240207e+00
-2.565531703424950294e+00
-3.314359632836890501e+00
-3.850838663985927113e+00
-4.153616381765825594e+00
-4.219452941826018488e+00
-4.062488585528343243e+00
-3.712084059441123962e+00
-3.209462068733850426e+00
-2.603477129762188369e+00
-1.945910842433852483e+00
-1.286723954945273363e+00
-6.696929570333458592e-01
-1.288178820796672674e-01
3.141867108110805162e-01
6.511073293388514038e-01
8.870632709614172384e-01
1.038991424901510641e+00
1.132944949834433501e+00
1.200476084998486570e+00
1.274458801783554307e+00
1.384760854887805426e+00
1.554192153238467711e+00
1.795135466891741860e+00
2.107207828724216636e+00
2.476211266898204588e+00
2.874517202464738741e+00
3.262899636414954063e+00
0.000000000000000000e+00
7.429842229481205429e+00
-7.377218837820707975e+00
1.963124618565525115e+00
9.240028183390867067e-01
1.224897561169158600e+00
-3.327798671145683507e+00
1.700877419371993104e+00
1.738471645346963967e-01
2.081505427198784730e+00
-5.580257979832250470e+00
3.488258735785304765e+00
4.431327387635558779e+00
-1.001134177382626689e+01
7.208924079498281401e+00
-2.137219396682936978e-01
-2.473600389013473233e+00
-6.317102422007900842e-01
3.336817181223223905e+00
-1.747742685396449502e+00
-5.289878992243308709e-01
-6.974359710362967313e-01
2.622362208420048191e+00
4.786455132982270211e-01
-7.481896358519954049e+00
1.034540546837924069e+01
-4.944372364253310614e+00
-2.698809630784025693e+00
4.194968842575500290e+00
2.973511516948335043e-01
-3.358148387125493795e+00
1.220777628793666469e+00
1.879513376036662464e+00
-1.525777316564535191e+00
3.127611636893033453e-01
-3.159463897682315281e+00
8.254069328058625032e+00
-8.308049843150238090e+00
1.184927848579202081e+00
5.860394445069575298e+00
-5.353210194854957749e+00
-5.255963196804196436e-01
3.386554847921448896e+00
-1.793825472893777473e-01
-3.754151266137121024e+00
3.637125420662553843e+00
-2.084396598076563745e+00
3.725062080754363070e+00
-6.645979482472776922e+00
4.586935735589269925e+00
2.935824654428455638e+00
-8.224431904626813505e+00
5.368727317823630329e+00
1.426656246087714131e+00
-3.392714759897479837e+00
-1.149035646503376640e+00
5.497887502144396699e+00
-4.739333395499398804e+00
1.995621438688701232e+00
-2.114284165168638818e+00
3.383504594751250316e+00
-4.432631275337071131e-01
-6.143794274071083805e+00
8.980505177367898995e+00
-4.034617087638844524e+00
-2.857770460546352975e+00
3.315892683471449054e+00
2.458931057341446014e+00
-6.505786256744443108e+00
4.303031141059439513e+00
-3.227019034326783498e-02
-9.527720628725770968e-01
2.394470520833129612e-01
-2.730048641343432170e+00
7.470984350201268498e+00
-7.847592445222728585e+00
1.608513831408450390e+00
4.452992934427039806e+00
-3.074131062204376263e+00
-3.473932696429831157e+00
6.429341338084470614e+00
-2.344611684820303132e+00
-3.141293619691445826e+00
4.236479335934837387e+00
-2.820338675363945669e+00
3.898603176867369680e+00
-6.599017121266353314e+00
5.185309636462797300e+00
1.259170215950953686e+00
-5.738077430653885536e+00
2.592949192098418010e+00
4.032731733581584876e+00
-5.285012095317522807e+00
-5.907694975997088704e-01
6.424355673526333632e+00
-6.420141474184218211e+00
3.344700588052162971e+00
-2.751944815366593300e+00
3.976322020519863276e+00
-1.879482234181776512e+00
-3.740884425860774520e+00
6.294192736246700726e+00
-1.843251226413373356e+00
-4.126222190832596226e+00
3.431910182829478018e+00
3.629916376579465087e+00
-8.671321643004349156e+00
6.576062221820761167e+00
-1.544802935381684339e+00
-1.857252684282540423e-01
-6.647298114387529822e-01
-9.618745303744060671e-01
5.118981245043341843e+00
-5.913347234053634160e+00
8.718389828916439654e-01
3.878752693007630370e+00
-1.432732830338204089e+00
-5.880981881818938994e+00
9.092872948698325075e+00
-4.491089847032564641e+00
-2.005975482380770281e+00
3.739802942038461531e+00
-2.033095987919209868e+00
2.397543986595484622e+00
-5.043291094199598312e+00
4.687520457887351277e+00
1.923939056819752302e-01
-3.486968848428148249e+00
-1.480119564786605002e-01
6.740590307559470418e+00
-7.526108568593222969e+00
7.383682465451757437e-01
6.095813919927418389e+00
-6.500496622785888690e+00
3.035473649245895800e+00
-1.989940964059964346e+00
3.665494581542086738e+00
-2.994234924444697743e+00
-1.165700858636354198e+00
3.143185342838535234e+00
9.353543533655630515e-01
-6.091723985778251915e+00
4.481304863050443288e+00
3.527669475698379298e+00
-9.301978200484207093e+00
7.322967989050907178e+00
-1.869708760205291309e+00
-3.141680902134802444e-02
-1.597840110577101846e+00
1.377258723212958724e+00
1.865820736495976462e+00
-2.972294796192392674e+00
-8.591036370757545448e-01
4.326701840715887926e+00
-9.528557098239917034e-01
-6.978460321641371422e+00
1.049187885473331150e+01
-5.735755030372821750e+00
-1.152262930591180012e+00
2.841415973108004422e+00
-2.946284762202902030e-01
-3.598036339214081281e-01
-2.179330291154023325e+00
3.002356991573992051e+00
1.573318464466613165e-01
-2.192640051316916416e+00
-1.935155070685969925e+00
8.575636244550416620e+00
-9.220820550509044367e+00
2.112689341298575663e+00
5.035121324409100652e+00
-5.304688403427581633e+00
1.198867983529003700e+00
2.547164703017489873e-01
2.113956133450187291e+00
-3.173785215342876054e+00
7.266645749016746869e-01
5.188529709642232257e-01
3.321630577296315057e+00
-7.928868883324537542e+00
5.886606369759344481e+00
2.453243983550254637e+00
-8.445107561349225023e+00
6.376896682014312034e+00
-6.490613543655108231e-01
-1.040994733876901446e+00
-1.811859137224840932e+00
3.377010684872970625e+00
-1.311910790618550315e+00
7.500992880846846234e-02
-2.901260652849904087e+00
5.422715033719272881e+00
-1.587397849362173430e+00
-6.530377128447930168e+00
1.017861166752953928e+01
-5.480922367099882564e+00
-1.294135664222989757e+00
2.355452334282175375e+00
1.512417829031534655e+00
-3.499470281178085784e+00
1.786517388055321121e+00
1.045414461856568167e+00
2.109872996561192871e-01
-6.604271863740311943e-01
-1.507798556253949762e+00
-2.270467873786500945e+00
-2.893266369734703414e+00
-3.331241216079446232e+00
-3.553571696874151531e+00
-3.546325117955243744e+00
-3.313798676351217054e+00
-2.878313133388799461e+00
-2.278456447196026691e+00
-1.565909323855550372e+00
-8.011085414778023051e-01
-4.810724220962203646e-02
6.309348175582958351e-01
1.181160389237869701e+00
1.559854574722655096e+00
1.740288722975836588e+00
1.714220575590574391e+00
1.492812376302425026e+00
1.105859983054638285e+00
5.993683738339341538e-01
3.165050419576997953e-02
-5.317446271644548084e-01
-1.023863582074116430e+00
-1.382456126354344228e+00
-1.555842054435945698e+00
-1.508029728024750771e+00
-1.222630734953199738e+00
-7.052057832236433565e-01
1.620039982285065294e-02
8.924323941427210194e-01
1.856447083303713441e+00
2.828173776170300080e+00
3.720659321806876640e+00
4.447032488371913672e+00
4.927743897805493489e+00
5.097502310827581873e+00
4.911338557691946605e+00
4.349284761617643547e+00
3.419254868243968737e+00
2.157845625807199852e+00
6.289349430319139955e-01
-1.079875208309170720e+00
-2.862754797060349077e+00
-4.602708953436781769e+00
-6.179708207163397304e+00
-7.479294060127115173e+00
-8.401021323865842660e+00
-8.866100483118177777e+00
-8.823654221737701420e+00
-8.255098650687774153e+00
-7.176294609001645064e+00
-5.637277524891491254e+00
-3.719553326452589292e+00
-1.531129090209926824e+00
8.003833980101082712e-01
3.136108260612556986e+00
5.335098577536739661e+00
7.263725559714747426e+00
8.804592210071920277e+00
9.864334884632283362e+00
1.037975884451317832e+01
1.032187777376033289e+01
9.697582741348389490e+00
8.548841216041868307e+00
6.949508048273948191e+00
5.000003959432627099e+00
2.820269854180879943e+00
5.415257326516416114e-01
-1.702557741568847316e+00
-3.784634461611419365e+00
-5.591780520151155898e+00
-7.032352897880518761e+00
-8.041152092281038222e+00
-8.582568468040873810e+00
-8.651550505651666612e+00
-8.272400386737809086e+00
-7.495565324246586059e+00
-6.392739095648408920e+00
-5.050706270362098849e+00
-3.564442936472499213e+00
-2.030026684378551938e+00
-5.379030266655810966e-01
8.329932443663660147e-01
2.019850168449907279e+00
2.979029877345959143e+00
3.687402131101646496e+00
4.141949237684947605e+00
4.357773834302916427e+00
4.364768142286147068e+00
4.203305029356792843e+00
3.919379623331797013e+00
3.559660317009829988e+00
3.166898057946248457e+00
2.776094481710247752e+00
2.411747579121384710e+00
2.086385805515762026e+00
1.800477557617696345e+00
1.543673734679538834e+00
1.297217962536992841e+00
1.037252656823848707e+00
7.386685692074053122e-01
3.790976379315122990e-01
-5.736217161104129048e-02
-5.770750092952128263e-01
-1.174771873417882695e+00
-1.832664630319426946e+00
-2.520889586360181678e+00
-3.199276823456873586e+00
-3.820316742572122060e+00
-4.333080782464685754e+00
-4.687759245991955481e+00
-4.840414007928693252e+00
-4.757513588631386625e+00
-4.419825685567122520e+00
-3.825287552606821961e+00
-2.990554161280103873e+00
-1.951031460209454060e+00
-7.593284174853356383e-01
5.178036775031409356e-01
1.803844358423297267e+00
3.017871711598948625e+00
4.080513722399726539e+00
4.920011892903959350e+00
5.477903762284315192e+00
5.713849771997805860e+00
5.609188659803685972e+00
5.168899996335169611e+00
4.421775329206889538e+00
3.418740954883663363e+00
2.229424207628109667e+00
9.371991984528853514e-01
-3.669247406210436324e-01
-1.591108721558968542e+00
-2.649656908652503695e+00
-3.469606594653414255e+00
-3.996408018415776642e+00
-4.198230833010531349e+00
-4.068536981188991319e+00
-3.626692968661547223e+00
-2.916547770442881937e+00
-2.003063757556811098e+00
-9.672442221087957925e-01
1.002602910842806949e-01
1.106374878365785630e+00
1.963088637053090890e+00
2.594617042848989197e+00
2.943665965495297687e+00
2.976289705379321582e+00
2.684941162652251023e+00
2.089450910815459306e+00
1.235832815091733483e+00
1.929843398388954023e-01
-9.524835999917458107e-01
-2.102902690116814632e+00
-3.157183887456409543e+00
-4.018847397910042751e+00
-4.603822049281375506e+00
-4.847402147874440459e+00
-4.709809859160581702e+00
-4.179914621763652249e+00
-3.276800208508033663e+00
-2.049034072948725971e+00
-5.716698543428351265e-01
1.058811347267276881e+00
2.731255692589144690e+00
4.327790045870933078e+00
5.732382721075730103e+00
6.839371234479180828e+00
7.561316978609305295e+00
7.835596027032707411e+00
7.629229816819995236e+00
6.941591871287656090e+00
5.804786716981888972e+00
4.281672291280830045e+00
2.461673866999396498e+00
4.547022054154563619e-01
-1.616371340758437913e+00
-3.624125356997829339e+00
-5.445265552213568228e+00
-6.968935605679543954e+00
-8.104062871872397267e+00
-8.785219433186714610e+00
-8.976596788357563028e+00
-8.673839219590059102e+00
-7.903644878488252701e+00
-6.721211931801440720e+00
-5.205766588037170628e+00
-3.454548216292790741e+00
-1.575733621921072247e+00
3.191499545280995775e-01
2.122749986528686517e+00
3.738800241277837166e+00
5.087930894585772634e+00
6.111989613284685596e+00
6.776614136770109376e+00
7.071941940356895273e+00
1.249830664502013411e+00
6.122247843386614541e-01
1.016985737343504503e+00
-2.070479718448678952e+00
-2.265929799252942356e+00
8.849356424828286549e+00
-9.589326259623041082e+00
2.723390258903280348e+00
4.048175038378768242e+00
-3.608740489581418132e+00
-1.472016944980813591e+00
3.462560345185021760e+00
-4.378009684595687290e-01
-2.307420607716403005e+00
1.476154088298937905e+00
-8.504711129507021017e-01
4.445356244360047171e+00
-8.747934138937999649e+00
6.822117843421710681e+00
1.128387026510957014e+00
-6.700730944772926634e+00
4.189835944050758876e+00
1.866676334220474409e+00
-3.236811616063593799e+00
-9.594403926744914379e-01
4.374428182536149734e+00
-3.523401199359772917e+00
2.251328330590060656e+00
-4.334197099644790718e+00
6.402358208224487868e+00
-2.769053078293294945e+00
-4.904852979169151084e+00
8.325741563143298052e+00
-3.688903431531413979e+00
-2.713443304469679518e+00
2.834840828278968328e+00
2.581723707439809612e+00
-6.047851300045886447e+00
4.245866767622749727e+00
-1.612406671299643435e+00
2.137968450170536272e+00
-2.763358733850550308e+00
-1.239097823185254299e+00
7.439857517315049407e+00
-8.313472669542282034e+00
2.058259666098682494e+00
3.843331791347127879e+00
-2.291353741165740754e+00
-4.007316000488875929e+00
6.703486137445990423e+00
-3.246557509115977069e+00
-8.410622984936364510e-01
1.195433911369571334e+00
-7.809506692942222994e-01
3.898614998467819781e+00
-7.981466769012574680e+00
6.596676586377168583e+00
3.500912215859321996e-01
-4.942106287848066160e+00
1.643513926264505098e+00
4.897976920077530494e+00
-6.069987132241901229e+00
7.413194523504857969e-01
4.227033340836467090e+00
-4.316479254598086790e+00
2.896392678294678280e+00
-4.391987308890314523e+00
6.461858268513536174e+00
-3.689090064705486505e+00
-2.889750034368677500e+00
5.650600975047783692e+00
-9.221076752253827280e-01
-5.104290236193529395e+00
4.310394089777247473e+00
2.527182677309356418e+00
-7.324304475973467454e+00
5.954138380443559697e+00
-2.774816799446974347e+00
2.677778068288660940e+00
-3.528237332693806128e+00
5.176747189847161756e-01
4.836311920243122842e+00
-5.692463321911852780e+00
1.561145086604889265e-01
4.698114529998656863e+00
-1.950278509965229556e+00
-5.557434433908291282e+00
9.005206231867141753e+00
-5.365492197129159813e+00
4.202353558659426280e-01
4.925935892240993486e-01
3.203926826193606026e-01
1.896504302319957258e+00
-5.641320129491061763e+00
4.983608083641231090e+00
6.152911268941267942e-01
-3.927074590551730804e+00
-3.163521497383849912e-01
7.441114063511738763e+00
-8.629950377918355287e+00
2.596706919801565761e+00
3.352036331999070029e+00
-3.838814133811274232e+00
1.929483614486324550e+00
-2.798267147859705428e+00
5.133465282909835281e+00
-3.680448377691168726e+00
-1.334239884905408680e+00
3.113659442049751647e+00
1.870927188016534570e+00
-7.674253092531404974e+00
6.264856077955656133e+00
1.535256529293514749e+00
-7.202867240899006873e+00
6.004567960556913775e+00
-2.334778349539214926e+00
1.971398068312174345e+00
-3.592115735368187845e+00
2.143442278892008002e+00
1.928861738589830566e+00
-2.538883973916317149e+00
-2.377195828682831635e+00
6.319916395919651819e+00
-2.650465588793472271e+00
-5.731865035390026009e+00
9.741805672874631838e+00
-6.040035266607652886e+00
6.749872470854825224e-01
1.748129152770605543e-01
1.661544977299576509e+00
-8.225219074645848671e-01
-2.333868274251787334e+00
2.352218606686617974e+00
1.880985484257168272e+00
-3.969429208590403046e+00
-1.065568303145079554e+00
8.669497506066289105e+00
-1.001768685953253524e+01
3.743269393618687602e+00
2.516679867862434250e+00
-2.740668202733429482e+00
-1.307046215155120983e-01
1.008904688062035593e-01
2.520258441397976501e+00
-2.536276870393126437e+00
-7.731281150632822730e-01
1.520981367178116717e+00
3.733620899570197160e+00
-9.461411541309754369e+00
7.854220943967611390e+00
2.611965440157260065e-01
-6.132678247341599942e+00
4.649348691685649904e+00
-3.469813713728191473e-01
-1.520763778078048079e-01
-2.520163140984579275e+00
2.932629798770368001e+00
-3.651376611685439588e-01
1.422114481247822582e-01
-4.601141859741696649e+00
7.962745080094448369e+00
-3.912377069978347777e+00
-4.735701469306348166e+00
8.877000543395807242e+00
-5.030231695483907473e+00
-5.051373635941207585e-01
8.642085975301294631e-01
2.431821657431222139e+00
-3.312888084123889687e+00
9.749583409571985770e-01
-4.591197310266168508e-01
3.565931328753574547e+00
-4.812666862931047618e+00
-5.419964328568356304e-01
8.260689812729273385e+00
-9.722894139183043904e+00
3.536739437915420226e+00
2.473080111373195056e+00
-1.864226740494424828e+00
-2.396182077782594622e+00
3.464941821341299466e+00
-7.141239916412853717e-01
-6.232870795090206251e-01
-1.197391874876601037e+00
1.201176478310572282e+00
4.082802624358111032e+00
-9.732261739777936072e+00
8.280670854799671687e+00
-4.838201511785173992e-01
-4.911283627724520429e+00
2.639801549489249055e+00
2.548520272280899501e+00
-3.262400259577654893e+00
-4.336612880682619853e-01
2.646948066450261816e+00
-1.477668478906403848e+00
1.554961772169306311e+00
-5.623345818783027639e+00
8.750359797961642983e+00
-4.943996777766552775e+00
0.000000000000000000e+00
2.483624372304012784e+00
4.821621098188328958e+00
6.877884972659235707e+00
8.534681600613987840e+00
9.700197906613791332e+00
1.031426769698217782e+01
1.035188084129937280e+01
9.824248819095757312e+00
8.777379476186769836e+00
7.288296073830656141e+00
5.459206215143397323e+00
3.410072105239168927e+00
1.270143940561931695e+00
-8.309150458256999716e-01
-2.771664863915557220e+00
-4.446669947610212503e+00
-5.772885523306901412e+00
-6.694225748094408956e+00
-7.184036536098569847e+00
-7.245360590834514447e+00
-6.909051960275874649e+00
-6.229959127261604834e+00
-5.281536754842338866e+00
-4.149356036618371490e+00
-2.924054096648899925e+00
-1.694289223168242486e+00
-5.402496736425854706e-01
4.717982325685040612e-01
1.293536196162212271e+00
1.896935279289891030e+00
2.274798787920842891e+00
2.439543626386917907e+00
2.420400784609840095e+00
2.259340810996651516e+00
2.006126858306191085e+00
1.712958730372142080e+00
1.429191934752474191e+00
1.196595080018158175e+00
1.045549498382385645e+00
9.925023685370093496e-01
1.038867194676048156e+00
1.171433572472121654e+00
1.364213143562488462e+00
1.581522044359520152e+00
1.781992700519254402e+00
1.923128493968008446e+00
1.965970164123484576e+00
1.879436336979360966e+00
1.643932573286653209e+00
1.253890784156638460e+00
7.189977682795944958e-01
6.398948409014071359e-02
-6.729837712405505323e-01
-1.443287986550965130e+00
-2.191781981981514082e+00
-2.861495009194820582e+00
-3.398595409171100812e+00
-3.757210743299276068e+00
-3.903668437160494609e+00
-3.819772219362616461e+00
-3.504809696290915877e+00
-2.976093576174390964e+00
-2.267964301734805233e+00
-1.429314546332060232e+00
-5.198248587657117170e-01
3.947863479631117389e-01
1.248106139113322133e+00
1.978514887191652249e+00
2.534350959058874420e+00
2.878305561302385129e+00
2.990660323629941608e+00
2.871073223073311809e+00
2.538737726612529944e+00
2.030875785851635751e+00
1.399666303818662083e+00
7.078451070984286275e-01
2.332891925980451475e-02
-5.866956553447502110e-01
-1.061724342341149985e+00
-1.353422638140902468e+00
-1.430172532065801860e+00
-1.280272848306527544e+00
-9.134928328157623234e-01
-3.608106674615496612e-01
3.276831154342132457e-01
1.086584822974005160e+00
1.840402644635120044e+00
2.509806779897847395e+00
3.018410568703211450e+00
3.299534019191181056e+00
3.302390417967916658e+00
2.997171337223269116e+00
2.378583184503864523e+00
1.467503816277655027e+00
3.105718977363943756e-01
-1.022316541229137288e+00
-2.442463253873922380e+00
-3.848475253802847718e+00
-5.133588081497372890e+00
-6.193663446906856329e+00
-6.935255980304370738e+00
-7.283126540515848291e+00
-7.186610730393669044e+00
-6.624329047371631418e+00
-5.606843851583991345e+00
-4.177019191202054671e+00
-2.408011019479785908e+00
-3.989943069067931614e-01
1.731093836958553123e+00
3.851363076669360730e+00
5.827777709508050741e+00
7.532330467919333472e+00
8.851916915526697238e+00
9.696262963289100867e+00
1.000432490251342799e+01
9.748692181436835469e+00
8.937669499381168947e+00
7.614885466749486298e+00
5.856457019762787652e+00
3.765918078674546088e+00
1.467283932283691250e+00
-9.032428357773059080e-01
-3.206323477718687975e+00
-5.308640065560742194e+00
-7.091506557936936517e+00
-8.458330465990179903e+00
-9.340414612007585049e+00
-9.700718551071737750e+00
-9.535356002806985032e+00
-8.872775749747912499e+00
-7.770745554260221510e+00
-6.311418461199458818e+00
-4.594896248188341303e+00
-2.731805691984566131e+00
-8.354625172269967148e-01
9.857884507035115096e-01
2.635500475814261279e+00
4.034837345126217834e+00
5.126698843050052190e+00
5.878023043258235880e+00
6.280179872130155161e+00
6.347523405857346646e+00
6.114313364165944620e+00
5.630337947380878560e+00
4.955661152584231566e+00
4.154971291152268265e+00
3.292020088065751970e+00
2.424613375252666181e+00
1.600548289804664570e+00
8.547944212303768552e-01
2.080963970828579868e-01
-3.329564283301182925e-01
-7.744797572606619829e-01
-1.132671509494588502e+00
-1.430324441080810471e+00
-1.692853000525424534e+00
-1.944248719257675173e+00
-2.203376131257002157e+00
-2.480981730350601655e+00
-2.777715632694840231e+00
-3.083366097504235182e+00
-3.377389821228858668e+00
-3.630696406439733792e+00
-3.808524665666978226e+00
-3.874142158501308941e+00
-3.793017026500633104e+00
-3.537060169476484717e+00
-3.088520785833031024e+00
-2.443140863274086083e+00
-1.612232692288810831e+00
-6.234331049027317384e-01
4.799985859154758394e-01
1.641344654131899006e+00
2.793930276127269074e+00
3.865714985342283416e+00
4.784623621493051537e+00
5.484190613953397353e+00
5.909050874671507358e+00
6.019809013354894489e+00
5.796856827962721503e+00
5.242784520964240969e+00
4.383138133677562109e+00
3.265405843357784388e+00
1.956258551017838077e+00
5.372139281370160724e-01
-9.009741240318156486e-01
-2.264787981880266088e+00
-3.464789089550174062e+00
-4.422298893114206209e+00
-5.075387856292139510e+00
-5.383687585355267480e+00
-5.331626164418923786e+00
-4.929805525846489900e+00
-4.214382901653070945e+00
-3.244474867412535879e+00
-2.097759741615110141e+00
-8.645994775905658791e-01
3.588761599666905333e-01
1.478192460002365038e+00
-3.247686712127809017e+00
6.959205861401979831e+00
-2.720346408706254770e+00
-2.960904378632179146e+00
2.695247648324430756e+00
2.167953563508830506e+00
-4.818033115066780780e+00
3.345479061493819017e+00
-2.476300799894025850e+00
4.794751191597262263e+00
-5.759941383481246291e+00
7.603382956883470989e-01
6.510291163199639186e+00
-7.842765147448527152e+00
1.854183314892196899e+00
3.598624864342646390e+00
-1.856574406103364439e+00
-3.989640740506057881e+00
6.294167367824791803e+00
-3.599405927525454185e+00
1.261319543371583141e+00
-2.070170433504581187e+00
1.894417268111356023e+00
2.931330889551190921e+00
-8.289891589528949112e+00
7.154920920518549998e+00
-1.164996816998546958e-01
-4.311854021822732363e+00
8.968889798701811245e-01
5.380976633332251957e+00
-6.479974213082748236e+00
2.019225096389773544e+00
1.614893112446231349e+00
-1.408120472106185739e+00
1.424173486494658469e+00
-4.969354808977239912e+00
8.065881145560746646e+00
-5.013841764840487158e+00
-2.095615726669539214e+00
4.872365041934813235e+00
3.232376398335712331e-02
-5.981716027267751201e+00
5.227665855873880218e+00
9.600946911742083145e-01
-5.076047846589800017e+00
4.236683839295483089e+00
-2.987554978150675389e+00
4.779484449709928029e+00
-6.002272121401553306e+00
2.038027754014664961e+00
4.185715839069604982e+00
-5.047816081200060090e+00
-8.235993518571365080e-01
5.700676875433449808e+00
-2.875850091583286527e+00
-4.410174946393365047e+00
7.829608701899966050e+00
-5.249223875475896861e+00
2.228823038777661747e+00
-2.580267346512068016e+00
2.898792796542097427e+00
8.582076767127042594e-01
-5.559842742374526914e+00
4.689509855149474937e+00
1.432984523230654617e+00
-4.728179709250721174e+00
1.183750413746182950e-01
7.240466250763393674e+00
-8.823766459968110709e+00
3.929229227934469826e+00
5.760376871825452216e-01
-6.908767089277310092e-01
8.469090020581759859e-02
-2.780775391727649648e+00
5.838273153132897519e+00
-3.800711110673864912e+00
-1.872450206689884045e+00
3.451464648096350452e+00
2.245381121129773838e+00
-8.579680066573434516e+00
7.615119894254781308e+00
-5.919044451935360218e-01
-4.404380744506203982e+00
3.707015850836741677e+00
-1.836007998391679941e+00
3.173194071607884581e+00
-5.000533599416614905e+00
2.556093189933773324e+00
2.184855181658792667e+00
-2.308818907200956616e+00
-3.587773831899200072e+00
8.073001176913049193e+00
-4.518985587595063969e+00
-3.727666287031876635e+00
7.847353611395210038e+00
-5.221771212747753133e+00
1.687642416586918603e+00
-2.021570977274080416e+00
3.407608645380252543e+00
-1.258641405341710318e+00
-2.416463161440724594e+00
1.637085960455333611e+00
3.660309872858749980e+00
-5.992972131656321366e+00
4.921545969553577926e-01
7.639325971188528186e+00
-9.607586745513163606e+00
4.514501609880082533e+00
3.387171832927101112e-01
-1.293089122163659788e-01
-1.687380232922249146e+00
2.433175330126795544e-01
2.599940226894096984e+00
-1.565721931500615227e+00
-2.661710990740873584e+00
3.129369222327914812e+00
3.207475098197266838e+00
-9.885879471939485796e+00
8.958446257194673024e+00
-1.652562462084516737e+00
-3.529457593548486649e+00
2.359499568320915230e+00
5.185578914877271295e-01
2.414558238047289640e-01
-2.753001200354892930e+00
1.990496174904513804e+00
1.148297157814509362e+00
-5.015189959790358198e-01
-5.462145943719031393e+00
9.781895366054484953e+00
-6.002598215851849162e+00
-2.523700485218076217e+00
6.722755706742041149e+00
-3.696374879103231148e+00
-3.869526261884406182e-01
-1.316355232603640957e-01
2.888602532733273609e+00
-2.629672921271685837e+00
1.759582412801136142e-01
-1.002329227781705079e+00
5.680282247834306908e+00
-7.449149123686947149e+00
1.638448488534661740e+00
6.689906737422955274e+00
-8.715606457630840964e+00
3.464036156915173414e+00
1.401293750356578993e+00
-4.144027760079311840e-01
-3.026390072679180143e+00
3.136509054003302044e+00
-7.118642265649093304e-01
9.308514973200074927e-01
-3.992715986349928858e+00
3.767148756704138179e+00
2.753792933374195506e+00
-9.500071522123150203e+00
8.691676361737338041e+00
-1.535165340814494517e+00
-3.237905348582079235e+00
1.057556236075035461e+00
3.194932433519616755e+00
-3.224369497711470522e+00
1.704235167153962394e-01
5.848113360283457851e-01
1.192989589693290720e+00
-5.805070510832477382e-02
-5.795624750695814953e+00
1.005988233513135377e+01
-6.518076387882096867e+00
-1.607214186516132681e+00
5.239662883965389817e+00
-1.390797170808018013e+00
-3.420071710845582924e+00
2.760066696246891382e+00
1.338207246667448391e+00
-2.892704687559396248e+00
1.553587024896184055e+00
-2.381324956853156039e+00
6.592678703816672758e+00
-8.243337164171769871e+00
2.803731356043048351e+00
5.024693619800074451e+00
-6.639696286529629177e+00
1.086795669619138538e+00
3.703552864000345224e+00
-1.796094669219056694e+00
-3.358107058289863112e+00
5.062137445536222913e+00
-3.126632259697857297e+00
2.734632243509938387e+00
-5.045873955534386113e+00
4.739778991535723129e+00
1.304562176951221675e+00
-7.644775093629362139e+00
6.833892097986060676e+00
-2.796712902201192730e-02
-4.003444247168247649e+00
5.365695593588322154e-01
5.258500465578510585e+00
-6.216988144584973952e+00
8.696793010065615448e-01
-1.812195694555640557e-02
-8.131887430459922017e-01
-1.444390627011702621e+00
-1.857462789094121991e+00
-2.019057294723522133e+00
-1.918995699660479115e+00
-1.570578517466300728e+00
-1.008965480753020838e+00
-2.877953536468433882e-01
5.256470794125052137e-01
1.356297273861038821e+00
2.127714492471200369e+00
2.768491644857073553e+00
3.218148829458078453e+00
3.432038761314930575e+00
3.384880617199693020e+00
3.072657076205591142e+00
2.512747432578076534e+00
1.742316055366307292e+00
8.151180653183798253e-01
-2.029887597799540089e-01
-1.239435408109111680e+00
-2.220778243234231564e+00
-3.078493848012366030e+00
-3.754257116397077265e+00
-4.204278837803013147e+00
-4.402364764208957837e+00
-4.341470836486790219e+00
-4.033659129752329875e+00
-3.508495070660145654e+00
-2.810057085590526693e+00
-1.992844113276157625e+00
-1.116954878085327119e+00
-2.429682389731726566e-01
5.730280857478788903e-01
1.283833760200188134e+00
1.854587564839862424e+00
2.264993693637283201e+00
2.510153772717316656e+00
2.599961591853363174e+00
2.557146183844871246e+00
2.414169192408337050e+00
2.209284020904426438e+00
1.982138252037177306e+00
1.769340836085877999e+00
1.600418038491592476e+00
1.494546810497555001e+00
1.458384044624147613e+00
1.485211058204297219e+00
1.555493089710041854e+00
1.638823881720140818e+00
1.697096796169537569e+00
1.688627597346031406e+00
1.572860329122249379e+00
1.315225057901439287e+00
8.916905436025914788e-01
2.925689478879375249e-01
-4.748170468114739085e-01
-1.384905728364121513e+00
-2.394290454760890974e+00
-3.443784349117757770e+00
-4.462059743713637339e+00
-5.370626875843508508e+00
-6.089792714008419594e+00
-6.545143899174593827e+00
-6.674036283668446146e+00
-6.431553316828880540e+00
-5.795419134767286096e+00
-4.769418675809675712e+00
-3.384981953475498351e+00
-1.700725063596554731e+00
2.001037452231149150e-01
2.214160684301104354e+00
4.224254357102265267e+00
6.106892148746387861e+00
7.740599899647632398e+00
9.014415978545788022e+00
9.835932227017718077e+00
1.013827365141004755e+01
9.885475404549971756e+00
9.075825007031381730e+00
7.742881973025879105e+00
5.954055282378169167e+00
3.806798747737300204e+00
1.422661535647953501e+00
-1.060407734131063373e+00
-3.496972261613941590e+00
-5.743608932748797358e+00
-7.668328558972772768e+00
-9.159244959597700131e+00
-1.013187615174246048e+01
-1.053455991748874077e+01
-1.035160376121775450e+01
-9.603955284548620241e+00
-8.347360645035090343e+00
-6.668162188478717667e+00
-4.677057602545771076e+00
-2.501289057599403343e+00
-2.758407923837230546e-01
1.865710681118704528e+00
3.800032822549566092e+00
5.421931900198433851e+00
6.650758473866059894e+00
7.434895726642535507e+00
7.754053569595828144e+00
7.619260781008875938e+00
7.070622109151068813e+00
6.173073700497440086e+00
5.010515643192942292e+00
3.678813861347522085e+00
2.278236726557858915e+00
9.059195137576041557e-01
-3.510691904777252792e-01
-1.421548508046044379e+00
-2.254525252861690365e+00
-2.821696433773916990e+00
-3.118028666293454876e+00
-3.160446130372363882e+00
-2.984809643173135019e+00
-2.641501997998141782e+00
-2.190038580356932219e+00
-1.693189516916578707e+00
-1.211125441842865857e+00
-7.960820227211213851e-01
-4.879808364592237435e-01
-3.113514857547908798e-01
-2.737802757892054961e-01
-3.659747107099613483e-01
-5.633921301131179504e-01
-8.292468547545213120e-01
-1.118594389786165877e+00
-1.383103042808434768e+00
-1.576069837754593639e+00
-1.657222945867178332e+00
-1.596877813893829323e+00
-1.379076208432764350e+00
-1.003430871561151516e+00
-4.855151436138334109e-01
1.442334006136487545e-01
8.429947293604267422e-01
1.559210895423913223e+00
2.237068493592587970e+00
2.821420562028591927e+00
3.262710643286378609e+00
3.521460978093784888e+00
3.571924143587821288e+00
3.404569635929909577e+00
3.027177737157334736e+00
2.464433858253073595e+00
1.756047063347353721e+00
9.535454641564289346e-01
1.160175459741070725e-01
-6.948377932679243862e-01
-1.419926787321420747e+00
-2.007789660513454422e+00
-2.419002816707771508e+00
-2.629564712133280135e+00
-2.632960126606214146e+00
-2.440708986965978600e+00
-2.081335127356121362e+00
-1.597826530818789781e+00
-1.043790151050182136e+00
-4.786201200456758897e-01
3.791199722450455667e-02
4.511801539921647120e-01
7.168580673154965055e-01
8.052465369062481448e-01
7.043786844862499619e-01
4.216056155761578328e-01
-1.651049403807869353e-02
-5.660276115972324718e-01
-1.169064630368204183e+00
-1.758597522047251172e+00
-2.264235910559901477e+00
-2.618513431446392481e+00
-2.763170682540539325e+00
-2.654897256015904095e+00
-2.270030974891685371e+00
-1.607786160557729493e+00
-6.916931842416310650e-01
4.309297129958077899e-01
1.691495145394803057e+00
3.004517392217652016e+00
4.273543456081576153e+00
5.398219557884215369e+00
6.281966695332450001e+00
6.839677374032225643e+00
7.004829667693548423e+00
6.735446321814382742e+00
6.018403861024033574e+00
4.871714116983044462e+00
3.344549535252140160e+00
1.514952738987299208e+00
-5.146528843079116733e-01
-2.623865040888945011e+00
-4.682180352779883314e+00
-6.557793374660084496e+00
-8.126684859335698619e+00
-9.281337558018337930e+00
2.845086684240451191e+00
-9.482912236408660434e-01
1.881750608705796246e+00
-8.132503807335140777e-01
-4.519283119854993203e+00
8.637440726616381070e+00
-5.605616287823792732e+00
-1.630955397054217659e+00
4.229753432817821235e+00
7.445340417406876021e-01
-6.457530377811947275e+00
5.841450096006026271e+00
-7.013461944950925009e-01
-2.256984036510083058e+00
1.608286062579987519e+00
-2.142099121589054356e+00
5.863850925783088641e+00
-7.713694287596231547e+00
3.219719832042093888e+00
3.496205685394803808e+00
-4.263514540654895768e+00
-1.799388226403260127e+00
6.618803537719969654e+00
-3.952213176443641895e+00
-2.644420809472847633e+00
5.647247317119782117e+00
-4.027297618709912541e+00
3.094178037284039728e+00
-5.019060760210394712e+00
5.237817156189006340e+00
-3.471106666592405077e-01
-5.058763316831007550e+00
3.997202334247292654e+00
2.481693583868938457e+00
-5.753898415163564373e+00
1.080648642337185050e+00
6.103907187338585061e+00
-7.914842207333595780e+00
4.368273299728697268e+00
-1.738753459700438597e+00
2.440086783834364059e+00
-2.109421010120623219e+00
-2.158982236058047732e+00
5.869190975594973381e+00
-3.383046657743726371e+00
-2.777863070789303279e+00
4.200029216294217882e+00
1.923465165359225626e+00
-8.546415815666236426e+00
8.140261976203722938e+00
-2.370852244947650345e+00
-1.391049755940837240e+00
7.999985230664077296e-01
-5.472308391761306900e-01
3.559634200000299842e+00
-5.702484361696066095e+00
2.468984261091036636e+00
2.789013348215038768e+00
-2.487067551508799212e+00
-4.193113577043657614e+00
9.193127130342038100e+00
-6.113755821228489040e+00
-1.386191721802604748e+00
5.111264002751266133e+00
-3.387526563248919320e+00
1.779545097103932161e+00
-3.495456976352107947e+00
4.651643386084165499e+00
-1.403431790427612125e+00
-2.677022044672730416e+00
1.145889993909221305e+00
5.142059509971624642e+00
-7.881689151740266297e+00
2.404930129439755593e+00
5.688634966119067826e+00
-8.004679275207093880e+00
4.234667771926210911e+00
-1.148802964542876781e+00
2.124028627390242452e+00
-3.111203250407918564e+00
4.003057968872520966e-01
2.599069190704680565e+00
-5.276441296719869278e-01
-4.655992256638508131e+00
5.110856100577811034e+00
1.841701194359246285e+00
-9.114005826816867994e+00
8.922583937053957470e+00
-2.870290541362834791e+00
-1.104827551531806007e+00
-7.607015659558635789e-02
1.650227830555886399e+00
3.286017274902870433e-01
-2.655737642222891104e+00
6.958600988994563252e-01
3.113611113437605216e+00
-1.853646192046746632e+00
-5.310671522664426547e+00
1.053103246016394756e+01
-7.393458879691731767e+00
-3.842580535219263238e-01
4.136548956085722928e+00
-1.759467001244110929e+00
-8.149393641080684425e-01
-6.517878276827105966e-01
2.868866309505971213e+00
-1.424427013248326102e+00
-1.235814360720236982e+00
-7.911739029995252803e-01
6.975095367113335776e+00
-9.495106675075172475e+00
3.793848946654921228e+00
4.518909581033620171e+00
-6.788244294433493309e+00
2.549326584555309694e+00
9.292748029268895760e-01
5.768548607683867679e-01
-3.191509978876045039e+00
2.295644355871172770e+00
-1.787707250983779361e-01
1.984167481186102755e+00
-6.449848179749810839e+00
6.400863269053443716e+00
7.796085294998114090e-01
-8.183971050016960902e+00
7.996770375617634485e+00
-1.819023196650026541e+00
-1.966123668132970126e+00
-2.637019832954017318e-01
3.539625328664246950e+00
-2.858071399770060417e+00
5.359414122656276369e-01
-1.431422386670857083e+00
4.115624544551788944e+00
-2.339173250256571635e+00
-4.892461124841302578e+00
1.016295853397740956e+01
-7.175708126385298868e+00
-3.640999360959457087e-01
3.539919842240058401e+00
-1.932086101624541641e-02
-3.828466538637801175e+00
2.785627226971863823e+00
3.531275924221879414e-01
-5.262015610286732148e-01
-9.730283908876016241e-01
-1.289721908460517152e+00
7.274472303135436135e+00
-9.802594535434117518e+00
4.434104519245687825e+00
3.396963995645660095e+00
-5.029424801199142259e+00
-1.358980669664111574e-02
3.998115370346204678e+00
-1.982798360487177280e+00
-2.219236767118120124e+00
3.047817374184155881e+00
-1.718802850065639598e+00
3.269502073054327607e+00
-7.264291130048617262e+00
7.247209570549389746e+00
-5.516318175148438030e-01
-6.339088166836073235e+00
5.792386183728608806e+00
5.572234730163050376e-01
-4.020484866882466868e+00
6.033316025550994333e-01
4.443786508544745217e+00
-5.099270710895528858e+00
2.889489779681466697e+00
-2.993241329242711135e+00
5.039686368696434826e+00
-3.392959760741832032e+00
-3.284869004882315480e+00
8.237293489774106803e+00
-5.398371372760763620e+00
-1.629282542326688121e+00
3.890286519068625104e+00
1.017767212044544678e+00
-6.284909154899546380e+00
5.820828867567368725e+00
-2.032496795825497582e+00
6.716500419356590257e-01
-1.551902792224707506e+00
-4.239950823086715559e-01
5.893390456369872688e+00
-8.463794006466770270e+00
3.796006221934001168e+00
3.042126966086909690e+00
-3.609975407290291205e+00
-2.488882738868850364e+00
7.138003084643039564e+00
-4.825845209224822518e+00
-6.227190123214541018e-01
2.747937916846999062e+00
-1.812794675249348675e+00
2.896762200837733392e+00
-6.512965850305189264e+00
6.946961583401163765e+00
-1.350936974583529793e+00
3.838008091092539154e+00
3.973809965674655498e+00
3.921109613535739058e+00
3.657525535298444819e+00
3.175466477253396924e+00
2.484050902722775511e+00
1.609620791526975569e+00
5.947528701931914519e-01
-5.041990373726270569e-01
-1.620867010394600571e+00
-2.683655955862576548e+00
-3.621177344818466537e+00
-4.367887656822308173e+00
-4.869461093509809047e+00
-5.087437361343466691e+00
-5.002735745897044062e+00
-4.617712607595414909e+00
-3.956554099174558914e+00
-3.063930126227822015e+00
-2.001978388658090413e+00
-8.458269507223721284e-01
3.220114843147747763e-01
1.417941149453262550e+00
2.363782975482153770e+00
3.092949585173325744e+00
3.555789854725910804e+00
3.723656415194709801e+00
3.591345983050943325e+00
3.177689004890019930e+00
2.524211827337935254e+00
1.691949749021108396e+00
7.566403461183566215e-01
-1.973389504318170395e-01
-1.083818045141429209e+00
-1.821924752818646853e+00
-2.342849721163055232e+00
-2.595734509666584255e+00
-2.552194081809981085e+00
-2.209087514827641208e+00
-1.589285598210985473e+00
-7.403407242165043201e-01
2.688692389668180804e-01
1.353288748598926894e+00
2.418243722619685343e+00
3.366914126962324616e+00
4.108142681403123220e+00
4.563967665249938577e+00
4.676281055104320572e+00
4.412073800660468947e+00
3.766833571090004718e+00
2.765798983882239437e+00
1.462937530856259549e+00
-6.231048622877333187e-02
-1.710306342162210003e+00
-3.368131883944716964e+00
-4.917649118310000844e+00
-6.244104112704196297e+00
-7.244632071783243532e+00
-7.836022819564094632e+00
-7.961157499191689801e+00
-7.593624239484217497e+00
-6.740155427246490305e+00
-5.440691700021919708e+00
-3.766055319494526099e+00
-1.813394519892143730e+00
3.002730228353525099e-01
2.445948067641664725e+00
4.491394064124602181e+00
6.310101301781272376e+00
7.789821377924021739e+00
8.840058480514905170e+00
9.397986120694469037e+00
9.432379502277660421e+00
8.945305011689434593e+00
7.971477444273352475e+00
6.575369359204872310e+00
4.846321946182730045e+00
2.892050386626254799e+00
8.310481045432438485e-01
-1.215534622412782095e+00
-3.131936368423913652e+00
-4.815173896339018711e+00
-6.181259159279559157e+00
-7.169830944203161138e+00
-7.746920510295668194e+00
-7.905721389915179032e+00
-7.665390488997743113e+00
-7.068058173364929253e+00
-6.174357309769304081e+00
-5.057885071384079723e+00
-3.799079016539497644e+00
-2.479015872276828514e+00
-1.173626367580693497e+00
5.123541215381477443e-02
1.143518887928463013e+00
2.067266166711834607e+00
2.803360938808494573e+00
3.348770372301743681e+00
3.714442179575796477e+00
3.922130154943477720e+00
4.000505708595484045e+00
3.980963534194242204e+00
3.893542779251677910e+00
3.763360412154061141e+00
3.607893626014215371e+00
3.435358814574828390e+00
3.244324116765193722e+00
3.024570747555594519e+00
2.759096220647530906e+00
2.427041008595692606e+00
2.007229110156739882e+00
1.481950532618899086e+00
8.405854805002581642e-01
8.267872189985459030e-02
-7.798823821126781297e-01
-1.721855085132054208e+00
-2.704958981514771654e+00
-3.679568815524543179e+00
-4.587699588642934145e+00
-5.367078338158413509e+00
-5.955989493985443417e+00
-6.298498298556415520e+00
-6.349607031994352724e+00
-6.079886657051691401e+00
-5.479153776612671223e+00
-4.558827943468677368e+00
-3.352702605392107404e+00
-1.915986666056123777e+00
-3.226128897895934600e-01
1.339047189355097700e+00
2.971786471119590711e+00
4.476091651323868881e+00
5.757119404639014171e+00
6.731589630748310071e+00
7.334057408443237946e+00
7.522060019854032831e+00
7.279711413573328294e+00
6.619428345641189537e+00
5.581611751369313978e+00
4.232262896234593619e+00
2.658674274479786881e+00
9.634872979304551777e-01
-7.424597136712889345e-01
-2.347969615533101795e+00
-3.749426568587305830e+00
-4.858238779766680615e+00
-5.607215722113444656e+00
-5.955387762750388170e+00
-5.890891379877068346e+00
-5.431688880795860541e+00
-4.624056532349476889e+00
-3.538946459796597388e+00
-2.266492134053683216e+00
-9.090717873571305674e-01
4.265427925300424583e-01
1.637351989249156148e+00
2.631982218145771935e+00
3.337623880421633604e+00
3.705518803648847559e+00
3.714573808687103629e+00
3.372821526776337286e+00
2.716616089524284128e+00
1.807626847590213748e+00
7.278641228435920318e-01
-4.268762081627693328e-01
-1.554639732446050360e+00
-2.555419425536834321e+00
-3.339110806132214115e+00
-3.832698686445874525e+00
-3.986117977870986984e+00
-3.776334407923896741e+00
-3.209329560250495650e+00
-2.319837473796973804e+00
-1.168854355841530968e+00
1.608848685169137482e-01
1.571112866881597014e+00
2.955439939983302899e+00
4.207397531439612592e+00
5.228498451118809953e+00
5.935698597286578782e+00
6.267694148926093334e+00
6.189580898592954128e+00
5.695531079903134675e+00
4.809297403892614398e+00
3.582521799362353931e+00
2.090994334313688530e+00
4.291628498084345544e-01
-1.296676033264396732e+00
-2.975978591864139489e+00
-4.501769059808715667e+00
-5.778081015063922798e+00
-6.726475942140324626e+00
-7.291169786297796662e+00
-7.442413478132160698e+00
-7.177914167570098591e+00
-6.522238753178045911e+00
-5.524297739132430607e+00
-4.253153051309236155e+00
-2.792516790917813907e+00
-1.234399545033034062e+00
-4.449043640652957876e+00
3.180267136721524945e+00
3.495588263479247892e+00
-6.738766580927639360e+00
2.327557445440631145e+00
4.199225744533634952e+00
-5.921518450651771737e+00
3.724909591125330266e+00
-3.209266264074089214e+00
5.076136854628437334e+00
-4.209489849009763418e+00
-1.264946269657870381e+00
5.454776102913330149e+00
-2.603085052172319891e+00
-3.896686078821332000e+00
5.240504615135161970e+00
9.462828112918462153e-01
-7.487205418324508699e+00
7.585966526240634167e+00
-3.383161688160711833e+00
1.326556569194191848e+00
-2.238818796373883035e+00
1.195620703015948916e+00
3.299271357960285478e+00
-5.754590480868012392e+00
1.895391385719233490e+00
3.752668976884308005e+00
-3.144067823039689014e+00
-4.016054908366201381e+00
9.371114060041424665e+00
-7.005162308446520214e+00
7.991297803899712893e-01
1.989979581445964207e+00
-8.462981700291121179e-01
1.055764618916620101e+00
-4.183033566379664059e+00
5.252181319396492576e+00
-1.104663566429232802e+00
-3.282996096562744714e+00
1.111030983909807812e+00
5.994130955296181895e+00
-9.218008085528914819e+00
4.227892628534233310e+00
3.205317507697412971e+00
-5.449469743460775284e+00
2.935581426745269340e+00
-1.778854565699881096e+00
3.738714494277100009e+00
-4.110544915140441624e+00
3.138685976899364682e-01
2.773820914583971842e+00
2.699263876684865338e-01
-6.387893442479922967e+00
7.091477450435673013e+00
-6.811898162756180319e-02
-7.286698828266068517e+00
7.687529369482927422e+00
-3.137508944070887651e+00
7.588897500168636512e-01
-2.255361185185308592e+00
2.711496185326589536e+00
3.724910009089379415e-01
-2.473116651702049307e+00
-6.802738841005711024e-01
5.257258505187486719e+00
-3.718865564288700298e+00
-4.183390168056215330e+00
1.005256326331130268e+01
-7.750894855365737968e+00
1.235894279774491178e+00
1.580894612554352596e+00
3.985324065720337039e-01
-1.531900646024129120e+00
-8.606587925175593901e-01
2.510869171581338932e+00
1.658108240934885735e-01
-3.175671208612143026e+00
2.271381768004490653e-01
7.212577124468947609e+00
-1.055112668231546103e+01
5.439278282187338220e+00
2.223070063434091637e+00
-4.318521166224019048e+00
1.018428468968703093e+00
9.764280696645923907e-01
1.107316971873920197e+00
-2.869201304948701292e+00
8.999097601320316109e-01
1.013610975957079718e+00
2.256322004770185075e+00
-8.139993411351055030e+00
8.605182297051225504e+00
-1.382745383970216846e+00
-6.113699057054168051e+00
6.353704848646478887e+00
-1.324238001556978572e+00
-1.225664406838431031e+00
-1.149170776265882488e+00
3.406872642349113800e+00
-1.963727033492120633e+00
3.748472677667451514e-01
-2.995915839473076492e+00
6.822125138459185223e+00
-4.872844710712343819e+00
-3.173977817447482863e+00
9.121795485217035093e+00
-6.798731486512482824e+00
2.382579786332366667e-01
2.156716900545983862e+00
1.105754076366560312e+00
-3.922764573352622186e+00
2.495504232833273939e+00
-4.502708507942347893e-01
1.895788790623433862e+00
-3.891691959025176395e+00
6.143354691438513981e-01
6.805222781672251031e+00
-1.020722051634195537e+01
5.301616081171976802e+00
2.013181547736338395e+00
-3.370303432100829166e+00
-1.147742172520390458e+00
4.230945789845510951e+00
-2.172111158608455384e+00
-8.326802188130884019e-01
4.807350895746038688e-01
5.252433264330532703e-01
2.752212362594744111e+00
-8.403602199793914096e+00
8.974619896385631179e+00
-2.184842529924077681e+00
-4.759053018582184436e+00
4.321049248700214562e+00
1.437130810215282217e+00
-4.219348141899184057e+00
9.799698574849231569e-01
3.023605284085222777e+00
-3.122914514915847484e+00
1.977594946401640463e+00
-4.148752803167617742e+00
7.568488095447190034e+00
-5.819779019338249704e+00
-1.653387144847997980e+00
7.107939188322392354e+00
-4.509381818162323086e+00
-2.059186323778027017e+00
3.873923719660730569e+00
7.948607311846456192e-01
-5.347632865520917100e+00
4.937111191505788810e+00
-2.653457819923014327e+00
3.213458276430276594e+00
-4.746102711233144866e+00
1.797429074164107021e+00
5.044656719433803005e+00
-8.258892251980363142e+00
3.668235275166587428e+00
2.973028756562514641e+00
-3.265491936688830865e+00
-2.679198102745516508e+00
6.984482414866699074e+00
-5.133534931723755079e+00
1.211348742156820535e+00
-4.228930744809866749e-01
1.071053537492597352e+00
1.745285254668004660e+00
-6.957485093099725404e+00
7.789828142891414231e+00
-1.875857711864125310e+00
-4.004190978392078826e+00
2.510785153357797395e+00
4.182846415209866109e+00
-7.354622567531151844e+00
3.499363279594931875e+00
1.871268464561386846e+00
-3.081810595200696223e+00
2.035372805292057219e+00
-3.641846590880973178e+00
6.862862737995779838e+00
-5.819207084773353245e+00
-4.506469321436501474e-01
4.888668145988873448e+00
-1.727007081953234602e+00
-4.963956246914258408e+00
6.312631333571712133e+00
-4.648383711095758208e-01
-5.523532468759068337e+00
5.902266977915300750e+00
-3.368675365673427624e+00
3.319115094868105409e+00
-4.927272750108129706e+00
2.979240723950792535e+00
2.685101499136146153e+00
-5.358372049893057820e+00
9.982255837370069829e-01
4.932813156392251486e+00
-4.183585273709640617e+00
-3.056667626560523487e+00
8.462873468468936622e+00
-6.879071835700194981e+00
