0.000000000000000000e+00
7.557526441955030094e+00
-5.999498262414183714e+00
2.549516843553131462e+00
-5.272334397392836713e+00
7.090905980763793970e+00
-1.125268966996379127e+00
-3.805003640440076218e+00
-7.669259513107391513e-01
6.693006248266247127e+00
-4.907188461636691201e+00
2.015013839346518676e+00
-5.344534093023901811e+00
7.074927810784702231e+00
3.190178104800431291e-01
-8.013860930583541986e+00
6.613660660073844788e+00
-3.032543987129203256e+00
5.570339146108358008e+00
-7.410294761106221095e+00
1.406949403891021078e+00
3.876757172213297853e+00
3.347469038188761736e-01
-6.221740142801476914e+00
4.482030173888054136e+00
-1.438032672140177048e+00
4.659123378480911626e+00
-6.576902186904460379e+00
-6.272722076836128036e-01
8.433455118417416685e+00
-7.177356140454431710e+00
3.456077357404070405e+00
-5.795299471019758286e+00
7.647431870592316550e+00
-1.610635419989826289e+00
-4.018759136932988696e+00
1.669954675455587179e-01
5.683562086145000691e+00
-4.005079663825016567e+00
8.283832309494587598e-01
-3.954119712801998698e+00
6.074442718579480704e+00
9.142068965573915129e-01
-8.806392215573708881e+00
7.681788495595114341e+00
-3.813228026230552015e+00
5.942649098729463120e+00
-7.800048238710235893e+00
1.736510345459808757e+00
4.228027728799762741e+00
-7.326580099408923630e-01
-5.086117854328128018e+00
3.485493632096045680e+00
-1.965047488752005300e-01
3.240674077370328199e+00
-5.578490787349253743e+00
-1.169675930198859515e+00
9.123502840478238340e+00
-8.119193105010566569e+00
4.098364060071491011e+00
-6.009245057071851193e+00
7.867386732437300800e+00
-1.786264694498659544e+00
-4.500160686366302620e+00
1.355328599454734384e+00
4.438103837213149383e+00
-2.933193107941945321e+00
-4.467288716659134629e-01
-2.530028358545570288e+00
5.099729366981031298e+00
1.384139236081318280e+00
-9.376539196042610769e+00
8.482980332964853432e+00
-4.307214942369027355e+00
5.993427366201323991e+00
-7.850214194258046341e+00
1.763059876793509506e+00
4.829418348546626660e+00
-2.026951475645756950e+00
-3.749106681310713896e+00
2.358676917718328436e+00
1.090211913184064851e+00
1.833307230183157444e+00
-4.648381381414101732e+00
-1.548846767585218442e+00
9.558332114862697182e+00
-8.767856987971986982e+00
4.436950452127193856e+00
-5.895050962776972270e+00
7.750805005456524732e+00
-1.671464294029187947e+00
-5.208831957889099584e+00
2.738474092368393009e+00
3.029426318779750993e+00
-1.772824361734175236e+00
-1.722814075471705841e+00
-1.161312298865551540e+00
4.234016842698835603e+00
1.656007823065225315e+00
-9.662928027160253563e+00
8.969923570475533126e+00
-4.486232521478391355e+00
5.715489257554635216e+00
-7.572896484862567057e+00
1.517363024551145578e+00
5.630335180258200012e+00
-3.480012737075870888e+00
-2.289885696868420695e+00
1.186690799060776680e+00
2.333588202591881267e+00
5.243223671752375026e-01
-3.865372385170939395e+00
-1.698942352745224538e+00
9.685703281364361317e+00
-9.086745488394535997e+00
4.455239101527689982e+00
-5.457609258374009897e+00
7.321616961037858751e+00
-1.307842794403305753e+00
-6.084916374687978191e+00
4.241033818900093344e+00
1.541630771252755716e+00
-6.112999728486557816e-01
-2.911974611703564975e+00
6.809644440933748655e-02
3.550186579581811053e+00
1.672211411371162804e+00
-9.623453671561785328e+00
9.117396908072066708e+00
-4.345659590487697344e+00
5.125718723484188999e+00
-7.003387867981792247e+00
1.051054396214350817e+00
6.562788758043958559e+00
-5.010547432023588321e+00
-7.959245091366700109e-01
5.743696975538759020e-02
3.447998194567712726e+00
-6.072671612545290643e-01
-3.295054114926586841e+00
-1.571724305503938934e+00
9.474457490624832445e+00
-9.062476420987222170e+00
4.160661911193632712e+00
-4.725486334392641652e+00
6.625801701231646135e+00
-7.560551401635322577e-01
-7.053575273488247532e+00
5.777309570658690774e+00
6.393876018538380279e-02
4.645543048650742080e-01
-3.932454597995348688e+00
1.085561699705944960e+00
3.105301581881017459e+00
1.394820421207181971e+00
-9.238510923906693151e+00
8.924094234773901846e+00
-3.904831856533450107e+00
4.263836383121818230e+00
-6.197478123583373133e+00
4.326342955486204289e-01
7.546504695955619013e+00
-6.530029209685681124e+00
6.434521067665799343e-01
-9.449653390343391024e-01
4.357081994151290161e+00
-1.496540902802483863e+00
-2.984887186675836190e+00
-1.140324192533695546e+00
8.916935116688673446e+00
-8.705831130736148893e+00
3.584085841168039188e+00
-3.748819946449974960e+00
5.727900919105492150e+00
-9.112480032412095809e-02
-8.030615297011504339e+00
7.257576373674350378e+00
-1.315871936446031842e+00
1.374905272385953614e+00
-4.714715221682123314e+00
1.835072245231743615e+00
2.936326275487990856e+00
8.085721747416987348e-01
-8.512554779376465319e+00
8.412669959149612353e+00
-3.205558696434084087e+00
3.189464960413070038e+00
-5.227238852984899431e+00
-2.577952266260561398e-01
8.494962249585510605e+00
-7.949187298387702327e+00
1.943634130150096340e+00
-1.746467783567774212e+00
4.999419409014823401e+00
-2.097423004800742952e+00
-2.960644065464516750e+00
-4.014117090793356546e-01
8.029648727799994390e+00
-8.050900958279509467e+00
2.777468613137766162e+00
-2.595608003833153710e+00
4.706153796282710466e+00
6.033074445656054774e-01
-8.928824882774909710e+00
8.594662843227634852e+00
-2.517920015930488642e+00
2.052879477996777613e+00
-5.206600575722531765e+00
2.281327157598513011e+00
3.057356468336407396e+00
-7.782880142316606076e-02
-7.473873281872861263e+00
7.628002673585211113e+00
-2.308961765324889726e+00
1.977710942466865518e+00
-4.175599713270695901e+00
-9.346608741504287554e-01
9.321909899538201927e+00
-9.184556439467630895e+00
3.030940906095725751e+00
-2.288626993943417620e+00
5.333091139306930906e+00
-2.386024746575916122e+00
-3.224479365835848377e+00
6.243974535402379011e-01
6.852159954494981164e+00
-7.152500710816580565e+00
1.809939528993701252e+00
-1.346665869136637994e+00
3.646616280159777013e+00
1.241378208435743202e+00
-9.664546745582425658e+00
9.710348055135465728e+00
-3.476080807976794862e+00
2.449560443900042461e+00
-5.377208725079103857e+00
2.412272989263148038e+00
3.458566162638680996e+00
-1.232203169307708013e+00
-6.172589344347743534e+00
6.633806972063901242e+00
-1.290871535997517583e+00
7.135919945664528363e-01
-3.130121004542200325e+00
-1.513456979150810566e+00
9.947871464692102705e+00
-1.016460091936278509e+01
3.848017116618434486e+00
-2.532971251810829383e+00
5.338787177166880227e+00
-2.362328920097966023e+00
-3.754772912337418500e+00
1.893925210097510359e+00
5.444243592145308064e+00
-6.082042389541587823e+00
7.625980689029847603e-01
-8.962829452149190246e-02
2.636703742845461829e+00
1.741561802176835982e+00
-1.016399559136592678e+01
1.054109807205445470e+01
-4.142817030805794332e+00
2.537642926718704395e+00
-5.219179189690629883e+00
2.239903896408452333e+00
4.106949794941961329e+00
-2.601145831816259246e+00
-4.677040161592756817e+00
5.507846481079718970e+00
-2.361255023853692236e-01
-5.142742016094121738e-01
-2.176427468017804845e+00
-1.917204093417582023e+00
1.030615691191820105e+01
-1.083495618272893601e+01
4.358007888930421458e+00
-2.463873820735477338e+00
5.021230509044032786e+00
-2.050090824505249820e+00
-4.507757230280945215e+00
3.344503599870849886e+00
3.881550056248371572e+00
-4.922177298183091132e+00
-2.775813728914293677e-01
1.087556588935908231e+00
1.758639022384974604e+00
2.032905881116053859e+00
-1.036884926489436687e+01
1.104271450831213386e+01
-4.492620110098251018e+00
2.313471444416390632e+00
-4.749226191035017308e+00
1.799265473686280092e+00
4.948804449732140398e+00
-4.113864495187360859e+00
-3.068803875091421496e+00
4.336105517472192972e+00
7.678062495132316201e-01
-1.620248906279166068e+00
-1.391793403328658307e+00
-2.082344638870996079e+00
1.034792894436504085e+01
-1.116239732550489450e+01
4.547201939403192839e+00
-2.089718445827837279e+00
4.408809920400772242e+00
-1.494963731665762019e+00
-5.420807927565652662e+00
4.898507608968442284e+00
2.250089337460323247e+00
-3.760606535984140297e+00
-1.224283545843082965e+00
2.103155908777461836e+00
1.083294875650040456e+00
2.060476419325018238e+00
-1.024069570804334894e+01
1.119354867039123924e+01
-4.523805724841325038e+00
1.797310890765809299e+00
-4.006877905056862588e+00
1.145737105887652874e+00
5.913766700754107042e+00
-5.687321950315991970e+00
-1.436744067822661064e+00
3.206354468080766296e+00
1.637392199234397161e+00
-2.528028313260461513e+00
-8.393578889568780177e-01
-1.963634975344963340e+00
1.004594686804943748e+01
-1.113723873686705979e+01
4.425945986973387036e+00
-1.442270000869652291e+00
3.551449333989093127e+00
-7.609891829609387592e-01
-6.417151289381815005e+00
6.469010682398513623e+00
6.399475195904901215e-01
-2.683521905937078955e+00
-1.998337375744190680e+00
2.887716308058766668e+00
6.648904070447367864e-01
1.789605005640176216e+00
-9.764003446490992388e+00
1.099604181653639223e+01
-4.258530071200512523e+00
1.031829003916762577e+00
-3.051515826896074479e+00
3.507961153577001667e-01
6.920102674680117971e+00
-7.232298963488803523e+00
1.294840667692380709e-01
2.201589197437574530e+00
2.299316688601594993e+00
-3.176302451341959543e+00
-5.634018360467076825e-01
-1.537668146846218331e+00
9.396707901528674967e+00
-1.077398619599579810e+01
4.027762686446371809e+00
-5.742972171537306103e-01
2.516872697460727171e+00
7.428549609938794873e-02
-7.411637603016011155e+00
7.966141501469157227e+00
-8.612958330037814303e-01
-1.769166816754730975e+00
-2.533667808076389694e+00
3.389211468417155704e+00
5.369372768998119660e-01
1.208620845017154499e+00
-8.947393462314513712e+00
1.047647695286945968e+01
-3.741026123536089987e+00
7.890391134016527808e-02
-1.957935192923955903e+00
-5.034197191733174037e-01
7.880856365433971611e+00
-8.659925935654804618e+00
1.545981890340599296e+00
1.393834157358891712e+00
2.695994694174177475e+00
-3.523294891418439434e+00
-5.860393341285958790e-01
-8.047637666384084287e-01
8.420825643218307732e+00
-1.011019309981051606e+01
3.406738402443788338e+00
4.443751177951054121e-01
1.385543154210605366e+00
9.256976331624904297e-01
-8.317149155784584025e+00
9.303668237821039355e+00
-2.174958813754314768e+00
-1.081997769237142304e+00
-2.782270084292396195e+00
3.576888956358557969e+00
7.097381963229900670e-01
3.298629428189841506e-01
-7.823117029097719666e+00
9.682961006302424067e+00
-3.034192011268305400e+00
-9.850050197431026167e-01
-8.107577578329131507e-01
-1.330345026463267688e+00
8.710397136926280481e+00
-9.888196473795005659e+00
2.740721796493706286e+00
8.387716975155445898e-01
2.789912313024361712e+00
-3.549844673774089188e+00
-9.055701735999810431e-01
2.109166297468304252e-01
7.161616924238884963e+00
-9.203606472581398634e+00
2.633376263630622383e+00
1.532089886893082564e+00
2.446541491799302248e-01
1.706927552014959382e+00
-9.051164443588483266e+00
1.040531948496058590e+01
-3.236980543179800662e+00
-6.678821652584312485e-01
-2.717835022457537608e+00
3.443529510747265654e+00
1.169624343857029514e+00
-8.111036911109211767e-01
-6.444777928620283092e+00
8.681788229986414862e+00
-2.214786608207330865e+00
-2.074577568119782445e+00
3.018861462358738423e-01
-2.045549491582868473e+00
9.330877520125735458e+00
-1.084797733153000543e+01
3.658772359644271610e+00
5.715983867791372131e-01
2.566468829424678244e+00
-3.260800654205853633e+00
-1.496616432598892654e+00
1.463037990614105111e+00
5.682001937525253510e+00
-8.127815989973973032e+00
1.789224468701398507e+00
2.601467458892809947e+00
-8.183791429250120153e-01
2.337042399636126255e+00
-9.541988428706485337e+00
1.121037068115519020e+01
-4.002550325152633093e+00
-5.506908078806422857e-01
-2.337754541837921529e+00
3.005950358048734117e+00
1.879988540546821074e+00
-2.158009935909776633e+00
-4.883468446075275082e+00
7.552456453501807943e+00
-1.367591370033118814e+00
-3.102017372660361705e+00
1.294934825069968820e+00
-2.573140087341221349e+00
9.678119063763032770e+00
-1.148806672088928948e+01
4.266244899727835715e+00
6.044175551852217776e-01
2.035108049517472928e+00
-2.684624399901050396e+00
-2.312032848622862069e+00
2.886420005230422081e+00
4.059948371849213089e+00
-6.966730917982156157e+00
9.606812136124074364e-01
3.565945615418081971e+00
-1.722442404289355578e+00
2.746636663258637867e+00
-9.734183566281458866e+00
1.167807961043383891e+01
-4.449297817312245940e+00
-7.305393478727355561e-01
-1.663357545882787836e+00
2.303715177308951922e+00
2.784036980363504998e+00
-3.637954939043171798e+00
-3.222606880077079072e+00
6.381708276264088653e+00
-5.789745992563153365e-01
-3.983624475224653239e+00
2.092740933563578487e+00
-2.851524664979470547e+00
9.706486639996953159e+00
-1.177892397158900195e+01
4.552667634956194753e+00
9.253625914564099775e-01
1.228654255519357807e+00
-1.871231448514254048e+00
-3.286448295710031164e+00
4.401777412696644909e+00
2.382798901949525927e+00
-5.808297288374504319e+00
2.324390528839153092e-01
4.346261499290158703e+00
-2.398772079875845176e+00
2.883110689153421280e+00
-9.592795923119320278e+00
1.179064041408687302e+01
-4.578806839582931332e+00
-1.183809844884173401e+00
-7.383583392395167699e-01
1.396147160720398794e+00
3.809054035237139590e+00
-5.166725638762136974e+00
-1.551861173454094356e+00
5.257042020112657532e+00
6.966109155402211428e-02
-4.646065160073902689e+00
2.634712192640408901e+00
-2.838106349187599520e+00
9.392387055391287376e+00
-1.171479262194183235e+01
4.531610946965150433e+00
1.499516339021673028e+00
2.009021135868769292e-01
-8.882322006870140285e-01
-4.341173936577464865e+00
5.921519161582853741e+00
7.409046872504554404e-01
-4.737924283093540190e+00
-3.189415884953863412e-01
4.876391804456558177e+00
-2.796081193073471916e+00
2.714692852422270430e+00
-9.106060591950937422e+00
1.155443605734017076e+01
-4.416340552628481575e+00
-1.864950736124671105e+00
3.743668530599086886e-01
3.578682413397347162e-01
4.871861710982423155e+00
-6.654966990332188637e+00
3.938855767448612433e-02
4.260176779403924918e+00
5.080586359313077338e-01
-5.031871130719141938e+00
2.879826244184251927e+00
-2.512557983115214721e+00
8.736130443045684757e+00
-1.131405887091734108e+01
4.239517801253517071e+00
2.271557865410737342e+00
-9.773598284128479641e-01
1.841468626003606168e-01
-5.390111601742312075e+00
7.356174172898629848e+00
-7.789607045036073263e-01
-3.832110453187984600e+00
-6.308496798701019870e-01
5.108507840582793946e+00
-2.884378633826379712e+00
2.232904794892952349e+00
-8.286384052270399536e+00
1.099949612803383658e+01
-4.008799220833248356e+00
-2.709920757773300881e+00
1.597434926682118395e+00
-7.268024623638340564e-01
5.885066150828365039e+00
-8.014742942020856020e+00
1.468561433099796254e+00
3.460959284999646446e+00
6.824520250777119657e-01
-5.103757559996775939e+00
2.809682805401910066e+00
-1.878431846616896994e+00
7.762015055597180080e+00
-1.061781896063393482e+01
3.732827310674910137e+00
3.169938940847018660e+00
-2.223595519015343580e+00
1.259082472769535777e+00
-6.346221277395745375e+00
8.620964666697767953e+00
-2.099916168733027000e+00
-3.152745437636355952e+00
-6.593970252230034745e-01
5.016575604657470322e+00
-2.657196992865606511e+00
1.453285349134125992e+00
-7.169529679194734939e+00
1.017720072409681720e+01
-3.421063670698467618e+00
-3.641019650670732855e+00
2.844695326464415697e+00
-1.770172811923169665e+00
6.763624822049923324e+00
-9.165999014064903250e+00
2.665875957970698096e+00
2.912167280491486654e+00
5.596780832420318319e-01
-4.847437675177836525e+00
2.429865449042721615e+00
-9.629841169452058036e-01
6.516628626172993322e+00
-9.686762669276387072e+00
3.083606805372085979e+00
4.112278373981418156e+00
-3.449646352725777465e+00
2.249665033616940146e+00
-7.128064833160129510e+00
9.642036966566093881e+00
-3.160546208338506524e+00
-2.742512390449044712e+00
-3.827911837999034006e-01
4.598332092902686519e+00
-2.132062788685747279e+00
4.143187286233429578e-01
-5.812066661718654714e+00
9.156402023733487994e+00
-2.730998022902722866e+00
-4.572744960185313623e+00
4.027625760669318211e+00
-2.687752334479795113e+00
7.431244063711972991e+00
-1.004244464164219508e+01
3.579391884565951809e+00
2.645597158998210574e+00
1.297471945781927261e-01
-4.272723720775781331e+00
1.769511490480836668e+00
1.847732166392972442e-01
5.065492524013210485e+00
-8.596605705654940977e+00
2.374019073391067103e+00
5.011571437471176615e+00
-4.568277816343982778e+00
3.075414260909286490e+00
-7.665937405539935412e+00
1.036188522091896047e+01
-3.919317195598457371e+00
-2.621734136350638789e+00
1.969442976006021695e-01
3.875490244342246537e+00
-1.349174105329836282e+00
-8.253534108326276986e-01
-4.287272157048518828e+00
8.018253163083684854e+00
-2.023485324471730351e+00
-5.418237635522965334e+00
5.061907116678012741e+00
-3.404586652649125522e+00
7.826129307535868662e+00
-1.059641670598045948e+01
4.178718284710646991e+00
2.669727723236499539e+00
-5.933193162094245743e-01
-3.412832005980979133e+00
8.791221923558274476e-01
1.497647977435440314e+00
3.488298573921896573e+00
-7.432412034708238302e+00
1.690038356566576638e+00
5.782750758258795365e+00
-5.499659480323304095e+00
3.668313636649182641e+00
-7.907128599513146838e+00
1.074356367077371921e+01
-4.357507941103030191e+00
-2.786898289568623621e+00
1.054031162373130215e+00
2.892157081169057342e+00
-3.683844403733329553e-01
-2.191228347309505331e+00
-2.679791909772789804e+00
6.850130462794003172e+00
-1.383941870692913412e+00
-6.095835163318443328e+00
5.873687112385253428e+00
-3.860878821344047473e+00
7.905658566860020109e+00
-1.080236166796932551e+01
4.457111875836513804e+00
2.969134266076524309e+00
-1.572448080012482041e+00
-2.321943749547581870e+00
-1.732231772932637526e-01
2.895204482262868417e+00
1.873093407327217852e+00
-6.282229951410835511e+00
1.114884739636337496e+00
6.349108788465886555e+00
-6.177294948452734857e+00
3.977913231394889504e+00
-7.819920584900353688e+00
1.077337345895947607e+01
-4.480436637948153056e+00
-3.210971230582941427e+00
2.140775091259657259e+00
1.711582937253302461e+00
7.352820299571412033e-01
-3.598426826819132174e+00
-1.079457191628961255e+00
5.739102652688137240e+00
-8.917948993273321356e-01
-6.535242915281589404e+00
6.405065436083971164e+00
-4.016477958949543847e+00
7.649630117440076482e+00
-1.065867676519917850e+01
4.431809778171325931e+00
3.505696504369038458e+00
-2.750197721475382551e+00
-1.071203582356746953e+00
-1.306966776891729021e+00
4.289693205005055354e+00
3.098437319960587466e-01
-5.230516880596756124e+00
7.226675740042103335e-01
6.648102272703601656e+00
-6.552959416043131036e+00
3.975119981458222984e+00
-7.396024401890403333e+00
1.046182377220124593e+01
-4.316893387875918364e+00
-3.845477295763797709e+00
3.391044922821127017e+00
4.114841952554386673e-01
1.877248960809370981e+00
-4.957956786204637645e+00
4.252811425204110485e-01
4.765434497374542389e+00
-6.144110600048886539e-01
-6.682862851412510352e+00
6.618391213519785765e+00
-3.853900099081256858e+00
7.061841674023049187e+00
-1.018777314679934065e+01
4.142572639908646437e+00
4.221509986552526073e+00
-4.052968145383613496e+00
2.565458553720390000e-01
-2.435104430205747850e+00
5.592531223986384248e+00
-1.116137911977272967e+00
-4.351843594932207182e+00
5.727129638071550843e-01
6.636105217729233452e+00
-6.600276532884190139e+00
3.654392467364180774e+00
-6.651272318781560777e+00
9.842795843352261542e+00
-3.916821426491427616e+00
-4.624187760314677043e+00
4.725133202071852168e+00
-9.217116079235267989e-01
2.969720701358401715e+00
-6.183289124665297898e+00
1.753812131187149959e+00
3.996609606726094110e+00
-6.019294064792104493e-01
-6.505881574862103278e+00
6.499052259323728542e+00
-3.379655733323710276e+00
6.169882859762484628e+00
-9.434356465665922897e+00
3.648547618719355956e+00
5.043283427833580745e+00
-5.396421333615984750e+00
1.572900478658026735e+00
-3.470700372055485872e+00
6.720850127338270141e+00
-2.330416946545716517e+00
-3.705347639863871390e+00
7.049992761172942934e-01
6.291755311285596619e+00
-6.316667797158507902e+00
3.034176315419115699e+00
-5.624514209019715771e+00
8.970972409443046303e+00
-3.347420854010194180e+00
-5.468144019719731297e+00
6.055635707398209888e+00
-2.199269041353906662e+00
3.928256772950369680e+00
-7.196755071677380933e+00
2.839236323032763298e+00
3.482318419312863789e+00
-8.833851402247532292e-01
-5.994812291686539396e+00
6.056548108145149989e+00
-2.623784890033023398e+00
5.023156081262953876e+00
-8.462053426355268471e+00
3.023686085435015158e+00
5.887893495631930207e+00
-6.691709481969341233e+00
2.790444741627606362e+00
-4.333398188044571775e+00
7.603622990499677492e+00
-3.274846301953344696e+00
-3.330349793257713742e+00
1.137041930207734808e+00
5.617643675469992992e+00
-5.723529143459302304e+00
2.155547649396298393e+00
-4.374799923250907163e+00
7.917724617655569119e+00
-2.687966393589358738e+00
-6.291639767220230439e+00
7.293911539546442668e+00
-3.336718766731523900e+00
4.678097189988713822e+00
-7.935287985908067832e+00
3.633212021839949735e+00
3.250785269348116291e+00
-1.464413989465228383e+00
-5.164300581421120029e+00
5.323766880449643857e+00
-1.637634368788675410e+00
3.689273111853839993e+00
-7.348636175653141756e+00
2.351058762959775006e+00
6.668682150872293768e+00
-7.852046032487775662e+00
3.829226457412726603e+00
-4.955441914901900446e+00
8.186913424751383062e+00
-3.911758689182860405e+00
-3.243460544718467453e+00
1.862460544774512616e+00
4.640221444758177327e+00
-4.864621669935160320e+00
1.079165755610322686e+00
-2.977057525293704821e+00
6.765763439606462981e+00
-2.023726656503439081e+00
-7.008715358165938270e+00
8.356642005457223021e+00
-4.260111881994383509e+00
5.159766439939160954e+00
-8.355081314203019360e+00
4.109415174025751405e+00
3.306708467736649837e+00
-2.326709127833387569e+00
-4.052133424615736779e+00
4.354520062587681650e+00
-4.900429412863229750e-01
2.249095884975110149e+00
-6.180201013945951338e+00
1.716493282121600128e+00
7.302026196673183200e+00
-8.799129541021462941e+00
4.622673489718438944e+00
-5.286757818517253682e+00
8.437855183323346608e+00
-4.226629418530118087e+00
-3.437392336331849041e+00
2.851335949733732722e+00
3.407929706283335580e+00
-3.802796704924224169e+00
-1.192376882228378676e-01
-1.516589494505991453e+00
5.602954807872579934e+00
-1.439439431660546109e+00
-7.539679290240602683e+00
9.171999128798212553e+00
-4.911488115088715745e+00
5.333537765644566164e+00
-8.434815292993002700e+00
4.265355374961361967e+00
3.630966906422558704e+00
-3.429271725866133380e+00
-2.716524994334609477e+00
3.219519269045545862e+00
7.377808527448470599e-01
7.907911637112339243e-01
-5.044735894146590738e+00
1.202009687320795717e+00
7.713688333590292601e+00
-9.468941272687718680e+00
5.122511010730172565e+00
-5.298717460929950995e+00
8.347065515156522508e+00
-4.229011723225593045e+00
-3.881565964370548460e+00
4.052330971515018199e+00
1.987691901463436217e+00
-2.615299698134265771e+00
-1.354496248600691732e+00
-8.279719568495913506e-02
4.515760050617926957e+00
-1.012830633368429600e+00
-7.817169667049858717e+00
9.684963720949079757e+00
-5.253150035686977581e+00
5.182424440788850006e+00
-8.177211753226496072e+00
4.122413146978010090e+00
4.182114819275254192e+00
-4.711362348390647270e+00
-1.231881295949427635e+00
2.001095306197602675e+00
1.958306108471604023e+00
-5.966576675106258776e-01
-4.025556741333421229e+00
8.795444859669858673e-01
7.844475288555096348e+00
-9.816484123248624627e+00
5.302312610478137067e+00
-4.986301074447803572e+00
7.929312308835988254e+00
-3.951675461734492689e+00
-4.524465603678024195e+00
5.396417247568623843e+00
4.600299711990945006e-01
-1.388003460640955700e+00
-2.538352559985101120e+00
1.237398500423859904e+00
3.582791116991167701e+00
-8.086612648525441926e-01
-7.791302805286252742e+00
9.861396379224622422e+00
-5.270424560749342291e+00
4.713474651054827547e+00
-7.608801125796666120e+00
3.724096378432212973e+00
4.899552843515595946e+00
-6.096933452377031770e+00
3.166407615094000150e-01
7.870536964679435421e-01
3.084200896301917183e+00
-1.829997938390862000e+00
-3.195102370231490241e+00
8.054322829018474295e-01
7.654780259497329986e+00
-9.819109436153890869e+00
5.159420498275379074e+00
-4.368499637290305770e+00
7.222385350490752920e+00
-3.448014142637620516e+00
-5.297566378059874737e+00
6.801930441916884895e+00
-1.086831785922347748e+00
-2.090011589578674167e-01
-3.586034948568424863e+00
2.365949894684951094e+00
2.868961474586162907e+00
-8.737473299531361981e-01
-7.433524233931003700e+00
9.690557809565000014e+00
-4.972705921606610069e+00
3.957273186534968623e+00
-6.777919129103996632e+00
3.132646704148911887e+00
5.708138385231662504e+00
-7.500212677606652889e+00
1.839374328730047914e+00
-3.358747532482405651e-01
4.034840898105307438e+00
-2.837825997946548995e+00
-2.609550972384265144e+00
1.016057483012775098e+00
7.127670142916622709e+00
-9.478183630523536962e+00
4.715091748752763934e+00
-3.486925482015266642e+00
6.284256007496694885e+00
-2.787914436742408242e+00
-6.120541003088343146e+00
8.180577065305142170e+00
-2.563435645102493332e+00
8.379627703176377729e-01
-4.422576082821712440e+00
3.239411821097297750e+00
2.420669063435522794e+00
-1.233324994503683492e+00
-6.738874136542435167e+00
9.185890556906020521e+00
-4.392702511011463251e+00
2.965686968116902467e+00
-5.751082700429241967e+00
2.424249736024361113e+00
6.523890839500635863e+00
-8.832020707157340667e+00
3.248718390548074542e+00
-1.288499552593328046e+00
4.742319633573023552e+00
-3.565820351724401593e+00
-2.304659790683957432e+00
1.525001202513397214e+00
6.270286577267168759e+00
-8.818970413216103310e+00
4.012859930811696785e+00
-2.402734957192719456e+00
5.188737345946455193e+00
-2.052397069280048392e+00
-6.907356532824301176e+00
9.443945051711228444e+00
-3.885649946211667149e+00
1.679733540970503869e+00
-4.988402116731933233e+00
3.813580580492747618e+00
2.262370629669852029e+00
-1.889032881689116650e+00
-5.726497581074176502e+00
8.384003934529554058e+00
-3.583944067793829458e+00
1.808022485888440389e+00
-4.608015651438265081e+00
1.683207230116888775e+00
7.260365468949734336e+00
-1.000635261818804800e+01
4.465558153071041758e+00
-2.005069785178582809e+00
5.156511752672932047e+00
-3.980699550545338194e+00
-2.293138274812714705e+00
2.321896920086484961e+00
5.113455638869937481e+00
-7.888737475434545843e+00
3.115234637852928756e+00
-1.192092627666312410e+00
4.019968564763045649e+00
-1.327429659237773230e+00
-7.572805775830985908e+00
1.051003260981696208e+01
-4.980830165233577134e+00
2.259193035475680844e+00
-5.243775218936329807e+00
4.066696708273737748e+00
2.394802886866585823e+00
-2.818662676337742035e+00
-4.438360838224442162e+00
7.341937995128553496e+00
-2.616735481496132998e+00
5.658817408782148561e-01
-3.435695262425349394e+00
9.955067289179259094e-01
7.835219804964949297e+00
-1.094673193923897969e+01
5.425051448993386316e+00
-2.438166790767351877e+00
5.248811523115424649e+00
-4.072609914986990098e+00
-2.563750532225010925e+00
3.373080852350850645e+00
3.709534681722272076e+00
-6.753229037025201720e+00
2.098985473686546754e+00
5.948466089174031524e-02
2.866135334722168970e+00
-6.973738517210223975e-01
-8.038985468714095362e+00
1.130930846221392905e+01
-5.793122326437446290e+00
2.539506446882612067e+00
-5.171757935333817890e+00
4.000973010233700222e+00
2.794983016208715032e+00
-3.977697219730329081e+00
-2.936268936624857329e+00
6.132910777158507187e+00
-1.572859421570126592e+00
-6.728995911197879209e-01
-2.321864062359738412e+00
4.422691650000392105e-01
8.176482029821871222e+00
-1.159186354924188933e+01
6.081349883331679251e+00
-2.562225174362904756e+00
5.014267493758188365e+00
-3.855765350665049329e+00
-3.082213798786371584e+00
4.623989072036620129e+00
2.128656343691345487e+00
-5.491767514277889006e+00
1.049362684001203583e+00
1.263481933676618318e+00
1.812894621337442169e+00
-2.385563628121250557e-01
-8.241237230925198887e+00
1.178985151172381407e+01
-6.287513522775485697e+00
2.506851666221456831e+00
-4.779478129476316894e+00
3.642334273682427792e+00
3.417988192212233045e+00
-5.302521848846308394e+00
-1.297406352843188060e+00
4.840866209695705358e+00
-5.394233645905055496e-01
-1.820779561777997380e+00
-1.348490922642807233e+00
9.356400064744033185e-02
8.228053001232108699e+00
-1.190016383304718417e+01
6.410902940074649337e+00
-2.375419423613631675e+00
4.471953988942586555e+00
-3.367291942447103281e+00
-3.793825584665269535e+00
6.003122999342050292e+00
4.536493340586167378e-01
-4.191349852637119788e+00
5.368597540921049571e-02
2.334964426485187872e+00
9.369945940241919402e-01
-1.344428934195457392e-02
-8.133107379319092445e+00
1.192118662697112796e+01
-6.452327811260411217e+00
2.171427780794376261e+00
-4.097600053309045975e+00
3.038388509188727937e+00
4.200381021131900816e+00
-6.715069829867184481e+00
3.912670721986133415e-01
3.554229523578060324e+00
3.976895591653599737e-01
-2.797015958979609529e+00
-5.856693457857065077e-01
3.054029149768933138e-03
7.954030736359195330e+00
-1.185283024738710544e+01
6.414099017786336177e+00
-1.899775400674738712e+00
3.663551654420829973e+00
-2.664363977346802859e+00
-4.627623109593722361e+00
7.427287817531358805e+00
-1.225985653358234950e+00
-2.940179052502296386e+00
-8.052197889163736910e-01
3.198889350039610058e+00
3.005656367608167123e-01
-6.585991992157258501e-02
-7.689954865964184094e+00
1.169653049530097277e+01
-6.299981763573226701e+00
1.566667488197935665e+00
-3.178040957798943023e+00
2.254781542577824371e+00
5.065024914662047628e+00
-8.128555675679146830e+00
2.039347484484688167e+00
2.359336120022823557e+00
1.160276916029802319e+00
-3.533665553442895124e+00
-8.640817579593473852e-02
2.038700261689730953e-01
7.341534015125986912e+00
-1.145522140110555043e+01
6.115121467214580164e+00
-1.179498461651713459e+00
2.650242914604064026e+00
-1.819845539486654395e+00
-5.501764257046245277e+00
8.807713330230383164e+00
-2.820596058860567190e+00
-1.821113528554914929e+00
-1.455251904549753394e+00
3.795680202668588521e+00
-5.349163386735966697e-02
-4.175926856434380996e-01
-6.910937456753885044e+00
1.113328009278971109e+01
-5.865943822639589911e+00
7.467122819376803555e-01
-2.090103569329467170e+00
1.370207409769663709e+00
5.926929660957683588e+00
-9.453868911205596248e+00
3.559573868849062350e+00
1.334024179905392904e+00
1.683698461931490975e+00
-3.980629025388894959e+00
1.172966676823010701e-01
7.060236352773656687e-01
6.401813737458271980e+00
-1.073644478380668410e+01
5.560030905484508068e+00
-2.776430588468974392e-01
1.508153940811712390e+00
-9.167633315536094507e-01
-6.329728085397987591e+00
1.005660088198449031e+01
-4.246907758020879164e+00
-9.055230385730770326e-01
-1.840455191973035198e+00
4.085647780838699283e+00
-1.046773290326123984e-01
-1.066661599531018023e+00
-5.819227265272050253e+00
1.027170741791636566e+01
-5.205975651564225259e+00
-2.176610770380373872e-01
-9.153129642835834412e-01
4.704473063331668925e-01
6.699690541936395682e+00
-1.060615151985846794e+01
4.874179575945529308e+00
5.418690415602219757e-01
1.921743627706464341e+00
-4.109365222579911325e+00
1.681645307650558863e-02
1.495552052403122500e+00
5.169568420197263592e+00
-9.747182983222518970e+00
4.813217439006010956e+00
7.286275342880355055e-01
3.226831875021518026e-01
-4.202358467749922610e-02
-7.026871740882556949e+00
1.109360812326872114e+01
-5.434078942574149806e+00
-2.480095414956283717e-01
-1.925240304879046516e+00
4.051928094810395287e+00
1.436142249483562949e-01
-1.987358336212741383e+00
-4.460438866861172080e+00
9.171957944707994415e+00
-4.391861859965926485e+00
-1.244358698138516406e+00
2.586569505368417898e-01
-3.581176755447725846e-01
7.302040019649579605e+00
-1.151106855108765359e+01
5.920535264519219965e+00
2.748944730179181395e-02
1.850121523375352961e+00
-3.914997694521958671e+00
-3.725055940171237978e-01
2.535458807311052887e+00
3.700514213152215959e+00
-8.555920635788989870e+00
3.952488063882453329e+00
1.753837506155041748e+00
-8.178603654461541472e-01
7.201576855815057243e-01
-7.516853989268396319e+00
1.185178799268457084e+01
-6.328826534301067674e+00
1.176132363242146650e-01
-1.697079955802131668e+00
3.701718064737470115e+00
6.643897164717116333e-01
-3.132068190939290453e+00
-2.899386583426250219e+00
7.909576787397213593e+00
-3.505947287416960378e+00
-2.246135307284014893e+00
1.344514214252054307e+00
-1.035035536219358399e+00
7.664022583606396211e+00
-1.211030421922972522e+01
6.655662878935350690e+00
-1.867242644353238057e-01
1.468312790277333857e+00
-3.416656415791559098e+00
-1.012543927633572594e+00
3.768380873433882172e+00
2.067390051214319957e+00
-7.243853651482430323e+00
3.063156351092230167e+00
2.710618106992828125e+00
-1.828834621019974405e+00
1.294620443751917094e+00
-7.737445507170294334e+00
1.228253896975992632e+01
-6.899243297420126098e+00
1.807817135834872135e-01
-1.167481628063079757e+00
3.065716892130254223e+00
1.409118532552294134e+00
-4.434733448760486141e+00
-1.215412197608428890e+00
6.569896389400332382e+00
-2.634889997129543637e+00
-3.137147331044181531e+00
2.261849592360085204e+00
-1.491866500305673693e+00
7.732331444371956408e+00
-1.236587357272559373e+01
7.059284529202168201e+00
-1.022160916339323877e-01
7.996448860850322582e-01
-2.656029301662727438e+00
-1.845285704024447471e+00
5.120783475178654953e+00
3.546953216093609029e-01
-5.898860540504939465e+00
2.231575964498883735e+00
3.516271343446317754e+00
-2.635566695102798285e+00
1.620947025322097890e+00
-7.645291810179858594e+00
1.235919738642957455e+01
-7.137021518125405528e+00
-4.509762919256915525e-02
-3.711639699140922843e-01
2.195814894030905684e+00
2.311406788707988991e+00
-5.815701093942428734e+00
5.033689774520055948e-01
5.241704459502684266e+00
-1.863096645852094113e+00
-3.839404127089114827e+00
2.943122354252848183e+00
-1.677365997648946339e+00
7.474408280206461086e+00
-1.226292815107195189e+01
7.135179468580481910e+00
2.559151544237277531e-01
-1.104150256347233849e-01
-1.694231704192671994e+00
-2.797214882916552181e+00
6.508369920644792472e+00
-1.347448001046585464e+00
-4.608985611526790649e+00
1.538601047623298079e+00
4.098987776422747586e+00
-3.178909973650014820e+00
1.658044477100599323e+00
-7.219272829889309406e+00
1.207900387140237974e+01
-7.057918023217894188e+00
-5.237237735467958899e-01
6.365018722681266006e-01
1.161202360870122519e+00
3.292009253446764649e+00
-7.187593445845353202e+00
2.166475039557049787e+00
4.010664541441521180e+00
-1.266330581242832487e+00
-4.288635754608856487e+00
3.338684478944359491e+00
-1.561380393492765695e+00
6.880999527480947897e+00
-1.181084638241274831e+01
6.910748613825353104e+00
8.408671360844542919e-01
-1.197622387144629430e+00
-6.072275878988775411e-01
-3.784857956637668774e+00
7.842303078231486424e+00
-2.949851471740835507e+00
-3.455920189797389241e+00
1.053461954202047135e+00
4.403254228375767632e+00
-3.419641324293761997e+00
1.387280580226994742e+00
-6.462207855090786879e+00
1.146329728105745005e+01
-6.700426540008778353e+00
-1.198691556020296645e+00
1.783595233953015224e+00
4.318889475016574053e-02
4.264804855249751725e+00
-8.461763932596646498e+00
3.687640093404516151e+00
2.952980015029965877e+00
-9.059701089704059740e-01
-4.439139204404371597e+00
3.420468482933425314e+00
-1.137164450040850205e+00
5.966977865492525623e+00
-1.104252742480444738e+01
6.434819803737455324e+00
1.587711099112103064e+00
-2.383722033319851441e+00
5.198558449750834143e-01
-4.721077150059020511e+00
9.035774506971060660e+00
-4.370746057475010993e+00
-2.508968103798930649e+00
8.285137820342436399e-01
4.394047644813660725e+00
-3.341370448180465580e+00
8.139392420188610311e-01
-5.400778010439777788e+00
1.055592169302827976e+01
-6.122757163601784569e+00
-1.997788355728225440e+00
2.986987220453817926e+00
-1.070880094916622394e+00
5.143289533543009107e+00
-9.554856507751804173e+00
4.991082039982755347e+00
2.129774113968210258e+00
-8.243458310592983729e-01
-4.267241226835167822e+00
3.184063796026879167e+00
-4.219473020049916423e-01
4.770366988273480047e+00
-1.001194117076976831e+01
5.773858261863285435e+00
2.418327507510785956e+00
-3.582263904911981101e+00
1.599095743763434108e+00
-5.521641136203727207e+00
1.001043126600517219e+01
-5.541714541996841881e+00
-1.819945504122499003e+00
8.952500139939325585e-01
4.059501924626574443e+00
-2.951744393620653995e+00
-3.311361714207128326e-02
-4.083671445650132625e+00
9.419965337362658175e+00
-5.398349013585573175e+00
-2.838476065803853032e+00
4.158521875008584168e+00
-2.094155697388544901e+00
5.847101571047673474e+00
-1.039497943942455294e+01
6.016988591215860716e+00
1.582605066824434914e+00
-1.041505407856630594e+00
-3.773119119177698266e+00
2.649026869334869083e+00
5.442955432026774787e-01
3.349641820741969145e+00
-8.790117217051612641e+00
5.006865722963661725e+00
3.247331497061482164e+00
-4.705033848975672228e+00
2.546348177732855600e+00
-6.111582586232757741e+00
1.070218100748123291e+01
-6.412628511681309540e+00
-1.419395308358847085e+00
1.261879136871942197e+00
3.411848475983155105e+00
-2.281857480117337467e+00
-1.103528990090015593e+00
-2.578089024932545215e+00
8.133074767792265902e+00
-4.610251603489738059e+00
-3.634148858616944366e+00
5.211576107919322354e+00
-2.946779086179023288e+00
6.308092105352034018e+00
-1.092703293653598351e+01
6.725812878693513852e+00
1.330450714345114971e+00
-1.553647548797153721e+00
-2.980843359260523684e+00
1.857402010436686179e+00
1.701772770129032830e+00
1.779505019221650386e+00
-7.459872042372903245e+00
4.219349520575768508e+00
3.988545549574523008e+00
-5.668619750708721483e+00
3.287539013048205394e+00
-6.430867765152785687e+00
1.106594231006610229e+01
-6.955222259810811991e+00
-1.314398417764376603e+00
1.912645444957542518e+00
2.486560066260967261e+00
-1.383910805162870794e+00
-2.329182106384062312e+00
-9.648706433237479452e-01
6.781693847211267112e+00
-3.844794846259351750e+00
-4.300699335012057922e+00
6.067508986782015334e+00
-3.561851762579452796e+00
6.475487444553503558e+00
-1.111679317886598994e+01
7.101058852809167377e+00
1.368387253302913553e+00
-2.333342443557247403e+00
-1.936638655885459137e+00
8.705634673199287299e-01
2.975291895191694902e+00
1.454542944742551747e-01
-6.109667746246807418e+00
3.496812313066278044e+00
4.561535928199326406e+00
-6.400623125664556490e+00
3.764201609375626756e+00
-6.438954710198790288e+00
1.107898587852984029e+01
-7.165037658322686021e+00
-1.488144649905721817e+00
2.808945047107765713e+00
1.339761603239159271e+00
-3.272961328228052302e-01
-3.629211684855206510e+00
6.673947755836882045e-01
5.454657306497844971e+00
-3.185020679323340875e+00
-4.762902610830771266e+00
6.661519227526393472e+00
-3.890436900919279406e+00
6.319757573843093112e+00
-1.095344807737227910e+01
7.150349358186672610e+00
1.668060291191898026e+00
-3.331522502863718760e+00
-7.054929274104901893e-01
-2.353854391359719855e-01
4.279828716963584689e+00
-1.462454676176912827e+00
-4.827060458794981912e+00
2.918248871468647199e+00
4.897724633123889504e+00
-6.845052741560319731e+00
3.937848064223713695e+00
-6.117899457117450090e+00
1.074261734774107424e+01
-7.061595601009122092e+00
-1.901294971805044698e+00
3.892154099111015952e+00
4.410080567535423768e-02
8.066034554944021551e-01
-4.916015225287750035e+00
2.228836707993261168e+00
4.236616750813753995e+00
-2.704367053740051929e+00
-4.960141458151779759e+00
6.947473871461058437e+00
-3.905218554471103332e+00
5.834901780114098990e+00
-1.045039558717236083e+01
6.904697913341367510e+00
2.179912605067859666e+00
-4.481095138163378344e+00
6.336330030990064976e-01
-1.375312653741294078e+00
5.526836107548990462e+00
-2.956184955236186518e+00
-3.692227102845516029e+00
2.550135795688092788e+00
4.945620292716633060e+00
-6.966497862136558972e+00
3.792847790736686431e+00
-5.473778122140637414e+00
1.008207614340118496e+01
-6.686781949443870054e+00
-2.495032903491956944e+00
5.087958476734849356e+00
-1.316613355906685712e+00
1.930508006035006163e+00
-6.101753078078143488e+00
3.634865903453025737e+00
3.201789442180597245e+00
-2.461076168526737273e+00
-4.851044772565548335e+00
6.901347890656827744e+00
-3.602545648995908234e+00
5.038980435767721033e+00
-9.644245008673994590e+00
6.416039254436823214e+00
2.837001865837452286e+00
-5.701908232444406366e+00
1.993637793617650367e+00
-2.461431668488496705e+00
6.630821475285666899e+00
-4.256144533923835738e+00
-2.772053294095150111e+00
2.441363208995827261e+00
4.674777135534325723e+00
-6.752769757737612899e+00
3.337598615788510248e+00
-4.536318319185586034e+00
9.144657934654546239e+00
-6.101569137354237782e+00
-3.195576870693640714e+00
6.311862026990711527e+00
-2.653604619200059744e+00
2.957775295721607467e+00
-7.104876035562718073e+00
4.812343598928062072e+00
2.408496052042472524e+00
-2.493744751147671135e+00
-4.416692713007916993e+00
6.523018104632807734e+00
-3.002708237152392989e+00
3.972852856785751285e+00
-8.592095770491980034e+00
5.753203623062631777e+00
3.560122902531342781e+00
-6.906697976393060046e+00
3.285719088299717150e+00
-3.409873927210615996e+00
7.515702151654913621e+00
-5.296983097394226014e+00
-2.115223243038707235e+00
2.619487150938381248e+00
4.078186089005340520e+00
-6.215814413933972382e+00
2.603903016806686121e+00
-3.356767014673017080e+00
7.996200734503515761e+00
-5.381318769321534745e+00
-3.919816227523673646e+00
7.475462549627857278e+00
-3.879693849418703877e+00
3.808887810285957798e+00
-7.856189405818218674e+00
5.704897341595748905e+00
1.894894654309694726e+00
-2.818348924138064593e+00
-3.662148807080682467e+00
5.836277581624254474e+00
-2.148425415197519062e+00
2.697215017173231644e+00
-7.367296687255793231e+00
4.996635890467041818e+00
4.263851696423338389e+00
-8.007575400404871147e+00
4.425939879107380293e+00
-4.146968750628909461e+00
8.120464500031861377e+00
-6.032327425430809242e+00
-1.748677702398308664e+00
3.088582794825136535e+00
3.172919038661906388e+00
-5.390828361684249614e+00
1.644596067881762380e+00
-2.004153524450125623e+00
6.716196773480834992e+00
-4.610016418514817360e+00
-4.581649784107998613e+00
8.493027333729347816e+00
-4.915744335366465378e+00
4.417407871091704408e+00
-8.304001091628766318e+00
6.276987366034808780e+00
1.676228915073752379e+00
-3.426966118944564155e+00
-2.616204151834597091e+00
4.887069474338095354e+00
-1.101657768669972004e+00
1.288157772439105564e+00
-6.054002036872280001e+00
4.232254251395108469e+00
4.863059479820464936e+00
-8.922567696988370045e+00
5.341431997990566671e+00
-4.614762008315937081e+00
8.403704475538003038e+00
-6.438102683646944158e+00
-1.675703869348674768e+00
3.828859115405270241e+00
1.998977627625663889e+00
-4.333643624954081730e+00
5.296021423092087677e-01
-5.602261181733880768e-01
5.391894780860388536e+00
-3.873869485254177736e+00
-5.098553220021512900e+00
9.287877683880285673e+00
-5.696507272030419955e+00
4.734956376943915579e+00
-8.417969525665135677e+00
6.516420701461471232e+00
1.743795395264752024e+00
-4.288289815842754926e+00
-1.329352251505090177e+00
3.740072094769235189e+00
6.101774396921966215e-02
-1.684233490211148876e-01
-4.740930546789357436e+00
3.544907401308813100e+00
5.279410204918750793e+00
-9.581726302949315155e+00
5.975774094940902614e+00
-4.775361576109320438e+00
8.346710809069630699e+00
-6.514192377007676171e+00
-1.875799325326267031e+00
4.798064143080136290e+00
6.164319527186097325e-01
-3.116576928469661389e+00
-6.592853171773902510e-01
8.865603213609309918e-01
4.111832606635793752e+00
-3.254746479622566913e+00
-5.397884657102592243e+00
9.798106087609589565e+00
-6.175431502178698295e+00
4.734843493867642472e+00
-8.191364308061540811e+00
6.435126010241495109e+00
2.065706552722391454e+00
-5.349899057226568999e+00
1.298549359885097232e-01
2.473890051250556166e+00
1.254125272904447197e+00
-1.583150024891418983e+00
-3.514792820231379622e+00
3.011919042256038459e+00
5.447355863265713083e+00
-9.932346003947765567e+00
6.293143062200669213e+00
-4.613785173231361725e+00
7.954860717498043243e+00
-6.284313700683642701e+00
-2.306319668590065319e+00
5.934576275742165841e+00
-8.989378771824481085e-01
-1.823052892731654717e+00
-1.834511348434345157e+00
2.247557319288070232e+00
2.959282587306848455e+00
-2.823947891835376645e+00
-5.422457180995613690e+00
9.981199439894169245e+00
-6.328078881669358502e+00
4.414080229054402338e+00
-7.641570817090129530e+00
6.068131936377012536e+00
2.589391987254698435e+00
-6.542113687970029900e+00
1.679798375458142257e+00
1.175210273077568424e+00
2.389673199540467863e+00
-2.869743322585602829e+00
-2.453877435582560551e+00
2.697202011401520938e+00
5.319181587160075608e+00
-9.942905626271636876e+00
6.280929395739480725e+00
-4.139097938289996392e+00
7.257223942116494797e+00
-5.794118182616901258e+00
-2.905786349110329958e+00
7.161951252821296521e+00
-2.461172635512550499e+00
-5.414024140616888747e-01
-2.909298502653006935e+00
3.440450878317844907e+00
2.006098530084253095e+00
-2.636774033836688069e+00
-5.134961783806151203e+00
9.817223338143881151e+00
-6.153890687202523857e+00
3.793620657158010889e+00
-6.808801079731173544e+00
5.470825787767128467e+00
3.245650719516668392e+00
-7.783147896596377180e+00
3.231758837341499380e+00
-6.764102705365604429e-02
3.383726493542829949e+00
-3.951375391805216353e+00
-1.622274071826353747e+00
2.646381781338520423e+00
4.868723354590342112e+00
-9.605436244136784651e+00
5.950621611863788019e+00
-3.383754737416546199e+00
6.304404593922061650e+00
-5.107659930206955856e+00
-3.598607287500507290e+00
8.394585721584419957e+00
-3.980425147845958911e+00
6.417010410261085873e-01
-3.804129314114796045e+00
4.395317836277515156e+00
1.307423180848404698e+00
-2.728295723587453647e+00
-4.520909969509872006e+00
9.310329802953647871e+00
-5.676173535999499364e+00
2.916816610823751876e+00
-5.753107019934519784e+00
4.714697685307536190e+00
3.953951514650257515e+00
-8.985177698833940241e+00
4.696414574223299887e+00
-1.171259717927812805e+00
4.162677767533400797e+00
-4.766317063950152644e+00
-1.065164437130830866e+00
2.883293717680508905e+00
4.093480160035273485e+00
-8.936140139207216393e+00
5.336894005094772631e+00
-2.401196176171477514e+00
5.164781761199422228e+00
-4.302495589308581891e+00
-4.300857398141496368e+00
9.544074953016609797e+00
-5.369542823772443185e+00
1.647677497508075906e+00
-4.452688373918790354e+00
5.059758944881861176e+00
8.976507905376456264e-01
-3.110643881094977470e+00
-3.589875719159561385e+00
8.488475855965329941e+00
-4.940306151584421102e+00
1.846200048976150754e+00
-4.549918861134914394e+00
3.881888310838061962e+00
4.628585095137869310e+00
-1.006086975471425937e+01
5.990385465737535498e+00
-2.063353897079828414e+00
4.668748969490527756e+00
-5.272460290745042855e+00
-8.055320565721526549e-01
3.408115921561945871e+00
3.014962313044749820e+00
-7.974214248421289675e+00
4.494966104217430036e+00
-1.261877611174358371e+00
3.919429301475484628e+00
-3.463782207674221958e+00
-4.926687011529114812e+00
1.052579041578631980e+01
-6.550450891356254246e+00
2.411868705480979536e+00
-4.806820494202901806e+00
5.402725993321309872e+00
7.879456974942913305e-01
-3.772020714109685091e+00
-2.374943411618636979e+00
7.401373862841928997e+00
-4.010301073682262185e+00
6.588331207516491261e-01
-3.284441494266617134e+00
3.058947641858830835e+00
5.185208486672427064e+00
-1.092988443499230833e+01
7.042335834429960251e+00
-2.688100997685907600e+00
4.864313059036699194e+00
-5.450378309428783652e+00
-8.425360581185303843e-01
4.197277385903989355e+00
1.677249145630443472e+00
-6.778965788126432912e+00
3.496431151665884141e+00
-4.802740253199466736e-02
2.656093780316959752e+00
-2.677813949709786812e+00
-5.394879306905328242e+00
1.126518646113758848e+01
-7.459860541519459431e+00
2.888323740490761349e+00
-4.840134866432324934e+00
5.416757746101678705e+00
9.655016920390599999e-01
-4.677506653697880878e+00
-9.304021676747673553e-01
6.116826465899538157e+00
-2.963978165430119383e+00
-5.594271634266059223e-01
-2.045326822167837122e+00
2.330270913035652480e+00
5.547292452587978318e+00
-1.152486792532254789e+01
7.798181062389346607e+00
-3.010272217365176584e+00
4.734713065988759517e+00
-5.304695532090782706e+00
-1.151669887499173761e+00
5.205148666467163565e+00
1.438630256220039261e-01
-5.425435151202853135e+00
2.423865172751290320e+00
1.152474513490671981e+00
1.462679781187827599e+00
-2.025480456217548131e+00
-5.635066722530794436e+00
1.170336553741944918e+01
-8.053876559999180174e+00
3.053184991243371282e+00
-4.549986153681270906e+00
5.118458194216406909e+00
1.394596992063682706e+00
-5.771603146245698923e+00
6.721420588956701359e-01
4.715719443545394185e+00
-1.887110357469922617e+00
-1.720321736452961936e+00
-9.180940975662332804e-01
1.771702101747781422e+00
5.651990181892086795e+00
-1.179648623766451543e+01
8.225010007622278962e+00
-3.017816638969731180e+00
4.289368056158338938e+00
-4.863665280084417120e+00
-1.686692651703835200e+00
6.367389202052638808e+00
-1.506807784647762993e+00
-3.998852531443614300e+00
1.364619190707054397e+00
2.252640997332903794e+00
4.207285493341275107e-01
-1.576135458985869375e+00
-5.593141738906854066e+00
1.180148663561851663e+01
-8.311161139371964879e+00
2.906422020233750292e+00
-3.957684572473703533e+00
4.547181771690604890e+00
2.019365631412303408e+00
-6.982321822887520568e+00
2.348947245877164303e+00
3.286045948877408307e+00
-8.669787553492303012e-01
-2.739762764566344266e+00
2.121094499149833723e-02
1.444782701310417972e+00
5.454988565918936771e+00
-1.171712544656380928e+01
8.313431040506522152e+00
-2.722712377421207197e+00
3.561083363656431633e+00
-4.176987209034829007e+00
-2.383188480015705046e+00
7.605701742836350476e+00
-3.187196592388283900e+00
-2.588341725929028669e+00
4.042580907897428411e-01
3.172856719125680236e+00
-4.006235919146790003e-01
-1.382333612144059476e+00
-5.235457532615610532e+00
1.154368794149944932e+01
-8.234418295303164825e+00
2.471784091030372110e+00
-3.106919176335014576e+00
3.762023979153171993e+00
2.768077948300602387e+00
-8.226515120579950491e+00
4.010223044358026456e+00
1.916407827237978978e+00
1.418169802903612720e-02
-3.544096954963134927e+00
7.116452045941845661e-01
1.392075357215823983e+00
4.933979306840126533e+00
-1.128298195117965363e+01
8.078167143440161624e+00
-2.160021427675091310e+00
2.603616450954891803e+00
-3.312027616519562123e+00
-3.163487774570539202e+00
8.833639291475487099e+00
-4.806932368317532678e+00
-1.280340710060943854e+00
-3.798640062551146279e-01
3.846808374580732881e+00
-9.497564383133663135e-01
-1.475828676536164563e+00
-4.551504290170094613e+00
1.093830549774565242e+01
-7.850088620344990886e+00
1.794975105483351818e+00
-2.060511888788298052e+00
2.837342297816785042e+00
3.558610219397338792e+00
-9.416050736120485709e+00
5.566671931084650637e+00
6.894787001737674448e-01
6.853566582819481390e-01
-4.075591535966336387e+00
1.111865753137877721e+00
1.633911694597036002e+00
4.090490083886924033e+00
-1.051438665897386215e+01
7.556856163337055676e+00
-1.385218954873963515e+00
1.487679927841778715e+00
-2.348724991624305147e+00
-3.942582567713849073e+00
9.963031367955206719e+00
-6.279425531113405512e+00
-1.522296809587195265e-01
-9.244122011264650496e-01
4.226423611001033365e+00
-1.196365551066833621e+00
-1.865132029054176854e+00
-3.554860714097477725e+00
1.001729679065824818e+01
-7.206277643838200575e+00
9.401873634189366058e-01
-8.957443979246157983e-01
1.857141935906682750e+00
4.304694722871553303e+00
-1.046436927332581490e+01
6.935996360772101355e+00
-3.240836774195251513e-01
1.092085930941163241e+00
-4.296733563207841833e+00
1.203160437702837982e+00
2.166807347918818571e+00
2.949938374455314261e+00
-9.454338731629643888e+00
6.807146227805000116e+00
-4.699965536797972021e-01
2.956798842724113197e-01
