0.000000000000000000e+00
8.679790297621712725e+00
-6.559508335294514048e+00
2.582379049335056909e+00
-5.999936261625407496e+00
7.646121956958443988e+00
1.722528672538214956e-01
-6.050913868317163491e+00
7.045192095693302292e-01
5.191546306341792594e+00
-2.300887454993980619e+00
5.463748154116165878e-02
-5.529110843115863538e+00
7.447842273684247338e+00
1.542008909583333143e+00
-9.184748925251183138e+00
6.589744115108180367e+00
-4.027000088952257251e+00
8.410769522720862312e+00
-8.782561567989837670e+00
-5.904973515852853794e-01
6.685892458035236352e+00
-1.963483136416004804e+00
-1.888401713806936666e+00
-2.041678317277746846e+00
2.876544416837147899e+00
4.149757533259336384e+00
-6.130519018345866655e+00
-2.475998082499682340e+00
8.454398609482323579e+00
-5.208173008640887502e+00
4.028018265816493582e+00
-9.266690753928035207e+00
8.535596191034409586e+00
1.790972885745750309e+00
-7.595401312821686624e+00
3.400381137717884972e+00
-1.519349508567539253e+00
6.185698632660431961e+00
-5.426114395513582878e+00
-3.081632777438527260e+00
5.269172435573787894e+00
2.415882690465811500e+00
-6.309150249326853199e+00
2.400630625547336194e+00
-2.656669887109723849e+00
8.737194845851472991e+00
-7.239630657468774544e+00
-3.282988742988799835e+00
8.188621973091821715e+00
-4.324004150979075867e+00
4.236431520681076535e+00
-9.336737356105347274e+00
6.948314778564266270e+00
2.768407207060187503e+00
-5.112874936165605178e+00
-1.343341414292399172e+00
2.988122746496298721e+00
1.418335580940289997e+00
3.900548184194012613e-01
-7.346273205802251738e+00
5.493273997251452379e+00
4.435194640677750932e+00
-7.860329068461851421e+00
4.137972354425665245e+00
-5.659806776837419839e+00
1.097783832794680592e+01
-7.131825323452435583e+00
-3.292263062098797377e+00
5.533150815903525199e+00
-3.729427489202210566e-01
8.986687035898803799e-01
-5.513068489213806878e+00
2.044410837551986937e+00
5.779750198695822405e+00
-3.940335996982708977e+00
-4.706837647947473613e+00
6.219189729231454855e+00
-2.553283296797254298e+00
5.562810338645475028e+00
-1.100978023621970081e+01
6.081887809507044551e+00
4.357316014965350703e+00
-6.074314700907120113e+00
2.092448764230336877e+00
-4.542249882946162387e+00
9.039315451748553443e+00
-3.902700016917940218e+00
-4.647130907427523105e+00
3.042239407796091477e+00
3.849237326007713289e+00
-3.250200870706496215e+00
-2.956721371657782260e-01
-4.159411553134994222e+00
9.757033854419756125e+00
-4.263887485058583948e+00
-5.405804628011468438e+00
6.122236723216376575e+00
-3.114810989504842365e+00
7.175487910387263746e+00
-1.129286756534121139e+01
4.658850280773162211e+00
4.278026882752300253e+00
-2.919218280392615217e+00
-2.008160414266135341e+00
-6.452829293210560202e-01
3.871670915629289667e+00
2.027727026349460449e+00
-7.839280277294319532e+00
2.329216148554900556e+00
5.826551518788114059e+00
-5.134082088814833078e+00
2.918149644930447373e+00
-8.304216363283311253e+00
1.191351807112204853e+01
-4.163508866707228862e+00
-4.621002433535296383e+00
3.314099787587410528e+00
-3.089004713815963754e-01
4.747743313808096666e+00
-7.386595154029627963e+00
8.156582411558632728e-02
5.952818453319041581e+00
-8.834605332882996542e-01
-5.184020050069412022e+00
2.850591779599947806e+00
-1.343881177772298319e+00
7.853002592758505429e+00
-1.097837575344938443e+01
2.675010232957360401e+00
5.277788816928563165e+00
-3.690829445656867769e+00
2.391027181536267143e+00
-8.225522141166976553e+00
1.003591552268127707e+01
-1.488315586725853512e+00
-4.635730110629403100e+00
2.759361959343813453e-01
3.389252218191320054e+00
5.821544412913870481e-01
-1.334492625432309953e+00
-6.177937829995517660e+00
8.955312100696779964e+00
-7.544448680873054869e-01
-5.659970637885500366e+00
3.434177600990572898e+00
-3.555792295806840642e+00
1.038206926800541297e+01
-1.123944980031432550e+01
1.797164095258123373e+00
4.095441153481022667e+00
-4.819953630964102231e-01
-7.534416138110113792e-01
-4.624584731964073825e+00
4.482800940946927604e+00
3.942750914855217559e+00
-6.533689593843611476e+00
-9.383267563191335370e-01
5.213838194704539575e+00
-2.082606595752264589e+00
3.377687367868544399e+00
-1.086371189139260274e+01
1.081003829983268538e+01
-1.012736354704977471e+00
-4.155773772599509641e+00
1.117951896798240696e+00
-2.095648703432507087e+00
8.487627375557680764e+00
-7.295511316629706755e+00
-1.899672926405072015e+00
4.390028286270297286e+00
1.877789636409967322e+00
-3.636009226689247420e+00
-4.853397864426785002e-01
-1.836578680364080451e+00
9.760006888442745776e+00
-8.995739139710174470e+00
-4.810593896062278496e-01
4.339981695578678078e+00
-1.583498850681303693e+00
4.407989565399371479e+00
-1.136313638038055274e+01
9.041458008497739840e+00
6.477601685998108927e-01
-2.967404189534744940e+00
-1.855664995958251851e+00
1.005399343333411188e+00
3.975611799880240049e+00
-6.640760239860150627e-01
-7.564124728465790426e+00
6.383148051869069306e+00
2.068819963907910786e+00
-4.060234125922954185e+00
1.283237586995298551e+00
-5.552380252333404265e+00
1.266590706110289410e+01
-9.285784623237944402e+00
-4.483958660493391202e-01
2.342110295270872555e+00
1.051466220964382359e+00
2.214827177086216459e+00
-7.741799165287112316e+00
3.416427991726611157e+00
5.006925897516131485e+00
-3.695457544054230326e+00
-3.127213547503240321e+00
2.848001990863136879e+00
1.480861396350338088e-01
5.224220300099300829e+00
-1.220818698643240552e+01
8.015833325010094157e+00
1.158130541780709510e+00
-2.221260117954932056e+00
3.327893279376192837e-02
-5.307959672530127904e+00
1.096815939744393731e+01
-5.626451733112328490e+00
-2.820012565883120992e+00
1.553526471342064674e+00
3.247831568203693564e+00
-5.458817702649652048e-01
-2.693747431066570552e+00
-3.550432000831504453e+00
1.024966709938253828e+01
-5.630669836155727026e+00
-2.299464840292519074e+00
2.070611847340817491e+00
-7.549552134503185741e-01
7.524967238324332897e+00
-1.291362292435313108e+01
6.659914038255632995e+00
1.506190825747017126e+00
-2.799788702932546336e-01
-2.383390095634264405e+00
-2.605759223234525024e+00
5.929493055949407676e+00
1.055869110372406716e+00
-7.406997836034713067e+00
2.799227467227637156e+00
3.243884032140931239e+00
-1.327840146572664581e+00
5.609951072403804861e-01
-8.323338732619028235e+00
1.313718730417422442e+01
-6.235679386810226710e+00
-1.192761085483332817e+00
-1.886933575941398544e-01
8.674262036135722553e-01
6.018613581643052157e+00
-9.135087727280211567e+00
1.498601863860829830e+00
4.453221671549722593e+00
-2.355527718989121055e-01
-3.443920314220369150e+00
-3.724416393737350894e-01
8.030324656015289664e-01
7.544167575263694303e+00
-1.163090881439791247e+01
4.503523934604306334e+00
1.614915872778021289e+00
2.538024725209511168e-01
6.995217824722264055e-01
-8.928078740500673405e+00
1.150790352279480544e+01
-3.353624034516961672e+00
-2.073687503491910000e+00
-1.533180664481739619e+00
2.634802113803570656e+00
3.039700204309923492e+00
-3.183336665122223685e+00
-5.468181599836063000e+00
8.817065169875593966e+00
-1.982085824690432041e+00
-2.232711685748745012e+00
-4.878069429253365508e-01
-1.659034737166244167e+00
1.063085710096382641e+01
-1.240919298197103515e+01
3.986729885451621325e+00
6.589584355843043362e-01
2.328408984576245899e+00
-9.367581529404276353e-01
-6.290215316799311118e+00
6.043610067569463951e+00
2.731347631902222073e+00
-5.410878052267017679e+00
-6.209536016720411666e-01
2.440274281362920128e+00
1.407226430104981718e+00
1.528588174929544241e+00
-1.071003721469808490e+01
1.156242428083058371e+01
-3.268675487890043030e+00
-2.023217850534397844e-01
-2.358298624188267745e+00
-1.177266903751616134e+00
9.446273467887309039e+00
-8.620011647024858448e+00
-1.271542177015418940e-01
2.194499679418392191e+00
2.645407758639510831e+00
-1.795094363158389328e+00
-3.263511573544678246e+00
-1.805996547329987711e-01
9.172759052801605861e+00
-9.138631150897971622e+00
1.490243480672139853e+00
3.341144063991650093e-01
2.120810987670219472e+00
3.038169387759330320e+00
-1.174054261129732168e+01
1.015562690280956559e+01
-1.639816990293068155e+00
2.229951853412828200e-01
-3.692347609428934696e+00
1.887727966611372210e-01
5.924327383239795353e+00
-2.094714810927436499e+00
-6.454186186258869640e+00
5.700963355600318749e+00
7.478164299872354093e-01
-4.790600882738949018e-01
-2.205936773677568574e+00
-4.009059812725851657e+00
1.255865285728089198e+01
-1.013781529435878426e+01
2.168399364858270673e+00
-1.580779211003598084e+00
3.743790741497126540e+00
2.099464523658592263e+00
-8.887358426281727120e+00
4.665524068385268563e+00
3.285641854760100955e+00
-2.027099082029701016e+00
-2.743573525270634583e+00
8.159284139041744766e-02
3.065410314950890669e+00
3.708420943999323427e+00
-1.163962501158660601e+01
8.460540941927337855e+00
-1.473602047487636568e+00
2.019951716655451257e+00
-3.149065370326512348e+00
-4.485452701561362332e+00
1.142412796031129041e+01
-6.750043261008674911e+00
-4.696919422055287896e-01
-1.131605333721665385e+00
3.930699857422691679e+00
1.178493032008327113e+00
-4.829284728533595583e+00
-2.152277833426794906e+00
9.167242011458510476e+00
-5.458408395578252303e+00
-3.819604243391960807e-02
-2.000067572162600449e+00
2.483726773061363247e+00
6.271814878619707656e+00
-1.280739067075846549e+01
7.661424268802136339e+00
-1.364317866383180089e+00
3.274807379467554291e+00
-4.063674057358039882e+00
-3.254205642423639411e+00
7.233083681388944086e+00
-2.336824042485079467e-01
-5.721294972204409746e+00
1.801486377631213109e+00
1.721602661056004457e+00
2.108920717214472162e+00
-2.329970751630839665e+00
-6.884500120779176058e+00
1.254714178199277441e+01
-7.025608955429806457e+00
1.944491740997676299e+00
-4.288241735744702687e+00
3.289640797020678242e+00
5.728999818001485167e+00
-9.682083576096172095e+00
2.737846402326268969e+00
2.103913151014082050e+00
1.714032953029287931e+00
-2.919759059657438982e+00
-2.831696803830566544e+00
3.054047728736467793e+00
6.074343166566762875e+00
-1.055676718695157845e+01
4.900576215907907596e+00
-1.420861952271277762e+00
4.446098958872951812e+00
-2.083630666451757651e+00
-7.945711139155742231e+00
1.143306627874515691e+01
-4.582721449973806926e+00
9.025343877458187336e-01
-4.410056699176143624e+00
3.190005295967779375e+00
4.359016557920855739e+00
-4.657319592184254731e+00
-4.015060919762575509e+00
7.193564279333819478e+00
-1.757941685731132075e+00
2.906053829885664186e-01
-4.282331519367585493e+00
1.070052643303200268e+00
9.224056170999466175e+00
-1.183410421359416098e+01
5.169472109594782872e+00
-2.766972693870354494e+00
5.925315670740814333e+00
-2.451743813091879165e+00
-6.500024921093114472e+00
6.752925298852595404e+00
1.263357544496328533e+00
-3.159243719414726037e+00
-1.666620589755664739e+00
7.891368868172410345e-01
4.376453490639203636e+00
-7.918145186675993319e-01
-9.093720932460389150e+00
1.054294154369246073e+01
-4.266725530032347891e+00
3.355368861248445800e+00
-6.303918434441866836e+00
1.007167301899183354e+00
8.731041079133316174e+00
-8.677787680127792669e+00
1.407312080497293838e+00
-7.077195137759808574e-01
4.604357700815408627e+00
-1.236727629903863424e+00
-5.127924831550624063e+00
1.506208789706153794e+00
7.464254175977724337e+00
-7.651051763064171674e+00
2.081729279731356463e+00
-2.944241785515437027e+00
5.946282052693371512e+00
5.714043748187430660e-01
-1.036433465587699843e+01
9.704048361040754855e+00
-3.245603723466021773e+00
3.680316602194890763e+00
-6.489382069760901928e+00
7.499976659372373788e-01
6.596767351752730768e+00
-3.077849744148171585e+00
-4.673613410782575528e+00
3.671350814380320848e+00
8.091424801746054385e-01
2.099619852105418794e+00
-5.441233954956381957e+00
-1.648721558790717356e+00
1.078075436561345768e+01
-9.280259749257265156e+00
3.755699456818031301e+00
-5.351014520949726183e+00
7.122006181852789553e+00
5.899971702942115037e-01
-8.465476498420118290e+00
5.006413277380871385e+00
1.397415085918463973e+00
6.074638493395522199e-01
-3.647003245462803633e+00
-1.463881171982958307e+00
5.337862792923061761e+00
1.757469686096519323e+00
-9.647921589569687484e+00
7.222124772722674280e+00
-2.848821639315465948e+00
5.732379968741132537e+00
-6.706616415359041738e+00
-2.350026316125565007e+00
1.013615900317964957e+01
-6.581603612417586291e+00
1.552707237352083602e+00
-4.352901498608122921e+00
5.732027253147927937e+00
1.523319410273279217e+00
-5.935699786529744060e+00
-7.737690714156393312e-01
7.049927735993529510e+00
-3.788826426058007346e+00
8.634499667586932325e-01
-5.219085356047478363e+00
5.753509420323899448e+00
3.899481623250396378e+00
-1.093094619666692502e+01
7.114833542612461592e+00
-3.476223827338094541e+00
6.931492651893053747e+00
-6.639975063324691895e+00
-2.435205394239956522e+00
7.165352519748863003e+00
-1.023291351565666307e+00
-3.483571686967945169e+00
-3.813598602257384229e-01
1.551672611515250821e+00
4.426269947282285067e+00
-4.879770344695026907e+00
-4.635966773595552759e+00
1.032850596948708954e+01
-6.170952182574045430e+00
3.995608899738091857e+00
-8.083585427430030279e+00
6.342532315396243625e+00
3.972619191271856920e+00
-8.600974992014020160e+00
3.029817247924023960e+00
-2.795565757998090817e-01
4.455977709590801084e+00
-3.652269629469793166e+00
-3.960260988261810056e+00
4.578018610120618170e+00
4.204653979126327989e+00
-8.156740381243183791e+00
3.722774693577137750e+00
-3.163878211266241358e+00
7.974144239602615869e+00
-5.192893495978776031e+00
-5.605314004825411089e+00
9.601260886506505443e+00
-4.508402851242962583e+00
3.421183671381632152e+00
-7.653796738840382474e+00
4.839367435606076739e+00
4.199814955248884374e+00
-5.032391906876725329e+00
-2.636221041697404566e+00
4.675821292950857355e+00
-1.763997694380647907e-01
1.433178725063731562e+00
-7.104985721821814870e+00
3.783366137659651240e+00
6.688778825507690762e+00
-9.531990860377423047e+00
4.829774421728208367e+00
-5.320573575692490564e+00
9.470807605977896060e+00
-4.846405110391190263e+00
-5.161941704567743372e+00
6.044967639663871850e+00
3.553325822076933704e-01
-5.219205655417642475e-01
-3.742052889160153661e+00
5.041327279043343879e-01
6.119998238647102795e+00
-2.724691671301566753e+00
-6.696960120489840129e+00
7.995205676343454471e+00
-3.684684983507018341e+00
5.735282939448774542e+00
-9.813597990002520532e+00
3.811231658739654193e+00
6.497439961540996123e+00
-7.098370475283604542e+00
1.944985799011210936e+00
-3.471744450046375441e+00
7.201814797469856977e+00
-1.948357021489252716e+00
-5.570289269577777702e+00
2.422904967452522929e+00
5.419105147067023509e+00
-4.987220722331374034e+00
1.195375478607620057e+00
-4.859839237634464126e+00
8.997922623823473742e+00
-2.210489754171578447e+00
-7.617231666440996030e+00
7.534153051624032038e+00
-3.522636257398185755e+00
6.519061118202435168e+00
-9.514746027948451257e+00
2.421520647155961825e+00
5.719075473421032285e+00
-2.930146307943817252e+00
-3.052948408427242910e+00
9.309474043931814657e-01
2.111045111724823897e+00
3.244171241677732631e+00
-7.615237326466919754e+00
6.801669878683118675e-01
7.906220577062211596e+00
-6.787154988576240555e+00
3.827258890521512580e+00
-8.111069069523709985e+00
1.033393532498564582e+01
-1.816709041780530942e+00
-6.452207151746188529e+00
3.920715232303153996e+00
1.610611879026189186e-01
3.430394942906914046e+00
-5.459295337257310976e+00
-1.600038429274288188e+00
6.313826978384789790e+00
2.157336242245713187e-01
-6.951606349798078455e+00
4.596669459280992243e+00
-2.682759069481461811e+00
8.157155511059688280e+00
-9.739466721776397051e+00
4.188835056504930376e-01
7.324207959447035066e+00
-4.801250408439443618e+00
2.496950523917127018e+00
-7.245000005385037412e+00
8.061650136091664365e+00
5.606085598309049622e-01
-5.569267190447856564e+00
-1.891727357270100995e-01
4.707366334275580044e+00
-1.122409247032917667e+00
3.507215940656176478e-01
-6.992048208993290714e+00
8.184916804260666368e+00
1.208229181538255315e+00
-7.723711688102303796e+00
4.918460637527688029e+00
-4.201937866122301912e+00
9.801286184145197922e+00
-9.355599732292208870e+00
-4.734185658471103952e-01
5.521947241359637104e+00
-6.651389369004752083e-01
-1.537747393743842395e+00
-3.075385600082063409e+00
2.546813116177014003e+00
5.247695603009425724e+00
-6.324539874635597414e+00
-2.429538988848273018e+00
7.101631604479309523e+00
-3.794575199373221963e+00
4.504241180433581349e+00
-1.073297783933394456e+01
9.165938532411388451e+00
1.295222099935394944e+00
-5.936290871763134191e+00
1.897091741020097366e+00
-1.876965941090963153e+00
7.187270109318488309e+00
-5.220205162457627779e+00
-3.633769803265126441e+00
4.780653779926726799e+00
2.769021472302771514e+00
-5.183915659925670383e+00
1.310803112277683313e+00
-3.368471736854488086e+00
1.011402357132430296e+01
-7.739161911902951552e+00
-2.622647376153032894e+00
6.294916761794879356e+00
-2.854241760897821667e+00
4.742947248332841426e+00
-1.038915347571657044e+01
6.957468640228329448e+00
2.700485950111527700e+00
-3.930247239122891756e+00
-2.084284797217145879e+00
2.095547035315970863e+00
2.224056570634778573e+00
1.185908294481666347e+00
-8.413379673252944002e+00
5.640699758644636574e+00
3.846770227321581359e+00
-5.995183507757623431e+00
2.909544460151199718e+00
-6.397633658681434632e+00
1.208408572976815165e+01
-7.341512600012148226e+00
-2.662724080090471901e+00
3.782799035593565673e+00
6.253138365307924218e-01
1.648039321869233298e+00
-6.144723555712850782e+00
1.349883421599063382e+00
6.326049812004365336e+00
-3.551171304326634193e+00
-4.378009958148582292e+00
4.580737112574310821e+00
-1.687146207832988853e+00
6.516326288379117315e+00
-1.207269979711179531e+01
6.368555872940897089e+00
3.343344145087916885e+00
-3.990127380271704549e+00
1.043444782549858729e+00
-5.281600027450583212e+00
9.618687104776466157e+00
-3.463361604504854085e+00
-4.537563479137023847e+00
2.031245390912778781e+00
3.864149408425250343e+00
-1.928518212860745651e+00
-7.902880321867484792e-01
-5.212350689015780247e+00
1.059729431183998827e+01
-4.430038666861161545e+00
-4.253204354481466609e+00
3.984253611560590436e+00
-2.232292443394753523e+00
8.017909369396939212e+00
-1.189263183565551429e+01
4.540762689481622871e+00
3.500692759650098296e+00
-1.334686115505371529e+00
-2.326668993129261231e+00
-1.673706240268290735e+00
4.083471706212814745e+00
2.997594607545591483e+00
-8.246360797904310758e+00
2.165935290945930181e+00
4.779276727021978921e+00
-3.195819878163257854e+00
2.363641423847175460e+00
-9.288394716865379763e+00
1.251590654880422804e+01
-4.317320087748754531e+00
-3.298465393022884662e+00
1.332449082924418882e+00
1.681593429402417073e-01
5.587712812919184202e+00
-7.455526250038349900e+00
-6.163818131223401942e-01
5.752478811834086159e+00
-2.401521191133282329e-01
-4.415860152079552847e+00
1.278129036068598179e+00
-1.177719858852381396e+00
8.917464789510059830e+00
-1.146837744506533596e+01
2.947102283247739152e+00
3.638066934167787370e+00
-1.572906230254630611e+00
1.952909700816817917e+00
-9.005316168259163589e+00
1.009041283846809023e+01
-1.192521907380449386e+00
-3.751534574470758887e+00
-8.856234808691594296e-01
2.959413424915675606e+00
1.740391529763375633e+00
-1.163129675987157885e+00
-7.173048697941954543e+00
9.151631936372126574e+00
-9.339648057600840048e-01
-3.975939330045168418e+00
1.457109940212034438e+00
-3.338926647661967451e+00
1.119078126387076644e+01
-1.133986183221085398e+01
1.927397294349944445e+00
2.583488407423235600e+00
1.103237822884493013e+00
-5.998151099546804588e-01
-5.428774161514904328e+00
4.107834966057660964e+00
4.676679921321955646e+00
-6.247719660724349922e+00
-1.051513426628157610e+00
3.730131797278156025e+00
-4.689561776782563696e-01
3.489090383382267291e+00
-1.170583556393940050e+01
1.091827683689420070e+01
-1.472716601383005752e+00
-2.200368198817807652e+00
-6.837737769986911296e-01
-2.124218200378154453e+00
9.062818070128351167e+00
-6.878220553362494272e+00
-2.202847124831011971e+00
3.493338538310432284e+00
2.406337202549898358e+00
-2.506574749356953014e+00
-1.618717488996072040e+00
-2.275303485414761795e+00
1.054326760991120437e+01
-8.982249569865654593e+00
1.178783101433382718e-01
2.210716100563423492e+00
1.694918328347170267e-01
4.491968649905066613e+00
-1.183690830591523380e+01
8.706736024480257186e+00
4.338181034902163224e-01
-1.445010370681016898e+00
-2.801108574308329935e+00
2.612737392588657670e-01
4.633325009921632542e+00
-1.691773571329657777e-03
-8.125081818460659022e+00
6.069534035454476673e+00
1.558836784120162022e+00
-2.043602704794492464e+00
-1.691896315065568590e-01
-5.834814815342060257e+00
1.310952512378028345e+01
-9.072737800657378671e+00
2.494405801127030919e-01
3.131437570681581128e-01
2.288161023395064220e+00
2.657979377560786727e+00
-8.026505766861543378e+00
2.696009880582019846e+00
5.165855683099392692e+00
-2.918836081805672222e+00
-2.900457114723841379e+00
1.175010486689854972e+00
1.126981126337692540e+00
5.759533365428861629e+00
-1.260189159011107662e+01
7.860152127458317040e+00
1.279350036648296829e-01
8.078593536882994197e-02
-1.275526345717942434e+00
-5.606149035230427735e+00
1.102724074552903488e+01
-5.013775250389709726e+00
-2.446414091814241409e+00
2.310534401985573361e-01
3.403776449751175548e+00
6.616126958031975924e-01
-3.143784519154467993e+00
-4.285792332372128755e+00
1.048431567314160162e+01
-5.385388419204593546e+00
-1.167261072360866070e+00
-2.114330320257180595e-01
3.759045386771568964e-01
7.841482742952305074e+00
-1.287505361908634782e+01
6.259592988652575407e+00
5.723641711506834984e-01
1.548446395797242303e+00
-2.895122701792459452e+00
-3.353482939368531479e+00
5.913422492070491643e+00
1.851003125029160534e+00
-7.321717776609773409e+00
2.287384096468253247e+00
2.253283906459647490e+00
6.544253503895067769e-01
-1.821679569326415393e-01
-8.765745894352757972e+00
1.305707268149004463e+01
-6.051741415709874339e+00
2.033812309417137865e-01
-2.354590798957627573e+00
1.589935350563227878e+00
6.418245948080336660e+00
-8.796974640308327764e+00
8.203736017728395780e-01
3.896284787776597369e+00
6.827176882114232015e-01
-2.781128908146158984e+00
-1.856610085450314251e+00
1.045975774893974419e+00
8.124007843162441844e+00
-1.147093195883424954e+01
4.435842557112277262e+00
-3.672149444001560070e-02
2.494163237740220307e+00
-1.606417639946799980e-02
-9.143903400535624115e+00
1.101267484558764487e+01
-2.940959236822975331e+00
-9.656639447487349592e-01
-2.901753603796829228e+00
2.375625186552509760e+00
3.951090157303949635e+00
-2.935384205708547967e+00
-6.096759746823813941e+00
8.459699859897549246e+00
-1.860471953131652256e+00
-5.894465186714588079e-01
-2.508952356028888886e+00
-1.173146433758216700e+00
1.081336282263508863e+01
-1.187972839526000080e+01
3.904852285876700968e+00
-9.638908776087482533e-01
4.064698549183018983e+00
-1.028360452869872432e+00
-6.681325792826727117e+00
5.421113047165033727e+00
3.252617660195614491e+00
-4.707185009268550324e+00
-9.760303123714786366e-01
1.055379712833333095e+00
2.958574047461083545e+00
1.432525919740673448e+00
-1.093916318532041743e+01
1.103597495837824205e+01
-3.472378056590843087e+00
1.775466286950153627e+00
-4.262229072408920239e+00
-8.941548893008670618e-01
9.461782192140848480e+00
-7.798126395322819704e+00
-3.760461912561321451e-01
1.028022529515451255e+00
3.355683829673359320e+00
-8.372836144103485978e-01
-4.198089423440338308e+00
-5.259507523935776918e-01
9.429888919499649802e+00
-8.557546598165568952e+00
1.835127597435997515e+00
-1.746632300656708381e+00
3.921312976214227586e+00
2.774156608632539545e+00
-1.155646451505050365e+01
9.303788090326904126e+00
-1.773988757759044965e+00
1.878470772646173570e+00
-4.770876690588323754e+00
-2.969010379758820761e-01
6.227262454811603121e+00
-1.374480880612882094e+00
-6.632016922441171580e+00
4.940852178257152616e+00
4.589861462509539081e-01
1.422459064214740110e+00
-3.630681694274206173e+00
-3.956398014102618266e+00
1.231666927904166542e+01
-9.361258434786602578e+00
2.695616892582507251e+00
-3.630093523077022155e+00
5.077818937572292413e+00
2.195548678282275290e+00
-8.664129465089899895e+00
3.726034502314296226e+00
3.232052776630426116e+00
-9.526377274645381199e-01
-2.694477652137504897e+00
-1.401255475548422336e+00
3.911819567659513552e+00
3.979621308618270348e+00
-1.139882804999314914e+01
7.767934291426130677e+00
-2.290389615899210085e+00
4.253873558481130246e+00
-4.523158236519916997e+00
-4.366786924027486805e+00
1.085359072638830291e+01
-5.779015213151992292e+00
-5.008988272191827740e-02
-2.602622284723522750e+00
4.227071320620813921e+00
2.106867387397694635e+00
-5.014426049507231475e+00
-2.746960988158713146e+00
8.889317067628446978e+00
-4.766597055213095402e+00
8.772237274969585386e-01
-4.140108780749753414e+00
3.636382685929572922e+00
6.142987908697271848e+00
-1.207604991350098800e+01
6.813542086585854918e+00
-2.208082024471103466e+00
5.121664514394427492e+00
-4.692544016907397086e+00
-3.625499837630051125e+00
6.807032919328030118e+00
5.766185779908759024e-01
-5.293597894269343129e+00
9.755850287509613139e-01
9.291260563930574534e-01
3.876213731691991349e+00
-3.025896350435266946e+00
-6.910887513602578025e+00
1.178704410621389087e+01
-6.371686897135729666e+00
3.159504199477418673e+00
-6.369726042219921780e+00
4.116224188359304925e+00
5.662940853280067799e+00
-8.801361624969239017e+00
1.885973859966903809e+00
1.391883835650475465e+00
2.799139555320382389e+00
-2.433224781513170676e+00
-4.018354258640172816e+00
3.149092078466680711e+00
6.329406171932630443e+00
-9.807775099924835871e+00
4.408381328116671938e+00
-2.845582120713348040e+00
6.522512984700943761e+00
-2.887501754244482299e+00
-7.637193844616078309e+00
1.030384365851502437e+01
-3.866964028854202429e+00
1.992264309628960728e+00
-5.808232953090394446e+00
3.095067775160089685e+00
4.879381711967768709e+00
-4.135489970024034179e+00
-4.460906028357555897e+00
6.402212676211014752e+00
-1.311166994364121763e+00
1.694642411932610671e+00
-6.071281272754687208e+00
1.609309671970842848e+00
8.875593122085142284e+00
-1.064464107414200633e+01
4.709061659785981568e+00
-4.235181895594723578e+00
7.579406913611372865e+00
-2.708000867532932343e+00
-6.405685471011939747e+00
5.724126683613734556e+00
1.770252579305588547e+00
-2.213768400528275837e+00
-2.217819400602751401e+00
-3.597280406264760089e-01
5.625256137048877392e+00
-8.746961470168761466e-01
-8.849900799558055198e+00
9.407951504226179651e+00
-4.082162176346148641e+00
5.089130374569523774e+00
-8.042321543818056639e+00
1.459330336088086488e+00
8.185273688301071715e+00
-7.337862043760988939e+00
1.009901507666444598e+00
-1.919009643390031439e+00
5.378717367765741386e+00
-5.128395393977553951e-01
-5.679777491425607394e+00
1.047181336268100171e+00
7.369614964766287635e+00
-6.586293463459393038e+00
2.090174149766488298e+00
-4.734514857924329689e+00
7.518430522582226772e+00
1.457310024706527096e-01
-9.584851262754231271e+00
8.271024470664992023e+00
-3.104453428767616430e+00
5.208198907530320554e+00
-7.518231560729134344e+00
5.059595969495478407e-01
6.429668881957605997e+00
-2.120344660239472212e+00
-4.667240751109297925e+00
2.606256934923191437e+00
7.611513321755136730e-01
3.692912590365946102e+00
-6.581560727016571022e+00
-1.469974337530176811e+00
9.969843184323940122e+00
-7.928351622548753141e+00
3.938192479949416569e+00
-7.143885881776372848e+00
8.321195453514885543e+00
4.292971914203054240e-01
-7.691696509235580237e+00
3.705432581366562061e+00
1.345097538987245933e+00
1.784374936987527693e+00
-3.724628043600384686e+00
-2.631749634857800224e+00
5.838181425641780109e+00
1.976081488804608988e+00
-8.932923295259636021e+00
6.035408996634669343e+00
-3.315558366339667273e+00
7.629560631593547804e+00
-7.887262973013462464e+00
-1.964367947645460299e+00
8.962879492800034598e+00
-5.152641318665473591e+00
1.800605972740997984e+00
-5.732325063004214627e+00
6.047161894388589864e+00
2.127234714204010224e+00
-5.702936429364651616e+00
-1.425052587360644996e+00
6.453199734298275203e+00
-2.749580797057419090e+00
1.478761452170339386e+00
-6.982587331644541706e+00
6.669225715870224391e+00
3.515685065675356658e+00
-9.595293988539170371e+00
5.766570493479650672e+00
-4.021635945219516728e+00
8.527473971789579110e+00
-7.202660636385896709e+00
-2.465557552674623842e+00
6.246186531265416342e+00
-2.707665347125587374e-02
-2.930961111126776153e+00
-1.366609285883038538e+00
9.745828464177197503e-01
5.801686132707971844e+00
-5.295796337335699100e+00
-4.456605668201845560e+00
9.028363339469665405e+00
-5.044305849833390809e+00
4.846522015820883489e+00
-9.803747163056122815e+00
7.045898463910219789e+00
3.548946002038258385e+00
-7.165675999713408295e+00
1.868298706778267704e+00
-9.157790377442234231e-01
5.502557397281600871e+00
-3.286688089622419096e+00
-4.747434677830660199e+00
4.340227157287429804e+00
4.346170657721017960e+00
-6.999761741796661774e+00
2.856433419638736204e+00
-4.221323651240345143e+00
9.627502460459474776e+00
-5.837673521379135977e+00
-4.937487770591495462e+00
7.892278145358593733e+00
-3.393820576193033567e+00
4.260597413789430021e+00
-8.836521771306365736e+00
4.782860705271295920e+00
4.310358817439583490e+00
-4.113962248510221187e+00
-3.096279023683916165e+00
3.662673656957467827e+00
4.902111961977011489e-01
2.516451068168110261e+00
-8.446143463862492595e+00
4.134833923011039580e+00
6.011647408417118754e+00
-7.794244501289528948e+00
3.939762242410118631e+00
-6.416037156813906961e+00
1.077549330120407411e+01
-5.082387758753255547e+00
-4.644716385967266881e+00
4.555705802681095484e+00
1.019459407385379102e+00
4.319281829191912170e-01
-4.330240016472613362e+00
-3.979208377032645849e-01
6.916106224715313999e+00
-2.583973581929546626e+00
-6.199573402335157191e+00
6.410764927247383227e+00
-3.109653451180578454e+00
7.038307612167287175e+00
-1.112016294761864543e+01
4.207896183658518474e+00
5.523449994259674867e+00
-5.253811190935495645e+00
1.260476644321880002e+00
-4.484413424705840256e+00
7.833519938103527203e+00
-1.393772627568566236e+00
-5.669239162562526246e+00
1.689676582647935188e+00
5.191292099877255595e+00
-3.635240052416378820e+00
9.178671225725976157e-01
-6.222496629143494218e+00
1.010214216125996778e+01
-2.558304903100445671e+00
-6.428615465303796128e+00
5.594662684322370794e+00
-3.006438986292819582e+00
7.679571170264610558e+00
-1.025225928316808321e+01
2.283634958339963994e+00
5.096615512115407753e+00
-1.636394486777177359e+00
-3.066108920704825103e+00
-2.150002528641601351e-01
2.198639294532529931e+00
4.457645655998635270e+00
-8.283087460428903981e+00
7.562912972429018943e-01
6.745704838578260976e+00
-4.986917718251371312e+00
3.609486219034374610e+00
-9.427983828802432242e+00
1.114092308025271727e+01
-2.041669700453576652e+00
-5.222328985890499098e+00
2.224651719545159168e+00
2.885803773746236089e-01
4.468156228779486483e+00
-5.505355842785686349e+00
-2.457372515565759308e+00
6.351180465591477642e+00
5.768196099619924411e-01
-5.995072994329911253e+00
3.085473976949987929e+00
-2.793410236989973150e+00
9.537003807568453340e+00
-1.047765872779646301e+01
8.432286185871649131e-01
5.709047073041927156e+00
-2.943476833737460829e+00
2.427437940046115905e+00
-8.285835965855216756e+00
8.191773938721977899e+00
9.227749807493870193e-01
-4.884224047639573740e+00
-1.041711566252225829e+00
4.020959230044631738e+00
6.142878034015869515e-02
7.139947352765987354e-01
-8.255778541265600623e+00
8.648736440982228046e+00
8.082827473753391168e-01
-5.992380472143569392e+00
3.154775887908792598e+00
-4.342707992312277554e+00
1.090897476952588718e+01
-9.617225073782375233e+00
-3.164218576344504097e-01
4.159160017709638169e+00
6.020477740586587245e-01
-1.072646246002152637e+00
-3.993273070892294996e+00
2.080836503357917255e+00
6.180382685697818346e+00
-6.303046914828469127e+00
-2.268628322034327738e+00
5.497480912129637076e+00
-2.327298136760686642e+00
4.930666359307184443e+00
-1.188182442617034695e+01
9.500804995882495163e+00
7.219970442163491375e-01
-4.071611857397108736e+00
4.023780581889475627e-01
-2.251574615475622654e+00
7.955191013811580447e+00
-4.817715903839292935e+00
-4.051320502795722867e+00
4.126734843043325718e+00
2.985397540315469556e+00
-3.863347748137698989e+00
2.406791222779983697e-01
-4.050551963068278916e+00
1.118103823658359097e+01
-7.993893886395042614e+00
-1.835066428746610301e+00
4.191578553049019717e+00
-1.375151278000218635e+00
5.180855209874044576e+00
-1.111576596779094039e+01
6.737074334940601261e+00
2.511042642613722897e+00
-2.614212801338222647e+00
-2.696557690517910721e+00
1.097482849206722122e+00
2.910428836246234496e+00
1.997706222445865487e+00
-9.208152225569493865e+00
5.612901858456417870e+00
3.086256711767546346e+00
-3.935242589607449215e+00
1.675287428430991987e+00
-7.011240323887772519e+00
1.281423065834167474e+01
-7.326644887500188830e+00
-1.901889041980391104e+00
1.912381170287549947e+00
1.527084169577952011e+00
2.393247903063791426e+00
-6.549061772632938094e+00
5.863024850417606348e-01
6.648885900202927246e+00
-3.056317654984537668e+00
-3.853675654410341878e+00
2.793498637978781396e+00
-8.501691837338671842e-01
7.329148251419727700e+00
-1.275650131687078215e+01
6.473006524820490881e+00
2.170797745976118964e+00
-1.789728881833748675e+00
4.961954152093372983e-02
-5.908174450686552781e+00
9.876833515014103781e+00
-2.914673251987470959e+00
-4.246602625743086890e+00
9.683972888759395659e-01
3.691552190414750356e+00
-5.384662233879726756e-01
-1.189800995257559890e+00
-6.144710858287330879e+00
1.109620256228314972e+01
-4.482353840710862514e+00
-2.910957668936629883e+00
1.739572178149816573e+00
-1.373047732030481693e+00
8.661523217815322084e+00
-1.211150792928280850e+01
4.301656482060034925e+00
2.565333462107855400e+00
2.708697220999534139e-01
-2.496818212589021257e+00
-2.663580901599752693e+00
4.114936805639960227e+00
3.890380793527361991e+00
-8.374787204934271756e+00
1.965260817979454622e+00
3.524464087420621894e+00
-1.181245856083107171e+00
1.825576335987039389e+00
-1.002605852414550114e+01
1.272395937482883177e+01
-4.373428662543732415e+00
-1.820637856347669281e+00
-6.592830937344968945e-01
5.564349773357930573e-01
6.273138679795392747e+00
-7.259194410511160100e+00
-1.284724976795237783e+00
5.341379698049887992e+00
3.746086374190307211e-01
-3.449412137967666325e+00
-3.101577610889660885e-01
-1.053496420622996421e+00
9.731251652251525996e+00
-1.159712971980682994e+01
3.174846425544943784e+00
1.833335976741501172e+00
5.521256124856321890e-01
1.541395357271080790e+00
-9.527566994672646672e+00
9.816675985748803512e+00
-8.940814501621477950e-01
-2.712549935358027131e+00
-1.976197494329616333e+00
2.373337144507010166e+00
2.824752792348723229e+00
-8.960131786309816215e-01
-7.950186007025230595e+00
9.055242739007725916e+00
-1.138188603622981798e+00
-2.119616407907886302e+00
-5.160746810098340021e-01
-3.102932734017048499e+00
1.167211785954172321e+01
-1.108808632089754198e+01
2.050749624454069497e+00
9.516616302061366994e-01
2.601882763840448920e+00
-3.596789918088960647e-01
-6.051932495655115929e+00
3.569362413868920392e+00
5.246016818767930801e+00
-5.754387406969609486e+00
-1.074001128023656548e+00
2.085126454998951662e+00
1.107966031427426223e+00
3.565989681276877210e+00
-1.219610688743939342e+01
1.069662817448330472e+01
-1.951988177629516930e+00
-1.402816847160288094e-01
-2.403098310046583919e+00
-2.156602841927739433e+00
9.352047585457395229e+00
-6.236159790880844156e+00
-2.395200038163370237e+00
2.471333326783343498e+00
2.798050429385858351e+00
-1.255766299333740399e+00
-2.654564928308670524e+00
-2.698489896660231757e+00
1.099613874174662165e+01
-8.702715836449655740e+00
7.842064796161354323e-01
-1.717603261411482229e-02
1.849549359932266768e+00
4.503890474978312852e+00
-1.194390312531177401e+01
8.112552737419157722e+00
1.454083519031593719e-01
1.391677559577044754e-01
-3.592704337090395939e+00
-5.342889961145695921e-01
5.109383879863525380e+00
6.909784953168817134e-01
-8.412067538800418021e+00
5.580276987809304146e+00
9.276127815846981761e-01
5.935188732332186134e-02
-1.546993434151814117e+00
-5.994672508850253045e+00
1.314713287021118404e+01
-8.605501365610626507e+00
1.012517244049280674e+00
-1.738434282794393937e+00
3.381901083529577079e+00
3.062251478908538882e+00
-8.036852568594682111e+00
1.889344028141625831e+00
5.123306800996211940e+00
-2.063161704510142691e+00
-2.511020264082964637e+00
-5.516896602847798370e-01
2.006293240733059147e+00
6.158322032456188921e+00
-1.259961697708508410e+01
7.497991528953214413e+00
-9.842137586538619587e-01
2.385946159713834280e+00
-2.469181987562487635e+00
-5.772547632602956114e+00
1.073140068120730461e+01
-4.269426450425447328e+00
-1.939217799619105564e+00
-1.086981580165117922e+00
3.381856340320586796e+00
1.862852909380602107e+00
-3.443067893149739156e+00
-4.907417388853168028e+00
1.037783855813943212e+01
-5.014615535168132077e+00
7.838084600851757955e-02
-2.484076999885198145e+00
1.419643587389439299e+00
7.951218487040327965e+00
-1.243356895714103771e+01
5.710721458609436141e+00
-4.477848173545950772e-01
3.314358199180203801e+00
-3.244824295999293895e+00
-4.010928264846919333e+00
5.677191005183047423e+00
2.580871423342602444e+00
-6.979886468031881286e+00
1.746516972931269507e+00
1.119871754628417371e+00
2.606335964038145825e+00
-8.501608588409947931e-01
-8.961040973146907618e+00
1.257234616193418830e+01
-5.740492029083064551e+00
1.665707650857462419e+00
-4.427285945892171171e+00
2.191335367549192448e+00
6.632863377633861468e+00
-8.167964937658183544e+00
1.520463916831977791e-01
3.176110744583763967e+00
1.538794944252641628e+00
-1.964707954094389919e+00
-3.269099324988352873e+00
1.199708437405842210e+00
8.458592528235525876e+00
-1.095358738564939394e+01
4.298305209638998647e+00
-1.757120941146502302e+00
4.629876859168073011e+00
-6.620050711527558640e-01
-9.088889204611888317e+00
1.017522056661712426e+01
-2.496436114564299924e+00
2.238854932088765459e-01
-4.139326337533965727e+00
1.980627661094904290e+00
4.725670664985329950e+00
-2.558541980881249955e+00
-6.519937156941334244e+00
7.831769908807357794e+00
-1.749993241115265441e+00
1.134732930978358478e+00
-4.418698867304030387e+00
-7.129907695939095014e-01
1.066794129759664500e+01
-1.099411483318425553e+01
3.778615837862534299e+00
-2.611748472894427131e+00
5.632034415553185625e+00
-1.030567452613111001e+00
-6.853807823635214902e+00
4.615429336092478962e+00
3.631669735853093162e+00
-3.840711792964516036e+00
-1.234740890482390441e+00
-4.154464472335348546e-01
4.381384125685894304e+00
1.341138438863888949e+00
-1.082567039389128283e+01
1.018626177448520309e+01
-3.654333634240710893e+00
3.750067661177825418e+00
-5.987739460796893454e+00
-6.356994055867275506e-01
9.176188349620968410e+00
-6.742578212874154708e+00
-5.486978352210680754e-01
-1.945738268695194062e-01
3.899799030618000817e+00
1.903639081366650387e-01
-4.967016693807671857e+00
-8.848252907173086435e-01
9.375086087678180746e+00
-7.730482765457473704e+00
2.210318460362057813e+00
-3.816863436475516291e+00
5.550853081615476192e+00
2.468984486532930234e+00
-1.100827881028730815e+01
8.191626418308656454e+00
-1.935540668827472111e+00
3.503516601799156138e+00
-5.642720244820738529e+00
-8.092503498573409004e-01
6.307450451152640802e+00
-6.058845096479243963e-01
-6.565121119852308951e+00
4.042723798587568140e+00
7.349713690728076898e-02
3.312401275787321797e+00
-4.892818612705676529e+00
-3.814051168140891956e+00
1.168482618279800889e+01
-8.336542801061193941e+00
3.231540751549037971e+00
-5.592970124104760465e+00
6.197754092190546515e+00
2.252625747493817165e+00
-8.151368747432636397e+00
2.691262169727802522e+00
3.019382570291050172e+00
1.421781896365126308e-01
-2.487572706970881953e+00
-2.861789211470247452e+00
4.590581701170906470e+00
4.143111165281442965e+00
-1.078921920898259934e+01
6.883112188220147587e+00
-3.129698338372179922e+00
6.375281862861934101e+00
-5.702019430588562976e+00
-4.134764913227853889e+00
9.934723465394792896e+00
-4.673222376994603522e+00
4.462649321515086420e-01
-3.988576213516835889e+00
4.327082298700709373e+00
2.981378507472515427e+00
-5.006487206567509674e+00
-3.249817955788340207e+00
8.308348380326032512e+00
-3.975294307132982485e+00
1.852650385700593816e+00
-6.161097871872401655e+00
4.624319251063504055e+00
5.836484179296567376e+00
-1.096498937567492504e+01
5.817621963030394028e+00
-3.068349929036431778e+00
6.806747884680001803e+00
-5.118756182196113613e+00
-3.888649520099535017e+00
6.145339125527893742e+00
1.337085273657972362e+00
-4.659916029241498059e+00
1.626457921502364457e-01
3.212512842395298662e-02
5.521770070696883081e+00
-3.582412883378023327e+00
-6.722592978301367594e+00
1.065794173522177424e+01
-5.594445002258173538e+00
4.363009683397434557e+00
-8.247897933715263363e+00
4.765074232236800711e+00
5.420158903281965479e+00
-7.638195648527350556e+00
1.032519054016419968e+00
5.813188219122362721e-01
3.761120141903545377e+00
-1.809259093869831858e+00
-5.069648325954592138e+00
3.111989012073550054e+00
6.370053927658824833e+00
-8.747417878750848530e+00
3.856319340757507153e+00
-4.261854284773344048e+00
8.384592716547288660e+00
-3.558776752439035462e+00
-7.085348806627170148e+00
8.859581196167104267e+00
-3.109015017763652633e+00
3.084830155303473376e+00
-6.995796599777577285e+00
2.855672417025270970e+00
5.231636183682331520e+00
-3.466695584652681461e+00
-4.728914866242580395e+00
5.396912933827048953e+00
-8.959019409079833629e-01
3.112887662440917858e+00
-7.652191450811711704e+00
2.064431672303507881e+00
8.237927036597859853e+00
-9.139568480056430744e+00
4.193854238539323376e+00
-5.639100796687282369e+00
8.970882974441307667e+00
-2.843760623857850334e+00
-6.093129933900657491e+00
4.517975598772717483e+00
2.160312605237819206e+00
-1.174126920219619841e+00
-2.637373891237141166e+00
-1.547664585415791549e+00
6.673234674885783591e+00
-9.085304424353051189e-01
-8.306590812004488455e+00
7.999794104662579564e+00
-3.866699345447781155e+00
6.726816459978056884e+00
-9.503453899750091693e+00
1.840272511836222868e+00
7.365302211625532003e+00
-5.789694748944896219e+00
6.631206967378786565e-01
-3.105028692438724480e+00
5.934200883968603790e+00
2.601306604375457354e-01
-6.025624169605681146e+00
5.502882620452336226e-01
7.006494387653118494e+00
-5.333807376327369454e+00
2.125054382106448259e+00
-6.427578011586021489e+00
8.827208979571729230e+00
-2.689524062118323622e-01
-8.486763373601220906e+00
6.616952350495016510e+00
-2.963015067315105888e+00
6.613096461651593927e+00
-8.271438490003497179e+00
2.284149745550614341e-01
6.033793417791155633e+00
-1.111714161483567054e+00
-4.458907936765120539e+00
1.470162298865453465e+00
6.097032781735993723e-01
5.204716111044767501e+00
-7.485315075125096307e+00
-1.249022462529909783e+00
8.825015652048101344e+00
-6.376334356211721399e+00
4.100010247100209781e+00
-8.751697766212961582e+00
9.226744681412036186e+00
2.602667763137973544e-01
-6.653810991001837039e+00
2.325458404471331342e+00
1.176987081664861101e+00
2.904632645200757590e+00
-3.622189271914619368e+00
-3.733077645278696011e+00
6.125049129592826880e+00
2.121643493713345041e+00
-7.909120206118137375e+00
4.710338988335520227e+00
-3.776919601933667270e+00
9.318048347464387149e+00
-8.792034401694136747e+00
-1.511883929890435851e+00
7.491285661856867506e+00
-3.619166972504758828e+00
2.079710092901343010e+00
-6.939704224340576211e+00
6.126139685505409993e+00
2.663721080123514273e+00
-5.264763201159081696e+00
-2.002022598311125279e+00
5.614045716814833220e+00
-1.670036998523919403e+00
2.133191777496710628e+00
-8.543885479230134194e+00
7.349969689014628216e+00
3.006444954509510215e+00
-7.945831717321045318e+00
4.308914008619432856e+00
-4.535318102300783139e+00
9.867594101845867272e+00
-7.507430563861670514e+00
-2.404603701868462284e+00
5.112469308103263721e+00
9.196391621657609150e-01
-2.232960779796800743e+00
-2.273177722920848964e+00
3.006026603384706064e-01
6.995650973086673829e+00
-5.523464184600612725e+00
-4.110761767199463179e+00
7.432850714963853633e+00
-3.837226154358138963e+00
5.637174673952875636e+00
-1.122581922113552366e+01
7.507337327695311480e+00
2.990376090731901026e+00
-5.497478635389603241e+00
7.186052088385164183e-01
-1.588987121160077454e+00
6.352556845504594207e+00
-2.773246367746271535e+00
-5.370698009449943022e+00
3.950454189449897680e+00
4.310388816905936338e+00
-5.606929663012256704e+00
1.975701612178643263e+00
-5.226018899382998129e+00
1.098046850025220600e+01
-6.286618229491946153e+00
-4.084000403071450513e+00
5.938048540098889383e+00
-2.259086276534310045e+00
5.039556341022565888e+00
-9.728083003616756486e+00
4.552015275436822606e+00
4.258485708613262588e+00
-3.060820283999656333e+00
-3.401477793482856171e+00
2.510141349173623748e+00
1.076501247119860727e+00
3.580856041982206861e+00
-9.512588737308206532e+00
4.350969006014677731e+00
5.108295803959716608e+00
-5.821816666270364315e+00
3.020918218672947297e+00
-7.383270785178360107e+00
1.173374789515159833e+01
-5.151675776943595686e+00
-3.946796355617347540e+00
2.931122474113138310e+00
1.576512884865324260e+00
1.406665611933235027e+00
-4.732701431557602589e+00
-1.323855934473629148e+00
7.473589170571792728e+00
-2.364704337013132651e+00
-5.461653147948663189e+00
4.637434802334553297e+00
-2.530945455867353200e+00
8.184538279097466784e+00
-1.206966867853236280e+01
4.478287117907015613e+00
4.337300622959899599e+00
-3.266183581175027495e+00
6.263723727381815820e-01
-5.399157153699398748e+00
8.185713191192586891e+00
-7.830836301691523893e-01
-5.559165014437584595e+00
9.166840831253235677e-01
4.743757005467178267e+00
-2.178141192359817957e+00
6.952759011472711137e-01
-7.436821537340476240e+00
1.087696808594885134e+01
-2.841492697817185054e+00
-4.997611245648561962e+00
3.513474908673426267e+00
-2.494786437592449335e+00
8.645229936168492557e+00
-1.064808350355666100e+01
2.082770648430519067e+00
4.277867828471613620e+00
-3.181003547251615160e-01
-2.913727579247895605e+00
-1.353016303455789382e+00
2.150940216460476506e+00
5.555560534623486646e+00
-8.672228682051281723e+00
8.330646344786440949e-01
5.330792563828624431e+00
-3.071189032642958505e+00
3.377612944403472817e+00
-1.049119499328166327e+01
1.158740244935951580e+01
-2.227567689389938987e+00
-3.791572246927248813e+00
5.005844795601586128e-01
3.257978879370257985e-01
5.373943872888865769e+00
-5.333515877992946130e+00
-3.237545847973839486e+00
6.164834756855785969e+00
8.858655544202687082e-01
-4.803619397063848773e+00
1.518956351205330790e+00
-2.906126377901702362e+00
1.064791573869679198e+01
-1.088013113675600607e+01
1.277685438324224876e+00
3.880378965254328349e+00
-1.048952271721566021e+00
2.371133515168065475e+00
-9.082469443595357461e+00
8.040642778538940050e+00
1.233527891919930175e+00
-4.019111073952196023e+00
-1.816141761567106272e+00
3.155006012066609689e+00
1.207896593528967832e+00
1.126404390629446528e+00
-9.272641799894614678e+00
8.834430031132150418e+00
3.381651446019251495e-01
-4.042269683985959539e+00
1.357250267528191667e+00
-4.437803598981043152e+00
1.169273289072605593e+01
-9.570295997031585955e+00
-1.093123651904239213e-01
2.640984919361624161e+00
1.791898123677840182e+00
-5.126184273414935433e-01
-4.761103777654748015e+00
1.502093358941154033e+00
6.909943378192672014e+00
-6.075923200859691065e+00
-1.984717081067260303e+00
3.692263210160595222e+00
-8.549195254253747489e-01
5.285234681450198480e+00
-1.267203600604980807e+01
9.542894044905555262e+00
7.395663284917208813e-02
-2.060023255475075032e+00
-1.033833208831886452e+00
-2.623464233751379826e+00
8.460816998513575271e+00
-4.242584376820899728e+00
-4.311665062759767686e+00
3.335688327602932546e+00
3.048706515366700565e+00
-2.392195283912304404e+00
-7.740936316839147624e-01
-4.671520225090087131e+00
1.190060716924200790e+01
-8.010016591239740080e+00
-9.308567673488936656e-01
1.945149760265838745e+00
6.646963434853114805e-02
5.526397568223256229e+00
-1.149077763337324143e+01
6.307763573263402535e+00
2.195667202378286831e+00
-1.211879380082369728e+00
-3.156013532343596495e+00
3.183366273333021468e-02
3.454510114677403543e+00
2.788649780083786833e+00
-9.701979455439719402e+00
5.424511845481696959e+00
2.166166080779204695e+00
-1.747065250736985265e+00
4.724907899867791805e-01
-7.470195223164997955e+00
1.314425912101912175e+01
-7.103298638851522462e+00
-1.023020814862262373e+00
-1.543360089329315343e-02
2.303543377464587039e+00
3.101661005515877090e+00
-6.713150792039138892e+00
-2.095385545785237724e-01
6.734345165431809832e+00
-2.483312173911810916e+00
-3.142965475285031118e+00
9.175724859493530339e-01
-6.595206418235721735e-02
7.964041515384410630e+00
-1.304040667894408578e+01
6.408447870290550519e+00
8.666542958760228288e-01
4.550728190924127059e-01
-8.610087058740862886e-01
-6.391365884789008689e+00
9.807136060252659604e+00
-2.288254956913497562e+00
-3.779105547800721165e+00
-1.036387809376799751e-01
3.334316400288604321e+00
8.699964756538034472e-01
-1.485329485862956655e+00
-6.915189851213274785e+00
1.124002225126415411e+01
-4.435166411262223995e+00
-1.413484436210691531e+00
-5.389288066863753279e-01
-5.581584237166961060e-01
9.074532381367529155e+00
-1.194620600621704476e+01
3.964727812551354091e+00
1.496587229894423610e+00
1.840805212410978609e+00
-2.515567327788339469e+00
-3.575514421300184598e+00
3.969859752523069218e+00
4.665650624406492142e+00
-8.222898304170488615e+00
1.747471274658161100e+00
2.097188337326902463e+00
8.434365568379482703e-01
1.313192137815680116e+00
-1.048264369035529242e+01
1.253679061471490641e+01
-4.346307986187570194e+00
-2.293004470815426243e-01
-2.595121340446558289e+00
8.503020127799381100e-01
6.772979125192682304e+00
-6.810014378502099675e+00
-1.889551653238103590e+00
4.734476551783407317e+00
9.307950878467794453e-01
-2.315016957708509793e+00
-1.860353090542866017e+00
-9.663675883021048962e-01
1.025805625211768479e+01
-1.136779474812134261e+01
3.366681966214005062e+00
-8.326965499442562368e-02
2.616147458920768720e+00
1.159610650894157935e+00
-9.766155545464037857e+00
9.231333505912063586e+00
-6.157974490959889913e-01
-1.552662790992628494e+00
-2.954814211803001633e+00
1.654057397834365339e+00
3.795996843310628588e+00
-5.510768552984058877e-01
-8.474902131936906002e+00
8.677049877651409560e+00
-1.374210628823263836e+00
-1.479983638383828293e-01
-2.423106060916242477e+00
-2.843390242727616535e+00
1.180197678360056024e+01
-1.050187680340938101e+01
2.176893695458820499e+00
-7.482904283203921647e-01
3.964228814400827527e+00
-4.947423583547738701e-02
-6.468600787793370444e+00
2.894687648837466654e+00
5.623344475350317673e+00
-5.076708074237042290e+00
-9.950415874855869092e-01
3.324293867423619986e-01
2.598557773281219063e+00
3.593150704411991470e+00
-1.231148732115175903e+01
1.016330658229489714e+01
-2.448318672340622282e+00
1.959495321709942228e+00
-3.986904575247891991e+00
-2.179561883538249756e+00
9.340434898113937123e+00
-5.400922553979007112e+00
-2.461429747884074537e+00
1.362400248996129770e+00
3.035054149696223114e+00
7.138400197267280589e-02
-3.560004706150894371e+00
-3.079733278212683167e+00
1.109827340751533420e+01
-8.177727874375314343e+00
1.507888622485035413e+00
-2.272726168433574223e+00
3.407331573402419878e+00
4.429108303166096050e+00
-1.167592226118648568e+01
7.290106367106556462e+00
-2.173967261249634131e-01
1.730776335640378027e+00
-4.204871009303925433e+00
-1.346820161931576720e+00
5.388217169993618327e+00
1.379058065202223959e+00
-8.411240729379271031e+00
4.941981418728089714e+00
1.873320214042788479e-01
2.179871815437893989e+00
-2.811759163534837125e+00
-6.011900521867656444e+00
1.277433355034536433e+01
-7.912134369201494266e+00
