7.017508587425567157e-01
-3.825479128679353469e+00
5.952994811004499454e-01
2.896851254534722031e+00
-1.697169385905941574e+00
-6.771251867173686545e-01
-2.004512043684598233e+00
8.592030241489373665e+00
-1.144767206573818896e+01
7.197421513374053781e+00
-1.400336392691387655e+00
2.364848942462212111e-01
-1.673717119112056562e+00
-7.472262079929086198e-01
7.363610324735434531e+00
-1.110414892614359772e+01
7.583975319692878969e+00
-1.568378726620099251e+00
1.377375934907500432e-01
-2.719341269658476445e+00
2.765041006558604408e+00
1.648342396482230576e+00
-4.386465746659656162e+00
2.781339221912331183e-01
6.889380336702281227e+00
-9.447062623607983767e+00
6.532271424468391707e+00
-4.567713313158167310e+00
7.018334352235085838e+00
-8.938483617014707505e+00
4.551796001480733267e+00
3.537736512053936799e+00
-7.446426710063662746e+00
4.970993781160700564e+00
-2.186578154338806979e+00
3.958986536815861879e+00
-6.685219268300218509e+00
4.131993345502157133e+00
2.494760423790066017e+00
-5.531127058986527345e+00
1.626684776623822160e+00
3.659419777276440300e+00
-4.218625796286051610e+00
2.166950399206181377e+00
-3.973092827686847350e+00
9.919292533279318036e+00
-1.290531359262146793e+01
8.582337563269238245e+00
-1.752949076109093784e+00
-5.256890548460438906e-01
-1.131260163956635090e+00
2.019249574089236887e-01
5.138016818161890598e+00
-8.672651968590233906e+00
5.223296628941300312e+00
1.407388607809489933e+00
-3.584468998383928184e+00
5.063013988524094344e-01
1.403400336866258868e+00
1.242104916848267848e+00
-3.423308184106845786e+00
-6.354148267752018908e-01
8.293327873106806081e+00
-1.167563365419206178e+01
8.631711136500047843e+00
-5.251175974907312138e+00
6.342097776981976409e+00
-8.244734275878640162e+00
4.749985389043358985e+00
2.856545205076594485e+00
-6.864292188529383942e+00
3.928725959047223881e+00
4.058846468040488986e-01
-1.138277167257477629e-01
-2.598285849380367996e+00
1.250374192148783870e+00
4.382263026698317354e+00
-7.163312164503127022e+00
2.767561448699155324e+00
3.983043075024018886e+00
-6.076992354780056615e+00
4.197416952891741104e+00
-4.867704032058297159e+00
9.843124989772535471e+00
-1.285731159416833691e+01
8.755099877253501361e+00
-1.384264460036976452e+00
-1.626035783324341732e+00
-4.920702051416894207e-01
1.339713183074013436e+00
2.368201684694570819e+00
-5.518064060346439703e+00
2.317958912608454547e+00
4.568465500744668617e+00
-7.285105503226982471e+00
3.738499144901650251e+00
-3.139021040529588191e-02
9.074270610904484613e-01
-2.638741676945433490e+00
-9.756256822496464087e-01
8.591108475846784387e+00
-1.247498773468187316e+01
9.315333200487847520e+00
-4.669345840177605567e+00
4.508673013808685681e+00
-6.565897135757031933e+00
4.379639095472032118e+00
2.187961114610700974e+00
-5.936454731048563360e+00
2.537202387709448725e+00
3.194345936891341609e+00
-4.315851297290446809e+00
1.598147566457290836e+00
-1.581437817770572352e+00
5.962834797289237265e+00
-8.431721995026203231e+00
3.857129511979959346e+00
3.873386353862466880e+00
-7.147103314199565460e+00
5.244656697207336293e+00
-4.558192198809377871e+00
8.292659879603613504e+00
-1.126494090255632941e+01
7.693453160208461483e+00
-2.923623055533495219e-01
-3.072481226632242546e+00
3.351222728725389288e-01
2.419172730014634176e+00
-5.415487744445011131e-01
-2.143036865144487546e+00
-5.853555432762235222e-01
7.348227586571307590e+00
-1.041266099375253162e+01
6.516678435879809328e+00
-1.242270734094538920e+00
5.136175065567489817e-01
-2.004362668276717052e+00
-7.310934904165682369e-01
7.751793323403401104e+00
-1.180584572630906592e+01
8.577353668710053114e+00
-2.894045041315572941e+00
1.650570700506386768e+00
-4.012950974300753870e+00
3.451402641214865064e+00
1.644138561736256499e+00
-4.888906795443746844e+00
1.145198130937329140e+00
5.691346618782212374e+00
-8.055616731557231347e+00
5.305676741652058936e+00
-3.852602915550936036e+00
6.843394854938015470e+00
-9.043835147418548104e+00
4.696365376513343293e+00
3.426114822360301737e+00
-7.444958410631497436e+00
5.322859922879325190e+00
-3.132476545447216321e+00
5.436804670751016921e+00
-8.327029799584281022e+00
5.581184727099666176e+00
1.368424713028977280e+00
-4.765947191027287921e+00
1.373286358383633221e+00
3.232067850193205416e+00
-3.204722093774440950e+00
9.619114116309330775e-01
-2.965301829558140589e+00
9.226498985074798043e+00
-1.247209665983396931e+01
8.425802126541849901e+00
-1.950283008733849854e+00
-8.903448137517244731e-02
-1.425413618316665465e+00
-1.499647786738655952e-02
5.927124485454006830e+00
-9.850575347517196434e+00
6.643405436347688209e+00
-2.152689564585463788e-01
-1.906572838484208221e+00
-8.567406341863539332e-01
2.094142920911763461e+00
1.260739493530211419e+00
-3.896891703134385931e+00
5.213988741106567737e-02
7.473231433199187812e+00
-1.082060217298339744e+01
8.013797724620607354e+00
-5.143798792412814791e+00
6.716845563244210560e+00
-8.767274639628297450e+00
5.095085619429427837e+00
2.793598617369962955e+00
-7.104033237019164559e+00
4.609446018539035350e+00
-8.734677761918097083e-01
1.657256357328794838e+00
-4.451936421940708932e+00
2.783669219887183299e+00
0.000000000000000000e+00
1.464958287506270906e+01
-1.547130352170165324e+01
7.787713544591340131e+00
-6.895994168808512903e+00
1.461084406268873082e+01
-1.681398971237170770e+01
5.607458365009549084e+00
7.396545884938150017e+00
-6.942583857192708763e+00
-4.240998996913083019e+00
1.016318129088703870e+01
-5.401193560527937976e+00
2.348298518249255729e+00
-1.123332545672787219e+01
2.321874631537861688e+01
-2.231185947668145531e+01
8.571204565745542681e+00
1.984129618199413247e+00
-6.178910203981038407e-01
-2.389623015633248748e+00
-5.222359636641089153e+00
1.782532573270357545e+01
-1.934820471383160978e+01
7.113478832440232047e+00
3.618705720098887468e+00
-1.353542182982774733e+00
-5.922477307925031909e+00
4.186382874695278034e+00
4.547491793072881983e+00
-4.886774997532819853e+00
-8.438290308797549599e+00
2.156761795336758070e+01
-2.077574330267788838e+01
1.150468530017477775e+01
-9.018203520593431222e+00
1.498813755118415969e+01
-1.525163840209178012e+01
2.041670003633225594e+00
1.287936767719237174e+01
-1.423668736423151415e+01
4.792806058343074938e+00
-4.498958819831786471e-01
6.425870387451326771e+00
-1.020634771187748413e+01
1.634775383671682292e+00
1.032079518536937712e+01
-9.655744957743859658e+00
-3.502604769756334058e+00
1.316594073839540791e+01
-1.076215589421878960e+01
6.688832300227139704e+00
-1.314198747850949189e+01
2.435618560090727769e+01
-2.424774184212472861e+01
1.025277521016118953e+01
2.307235052971817524e+00
-2.003870720844373121e+00
-3.133680617485923747e+00
-7.829970327167767863e-01
1.150922506689808422e+01
-1.353567214708732891e+01
1.631665356570981995e+00
1.031598835196997044e+01
-8.679538296040709255e+00
-9.961385125480504144e-01
3.508691018040133613e+00
2.633489395854042847e+00
-3.177339313366273288e+00
-9.567170212396229445e+00
2.374870558886200200e+01
-2.413862536327944497e+01
1.359988144346417727e+01
-8.011322257183508100e+00
1.245084815537895295e+01
-1.434637223811314399e+01
3.673313294428469433e+00
1.041568338863240761e+01
-1.185557434486720041e+01
7.988016757786544630e-01
6.834909264547845531e+00
-2.666879734894645804e+00
-2.769209789890591189e+00
-2.666336688179697489e+00
1.306975563602608226e+01
-1.233264963425905592e+01
-2.019414046463988477e+00
1.463942749896731499e+01
-1.421005511783479136e+01
8.854096276548233391e+00
-1.238166697945687389e+01
2.237902979876984233e+01
-2.328440743708626570e+01
9.971010564310020641e+00
3.584255739501401195e+00
-3.789041703580333653e+00
-3.770546900625749487e+00
4.012912969065551394e+00
4.318960421856544940e+00
-6.833895095333376801e+00
-4.122569028341366959e+00
1.664447844028305923e+01
-1.557404778251312827e+01
3.887257616176397867e+00
2.560148233002222717e+00
1.159124042703713275e+00
-2.394867649515237673e+00
-8.776104789897045677e+00
2.305706709272145361e+01
-2.437069036094601060e+01
1.294729105367123090e+01
-4.694092923057661793e+00
7.856213477244451404e+00
-1.182733607519617536e+01
4.589106307949652575e+00
7.752059645754476591e+00
-9.000012490488916939e+00
-3.292212413824728401e+00
1.381165169031809192e+01
-1.140594812218332521e+01
4.336864740805598473e+00
-6.372275025283705929e+00
1.495629076798224943e+01
-1.449141070897798755e+01
-4.058308076037797640e-02
1.458033826650833120e+01
-1.558886994175726493e+01
8.719524942981546900e+00
-8.966739919552569660e+00
1.739460059706196304e+01
-1.952271655338773826e+01
7.786037181368704374e+00
5.797666884379132135e+00
-6.080575869582248494e+00
-3.913393318901890794e+00
8.419339031617054658e+00
-2.727825094507700499e+00
-3.683423884494855249e-01
-9.013665304158816838e+00
2.148968199251788036e+01
-2.101962801497235489e+01
7.951058449264400529e+00
1.793093719761858829e+00
-8.313556141694417034e-02
-2.410808258324752984e+00
-6.209522021694587224e+00
1.964705779481144532e+01
-2.163941309553100467e+01
9.795878723962204049e+00
5.693698306734633618e-01
1.573796169955935742e+00
-7.875467571989416271e+00
4.667382449152656321e+00
5.290818465537063808e+00
-6.301080597280471096e+00
-6.614260030294156323e+00
1.938321508611700494e+01
-1.858828612159022597e+01
1.001305399961924891e+01
-8.621317493465472381e+00
1.533420136093942077e+01
-1.562445824564586161e+01
2.049008212177443777e+00
1.324087879545068347e+01
-1.509536445914325498e+01
6.582349478861557301e+00
-3.380078788330150630e+00
9.993865408586387389e+00
-1.351192862204821310e+01
4.123889567041888249e+00
8.659323032260557440e+00
-8.787848415491680498e+00
-3.329069559275176005e+00
1.181562440659210722e+01
-8.724473586113251855e+00
4.857830563489827114e+00
-1.206246458600306504e+01
2.391866114027925505e+01
-2.416261832445177049e+01
1.051822892013514554e+01
1.648761255019383087e+00
-1.387430201520034601e+00
-2.900399854044940717e+00
-2.325656022056259431e+00
1.408351812501778966e+01
-1.656542711380096122e+01
4.833355707032298554e+00
7.020951014921047673e+00
-5.684654004524071880e+00
-2.956399007081843777e+00
4.007360198543542751e+00
3.263396092010785843e+00
-4.228167732044877170e+00
-8.494764125744209693e+00
2.268714996145537555e+01
-2.326629971762861970e+01
1.341233016136025569e+01
-8.782524554000929129e+00
1.374116581586359231e+01
-1.531713023858935507e+01
1.483461146745866266e+00
2.084650353807713685e+00
-3.018388992502331725e+00
-2.602905211323760515e+00
9.693997496141403047e+00
-1.099058902685261963e+01
7.104754901101680176e+00
-4.942356183814589521e+00
7.021809321392129988e+00
-7.790875358108516835e+00
2.442350201593413317e+00
5.107998981281387962e+00
-7.231099415613790882e+00
3.282542112461883654e+00
-1.308817197777942809e-01
1.828998288233945058e+00
-3.916248927484557107e+00
7.942069175472945552e-01
5.058675663462509853e+00
-6.058212384656202154e+00
4.076737793491540529e-01
5.294696912488592311e+00
-5.617743784232684057e+00
3.772755368665670517e+00
-5.959046947717631326e+00
1.126482552516122304e+01
-1.246393012486502450e+01
6.655946039046488849e+00
1.534463090016135456e-01
-1.455724251953470993e+00
-8.235523308087469019e-01
4.983302360369723516e-02
4.524363736311050488e+00
-6.336746004699859824e+00
1.470193872443361638e+00
4.972803910006986072e+00
-5.762959037972885668e+00
1.564509348316295956e+00
7.301772020766241766e-01
1.317223836605465159e+00
-2.098739756484750529e+00
-3.168119316423719578e+00
1.051717336491437749e+01
-1.232216297026859664e+01
7.979595655691745115e+00
-4.355285499399872862e+00
5.438036812071425530e+00
-6.724146302681583975e+00
2.660350255290559573e+00
4.185256056218882748e+00
-6.183235451989212095e+00
1.541437151164549046e+00
3.165058895001066741e+00
-2.589781129971997942e+00
1.959274504608599088e-02
-1.644001673103938632e+00
6.485807560060826482e+00
-7.291354060766053635e+00
1.194269249279581224e+00
5.776806314535654074e+00
-7.152299003921546827e+00
4.904563051779820881e+00
-5.642050397385848015e+00
1.002885518627406825e+01
-1.145686751234487488e+01
6.041672638383658089e+00
1.067858783494983532e+00
-2.648290654907630159e+00
-6.134618220917227305e-01
1.867797327558924358e+00
1.215706664908549506e+00
-2.947905277136882773e+00
-1.451860104071271307e+00
7.987026248526557737e+00
-9.050193329773136952e+00
4.089482625325375764e+00
2.713787805691492139e-02
6.247006964999208822e-01
-1.493139389241894044e+00
-2.939861253062480362e+00
1.003139509343823477e+01
-1.212565059134314183e+01
7.456611318367979635e+00
-2.599700640924878847e+00
2.842350374129394730e+00
-4.850031553974549325e+00
2.472497395097403405e+00
3.217692240417428629e+00
-4.909352569104297181e+00
-2.600457518030006021e-01
6.268783977871797752e+00
-6.714324768136607169e+00
3.640557221328338144e+00
-3.650579200591965279e+00
7.341803671911677931e+00
-8.072542719026760238e+00
1.997950348856564862e+00
5.685623380547368377e+00
-7.764538066076735134e+00
4.956296595969155838e+00
-4.079267142814201996e+00
7.371405447180648274e+00
-9.081600810891830022e+00
4.453120576016127430e+00
2.462869914838053287e+00
-4.051393290507111722e+00
-2.168429957621027526e-01
3.502861621015345150e+00
-1.978608365547068537e+00
2.754710016397819983e-01
-3.906635073960482707e+00
1.018331986371281417e+01
-1.144964915421062912e+01
5.987872488229496248e+00
-3.909587448160776191e-01
-1.001044277094994550e-01
-1.140895589614580263e+00
-1.993077054558017203e+00
8.335051562230418654e+00
-1.052183561240581433e+01
5.703897214838621110e+00
9.162840676265926465e-02
-5.132432135925382166e-01
-2.343790653187933337e+00
1.905646142053085690e+00
2.331735115533136948e+00
-3.664229240088042072e+00
-1.744444616069054987e+00
8.683113430654490372e+00
-9.980725291107889419e+00
6.416549036845244913e+00
-4.806390126760706316e+00
7.321762388499154284e+00
-8.172567936462641569e+00
2.644943854323551058e+00
5.141128109460674445e+00
-7.553274867009522886e+00
4.078599682486693467e+00
-1.524456162546905524e+00
3.624205899424405963e+00
-5.673242559765153459e+00
2.173829265505279107e+00
4.125031583978977068e+00
-5.549114706753686121e+00
4.062000913209953268e-01
4.720090125569868178e+00
-4.664913680293881981e+00
2.872428905840381130e+00
-5.438333714543962749e+00
1.113347279357834552e+01
-1.257414831219863771e+01
6.953038010046615369e+00
-3.286840553431533696e-01
-9.755409175688090073e-01
-9.138990440455341258e-01
-5.305378954468027430e-01
5.706524015511244663e+00
-7.838682357160220882e+00
3.094244241883856716e+00
3.302209373248807811e+00
-4.219213736448965690e+00
4.894796558494416416e-01
1.087362594628326740e+00
1.575702004035746118e+00
-2.627702129906714923e+00
-2.628021583472995193e+00
1.003176763969868368e+01
-1.196493896794256173e+01
7.962544493635306253e+00
-4.831198477187001572e+00
6.239724286032396705e+00
-7.439463610730559395e+00
2.975351108900136765e+00
4.319033822036391967e+00
-6.729669709491602703e+00
2.570877840960680949e+00
1.599400572439112267e+00
-7.050610865901539848e-01
-1.731495452118444245e+00
-3.771474784395549840e-01
5.738157842526630859e+00
-6.940991135614297924e+00
1.208654238133187953e+00
5.386299628313536481e+00
-6.570377717187024125e+00
4.525984912458996590e+00
-5.761463344830174194e+00
1.059731103117312401e+01
-1.221745442689377725e+01
6.823144108089526760e+00
3.181449183879482279e-01
-2.086022235907758038e+00
-6.612017119910023055e-01
1.166751466778479518e+00
2.547511262529575049e+00
-4.548408174984932550e+00
1.382131493763597563e-01
6.498689863063949801e+00
-7.768256888152420103e+00
3.258658388314811472e+00
3.826363467823830966e+00
1.104706907900594537e+01
-1.320432091834321398e+01
3.083275861756763270e+00
3.513590444677858748e+00
1.161662939877645684e+00
-6.168365232568712386e+00
-2.848896435359202783e-01
1.164239771058396400e+01
-1.161542054152811154e+01
-1.992481560325604306e+00
1.380967698654724707e+01
-1.301799200796670775e+01
8.129762824386974174e+00
-1.262011302572946292e+01
2.335060620436467360e+01
-2.447125014847669888e+01
1.114938200605203988e+01
2.441289477642402339e+00
-3.033532887772119047e+00
-3.440865924052639357e+00
2.208156995564175773e+00
7.228240151425310955e+00
-1.010232323293592671e+01
-9.367630884454568596e-01
1.362655233797467957e+01
-1.296429055329001656e+01
2.242863212518219740e+00
2.913111791510628379e+00
1.697385285228091067e+00
-3.012232753741167723e+00
-8.567550278835099675e+00
2.323511202620288429e+01
-2.489944472851352231e+01
1.408708131495148308e+01
-6.588844949184658795e+00
1.001683802758499375e+01
-1.335698016521527443e+01
4.937621416494457627e+00
8.487988105078613899e+00
-1.054785062136056517e+01
-9.303390443197336879e-01
1.062067475521059379e+01
-7.882406878566966313e+00
1.373559722671170213e+00
-4.529182839361535429e+00
1.406999508539337285e+01
-1.410868209997583556e+01
-8.943787945251280291e-02
1.428844030142760779e+01
-1.529652850923626062e+01
9.128820049752270904e+00
-1.048218002683431749e+01
1.966930194050298297e+01
-2.184276998349437804e+01
9.742595363589870772e+00
4.263167816677389865e+00
-5.188697955503624115e+00
-3.625468767483097210e+00
6.653098111310464802e+00
8.021673373874627089e-02
-3.362408895468142145e+00
-6.374532621371301389e+00
1.924942898909388234e+01
-1.921932793329726508e+01
6.928471140378454685e+00
1.826870627071576436e+00
4.359447343464719626e-01
-2.625994388407939972e+00
-6.822407298319747682e+00
2.098294632108385827e+01
-2.343388271930680489e+01
1.206696851245064295e+01
-2.207582656512057984e+00
4.370241480752542707e+00
-9.808703031064460731e+00
5.190038140460513816e+00
6.001348786988738304e+00
-7.775223736384798912e+00
-4.572095233734765785e+00
1.680951551292076473e+01
-1.588440097939560758e+01
7.952305861608831350e+00
-7.682483812291541980e+00
1.524516401198316728e+01
-1.574405942732304098e+01
2.031639136385461342e+00
1.340866821002702380e+01
-1.560850892815218494e+01
7.964949971686396069e+00
-5.922831291690437538e+00
1.325604030085228402e+01
-1.663765184318844348e+01
6.572906698889401156e+00
6.934678716544998345e+00
-7.836122972315604507e+00
-3.167493290859487942e+00
1.034080823684296213e+01
-6.399309171925473549e+00
2.579102318559186369e+00
-1.040696328533731929e+01
2.284835068951927894e+01
-2.349176832684391769e+01
1.034488433687523923e+01
1.225144802923425313e+00
-7.965211103847336105e-01
-2.821698589811526325e+00
-3.584964429779158301e+00
1.632097495970664625e+01
-1.929699988520056309e+01
7.852277846413828755e+00
3.767462829719814721e+00
-2.620389148089384612e+00
-5.035875186650995872e+00
4.607028964272076976e+00
3.880606130245604746e+00
-5.422215093216721016e+00
-7.082435541775966570e+00
2.110402866563653390e+01
-2.176214195067261770e+01
1.257819033722705981e+01
-8.979161230768104573e+00
1.459756062040253966e+01
-1.604540990179475557e+01
3.947406245763119159e+00
1.153355148411658249e+01
-1.431394938753071422e+01
5.130419019696658367e+00
3.563059949214997246e-01
4.935916188338500099e+00
-9.632121627834738575e+00
2.260518095594481913e+00
1.001132033847668268e+01
-1.074805282524024008e+01
-1.971195153597042449e+00
1.279149691478941442e+01
-1.144431998705171871e+01
6.865759583584924108e+00
-1.221860856926500460e+01
2.366478436716217715e+01
-2.508397197445697202e+01
1.192271132181126703e+01
1.499791764628573665e+00
-2.298799606262238004e+00
-3.215077981596685675e+00
5.656607232198620494e-01
9.989030950884455251e+00
-1.330921538913974089e+01
2.323480437773414398e+00
1.040341211167762836e+01
-1.007942280580113170e+01
3.387977296212998368e-01
3.432583321522821862e+00
2.223296414899035511e+00
-3.815643235161366498e+00
-7.961853152212575502e+00
2.284536534690483123e+01
-2.478041299694559285e+01
1.460435250121132000e+01
-7.968377504190914173e+00
1.181728982408704809e+01
-1.470166422850921961e+01
5.266245848531624141e+00
9.131725381854817414e+00
-1.198152345476706948e+01
1.386583736366000075e+00
7.352282656506395675e+00
-4.153731215926792508e+00
-1.895354772827051448e+00
-2.329538980772346335e+00
1.285136401969455022e+01
-1.351178773830805113e+01
-1.545337723354052173e-01
1.378610410945802833e+01
-1.459595988520556276e+01
8.995154007326251033e+00
-1.139500403548261076e+01
2.136466435272464892e+01
-2.369231165495001079e+01
1.139945079825686847e+01
2.850328691773639900e+00
-4.290477509712217419e+00
-3.394813545239983910e+00
4.922219651916885041e+00
2.934534830134014172e+00
-6.530509741687616554e+00
-3.416876637822928053e+00
1.658147844086160916e+01
-1.696738184799314197e+01
5.530409306045373619e+00
2.082426694927901778e+00
9.307181029306343945e-01
-3.030410533863894251e+00
-7.047894092789840137e+00
2.179341478341590488e+01
-2.466442842555172632e+01
1.383835359068913817e+01
-4.615419324247790556e+00
6.947610451215128435e+00
-1.165940104741640049e+01
0.000000000000000000e+00
7.046747324514404553e+00
-7.730725158664135677e+00
4.388618169948794723e+00
-3.918582389835439717e+00
7.162292847300699705e+00
-7.789931283373960014e+00
2.318803218876605676e+00
3.890356472185146242e+00
-3.846018115751437261e+00
-1.257182358161013980e+00
4.166694037369030212e+00
-2.369264418409043671e+00
1.388261907627206693e+00
-5.755512178912448817e+00
1.138044489324323294e+01
-1.096751363793904233e+01
4.541129547225096985e+00
5.948323516893343488e-01
-3.976858913220178149e-01
-5.776576229068051127e-01
-3.129635283133454848e+00
8.908832207469995268e+00
-9.466057729765342543e+00
3.625044331079879001e+00
1.623689723132089924e+00
-9.734763549937825999e-01
-2.054458649091841949e+00
1.177092880251539242e+00
2.668675044670792751e+00
-2.536773756361007326e+00
-3.889218391554400078e+00
1.023359875180380385e+01
-1.017932491285981378e+01
6.114480203705506156e+00
-4.918088543215864306e+00
7.362957752908497966e+00
-7.095920284339749529e+00
6.923461230437877312e-01
6.417896173182738195e+00
-7.231223463529559581e+00
2.952977077551648399e+00
-7.902888377151731092e-01
3.159241940442440999e+00
-4.479039480344423119e+00
2.504156476612102722e-01
5.374736223183449901e+00
-5.091475860746552229e+00
-1.049409993374822214e+00
5.762365458054637735e+00
-5.081965404583296930e+00
3.616999985904809645e+00
-6.797438224508435489e+00
1.194716865390017091e+01
-1.176235116094978039e+01
5.114212127653976481e+00
9.815533634764277426e-01
-1.248810713900134761e+00
-7.737966743422388660e-01
-1.131853304416634565e+00
5.919407425948945978e+00
-6.584698108325563126e+00
8.250569952221152858e-01
4.973609452522193664e+00
-4.537984462365263205e+00
2.999780110895242657e-01
8.934494652287874317e-01
1.644243006067591439e+00
-1.515195726226960193e+00
-4.672407142948769909e+00
1.144822163565922324e+01
-1.182720121121138135e+01
7.056282870761966919e+00
-4.327643930512428128e+00
5.990245675308418782e+00
-6.435165363695434237e+00
1.223247297067309169e+00
5.407318574507986142e+00
-6.119740632778439604e+00
9.708989044772673438e-01
2.789614637662372054e+00
-1.287395485559162500e+00
-8.059443266989894106e-01
-1.912806701649208296e+00
6.701621038708790223e+00
-6.241091406712449441e+00
-5.613688238178031753e-01
6.681659968487713819e+00
-6.895133322728662861e+00
4.781708602351789850e+00
-6.520904603189800142e+00
1.098545529079830274e+01
-1.114303321315532358e+01
4.734715547201281183e+00
1.814094770563363213e+00
-2.245017795033303010e+00
-9.947037205172915009e-01
1.117673007676484254e+00
2.451095844460204010e+00
-3.246664038243389783e+00
-2.109409981461031425e+00
8.122438640199924009e+00
-7.837548657380789763e+00
2.549222572347606963e+00
5.652010903644137940e-01
7.711055491527165628e-01
-9.114331819275407476e-01
-4.537676030090925572e+00
1.127073297857792689e+01
-1.194157049411660765e+01
6.637706776968643752e+00
-2.598782109659580009e+00
3.635867692459967770e+00
-5.043833819834981469e+00
1.476261265347487139e+00
4.229127704168012869e+00
-4.708084944774473257e+00
-1.124655002965123440e+00
6.264402827114311734e+00
-5.563223344210729948e+00
2.663586886103173512e+00
-3.723323630882640956e+00
7.546824213706577744e+00
-7.081330366728622039e+00
1.137210258445945366e-01
6.894825964172516031e+00
-7.709396727613129663e+00
4.804818555596478191e+00
-4.924635121471585109e+00
8.551633294687134068e+00
-9.176414426247145428e+00
3.458765944104671419e+00
3.055874031924036061e+00
-3.414655121442301322e+00
-1.070549392263461463e+00
3.268704875976942148e+00
-1.006457937563102867e+00
-1.556271679071796754e-03
-4.620991946232327230e+00
1.052781237903757727e+01
-1.038649399240863680e+01
4.333522915752926252e+00
3.883496544188793642e-01
-2.309128989389279407e-02
-6.945598117666369475e-01
-3.525795436796018478e+00
9.756447496935123809e+00
-1.059834744005938845e+01
4.986887158881891935e+00
7.638122450433382227e-02
4.994646931397936918e-01
-3.032832206623233162e+00
1.414088697249321847e+00
3.064247005806742141e+00
-3.298814462171870687e+00
-2.909439315970502093e+00
9.096174774143324981e+00
-9.081789999152716675e+00
5.398144110951055730e+00
-4.771304734238396961e+00
7.615087260538975222e+00
-7.395216544403472980e+00
8.246765011986645355e-01
6.490446173263444862e+00
-7.593911962032382945e+00
3.813258444847875239e+00
-2.235193556614137211e+00
4.935909257080449031e+00
-6.143665729274001563e+00
1.513982766147666581e+00
4.547940873734072298e+00
-4.701700556819997878e+00
-8.930319392693863989e-01
5.019646483783747115e+00
-4.008390268228310127e+00
2.655542852008858645e+00
-6.227568581719122420e+00
1.173851872455237455e+01
-1.178472272644320817e+01
5.349315393960242027e+00
5.459884360677450532e-01
-8.474490581016241864e-01
-7.408656577610752691e-01
-1.829504601747939052e+00
7.160522639721242477e+00
-8.093945192916992326e+00
2.444252617576970987e+00
3.317901126475393703e+00
-3.060584011364038126e+00
-6.401438584632224149e-01
1.093390564445781088e+00
2.024062189222477937e+00
-2.128050040760625983e+00
-4.043584676954538715e+00
1.085520867448878768e+01
-1.137950810407355107e+01
6.991520810645552864e+00
-4.764206777331456699e+00
6.705862066180083403e+00
-7.015206754748416706e+00
5.729152256441640390e+00
6.662409617353869606e+00
-9.254887912729223842e+00
-2.392546560154881874e+00
1.393808682613834371e+01
-1.274968223952957125e+01
5.388041541247218902e+00
-6.239893431406392743e+00
1.473299901086166130e+01
-1.560512434933285775e+01
1.980579826753267936e+00
1.338069133866862970e+01
-1.575069755161450935e+01
8.884968186763945397e+00
-7.993438976709005495e+00
1.610818037575948836e+01
-1.947546536822170893e+01
8.887466003045755514e+00
5.212345455678174311e+00
-6.827399377654677970e+00
-3.032089236447463421e+00
8.790891862104423637e+00
-3.858158991434323504e+00
-7.067397358373062044e-02
-8.241368541307224405e+00
2.118938708420002826e+01
-2.225376010130317894e+01
9.729460202432083094e+00
1.051120288705548411e+00
-2.425359357063999188e-01
-2.904755728072189847e+00
-4.524149617311428173e+00
1.815173442152137184e+01
-2.163223334909171669e+01
1.057368753868168554e+01
6.706783845897472673e-01
4.151475868208764908e-01
-7.168249338245595403e+00
5.281243169223285960e+00
4.472485494759249391e+00
-6.716687660103879409e+00
-5.388945436261851185e+00
1.905817579508630644e+01
-1.967090762587374897e+01
1.111904033904044731e+01
-8.598261184944918867e+00
1.499955169032002544e+01
-1.650653509889753678e+01
4.023087690006875938e+00
1.186358545651415142e+01
-1.513948293332772366e+01
6.860423197773824810e+00
-2.529058755406119907e+00
8.533945498191668477e+00
-1.304247351599289573e+01
4.872979989156545955e+00
8.240126853293389786e+00
-9.755892947902378154e+00
-1.965586167150506824e+00
1.162023837673562454e+01
-9.534623830788397925e+00
5.101719214944456127e+00
-1.119825103199302774e+01
2.331861415339700727e+01
-2.509810180609925467e+01
1.225442958675206029e+01
7.943618200532669427e-01
-1.601831084327742794e+00
-3.107044735826996806e+00
-8.630505695414072420e-01
1.251405813909663678e+01
-1.634163691733975554e+01
5.535065559052993578e+00
7.090909987682827875e+00
-7.012219882064593790e+00
-1.766062166755931528e+00
4.096530318068289489e+00
2.727870158319346316e+00
-4.777730260235350634e+00
-6.989265537465051636e+00
2.190672198060246600e+01
-2.401133453115827265e+01
1.447259196458421471e+01
-8.786767751515320413e+00
1.320434449818993805e+01
-1.581706957749267950e+01
5.555194174960419673e+00
9.667639939512184810e+00
-1.324621758729582766e+01
3.568640598343091774e+00
4.120074853748195487e+00
-3.405035417816755228e-01
-5.360383413052629109e+00
1.429093837775514686e-01
1.135076595210169792e+01
-1.271829297968655226e+01
-2.432461323970382949e-01
1.309256518819305271e+01
-1.350293450636068826e+01
8.317243258641770609e+00
-1.167915469612851354e+01
2.243047565514032726e+01
-2.500558073754208976e+01
1.268931110716858157e+01
1.611915885101003809e+00
-3.409494393606357754e+00
-3.236803977660992260e+00
3.282928282867056069e+00
5.745080760474703396e+00
-9.762885443135800756e+00
-2.528465383790297061e-01
1.358396670527239891e+01
-1.433572221871589392e+01
3.797073912192194811e+00
2.548688243313579349e+00
1.393412981192389211e+00
-3.612391402181118760e+00
-6.886522571197986053e+00
2.205697733153512985e+01
-2.528324585836382710e+01
1.503913494390834416e+01
-6.570576470116114898e+00
9.225413299972949233e+00
-1.336736049639964108e+01
6.258722609381996982e+00
7.258900282784654046e+00
-1.068528558789581950e+01
-1.611147169433717607e-01
1.087055402237485779e+01
-9.284602426592119429e+00
2.403651114660850574e+00
-4.349547824161399845e+00
1.382431197337287188e+01
-1.521103541871903886e+01
1.887980923776761966e+00
1.316143749967569576e+01
-1.550925304530233717e+01
9.303087278593459075e+00
-9.523927434132414049e+00
1.846030183691493676e+01
-2.192702978906855193e+01
1.097777813093233057e+01
3.557481286971680312e+00
-5.790282316280239705e+00
-2.935992746439826107e+00
7.217568865092582442e+00
-1.180025170190313055e+00
-3.001596752075894159e+00
-5.649494848567732319e+00
1.900619284097663808e+01
-2.048665682274477007e+01
8.684168118357296962e+00
1.132413221546920923e+00
2.644842672791587468e-01
-3.150827525363601112e+00
-5.117811525407418571e+00
1.951994069094131135e+01
-2.348648930874245622e+01
1.289323245392213479e+01
-2.160010344673062299e+00
3.324964960644328116e+00
-9.285098954107610325e+00
6.000680245553573045e+00
5.027183343041585317e+00
-8.064997693300375303e+00
-3.482877402662304611e+00
1.662425036191003969e+01
-1.705762274672488488e+01
9.078436925925647216e+00
-7.657261272713055789e+00
1.494243179280435108e+01
-1.668482067233306054e+01
4.041527309343584839e+00
1.203082490111611946e+01
-1.564562527875932396e+01
8.204689304027983354e+00
-5.044404225596745839e+00
1.183996159102435008e+01
-1.628296759614911338e+01
7.453084882083608420e+00
6.397094838397877403e+00
-8.668385309917677972e+00
-1.985032757294396433e+00
1.033625920850003688e+01
-7.346120441307708582e+00
2.894972623700465597e+00
-9.601906658193948729e+00
2.233197813867648307e+01
-2.450972916166567472e+01
1.212337924149915835e+01
3.510721678748041086e-01
-9.581859761317372826e-01
-3.126264374719929684e+00
-2.034165285333860318e+00
1.472415334555475397e+01
-1.909242933687284705e+01
8.576558081556431290e+00
3.807724462186570680e+00
-3.861640214886129741e+00
-4.005626299027980508e+00
-8.614492404356597355e-01
-1.189035346488770406e-01
-1.284178423985056661e+00
-1.284017007297048263e+00
7.560145824359537414e+00
-1.037207396777561996e+01
6.041740595742735920e+00
3.198496901631231459e-02
-1.002242426945908260e+00
-1.901724910995521434e+00
2.044678205069178745e+00
1.963710568898586306e+00
-3.783914076143848337e+00
-1.144401131255641246e+00
8.354727300688720604e+00
-1.033471523856616869e+01
6.947412836202626174e+00
-4.879767406687578024e+00
7.135449292018982703e+00
-8.446747683848007782e+00
3.507849831750105896e+00
4.394619000764892647e+00
-7.457931261539280321e+00
4.243634155811284003e+00
-1.249751492878548031e+00
2.958957396908901138e+00
-5.330087287009526165e+00
2.432643707561109814e+00
3.870955818671476312e+00
-5.913404485322439896e+00
1.105582164225719310e+00
4.444527704735033780e+00
-4.933546845074634035e+00
3.025640314658298191e+00
-5.070902650476618589e+00
1.074312327803924916e+01
-1.284176094659386891e+01
7.726731060739837176e+00
-8.329445989874060263e-01
-1.015595087268467589e+00
-9.174067789473006052e-01
3.509142620822558456e-02
4.947670905242013362e+00
-7.612553538279517085e+00
3.396697659453326690e+00
3.217341679719298853e+00
-4.751985508164655592e+00
1.126897553939864238e+00
9.776932891829321903e-01
1.361818329389741233e+00
-2.812100784951714783e+00
-1.920247684131261456e+00
9.504947582898545022e+00
-1.214498639689574944e+01
8.448507855315625648e+00
-4.918894849196423280e+00
5.977113516645088609e+00
-7.531489279745969156e+00
3.686214613622189162e+00
3.611105027835304071e+00
-6.646595865095747513e+00
2.835820407002530796e+00
1.732949421909941723e+00
-1.340968997145798314e+00
-1.263877149291138258e+00
-2.692730037741029037e-01
5.552162181075216196e+00
-7.351827335314950140e+00
2.056577759847547426e+00
4.877903150455600745e+00
-6.670385832153195693e+00
4.642224591302227310e+00
-5.377668733635204923e+00
1.008481777761120668e+01
-1.229643583259488437e+01
7.477400893101953550e+00
-1.559052959986688691e-01
-2.196356476767283183e+00
-4.728451242692557344e-01
1.517717353910171596e+00
1.879499850932331295e+00
-4.296862648075533642e+00
4.332802276769723848e-01
6.354373178076095030e+00
-8.287827814444970187e+00
4.029486346630839932e+00
-8.988275916111465591e-02
8.247262749137234117e-01
-2.083525036055092539e+00
-2.007933667342623796e+00
9.434761725078200101e+00
-1.245835752285430864e+01
8.523256110458831358e+00
-3.723833030555847134e+00
3.721568756678962142e+00
-5.713863659040011811e+00
3.379017254088902078e+00
2.802876605157690548e+00
-5.537218456282537282e+00
1.211916039525845257e+00
4.724628899889164124e+00
-5.559942540142339240e+00
2.695428955958477424e+00
-2.720884905644377127e+00
6.781278440526611107e+00
-8.369746649594565824e+00
2.982686338281864469e+00
4.808222297359226793e+00
-7.544540013150080604e+00
5.213559503607900325e+00
-4.441573393891712129e+00
7.959084702203876205e+00
-1.027756498299265253e+01
6.112726389097561608e+00
1.125912548032554472e+00
-3.651238800817843799e+00
1.504098952473436057e-01
2.889947175594323348e+00
-1.210702855932909383e+00
-9.484621783722564370e-01
-2.294017078354110062e+00
8.883144901652077152e+00
-1.107989232670760771e+01
6.377641873653812077e+00
-8.914915511234347001e-01
2.353005721166860909e-01
-1.556901824733171624e+00
-1.435752465683198142e+00
8.175266442488528185e+00
-1.131457928289551340e+01
7.253938461929450909e+00
-1.450106184964856659e+00
5.656367168782427957e-01
-3.141549977980543584e+00
2.608213447986739375e+00
2.088270489836892896e+00
-4.371852968781924531e+00
-2.607174616779284193e-01
7.226667243863941437e+00
-9.113017775057331349e+00
5.976844269126498688e+00
-4.452287602319577431e+00
7.206859348788374753e+00
-8.706262365569120476e+00
3.699412820431020599e+00
4.340264408289090881e+00
-7.610362251574938064e+00
4.820272300266004173e+00
-2.433848503578268208e+00
4.618948934373481308e+00
-7.056520605087862386e+00
3.871482218362327643e+00
2.823869625653371518e+00
-5.269461814674746947e+00
9.829801830389213180e-01
3.928020534248978901e+00
-3.928013323325161732e+00
1.950476258749458180e+00
-4.289886569803607053e+00
1.032356898604693818e+01
-1.268291913447013286e+01
7.808736831224592834e+00
-1.190612280104269782e+00
-5.380217096499489982e-01
-1.123792709402674728e+00
-3.594733009875330509e-01
5.941009483502329935e+00
-8.970404475137053524e+00
4.943463217027968426e+00
1.543693832335405691e+00
-3.117150333934922468e+00
-1.076217582043641485e-01
1.504992229492033040e+00
1.509074063358032181e+00
-3.330565540663692037e+00
-1.285735214756402511e+00
8.832929854273986692e+00
-1.152553668903262718e+01
8.127394609291997085e+00
-5.110695327859114734e+00
6.581835779913340900e+00
-8.170638001943622442e+00
4.034249231951678283e+00
3.635437258846211606e+00
-7.038504510181642360e+00
3.701082786063776719e+00
2.897412110085380021e-01
5.141397047884439520e-01
-3.093572398625517028e+00
1.152046133881647005e+00
4.627693419021574606e+00
-6.846120311014378679e+00
1.969954751152362959e+00
4.498313461428991467e+00
-5.978488287501056320e+00
4.036547174338734223e+00
-5.202800695948815779e+00
1.036034293374288850e+01
-1.281593371197185149e+01
8.095428467162076203e+00
4.877587651834193849e+00
3.202816387318137004e+00
-5.865293912763554829e+00
-5.692912911314300217e+00
2.045693468159133133e+01
-2.261236927132448926e+01
1.368805140643918961e+01
-9.017946357957626446e+00
1.413917719471935186e+01
-1.666655211352070154e+01
5.785894599005068528e+00
1.008364821392381749e+01
-1.429275713454005015e+01
5.530721350322478358e+00
1.036068586971942374e+00
3.433813732360793125e+00
-8.904911715446480969e+00
2.794694419710617161e+00
9.628228658196972489e+00
-1.175233212587604470e+01
-3.620856511209424866e-01
1.223340391315607079e+01
-1.204676940486572434e+01
7.113014575253764349e+00
-1.133072880001085281e+01
2.283833554035674851e+01
-2.573518787653402740e+01
1.355763039787611390e+01
5.943378578665977630e-01
-2.568565986453057448e+00
-3.164061909471797662e+00
1.787957825074629525e+00
8.423282419984545299e+00
-1.294723236870842342e+01
2.998126074027805732e+00
1.036625091246997954e+01
-1.140929339330932279e+01
1.780510995595040669e+00
3.206926541663653651e+00
1.817382263560627820e+00
-4.353784706222949552e+00
-6.352463594231859467e+00
2.177097810892009733e+01
-2.526358146483587319e+01
1.561838949025731793e+01
-8.005571353569120419e+00
1.113364968827074186e+01
-1.487705612504121788e+01
6.752857186227657849e+00
7.777809924453525703e+00
-1.201307094298414135e+01
2.034939596064157641e+00
7.715056164785819348e+00
-5.601020556215177137e+00
-9.025845620783368162e-01
-2.083303142289328669e+00
1.255940681173564322e+01
-1.457376214477301346e+01
1.747414224586725684e+00
1.276176612763208951e+01
-1.488469109497198595e+01
9.197688618074074896e+00
-1.046542532070644427e+01
2.023977708818142673e+01
-2.390714489041456048e+01
1.276176445020934125e+01
2.032642504000351291e+00
-4.754160539525495999e+00
-2.890794102648206021e+00
5.673027097119497597e+00
1.551328067636559283e+00
-6.113672255868308980e+00
-2.730156492292206583e+00
1.638122893492740317e+01
-1.824669747095882144e+01
7.236299675883236304e+00
1.465537444923542765e+00
7.161935229989477847e-01
-3.555202838883792626e+00
-5.352797056573177059e+00
2.038567914122945268e+01
-2.479160023233608001e+01
1.472059834786803378e+01
-4.624787606893859149e+00
6.016559724558026012e+00
-1.131827458872322367e+01
6.734176628851976432e+00
5.534036693159375631e+00
-9.418389943593620472e+00
-1.440235983076482817e+00
1.389012995804436024e+01
-1.400532588742459694e+01
6.520405935380569673e+00
-6.193395994008188410e+00
1.443742410699175593e+01
-1.657412192104319004e+01
3.992745462953896762e+00
1.203433516362670019e+01
-1.580799504862133986e+01
9.108224680344790158e+00
-7.104831398708405743e+00
1.474834457807128985e+01
-1.924275798437018636e+01
9.902389812104370748e+00
4.552790594514664946e+00
-7.518053022934636509e+00
-2.037921426317264917e+00
8.983516049318630792e+00
-4.945673049216705586e+00
3.185541540863820464e-01
-7.492708366074935178e+00
2.074689091717068123e+01
-2.333564576003157498e+01
1.152456419686847866e+01
1.865554214798059718e-01
-3.814563914436017722e-01
-3.277537320154512379e+00
-2.913103578290179740e+00
1.655100233095569706e+01
-2.146394521420897661e+01
1.133242694629289637e+01
6.712216899566925132e-01
-7.293861967344668074e-01
-6.308884908988199314e+00
5.744013744777506147e+00
3.640823480122940659e+00
-7.040462383438030436e+00
-4.127279013201325064e+00
1.855129131175639401e+01
-2.062540157361364734e+01
1.226988680135319143e+01
-8.656604744582264033e+00
1.459870756626004962e+01
-1.722241957580892446e+01
5.941647946133578273e+00
1.037162629009639758e+01
-1.507932110429590011e+01
7.195495402146839581e+00
-1.793203302111764152e+00
7.047169935001951657e+00
-1.240926464512419969e+01
5.525891400826941968e+00
7.751341041596510273e+00
-1.064377367816389963e+01
-5.164582064600420352e-01
1.123964956183046660e+01
-1.026931327462373922e+01
5.418984485210057045e+00
-1.036810580544791982e+01
2.258263603692112298e+01
-2.585376949866549268e+01
1.396452222249367559e+01
-1.639777515925993079e-01
-1.788958388301320923e+00
-3.186008961002834816e+00
4.847195369051338076e-01
1.088511983185917664e+01
-1.597261549892903787e+01
6.213498489020281568e+00
7.045093691971936245e+00
-8.283100223966334497e+00
-4.571908142092002691e-01
4.031410191859878367e+00
2.197328123947463574e+00
-5.230584815531429399e+00
-5.473012779052981891e+00
2.095167464863988727e+01
-2.460066923638794023e+01
1.554695431348195278e+01
-8.871353967698512477e+00
1.261523945443300931e+01
-1.613957083068927290e+01
7.186685864095459841e+00
8.208661517641376193e+00
-1.318820206515525939e+01
4.109646544413431357e+00
4.582476706822451895e+00
-1.818293933886569569e+00
-4.420911713438734125e+00
4.736385496070383283e-01
1.099087449490330215e+01
-1.371344914406844850e+01
1.554110647077461493e+00
1.219852134082970174e+01
-1.389070778455448441e+01
8.565610468819514267e+00
-1.078986139589527760e+01
2.139385537975469731e+01
-2.534671896450382889e+01
1.416792816669689792e+01
6.955974509954014895e-01
-3.748189221516248892e+00
-2.906126092322780963e+00
4.208132744375248535e+00
4.250283528269636513e+00
-9.300297108318382300e+00
4.062849090226131610e-01
1.341211522793830468e+01
-1.560634452862935717e+01
5.427287881623530374e+00
5.758644463999769592e+00
-8.686657399117070355e+00
4.714286940847491003e+00
3.113399566058880907e+00
-7.022374184603234148e+00
5.378568828262941359e+00
-4.274885192674079626e+00
7.668061301360411974e+00
-1.103012194468921692e+01
8.132549404810633931e+00
-7.901650099162256247e-01
-3.147384936008246203e+00
7.252110660466515313e-01
2.441165763258788424e+00
-1.065768754239727834e+00
-1.795004676601382965e+00
-3.495321554351641380e-01
7.036837344004650774e+00
-1.072378556238163583e+01
7.318610737754521978e+00
-1.780342148974697114e+00
5.288283982603996236e-01
-2.087619715637833107e+00
-7.411668687706107761e-02
6.913349307174889269e+00
-1.153674921394536668e+01
8.894347621975416729e+00
-3.065936226988964286e+00
1.283121152548519106e+00
-3.610647434296734293e+00
3.622700815501208815e+00
1.135815054863867246e+00
-4.795635690964923370e+00
1.613775360080013765e+00
5.352940102230553165e+00
-8.370746295085154998e+00
5.882844571089690611e+00
-4.008621855304767223e+00
6.651297516440406454e+00
-9.226945389314487045e+00
5.524563188916605583e+00
2.580484385608206921e+00
-7.218153512964340379e+00
5.459858311018074950e+00
-2.914201089471999850e+00
4.785183184689856262e+00
-7.926810408495681415e+00
5.836958668579365295e+00
9.701550576447044438e-01
-4.923540475746593259e+00
1.954061952483025166e+00
2.976450847969275948e+00
-3.519613367827022277e+00
1.244661119617278544e+00
-2.705705717027912183e+00
8.813442450532008365e+00
-1.264616806000373650e+01
9.188781863674956085e+00
-2.560287931073325751e+00
-3.041826391219637493e-02
-1.431481355279923706e+00
5.336800441870481748e-01
5.088193714146479252e+00
-9.482437995363230954e+00
6.894844819426767302e+00
-3.977031054040920388e-01
-2.307934918357595677e+00
-2.696825132978228901e-01
2.001711595391842735e+00
9.404877608278958689e-01
-3.892688369598201970e+00
6.338726979588682475e-01
6.930609331344434132e+00
-1.094277761840427488e+01
8.532907132642966630e+00
-5.334036304727050037e+00
6.497999622643452433e+00
-8.817244897011194738e+00
5.803604379065542496e+00
1.955316752061507346e+00
-6.842827351222829257e+00
4.797878141572843091e+00
-7.736012710177231355e-01
1.039158517247217528e+00
-3.929385163427879135e+00
2.868464446903474574e+00
3.002165378542037910e+00
-6.722244817433545627e+00
3.296387417555114219e+00
3.137552364649094372e+00
-5.418037322910263853e+00
3.607657245144503477e+00
-4.134634809126128019e+00
9.303659587425862298e+00
-1.311253719436501619e+01
9.827223107945096459e+00
-2.564997478112812423e+00
-9.783821781654605809e-01
-6.494445433926800959e-01
1.333883329724745437e+00
2.658294603626033314e+00
-6.565322891473510225e+00
4.142445902978157513e+00
2.685392014304255781e+00
-6.078686566967153482e+00
3.227814091653739226e+00
2.142445394822036775e-01
8.424412544987776030e-01
-3.114467888470892287e+00
1.088748871061489265e-01
7.536555430901778152e+00
-1.218624168941023989e+01
9.815989642940202486e+00
-5.399690226854003683e+00
5.157145083108405359e+00
-7.357502205569023346e+00
5.433160221062498074e+00
1.393812075410791884e+00
-6.098014693515336759e+00
3.678826890664115723e+00
1.730375111621292650e+00
-3.036139537160446711e+00
3.952442889973861728e-01
-2.640348035987103437e-01
4.895233986923382297e+00
-8.239196366814578454e+00
4.579609522270418509e+00
2.929674210622332353e+00
-6.611967553338384818e+00
5.072124850196501278e+00
-4.431533247836457079e+00
8.352139316615060594e+00
-1.200149774832810934e+01
9.139570355981870620e+00
-1.739759506537388090e+00
-2.347915274564600807e+00
3.444552553765056757e-01
2.107017922022586198e+00
-7.527003592596059889e-03
-3.256497913609362804e+00
1.162386378816277599e+00
5.624432287558107646e+00
-9.468781437933689205e+00
6.397911790588720393e+00
-1.415415602611646673e+00
6.952199849943063725e-01
-2.439389249171477925e+00
8.228488327035421435e-02
7.084759293961564453e+00
-1.198722521676452146e+01
9.638646191546367703e+00
-4.189605973540971640e+00
2.689366046437329683e+00
-4.913345617269647470e+00
4.405549800350968326e+00
1.005255692308669069e+00
-5.192084142431968807e+00
2.426055711372723245e+00
4.132985460375843800e+00
-6.857139713041194184e+00
4.435656636297772515e+00
-3.020318113139118132e+00
6.221615253203331974e+00
-9.152203831961298164e+00
5.587601313275916581e+00
2.445220490449906414e+00
-7.086068593852141717e+00
5.591319167325289996e+00
-3.602748855080942558e+00
6.040828133926945398e+00
-9.432606130871487693e+00
7.245603178108388498e+00
-1.952564253579298637e-01
-4.059048216954765920e+00
1.568697881752364243e+00
2.662978677877074318e+00
-2.539454890149634103e+00
-4.254256402990441721e-02
-1.511829861698285926e+00
7.872278777045901066e+00
-1.194370253613587352e+01
8.778955593542438152e+00
-2.566415118250089833e+00
3.270839170542396701e-01
-1.780308136938145047e+00
4.779003945464221914e-01
5.667247376063695441e+00
-1.045302453666142206e+01
8.144243203148882060e+00
-1.916297321963042588e+00
-6.386536518804731832e-01
-1.722939881365838311e+00
2.840232644075440405e+00
8.211995824224658236e-01
-4.291979107817542882e+00
1.333615997971647094e+00
6.005186979575235284e+00
-9.887039651783233296e+00
7.635998196859557829e+00
-4.922837802524167472e+00
2.037913944488517259e+00
1.106225483512588426e+00
-4.107366748815714175e+00
-5.228647289903927131e+00
2.072635671850883199e+01
-2.549824726848378376e+01
1.598266607189536614e+01
-6.636893696665620013e+00
8.405131083178254414e+00
-1.320226906979299386e+01
7.449820292393899201e+00
5.983933155664876935e+00
-1.072764338659492012e+01
6.582131484456716919e-01
1.095384441369766293e+01
-1.061218297356093210e+01
3.527219491390209516e+00
-4.262396970105351457e+00
1.351128393745752732e+01
-1.617805204248900708e+01
3.869024796281368417e+00
1.187861687306289760e+01
-1.561397971833902076e+01
9.531566100565305177e+00
-8.641596160539867455e+00
1.716731377203257836e+01
-2.182046662706051876e+01
1.212685966635993928e+01
2.777603516821620211e+00
-6.339371018511543276e+00
-2.131343871177891813e+00
7.608031898320028574e+00
-2.407469760573497375e+00
-2.541340464786226772e+00
-4.951847293759784385e+00
1.862602743565352270e+01
-2.161276604824618630e+01
1.046933682428693047e+01
3.074201509362612939e-01
1.171997346117277239e-01
-3.560796299126588682e+00
-3.475713057885932322e+00
1.793951436804797694e+01
-2.337145173644398710e+01
1.369707987332519394e+01
-2.206637281187837640e+00
2.283630785576337363e+00
-8.602374789684327894e+00
6.660800155714687421e+00
4.035805076601988617e+00
-8.262013805629905505e+00
-2.356295223509638603e+00
1.626068158740358172e+01
-1.811258738145409097e+01
1.025950008869617136e+01
-7.718378677228199258e+00
1.457639632800916729e+01
-1.746689749254501933e+01
6.008221985868719806e+00
1.052768334544090578e+01
-1.557290425431441605e+01
8.496114606351003573e+00
-4.270402842031588264e+00
1.038316857570822016e+01
-1.575487233760863504e+01
8.233608056357731186e+00
5.792891104370889721e+00
-9.427185558678939259e+00
-7.104637621812432968e-01
1.014669518544209126e+01
-8.223495239311475302e+00
3.288990790541776565e+00
-8.831299814920001268e+00
2.168074796695258044e+01
-2.535494477407416625e+01
1.388616200432931258e+01
-6.339290282026874834e-01
-1.089651329394648593e+00
-3.308533123851275626e+00
-5.863432931708825180e-01
1.305404192565334398e+01
-1.873333353189703843e+01
9.271896617287033848e+00
3.740590004541465952e+00
-5.058906042822043148e+00
-2.846053300950714515e+00
4.990302278308050177e+00
2.529479458909352552e+00
-6.213770433322687303e+00
-4.287627214826759570e+00
1.963366252785795751e+01
-2.331190158319965633e+01
1.481845260295206401e+01
-9.139016351998284549e+00
1.362800341058063935e+01
-1.711429847023632433e+01
7.537237338787479146e+00
8.543867134399956598e+00
-1.416568768739755768e+01
5.981332480352449465e+00
1.582578841538287762e+00
1.940871103092114192e+00
-8.033921657341959843e+00
3.225703592769461281e+00
9.181753479869662726e+00
-1.265771929249618566e+01
1.305140158570887721e+00
1.149393842326265869e+01
-1.255370795715229804e+01
7.422263262160567088e+00
-1.049093644694527150e+01
2.189149097290399482e+01
-2.619517735427743688e+01
1.513785718213789622e+01
-4.026930982089034217e-01
-2.800280022277865655e+00
-2.989320673805490713e+00
2.870661424716985266e+00
6.832344239602752722e+00
-1.245197121717716726e+01
3.641775262168756022e+00
1.020822287155081654e+01
-1.265176645895119556e+01
3.311275479264484289e+00
2.828307027058430734e+00
1.430408839513946262e+00
-4.791366729043264883e+00
-4.757602062265863907e+00
2.053747882479309794e+01
-2.557768170102202987e+01
1.662606940246780596e+01
-8.125649711560580357e+00
1.041652705246836597e+01
-1.487649549419026940e+01
8.116070310227922135e+00
6.369619063710044493e+00
-1.194478886576492727e+01
2.729768416226795225e+00
7.920156337350439557e+00
-6.988075251356140605e+00
1.965371570456939665e-01
-1.936547475212774927e+00
1.220535916765051176e+01
-1.550985983239624488e+01
3.665192972254328829e+00
1.157344053805695339e+01
-1.506317949078864160e+01
9.452161246870161904e+00
-9.604500258149229808e+00
1.902211529997547856e+01
-2.392771434824354415e+01
1.404015381289270792e+01
1.139286301228814136e+00
-5.167570730368277410e+00
-2.270839767402339504e+00
6.256292623124792840e+00
1.895526107270733007e-01
-5.588354801151943718e+00
-2.075735021247532508e+00
1.605053162274084144e+01
-1.939684681122155041e+01
8.985015210136253927e+00
7.100163064514450895e-01
5.294415191806152166e-01
-3.971106589957674515e+00
-3.709100560595145701e+00
1.884973069266211354e+01
-2.474608440888160033e+01
1.557855268955780303e+01
-4.723200815488825199e+00
5.080797990503906014e+00
-1.081273171757908003e+01
7.590895953904789550e+00
4.383103572241520141e+00
-9.486814598467494974e+00
-4.511010700712994037e-01
1.366912072227130714e+01
-1.515419536937307754e+01
7.719105546537821105e+00
-6.239301746575549146e+00
1.408246553835584791e+01
-1.739275006792554734e+01
5.974360253205604820e+00
1.055228743938392810e+01
-1.575047060155199752e+01
9.378550336550585342e+00
-6.310776430101149082e+00
1.333511267572442272e+01
-1.882839780518052208e+01
1.081557791531548673e+01
3.828322424057096995e+00
-8.140636283006784879e+00
-9.467414065207861995e-01
8.993061239530295126e+00
-5.971487971682696738e+00
7.923204367760976474e-01
-6.780557522706757823e+00
2.017240689957751698e+01
-2.425354183642233608e+01
1.331562997277335114e+01
