6.463314477362118282e+00
-7.067103823171221322e+00
3.061875080632437296e+00
2.853891996370200523e+00
-5.816720447382849102e+00
5.380578442995260779e+00
-5.443989683203795060e+00
7.807642316059708598e+00
-9.205032414625648585e+00
6.339272769479225467e+00
-1.303823684713301123e+00
-8.951493848044020929e-01
-8.526723706490288990e-01
2.703282294932164653e+00
-1.994788104227323444e+00
1.246349151563620028e+00
-3.995460609312028843e+00
8.836226685020488247e+00
-1.079719876326974060e+01
8.163085674775604872e+00
-4.623616174052417094e+00
3.619174483628073702e+00
-3.430811729694329237e+00
3.515682187077695531e-01
4.977154362137403254e+00
-7.791170084316453526e+00
5.826079789252938568e+00
-2.486253482723881802e+00
1.838633519270690631e+00
-2.941716370112555712e+00
1.941393838089693347e+00
1.393002662046912477e+00
-2.723006281583425281e+00
-6.408600913807864785e-01
5.648110465958227522e+00
-7.716733094234194290e+00
6.990622215346762758e+00
-7.370817571941199020e+00
9.961883872372467863e+00
-1.097370933279623983e+01
7.346447106755497281e+00
-1.643340659087659583e+00
-1.229034233167662915e+00
6.690000668438229603e-01
-5.546358747046058468e-01
2.855625743574491171e+00
-4.437731690375604998e+00
1.926896400416535649e+00
2.736114448463792925e+00
-4.540187916538978463e+00
2.233983602291842008e+00
3.728362727998399961e-01
-4.524309365132586080e-01
3.611803702021094686e-01
-3.678511520829317760e+00
9.147703972338721456e+00
-1.180828626103907553e+01
9.794938393810230792e+00
-6.717721060582263704e+00
6.138959160574279039e+00
-6.489659281522898837e+00
4.017542789832797112e+00
8.174428605354866484e-01
-3.317449391194849273e+00
1.102218796549184088e+00
2.509179260080077078e+00
-3.339822853804606861e+00
2.164818650136978828e+00
-2.854254208759750000e+00
5.818607294896437132e+00
-6.814099889846040981e+00
3.052255864446997258e+00
2.520446928917512430e+00
-5.236954493239390551e+00
5.066566644686982812e+00
-5.893188826335004293e+00
8.984430217944204600e+00
-1.065457039189353416e+01
7.743366245768074307e+00
-2.668753104819292066e+00
3.656190847559948054e-01
-1.581170448720110144e+00
2.452778177772612089e+00
-8.332752824003168968e-01
-2.915409007556117871e-01
-2.512644959215785789e+00
7.448011199024799467e+00
-9.493011798055373873e+00
7.244821555799710211e+00
-4.461725524273063570e+00
4.122483148487089188e+00
-4.026496867517124656e+00
5.481789857914771691e-01
5.214563196928882149e+00
-8.325529768569229105e+00
6.776763503857884174e+00
-4.096741376197410744e+00
3.966084205700097343e+00
-4.967401036845815909e+00
3.305990542889918782e+00
7.442794648207748942e-01
-2.563972436385950626e+00
-3.327052354772437326e-01
4.708234404200508649e+00
-6.271992334325364737e+00
5.621119453335039040e+00
-6.625005336810220413e+00
9.861404962857356793e+00
-1.117469950531237366e+01
7.668659742690701719e+00
-2.169101857802221645e+00
-5.906167555108203793e-01
4.169652894307644964e-01
-1.182242940309152779e+00
4.325191381234432697e+00
-6.278154742241548902e+00
3.792004378573665235e+00
8.583986706719692883e-01
-2.712743212069301801e+00
8.770742312076280633e-01
8.073304839760826468e-01
-1.766443905852899121e-02
-4.156283217013645448e-01
-2.992882771098874350e+00
8.584867976282790636e+00
-1.132789122231214129e+01
9.660824531476110977e+00
-7.275405839006079844e+00
7.286189108540680692e+00
-7.639583053778709498e+00
4.656463584455198479e+00
7.382879985450903071e-01
-3.652290889932705564e+00
1.950197615486680025e+00
9.140184677647442690e-01
-1.135311218655593812e+00
-3.277051987653289977e-02
-1.232482776524601364e+00
4.835754885080524978e+00
-6.235883842674530442e+00
2.839934538513073647e+00
2.204075227761885358e+00
-4.499580739342466273e+00
4.465045828420320717e+00
-5.962183546164755654e+00
9.731858854565317074e+00
-1.170729011844890621e+01
8.881813003595841138e+00
-3.948498948731879121e+00
1.690978463488842065e+00
-2.454767621161670910e+00
2.373094409553478279e+00
1.739705691764008577e-01
-1.754177490857810717e+00
-9.534673888780291762e-01
5.807906251611401949e+00
-7.818168506425597464e+00
5.933208314036201081e+00
-3.956771332188797619e+00
4.374123580757716567e+00
-4.505209228306982894e+00
8.106900687074940492e-01
5.199067582542356902e+00
-8.492288984221918469e+00
7.354583465310655654e+00
-5.407125282770626207e+00
5.895222500211438899e+00
-6.912595788910048888e+00
4.727403995514933399e+00
-8.432958166217918716e-02
-2.182203408114623322e+00
-1.789136149175316604e-01
3.783192337738888522e+00
-4.695696075605425790e+00
3.992927361707270251e+00
-5.508298400299450392e+00
9.312810966296716231e+00
-1.093735392614398094e+01
7.673011129701968969e+00
-2.561830249106811674e+00
8.867878169224013840e-02
-3.595400520548075463e-03
-1.551823780224809823e+00
5.488975898724313573e+00
-7.842539594707757189e+00
5.504975699365261654e+00
-1.036590805181191843e+00
-7.333700745388371800e-01
-6.923219047657522829e-01
1.456252295491940352e+00
2.436414233827317588e-01
-1.120040331887927287e+00
-2.209045570116936918e+00
7.731656549363724373e+00
-1.042412742617030652e+01
9.069702147496283118e+00
-7.418288767428176556e+00
8.102354192730647497e+00
-8.583563418593509908e+00
5.260886818850829094e+00
0.000000000000000000e+00
1.291462215048295548e+01
-1.425088507942085769e+01
8.423368289409227216e+00
-8.073092872784851437e+00
1.450763637608642043e+01
-1.594198991579028579e+01
6.132492010869189158e+00
4.898198425020780178e+00
-4.533641434323365971e+00
-4.620379301411110973e+00
9.332897131493512077e+00
-5.664056212544608115e+00
4.187953817529891154e+00
-1.282263459845811937e+01
2.344350677661663696e+01
-2.280869975531753724e+01
1.165243457713094344e+01
-3.383051760406583064e+00
4.400045819889316867e+00
-5.573565596574564296e+00
-2.537661486880576689e+00
1.401099168110552995e+01
-1.539403365269151536e+01
5.497190244443642904e+00
2.577342417792071849e+00
-2.939708994149357046e-01
-4.768888083674813316e+00
1.758654604857968096e+00
5.926976724316642020e+00
-5.132898233589170189e+00
-7.155797836550117808e+00
1.851102921266004842e+01
-1.852444577259016256e+01
1.302000815543540746e+01
-1.395017443110482169e+01
2.052282891295066847e+01
-2.021062167898946882e+01
8.166879543565027433e+00
4.341970651815897142e+00
-5.466181104012315828e+00
-7.938795770513440431e-01
1.678062972002097197e+00
4.656296630224051825e+00
-6.627467364065486422e+00
-2.401998994076236293e+00
1.279424523059666008e+01
-1.174991341832904368e+01
1.452962235215443876e+00
4.814119528494237521e+00
-2.577617544078167899e+00
2.118103075698651416e+00
-1.167856622527648724e+01
2.354962197200586616e+01
-2.435777989639328567e+01
1.436753334194625786e+01
-6.908462855393759483e+00
8.829410908526956092e+00
-1.130384698945583644e+01
4.569788082725542822e+00
5.958642621231529546e+00
-6.827716087216452401e+00
-3.581650672311512906e+00
1.230113071184011453e+01
-1.037273933370311951e+01
5.002703325841082460e+00
-7.286475192643319332e+00
1.435445119816754200e+01
-1.312896904870846271e+01
1.760350572760716048e-01
1.229316728967487293e+01
-1.350728413714252341e+01
8.867522252736865340e+00
-1.047881845946645285e+01
1.806367274106876408e+01
-1.922031714988492013e+01
8.667919660023319040e+00
2.666513687502620300e+00
-2.692980698223140124e+00
-4.990662037213370539e+00
7.503444196600971949e+00
-2.449090622809814377e+00
1.167632688382890249e+00
-1.065778141658787703e+01
2.165592210290505548e+01
-2.117343845179744477e+01
1.094565123783104355e+01
-4.265090985350670216e+00
6.111171901076882129e+00
-6.490694496143484926e+00
-3.171208310489763260e+00
1.560689909422715260e+01
-1.734282058369616664e+01
8.183311650825679351e+00
-1.367380304231677890e+00
4.186955970954296724e+00
-8.130827898457997804e+00
3.126237846406311860e+00
5.935499037632723685e+00
-5.627777307163956522e+00
-6.083038660203894388e+00
1.636512420748348617e+01
-1.583282582592049437e+01
1.129045759690854211e+01
-1.403947497455168936e+01
2.171941208883613328e+01
-2.132423309715049342e+01
8.981175335981257390e+00
3.356820497589318997e+00
-4.594237531399793184e+00
-2.750421743953399556e-01
-1.011015379360696187e+00
8.709290453042761726e+00
-1.057777137828450442e+01
9.231244006540793023e-01
9.670722119842967146e+00
-8.881825725153234430e+00
-1.047090836561661575e-01
4.306966255713053471e+00
-7.772020624957134416e-01
5.936611243236561419e-01
-1.109905393273244556e+01
2.340614460745861791e+01
-2.434139169186983764e+01
1.517269700026952250e+01
-9.165408592881389538e+00
1.177683166248058377e+01
-1.329239722902186394e+01
4.793504051218592465e+00
6.928364020548563929e+00
-8.342679862340553143e+00
-1.182045071427973326e+00
8.492503236585200455e+00
-5.841867602498855838e+00
1.394014914225095048e+00
-5.500289202947895362e+00
1.378297193563991385e+01
-1.284771901083056633e+01
2.385039288653096889e-01
1.137474652263496466e+01
-1.219613745057263543e+01
8.619751670399899979e+00
-1.213507458514449056e+01
2.088826771796740189e+01
-2.195378770534741975e+01
1.101316567584531825e+01
2.706254544392772132e-01
-5.109876023308510540e-01
-5.692562508157529066e+00
5.916292097993474997e+00
6.535173767236646114e-01
-1.975165118306981604e+00
-8.025311526030730391e+00
1.909773969174423769e+01
-1.868174849800541182e+01
9.522571848948738094e+00
-4.663618292137964971e+00
7.580148230510867613e+00
-7.453177378673118803e+00
-3.409287091617349219e+00
1.652135284320426223e+01
-1.855236879021718721e+01
1.030734117910139958e+01
-5.008903775313375384e+00
8.584019615868001551e+00
-1.160605454266616832e+01
4.817562599508776522e+00
5.486075799400957465e+00
-5.749483112128285001e+00
-5.077826620747981856e+00
1.392824052366356469e+01
-1.259062386759350360e+01
8.848507598015899589e+00
-1.329454750509829353e+01
2.204687092698360473e+01
-2.173768277366944091e+01
9.467740514752236436e+00
2.296171476084132301e+00
-3.384174815120434054e+00
-2.075298739592668085e-01
-3.201889987488188538e+00
1.228459883728759294e+01
-1.422749091145166567e+01
4.283420074632894980e+00
6.182871686521877130e+00
-5.504861183956167636e+00
-2.119960773309024660e+00
4.121378010233012645e+00
8.752128891575008396e-01
-1.053353323663413832e+00
-1.002190190659470126e+01
2.243426414820579140e+01
-2.338565663018816210e+01
1.515865008850967222e+01
-1.081909159763310946e+01
1.434232105740508345e+01
-1.515978972907005584e+01
5.216415199502294264e+00
7.439564373425847421e+00
-9.362987052433455304e+00
-8.363008236755268499e+00
4.405336853197855618e+00
7.688309943155888782e-01
-2.328728537778144592e+00
-7.335010377101092161e-02
2.157057475252744716e+00
-1.490946492356952424e+00
8.260592538375313154e-01
-3.345170408558054476e+00
7.137548844114272484e+00
-7.406679320284068169e+00
3.250440418116775199e+00
1.091878049366167946e+00
-2.373393588637605411e+00
2.667100409821296481e+00
-5.497459817822328176e+00
9.782102301699552527e+00
-1.089086619384274535e+01
7.360757624435358082e+00
-3.206789769165427018e+00
2.317311740122165897e+00
-3.270209126708681691e+00
2.216926043514609646e+00
6.929795626327521774e-01
-1.181289994729753712e+00
-2.712343379972117052e+00
7.322722245769094584e+00
-8.261966254433769308e+00
6.295691738964016793e+00
-5.516975026040149110e+00
6.735662262376951759e+00
-6.156417632596680178e+00
1.366064756283568826e+00
4.454199296293326782e+00
-6.575078417772335371e+00
5.102367215241122800e+00
-4.252451313212230133e+00
5.744298158518662767e+00
-6.323973383126507919e+00
3.120404245160278922e+00
1.352794833006752739e+00
-2.254861936742476480e+00
-8.931303041405724841e-01
3.819343236856545420e+00
-3.915576540235067515e+00
3.791677290947532697e+00
-6.702977085337403551e+00
1.089640097050076939e+01
-1.157748706210134593e+01
7.697897359538544038e+00
-3.441196058934386848e+00
2.192353980423772164e+00
-2.015703686774938941e+00
-6.806595947195597240e-01
4.994198429467919809e+00
-6.335518440510091942e+00
3.106763256698396258e+00
7.610094088809735702e-01
-1.271371622377240662e+00
-2.911536567928609820e-01
2.127245488548989982e-02
2.129331027667521692e+00
-1.966965325775188234e+00
-2.576616955301891387e+00
7.928713992491920770e+00
-9.603766308444267708e+00
8.205463298881200629e+00
-7.838348516086124818e+00
9.485582153444649833e+00
-9.438109117258600023e+00
5.163957517052721435e+00
2.953977588297806989e-01
-2.167025785831561802e+00
4.145268626770821641e-01
7.426220966595984407e-01
5.930058073943964558e-01
-1.285159278561547325e+00
-1.634047156283527924e+00
5.807556351340929623e+00
-6.383566776357003647e+00
2.746235269875090701e+00
8.518831968410554012e-01
-1.632722064321673550e+00
2.062935508594761824e+00
-5.465795868495083809e+00
1.024644064895270290e+01
-1.161547480751034556e+01
8.374474363880807459e+00
-4.638568115006798109e+00
3.917753019570318962e+00
-4.406716454318614140e+00
2.440377436147510792e+00
1.271323073629031963e+00
-2.198191103112134837e+00
-1.377872228119339848e+00
5.602700716931038549e+00
-6.364940852903893997e+00
4.797705910677275476e+00
-4.846117576833584906e+00
6.745519228717975935e+00
-6.382689511235485114e+00
1.575598598070278022e+00
4.207937271080089303e+00
-6.396860816972800734e+00
5.436456079159619037e+00
-5.439679345296720037e+00
7.562466039429182274e+00
-8.186172078246892525e+00
4.660741227451299373e+00
1.207845186404781224e-01
-1.354537433632054810e+00
-1.130488509542024289e+00
3.108750723518131309e+00
-2.497080818866275642e+00
2.298889650023729914e+00
-5.563226142617573089e+00
1.008077444345531148e+01
-1.098299520326793655e+01
7.505450049501420473e+00
-3.863102246764154035e+00
2.987964555248949772e+00
-2.548509981265447699e+00
-8.525064505224593248e-01
5.790183678502447862e+00
-7.495061609538851144e+00
4.627052665985870838e+00
-1.232310183706228912e+00
9.444565222062584198e-01
-2.092748088851890564e+00
9.439759411570349812e-01
1.987226654893385014e+00
-2.239513271011317030e+00
-2.018123480100333822e+00
7.007294206463175357e+00
-8.499573230286493697e+00
7.465994077902379900e+00
-7.875820448524157413e+00
1.013991536286741635e+01
-1.021928329376667044e+01
5.808676457530971504e+00
-2.535124660162677568e-01
-1.808679819603921546e+00
6.765742796447566931e-01
-4.777014905504985975e-01
2.550218388473571185e+00
-3.380921917058436588e+00
2.141602275209426587e-01
4.201982401422105440e+00
-5.033326088452575675e+00
1.970014880261404144e+00
7.650637575596439532e-01
-9.071040535583771991e-01
1.322058558494267233e+00
-5.133759741898584750e+00
1.027983895126619451e+01
-1.187625651863249665e+01
9.003971392853067357e+00
-5.826015176350249902e+00
5.414505412818652275e+00
-5.565413709748773918e+00
2.800538065334114091e+00
1.639409148709418673e+00
-3.024063646452562093e+00
-1.138622910725133330e-01
3.790376913939434544e+00
-4.241270988933972141e+00
2.989046745405840699e+00
-3.819328959418545999e+00
6.403942325369009758e+00
-6.348146608437215122e+00
1.703449043729842627e+00
3.838425246459318707e+00
-5.941906327976047564e+00
5.416990172934198711e+00
-6.252205698493598973e+00
9.032173226134702304e+00
-9.794719300239682624e+00
6.109840067557765764e+00
-1.189573638502100961e+00
-2.763210377486204905e-01
-1.551390786103254094e+00
2.526114937718774378e+00
-1.118253464813419473e+00
7.189806830253380188e-01
-4.173559043193987961e+00
8.870253224039583273e+00
-9.938816804152082796e+00
6.918707752430608870e+00
-4.012444057391935104e+00
3.652078410209099069e+00
-3.102666094445011513e+00
-8.394361389286586483e-01
6.269730209232781348e+00
-8.302036452956881973e+00
5.868967141729793724e+00
-3.079120862720189589e+00
3.141943132709434483e+00
-3.983633363829377050e+00
2.047767566178278820e+00
1.614607597136087591e+00
9.180788877580932095e-01
4.711700414311896346e+00
-1.117902426747535705e+00
-2.591690227399149560e+00
-3.150967080630802997e+00
1.254253740068654466e+01
-1.201163843327344694e+01
8.335527984898760678e-02
1.028220078580591235e+01
-1.042141587091678723e+01
7.723852318358945368e+00
-1.300263527146899278e+01
2.286764720752616853e+01
-2.398354500583804239e+01
1.299639413929228837e+01
-2.134527159987312128e+00
1.907495621230610006e+00
-6.703310504489332189e+00
4.642746670529025010e+00
3.498150560706908330e+00
-5.060653576606201298e+00
-5.100469661933265897e+00
1.591101886802970711e+01
-1.541827742761489617e+01
7.390865856217041951e+00
-4.508779410113747943e+00
8.688357098546578783e+00
-8.339883501395174648e+00
-3.335792969435225963e+00
1.677910322412263966e+01
-1.897783668735035434e+01
1.175118823544252855e+01
-8.168306178142882956e+00
1.269455459076220549e+01
-1.501850273639761824e+01
6.722003527602535833e+00
4.609514617129793379e+00
-5.451570810130168532e+00
-4.254097251711968397e+00
1.136082287555545633e+01
-8.965478286533141272e+00
5.821277704501246930e+00
-1.176983872969073985e+01
2.148382979107376656e+01
-2.137070608552532036e+01
9.509798446848307663e+00
1.286557737615011909e+00
-1.935113965114168666e+00
-5.598442096068003693e-01
-4.836859645754175929e+00
1.524534419564276178e+01
-1.739190508704565019e+01
7.480027135657003612e+00
2.513240785323461512e+00
-1.752542377763823378e+00
-4.539416198979825623e+00
4.295508967977903936e+00
2.270115678691552397e+00
-2.682553441269432071e+00
-8.579778570927102166e+00
2.073147951747743534e+01
-2.153093445609554735e+01
1.429156788377122744e+01
-1.176298412012061334e+01
1.637687228421325614e+01
-1.676191544398278666e+01
5.739644389875486752e+00
7.524443532831513792e+00
-9.845212253737665620e+00
2.597745708120363872e+00
1.143685882218754557e+00
3.587759514834461427e+00
-6.767082142336397155e+00
-3.630585907894312570e-01
1.068130708993753863e+01
-1.059645376806855488e+01
-3.751065487950100419e-01
9.141397104645601956e+00
-8.310633632079296618e+00
6.262612427862110920e+00
-1.308902449767285425e+01
2.393301178762670389e+01
-2.518394977515954736e+01
1.445980823194438258e+01
-4.386973544143986103e+00
4.433560976734894687e+00
-7.966781852703807232e+00
3.720454114185114847e+00
5.964209556502143350e+00
-7.917676851508271163e+00
-2.070474554498656694e+00
1.226880072385289644e+01
-1.151043225416576021e+01
4.602753318817521588e+00
-3.767469170450218563e+00
9.338461345113865164e+00
-9.030466640064762629e+00
-3.055289668110633183e+00
1.644243755119376971e+01
-1.861937600202838183e+01
1.243829077397272620e+01
-1.069584073354186415e+01
1.632739798754277771e+01
-1.818425323176293062e+01
8.704068147439015135e+00
3.371516911360393998e+00
-4.722014783434997476e+00
-3.702370785042656820e+00
8.817843346990112963e+00
-5.139540208541996336e+00
2.368247863725289726e+00
-9.564380873210710732e+00
2.005681157258488767e+01
-2.018341120100235386e+01
9.014012749126145252e+00
4.525830367039826996e-01
-3.646101270129358252e-01
-1.267024657003744892e+00
-5.898902960833082076e+00
1.749312636998458359e+01
-1.991289755248110538e+01
1.032181486168215834e+01
-1.143047045809562512e+00
2.213216254147908568e+00
-7.273606477387543734e+00
4.832868866269784291e+00
3.322342610504673388e+00
-4.160165728638292926e+00
-6.920293884714906696e+00
1.842979527859186106e+01
-1.886407635844249597e+01
1.258587028450750367e+01
-1.193090253200396411e+01
1.775641399487577488e+01
-1.795946704674522465e+01
6.248330110769770407e+00
7.247182614351073582e+00
-9.784423973584219780e+00
3.770145135414467497e+00
-2.047796192661457404e+00
8.067143585326263633e+00
-1.092933885873882538e+01
2.707334921678227868e+00
8.287719986968816954e+00
-8.616237663628954380e+00
-1.196683195985425385e+00
8.071515343265557973e+00
-6.005525864070264674e+00
4.351410347502755016e+00
-1.244679334866138198e+01
2.406399489849646400e+01
-2.547042771339105371e+01
1.527009454836383995e+01
-6.328352388214662838e+00
6.922523325635903113e+00
-9.397332997232602736e+00
3.151746458764746350e+00
7.962897177047194575e+00
-1.039402828176096349e+01
8.769996244431466081e-01
8.364920736209054297e+00
-7.121761484210296089e+00
1.253405660157945967e+00
-2.446964325130126738e+00
9.462108322838076901e+00
-9.414946365798247285e+00
-2.684123237194041334e+00
1.560530942164543333e+01
-1.752089590802341590e+01
1.233759644447094495e+01
-1.247944624081568321e+01
1.931403086427501492e+01
-2.092268798617213932e+01
1.061198183167441478e+01
1.868567233496174040e+00
-3.584447488084256506e+00
-3.483450304871256620e+00
6.438886336264644683e+00
-1.298320292746192983e+00
-1.328422656806168334e+00
-6.815852712179747641e+00
1.783927934773961965e+01
-1.818031038097990404e+01
7.918381298877777752e+00
-9.279589756019124280e-02
1.200312258402734811e+00
-2.236375419993172908e+00
-6.410864780332657276e+00
1.897251356268296973e+01
-2.166784548668919541e+01
1.263678497402648304e+01
-4.589761379968923194e+00
6.211105037762991721e+00
-1.020144327060340927e+01
5.701312726707252310e+00
3.977130853289778223e+00
-5.368464665577826089e+00
-5.195546241128996101e+00
1.568675552052843081e+01
-1.551310636885790828e+01
0.000000000000000000e+00
5.408857413568606276e+00
-6.717684200050232590e+00
5.259130936332634398e+00
-5.219658875192645375e+00
7.069459237190217848e+00
-6.961948451905535684e+00
2.977701985684776176e+00
1.309385122544014735e+00
-1.484642871545018394e+00
-1.667693491932384475e+00
3.689394644535477052e+00
-3.154758338746457724e+00
3.453062766040110976e+00
-7.048716871986600907e+00
1.102286697751418210e+01
-1.079674015615833227e+01
6.590093095746337504e+00
-2.990060846055013322e+00
2.306892974188156309e+00
-1.668194358501926544e+00
-1.904988035666166368e+00
6.267580440711869372e+00
-6.823817987206513891e+00
3.206553393704930421e+00
4.871188978818274951e-02
1.153316051886636995e-01
-1.344282045991991748e+00
1.465757077943781184e-01
2.246146335546267192e+00
-1.413862472433147222e+00
-3.553670792540437606e+00
8.296199955939131954e+00
-9.104856068599412211e+00
7.756760801018091733e+00
-8.157276695296049596e+00
1.001404729804385241e+01
-9.183145535370133672e+00
4.188876180724363074e+00
9.743903183972637549e-01
-2.119350609249633699e+00
4.462049363793463286e-01
-1.900534468809187416e-01
2.009386536768932086e+00
-2.131845800093654653e+00
-1.492680948009088127e+00
5.422564135516297235e+00
-5.188593479019768751e+00
1.443193740083906107e+00
1.326493723363000754e+00
-1.504155881694952068e+00
2.371879939881331723e+00
-6.498737546106934992e+00
1.110471952446344623e+01
-1.156879238422543210e+01
7.956103050131787313e+00
-4.830432350950569109e+00
4.654340835962991640e+00
-4.655217269927047319e+00
1.740084552840530208e+00
2.126298427276496206e+00
-2.358391992374453849e+00
-1.545262213609743807e+00
5.086298766583912112e+00
-5.061151664876015310e+00
3.699508929361985832e+00
-4.579708441529977136e+00
6.656140332323562170e+00
-5.544491485217188043e+00
2.024422329920438912e-01
5.076084926571014400e+00
-6.456673845064346828e+00
5.574277836132262465e+00
-6.388446028256654863e+00
8.784053975620910393e+00
-8.662631925836413060e+00
4.402935406162573173e+00
1.180208843391827855e-01
-6.390953436138069321e-01
-1.764688115580232974e+00
2.805417949017066981e+00
-1.626289739317146044e+00
1.908601455734266983e+00
-5.818212048402934045e+00
1.003812811983663167e+01
-1.003831139452487342e+01
6.326136418900973446e+00
-3.399468687803352651e+00
3.051605313577473666e+00
-2.101626492930776635e+00
-2.130153279955434797e+00
7.014645332544718670e+00
-7.901714946759414993e+00
4.706962585560813039e+00
-1.967938642244130509e+00
2.297775771332943862e+00
-3.027374313505915016e+00
9.521627377693109295e-01
2.149656358010274104e+00
-1.714218630024997747e+00
-2.886969490021113138e+00
7.190963217007730002e+00
-7.843207800424120357e+00
6.935348492252611408e+00
-8.116387071847691814e+00
1.051630468462314383e+01
-9.780163924504554629e+00
4.722342563311194397e+00
4.481847429685494877e-01
-1.789170399587290294e+00
8.030106860527084223e-01
-1.509040593085608783e+00
3.979576040600400155e+00
-4.176099044237798985e+00
3.415016905473380326e-01
3.763976655439996044e+00
-3.806887823096916978e+00
7.328621351298538755e-01
1.124376116833629702e+00
-7.102845157076500548e-01
1.607726047441073058e+00
-6.091377445352059716e+00
1.096793109269042077e+01
-1.164571590849831750e+01
8.477860063599967688e+00
-5.956964655743922421e+00
6.039983489089216562e+00
-5.639865372954666611e+00
1.957720706835097690e+00
2.544544689517969083e+00
-3.206808539985354756e+00
-1.922848450760463734e-01
3.135669042171457921e+00
-2.851898100841642414e+00
1.892371194572663562e+00
-3.559353996744894832e+00
6.255373985424887096e+00
-5.437588152017911902e+00
3.458146087365294719e-01
4.602558736503469028e+00
-5.908931194703287204e+00
5.524577454358233553e+00
-7.162901246007880474e+00
1.012768267271777489e+01
-1.009465248965632433e+01
5.730152026962629819e+00
-1.144511205049329128e+00
3.731627692006478370e-01
-2.038045553879675786e+00
2.054418106618544293e+00
-1.507951114706367335e-01
2.879083140185267897e-01
-4.343854124013127205e+00
8.667942750636839833e+00
-8.848209552847812631e+00
5.687805203383431873e+00
-3.549126130278131619e+00
3.672689413167714356e+00
-2.569768169265358004e+00
-2.147989957173126907e+00
7.421948580162661457e+00
-8.610127678455096856e+00
5.914174836623086406e+00
-3.816673973504548734e+00
4.435175045235008717e+00
-4.778623696451244740e+00
1.928937765984173325e+00
1.828036678790128988e+00
-1.835584416522927143e+00
-2.256026536716169151e+00
5.947023587695872138e+00
-6.301043688046057412e+00
5.736993036069110374e+00
-7.638359414411099557e+00
1.057826482072221097e+01
-1.002860174351528855e+01
5.085992170772009047e+00
-1.038598557236202341e-01
-1.291760305730695002e+00
9.200611293373111010e-01
-2.563671560894830836e+00
5.709849950710911060e+00
-6.078269989502981474e+00
2.194814727698258139e+00
1.930433647830778643e+00
-2.172054771366029868e+00
-2.188060563158558125e-01
1.096630225040630791e+00
1.154332391141776881e-02
7.674612532754048200e-01
-5.424299191642571571e+00
1.041559283496894572e+01
-1.124832766411299545e+01
8.572213352963377275e+00
-6.761389397788844846e+00
7.228898215945825712e+00
-6.572640123243921551e+00
2.281215982350649263e+00
2.738379176984020891e+00
-3.812802593117875283e+00
1.010388875113931917e+01
-1.130175381952482994e+01
1.839037047845874184e+01
-1.862804660611370622e+01
6.620685400404846987e+00
6.698221572036656468e+00
-9.213336692853301813e+00
4.387135295571937377e+00
-4.729286899204765859e+00
1.212735270196971094e+01
-1.487173902330557418e+01
5.881516897210943284e+00
5.486022534938610917e+00
-6.124209248708884168e+00
-2.409586762497175627e+00
7.175971697429675444e+00
-3.651986445064645537e+00
2.129848362420090790e+00
-1.116904519124299355e+01
2.328920656455747462e+01
-2.480491236080203521e+01
1.532752202215952586e+01
-7.814550528857232337e+00
9.223502195280033789e+00
-1.088586760021674849e+01
2.904584945547601826e+00
9.441698685324393381e+00
-1.236535441619886910e+01
3.565196896017785999e+00
4.402634191036826294e+00
-2.443090707727600286e+00
-2.523428371686359029e+00
-5.959076675234022957e-01
9.025739415705306357e+00
-9.402609353491254041e+00
-2.340823623463013980e+00
1.438552356706630242e+01
-1.576611208196385228e+01
1.146469925124929645e+01
-1.345094198241009842e+01
2.151845603686670927e+01
-2.306770682642250847e+01
1.228761586175960296e+01
2.215587564393608488e-01
-2.096808198782719401e+00
-3.624362269815792459e+00
4.339547795056740043e+00
2.380428574774684058e+00
-5.074865287946986214e+00
-3.692295436889247107e+00
1.494780723048524251e+01
-1.541162603264650244e+01
6.198192276438665438e+00
-2.572822957325522353e-01
2.632802334507739594e+00
-3.355076403600161683e+00
-6.432005385232075767e+00
1.967277432682545424e+01
-2.257629276842521193e+01
1.428233212418183129e+01
-7.641224542540896003e+00
1.005086037203110649e+01
-1.317701069913032796e+01
6.834637508905158754e+00
4.213936225155448412e+00
-6.213925652367599639e+00
-3.551640217972819258e+00
1.267510353511292465e+01
-1.163948263153391416e+01
6.952616831724024671e+00
-9.901530662173534836e+00
1.822825702352883681e+01
-1.866753772988263904e+01
6.737704986744316393e+00
5.986687220152623112e+00
-8.198889706332309402e+00
4.441095415835484950e+00
-6.804601018754448560e+00
1.560122130958208331e+01
-1.839557349926531060e+01
8.968717994221941936e+00
2.429368778250284411e+00
-3.210853623688055158e+00
-4.007002676301684829e+00
6.534609629411582077e+00
-1.389954228321315099e+00
-2.480036777461731567e-01
-9.382525306240042440e+00
2.168384300538934184e+01
-2.319853078326842066e+01
1.457309425866495722e+01
-8.725634380808433122e+00
1.118965851606430739e+01
-1.230772098464839814e+01
2.916014448019371486e+00
1.038629370011857134e+01
-1.374208916966575877e+01
5.838791939415333587e+00
5.827647806363431826e-01
2.318049617560942188e+00
-6.562329452841344057e+00
1.697463597852525652e+00
8.034081914618994347e+00
-8.929601206153197523e+00
-2.136471052298166029e+00
1.291553134423218197e+01
-1.347217386664213912e+01
9.880086058842115548e+00
-1.358952810039396297e+01
2.284518799885661267e+01
-2.447828453106523838e+01
1.357711270707501683e+01
-1.432428437009302336e+00
-3.474893982158553385e-01
-4.116802457831644446e+00
2.604700732800999674e+00
5.737083586504848398e+00
-8.677064434908395185e+00
-3.820024212233736893e-01
1.153560132679395878e+01
-1.197174636805652348e+01
3.869606540631425950e+00
2.308687319771429713e-02
3.815828779987314956e+00
-4.499134636279771726e+00
-6.052186333732128887e+00
1.962678232606184991e+01
-2.260400755061499112e+01
1.515372171303118876e+01
-1.013342774263072599e+01
1.354449713240919451e+01
-1.603825692395002989e+01
8.136698523852697207e+00
4.047753176489126581e+00
-6.633550217442730101e+00
-2.118871246814000742e+00
9.571745291610804784e+00
-7.428435127325155207e+00
3.277740022659771935e+00
-7.802404428768396016e+00
1.726385343477767265e+01
-1.801009411911883973e+01
6.492843083064010479e+00
5.231510218283563773e+00
-6.836516400306613228e+00
3.964046321459908651e+00
-8.219323526113740286e+00
1.835631444370128662e+01
-2.132163603145955122e+01
1.177753080787270257e+01
-7.090908653414086382e-01
5.546644365521657960e-04
-5.946173336475370164e+00
6.197700037823761221e+00
6.560667492188194672e-01
-2.624095772492355039e+00
-7.238745156912194112e+00
1.936452833638062287e+01
-2.071135367889683465e+01
1.299327505513449310e+01
-8.974408321701993430e+00
1.268839819060341334e+01
-1.353182185957974504e+01
3.097870614855584570e+00
1.081980960647398504e+01
-1.447399704136408083e+01
7.572885571589663911e+00
-2.907885063014138183e+00
6.949055216642712196e+00
-1.067523900709060314e+01
4.309770536907047145e+00
6.531053553776065890e+00
-7.964667183944158957e+00
-2.165703554527871333e+00
1.133247915500084702e+01
-1.078131724060072294e+01
7.684632328150973635e+00
-1.292238420355746520e+01
2.324484841217468301e+01
-2.504768344008169834e+01
1.434150959456592389e+01
-2.949651143730370073e+00
1.550759805636770405e+00
-4.918178305708347686e+00
1.284049096106491206e+00
8.639125487115862256e+00
-1.195228169248148475e+01
2.917782684218267697e+00
7.783761599270698994e+00
-7.994889445396725414e+00
9.905845115979197146e-01
7.781547645084749831e-01
4.651153188724007848e+00
-5.543044331077999765e+00
-5.384121134714759727e+00
1.890720900296396678e+01
-2.176419296819189597e+01
1.519025734989024556e+01
-1.193390148072392165e+01
1.651762096305946415e+01
-8.457826223966378620e+00
7.395500120209417716e+00
-6.887172276132142557e+00
8.609700810370528146e+00
-9.250081356537684485e+00
5.784480714178259042e+00
-6.166132687037042537e-01
-1.310998862632231532e+00
-7.421656219613144145e-01
2.709226187378789064e+00
-2.034968600951209350e+00
1.350665403049768676e+00
-4.010355656751229958e+00
8.338621957439123378e+00
-9.430602938035697491e+00
5.969989167426793308e+00
-1.931917560264976519e+00
6.761676145397336191e-01
-3.167593854967196698e-01
-2.753922454209678516e+00
7.658323652850942409e+00
-9.680487672723426584e+00
6.950753245854875750e+00
-3.191693012243001171e+00
2.400092885017950373e+00
-3.405341930302607789e+00
2.361120026493853885e+00
7.639953195903936845e-01
-1.649615345378045994e+00
-2.030029101543988634e+00
6.899923553976136326e+00
-8.451934874875940196e+00
7.127722387695069273e+00
-6.921865939646880683e+00
8.788607793194767481e+00
-8.929511883191956656e+00
4.611411127011816546e+00
1.273530603274657835e+00
-3.881697127979018447e+00
2.950967127574885218e+00
-2.528389683802128030e+00
4.460311775587089578e+00
-5.551117181394642941e+00
2.682394702380111351e+00
1.900573926930311686e+00
-3.248871094409826021e+00
4.869727038326692181e-01
2.338119574282885083e+00
-2.497858431521311040e+00
2.469716250254155643e+00
-5.663855328145158907e+00
1.055767117395247290e+01
-1.225221576007203872e+01
9.282368536436937489e+00
-5.555174270803240333e+00
4.560445461777945297e+00
-4.555785668105162500e+00
1.876563323585800358e+00
2.781350074752845014e+00
-4.756387903021781938e+00
2.053928535150037149e+00
1.687802607639894203e+00
-2.362635422317830969e+00
9.891535740000780841e-01
-1.450822283335298835e+00
3.969375240598854049e+00
-4.315534892851078830e+00
6.126985903160031555e-02
5.515524587993850147e+00
-7.814006407775178076e+00
7.106307554123814541e+00
-7.383488850216957999e+00
9.767807274636881587e+00
-1.055589431064467121e+01
6.904215773952393498e+00
-1.561411739726893844e+00
-5.937732074443209385e-01
-8.438378667433710234e-01
1.832182163778109718e+00
-3.454003822401570112e-01
-5.552072542009984790e-01
-2.326825050598379185e+00
6.896051281879222117e+00
-8.193000486429074414e+00
5.198232483323477204e+00
-1.924200197852368177e+00
1.261159519351902514e+00
-8.823980696425172132e-01
-2.678589257338062524e+00
8.057397374075609520e+00
-1.036929602328370059e+01
8.002099664916549671e+00
-4.787260589749908313e+00
4.335931443645314687e+00
-5.046169113641031601e+00
3.194315893643524529e+00
7.148512388550622987e-01
-2.090231723999325553e+00
-1.174394098275622245e+00
5.518808107066757174e+00
-6.721197453207722106e+00
5.634407025138242986e+00
-6.161213211102962717e+00
8.700943182891645478e+00
-9.109139192611410252e+00
4.847220692610335391e+00
9.194860600289922470e-01
-3.513744868559339096e+00
3.046544444187166967e+00
-3.507275390980058472e+00
6.190469683171034632e+00
-7.497081841787619716e+00
4.479521022897660743e+00
2.603038475655512496e-01
-1.816436591404988032e+00
-3.559205359617676478e-01
2.220785260768428415e+00
-1.569570304770170566e+00
1.317602222687752844e+00
-4.726280073399660608e+00
9.843056648037549650e+00
-1.169395282364763844e+01
9.105404547450051567e+00
-6.037548135921598558e+00
5.525763850020346979e+00
-5.384616951925845107e+00
2.083507715962443108e+00
3.185365469992828658e+00
-5.569673925283247229e+00
3.322885193755079847e+00
-2.048949453917194852e-01
-4.878906061152143980e-02
-1.109110814249546495e+00
-9.394193029401076700e-02
3.341585842441625154e+00
-4.117816599042123826e+00
2.076825691365966620e-01
4.909903739325303107e+00
-6.900040741427107882e+00
6.443743801269670612e+00
-7.451227577461782658e+00
1.049091845163785308e+01
-1.149963515507278444e+01
7.821321770981454868e+00
-2.492969613194504941e+00
2.496471343034012413e-01
-1.129132325392715686e+00
1.136528526226463498e+00
1.205772275088431655e+00
-2.420262421807335862e+00
-5.289779370361018529e-01
5.179510200830098832e+00
-6.595061296346074187e+00
4.083199617651982472e+00
-1.660743967153467615e+00
1.709851698585476587e+00
-1.460616243783263934e+00
-2.411748921294126990e+00
8.101556518475524271e+00
-1.062669660166309171e+01
8.658816925025032418e+00
-6.096211305150601945e+00
6.109452181943078486e+00
-6.650109785244273652e+00
4.119680819184335263e+00
4.733828409900313616e-01
-2.326732101875235603e+00
-4.264894239326713077e-01
4.091029058846337385e+00
-4.799794743977668254e+00
3.841816880363379205e+00
-5.020975030441456433e+00
8.197793576930614279e+00
-8.926197768088783846e+00
4.874912685331317164e+00
5.729574362239679974e-01
-2.983939272118134589e+00
2.873433572990871987e+00
-4.159306726252930630e+00
7.582248853534663269e+00
-9.168160062804908250e+00
6.147554376888331618e+00
-1.423449985808725726e+00
-2.209938365363086632e-01
-1.395864698357380362e+00
2.272764212847597776e+00
-7.432908483152225187e-01
1.495995482618877048e-01
-3.601671253556791630e+00
8.768984512194354153e+00
-1.068010668866242341e+01
8.483738769786445033e+00
-6.159476291092390809e+00
6.247164336189458211e+00
-6.113722523766037753e+00
2.363569062496101214e+00
3.358295333806534444e+00
-6.078920424106833309e+00
4.326241220057886139e+00
-1.939196953455727623e+00
-1.861703439278795003e+01
9.487785661255657033e+00
3.527845532986266797e+00
-6.598944604583750539e+00
-1.003222149719015022e+00
6.546733071245580682e+00
-3.077995981699204631e+00
-7.446864856273573974e-01
-5.118950686500573610e+00
1.553665252455440182e+01
-1.662618247108313341e+01
5.800982231036050152e+00
4.551858551272636610e+00
-5.242521532661200467e+00
3.024138078480389069e+00
-8.962564039041671649e+00
2.030172651066788703e+01
-2.350057858359326346e+01
1.412754013014604482e+01
-3.746579949931999387e+00
3.360764258715786212e+00
-8.150093593873306119e+00
6.182167140544871486e+00
2.385215614703653841e+00
-4.846915431980548306e+00
-4.903733924638529196e+00
1.648172927717876135e+01
-1.744921722684729914e+01
1.062195967743197045e+01
-8.513018350922740396e+00
1.361085029082055087e+01
-1.443050056034705619e+01
3.344327757312001381e+00
1.079950552387356844e+01
-1.455206497032442492e+01
8.679930006731765957e+00
-5.907142842385086468e+00
1.124422008300715703e+01
-1.466206658273542374e+01
7.089373534275873467e+00
4.597982378728850072e+00
-6.512624881463285220e+00
-2.498995755886571857e+00
9.768196098695341334e+00
-7.851115537935761779e+00
5.012661659877597486e+00
-1.152234367045448060e+01
2.271701117569345740e+01
-2.471071769689066855e+01
1.446665425462577304e+01
-4.189891240248416082e+00
3.468759489391067596e+00
-5.955160897018823896e+00
3.902350296955496844e-01
1.098815698606512470e+01
-1.473962530712778651e+01
6.012650661166816235e+00
3.890820615717240027e+00
-3.648215528035192889e+00
-2.340950675704818629e+00
2.000170412511549145e+00
5.067000171226899496e+00
-6.369478439577353157e+00
-4.554243881687694007e+00
1.762029404758990125e+01
-2.011580243324267414e+01
1.437875731604022889e+01
-1.294971459823705828e+01
1.882009775793493489e+01
-2.074984192896464208e+01
1.075284348472073681e+01
2.733973974380211835e+00
-6.117887606808409373e+00
-2.797230135969837050e-01
3.752977108770108927e+00
1.212582049625742897e+00
-4.918394476807971039e+00
-2.001725506995415405e+00
1.313045501998000120e+01
-1.452824160966307332e+01
4.606057337339839464e+00
4.057561630199162828e+00
-3.545109381639335311e+00
1.719777644353750468e+00
-9.065898843841576848e+00
2.139227712027536299e+01
-2.482148836578761575e+01
1.586041520796556625e+01
-6.501872829068015669e+00
6.703276935530188219e+00
-1.051173103276252441e+01
6.470303231750024864e+00
3.726664623030773171e+00
-6.781339566080271553e+00
-2.547093217536983367e+00
1.321023606700971165e+01
-1.355780944582379455e+01
7.539539179610247999e+00
-7.337142078032352188e+00
1.387996973873931061e+01
-1.488926510664371961e+01
3.540749873329158248e+00
1.041114820106784222e+01
-1.400765912506588151e+01
9.114168564876855783e+00
-8.286439906536990918e+00
1.501630900834943816e+01
-1.832221929179456765e+01
9.865266555927995284e+00
2.349224445907013070e+00
-4.615305016816404482e+00
-3.176750399987758655e+00
8.339805185645181140e+00
-4.843985809817402455e+00
2.023037689129431271e+00
-9.502806890037675203e+00
2.131011480442791495e+01
-2.344858589982641917e+01
1.387174614875182144e+01
-5.026620316328391347e+00
5.270113456913806615e+00
-7.129488372713074007e+00
-1.004093120510818338e-01
1.272454323977087220e+01
-1.690910806090316498e+01
8.722556572258111984e+00
6.120611477779025478e-02
8.772057739127561149e-01
-5.991640071485679009e+00
3.642897301081413630e+00
5.023881043725284101e+00
-6.878334897282257110e+00
-3.692836434593353090e+00
1.589763822902623325e+01
-1.775909603325597175e+01
1.275413077855400523e+01
-1.313309346008347589e+01
2.033539318546356611e+01
-2.228856825027265032e+01
1.179099047818885992e+01
1.770377962370774938e+00
-5.233295515110156337e+00
1.190362560788926771e-02
1.317338446219057602e+00
5.254288998633942498e+00
-9.038260249103126753e+00
1.371418984499091387e+00
1.016916634358848981e+01
-1.177167355750242450e+01
2.886785802763586872e+00
3.840200201059085217e+00
-1.874694054346470296e+00
1.718237720131949309e-01
-8.599613335476782083e+00
2.162986938649252977e+01
-2.521815627627765366e+01
1.684976103091650046e+01
-8.806567083878567459e+00
9.854443976277458717e+00
-1.290051104960491557e+01
7.011064421488112153e+00
4.643770553876628959e+00
-8.317175271782890178e+00
-3.310696660122474100e-01
9.738322800643922861e+00
-9.214386984192724839e+00
3.869090376678265830e+00
-5.487459696054437508e+00
1.345669993729859293e+01
-1.481586401826470833e+01
3.573217985883678338e+00
9.761495218415403130e+00
-1.290904404145785023e+01
8.873338606944138007e+00
-9.957604171662964632e+00
1.810701471943792740e+01
-2.146633575047778919e+01
1.245743328264483019e+01
-7.456277807367017729e-02
-2.349867895280748797e+00
-4.205618968229488885e+00
7.141594759668389969e+00
-1.916650878544586156e+00
-1.111120344112929814e+00
-7.010231482831491334e+00
1.911844549741406496e+01
-2.129094154108246784e+01
1.251592009722773646e+01
-5.356448181666944031e+00
6.821081397191038675e+00
-8.325608747116044484e+00
-2.445532156644194544e-01
1.382941174812074792e+01
-1.836863881874527848e+01
1.089237578295959707e+01
-3.506656166952486942e+00
5.377026140073688509e+00
-9.799653922441759590e+00
5.623403373107715097e+00
4.518152369555327397e+00
4.195047560278252874e+00
-5.815979243101204510e+00
4.906755214547436239e+00
-5.314252805901171328e+00
8.149011560897459816e+00
-9.541194022581471756e+00
6.199470734810701877e+00
-4.644501607449291747e-01
-2.778257517292181067e+00
2.775510402630123608e+00
-3.272504394120952398e+00
6.197367126216654754e+00
-8.340502667799640335e+00
6.129241129376254094e+00
-1.312544544366503141e+00
-1.088692216259135925e+00
-3.776065040242801985e-01
2.093411089536263425e+00
-1.301922625549365442e+00
4.137484728062834627e-01
-3.159196295197369775e+00
8.436088171114933587e+00
-1.125263100843787178e+01
9.517860388901571156e+00
-6.623272818541228624e+00
6.063630522741552120e+00
-6.270445884545264192e+00
3.422534634233568518e+00
2.107705844602383749e+00
-5.550914082404950101e+00
4.268343259377471277e+00
-1.328455555247396891e+00
8.348595578316413413e-01
-2.054115032719999068e+00
1.113436576534207134e+00
2.438269795294184306e+00
-4.274160229519422316e+00
1.350087729286264526e+00
3.636497428685023792e+00
-6.074515956660993865e+00
5.838922423684977048e+00
-6.747073960993558828e+00
1.006589341164134055e+01
-1.203251323209035206e+01
9.261766301062479556e+00
-3.953844473173481866e+00
1.027822992660858858e+00
-1.392950802897995555e+00
1.334116079726022974e+00
1.243523141595975101e+00
-3.276143428130438018e+00
1.131356075285669283e+00
3.587729599735726360e+00
-5.855443743070317453e+00
4.071187765913599321e+00
-1.801664368403104177e+00
1.958578553453771853e+00
-2.299455124990459343e+00
-9.362211617698525945e-01
6.793341015807500050e+00
-1.029772269597825307e+01
9.208944460237235674e+00
-6.828487583639987868e+00
6.765323520722774653e+00
-7.607740300975699199e+00
5.502552088163946031e+00
-6.434998060286041266e-01
-2.275986443005950655e+00
5.087714684585051828e-01
2.964443612601088240e+00
-3.931258009613749493e+00
2.945597079884913150e+00
-3.874675395245039233e+00
7.336992797455765825e+00
-9.101774686632669642e+00
6.027372168851657719e+00
-6.985160992101282496e-01
-2.198764282379960910e+00
2.362203398695341683e+00
-3.579790813127871729e+00
7.276845243850682543e+00
-9.804674027766285604e+00
7.689138686100795539e+00
-2.985338788466728399e+00
6.356138697910918012e-01
-1.698998445218307562e+00
2.489003542519249379e+00
-7.389882152678337590e-01
-6.464296247151306574e-01
-2.009604095759770725e+00
7.240970317377994014e+00
-1.001243068283412541e+01
8.564859133093335686e+00
-6.396210565465118236e+00
6.556533645816627676e+00
-6.962241554785780551e+00
3.815904416146809197e+00
2.086977498619673632e+00
-5.806995455803320993e+00
4.966480710646489882e+00
-2.780073185674177161e+00
2.972172361136268037e+00
-4.294362480316872954e+00
2.869642599588513754e+00
1.286051428910617300e+00
-3.562319381591970924e+00
1.109728983000668912e+00
3.178987113059508207e+00
-4.982997234348593985e+00
4.669018603443303661e+00
-6.085062928972440943e+00
1.000666977908612054e+01
-1.229440086306672875e+01
9.701974075467727943e+00
-4.685671892513623149e+00
1.987407409241489731e+00
-2.073502115193965878e+00
1.177943622112723077e+00
2.293250881698705168e+00
-4.822200576957350826e+00
2.861306550256068171e+00
1.672647257613284477e+00
-3.812524132302967050e+00
2.343978870496455258e+00
-9.142691117492804942e-01
1.954751140440174950e+00
-2.721704570102180032e+00
-5.017625587833118850e-01
6.387512600116996175e+00
-9.894962860963921969e+00
9.104466674016272520e+00
-7.434335415413146464e+00
8.061152746053775076e+00
-9.054122856459486002e+00
6.573968952737905269e+00
-1.244311534072660042e+00
-2.048953894073159088e+00
8.065829368285060141e-01
1.835478305955253298e+00
-2.029999639936493239e+00
8.480932684800638333e-01
-2.173421684381992680e+00
6.156772824671312705e+00
-8.266918920387716696e+00
5.546874938023806934e+00
-7.894061364845601503e-01
-1.588843240616575114e+00
1.772014191807258277e+00
-3.587102159264567547e+00
7.967393605320234329e+00
-1.087049921399501784e+01
8.948167775709835681e+00
-4.521226791484657781e+00
2.375604993568622092e+00
-3.134154942570118063e+00
3.049765345728697064e+00
-3.524933679449766544e-01
-1.585968566820836312e+00
-8.392241743585269198e-01
5.840361794183933419e+00
-8.420109823315103270e+00
7.198046339087860623e+00
-5.764739215471687217e+00
6.700729758219576837e+00
-7.415290791721901087e+00
4.145628731536037392e+00
1.930019344357510658e+00
-5.781634111043711499e+00
5.339285489107505889e+00
-3.942965292838235047e+00
4.895786845414815680e+00
-6.425054309882397341e+00
4.655803895608658038e+00
-3.798242975108134800e-02
-2.605447300365093533e+00
6.614291172802388985e-01
2.811276320445292853e+00
-3.840664323657651202e+00
3.310508164143477039e+00
-5.096060624778830928e+00
9.503937070172094437e+00
-1.207684704486370286e+01
9.742219181232668390e+00
-5.176463143798007316e+00
2.873245068242423983e+00
-2.818681186574389486e+00
1.199891447383204302e+00
3.084414900913863278e+00
-6.105139952156748429e+00
4.426223711363135749e+00
-2.380481983045539263e-01
-1.629295867915676599e+00
3.920759694011639596e-01
2.302677318935248962e-01
1.703795165385052268e+00
-2.973178516210528421e+00
-7.779335762602990201e-02
5.789875050441595228e+00
-9.137746071583800145e+00
8.570555890776933694e+00
-6.994506692008761739e+00
-2.924099036934051377e+00
1.388658768298789781e+01
-1.482874990670771354e+01
1.039702907977998336e+01
-1.248430288999303173e+01
2.098797555319701758e+01
-2.311052885824407710e+01
1.246569985586798524e+01
7.579244016320931809e-01
-4.019669792280725851e+00
-1.309528707186426999e-01
-6.663407958193445779e-01
8.878986005913032997e+00
-1.290215444625753882e+01
4.805745819233729677e+00
6.810032125900544742e+00
-8.453055943959256524e+00
6.600787310797766594e-01
3.965492686445747594e+00
-3.541689827857030792e-01
-1.485598442919624951e+00
-7.666532385259410276e+00
2.106195858443352265e+01
-2.467265317025869109e+01
1.700910174365213834e+01
-1.051572853489951598e+01
1.264428169565293558e+01
-1.517065044400802520e+01
7.723862123458113516e+00
5.135721822249711188e+00
-9.375837274055253800e+00
1.599647904378867835e+00
6.256280435802993090e+00
-4.617637907889401205e+00
-2.300920244112667490e-01
-3.048275095364310516e+00
1.234375447448187657e+01
-1.414799830160415084e+01
3.338060134637593990e+00
8.969426389236740960e+00
-1.135553507975825305e+01
7.997565972782327393e+00
-1.087706736063520196e+01
2.039565449960979748e+01
-2.392748954423213803e+01
1.468801291472488302e+01
-2.515074196030653297e+00
1.754186237365091827e-01
-5.557314578115942538e+00
6.238696699148780667e+00
7.897470895778084810e-01
-4.213423326907603794e+00
-4.214690054443348544e+00
1.627637981076575358e+01
-1.831504528833895407e+01
1.040241170973602181e+01
-5.107204297290530270e+00
8.000429164204177823e+00
-9.419624275976484995e+00
-1.262621543967950011e-01
1.432392543373449101e+01
-1.906853045425704352e+01
1.240083208903849687e+01
-6.631859444653485980e+00
9.645193371941330085e+00
-1.358367999451418839e+01
7.826451223657935330e+00
3.583043576681742337e+00
-6.673833286602126158e+00
-2.356847604397032114e+00
1.173986508672249585e+01
-1.148498474399546154e+01
7.428733226981066196e+00
-1.105160390741979981e+01
2.074829553117621828e+01
-2.312712723321607200e+01
1.265495368050235925e+01
-1.750376370750488242e-01
-2.577284690871899375e+00
-6.746288884440083677e-01
-2.141846341275742027e+00
1.194854071899975523e+01
-1.632254618482701147e+01
8.101125706017919370e+00
3.234716222433503319e+00
-4.705647281499053314e+00
-2.018138522521226719e+00
4.467521349231565964e+00
9.101872896465206253e-01
-3.115023254124077212e+00
-6.393880875109538842e+00
1.977726401794339139e+01
-2.321600152059690458e+01
1.629748597226408791e+01
-1.151722075743056450e+01
1.491730465945007467e+01
-1.717079411614354356e+01
8.504593288957906339e+00
5.236587392761061999e+00
-9.914738939997080891e+00
3.126754176679018116e+00
2.945050691296618339e+00
2.367749934716023574e-02
-4.571234124589103054e+00
-1.433403136903086406e-01
1.058673069456081706e+01
-1.285913155358363191e+01
2.750709039339564121e+00
8.156352970834220173e+00
-9.469709741670738978e+00
6.565562293648168790e+00
-1.104725010093312321e+01
2.180557326346406910e+01
-2.557115722552952519e+01
1.639256468483564078e+01
-4.806388397182563388e+00
2.827680580789673215e+00
-7.170009337966464003e+00
5.662991602767709409e+00
3.158235808496058006e+00
-7.115184993694961157e+00
-1.299106401073359951e+00
1.295024926152906275e+01
-1.464202860429761088e+01
7.579997485626252640e+00
-4.244086404686862046e+00
8.708574879504089594e+00
-1.028891004625972272e+01
1.504901139185005621e-01
1.426592362131348679e+01
-1.900327065665790371e+01
1.316725068877008376e+01
-9.161436675869994772e+00
1.348575254203574936e+01
-1.715338373587141518e+01
1.011123168947232287e+01
2.287059223011716824e+00
-5.906815853009337758e+00
-2.076473572250293387e+00
9.605145779115829896e+00
-7.903302772865448134e+00
4.003613677807560833e+00
-8.928288815498728326e+00
1.963500853504148935e+01
-2.229055453440405543e+01
1.226067709323884714e+01
-9.024858188501041489e-01
-1.024526053078609111e+00
-1.552578833254258051e+00
-3.092576246399628914e+00
1.436191336900251869e+01
-1.913714154976976545e+01
1.106389533819224980e+01
-3.612335104200194991e-01
-6.924352669419127082e-01
-5.054795851283616415e+00
5.345217542243128506e+00
1.836537450883766631e+00
-4.585625453039691379e+00
-4.923741341966429985e+00
1.789903237361986399e+01
-2.092591453882953800e+01
1.472235366459996975e+01
-1.173911090344032182e+01
1.654266687981506578e+01
-1.875431619627948621e+01
9.233497692371237520e+00
5.011851249451701129e+00
-9.929130350598450505e+00
4.165219906207454414e+00
-3.432318405300094355e-02
4.502600176392562048e+00
-8.950559336753787676e+00
3.070881917535459582e+00
8.272441580086015378e+00
-1.096197108625792183e+01
1.753256767121852633e+00
7.436580385312696606e+00
-7.388228825531933275e+00
4.688411240028322879e+00
-1.051507037765768615e+01
2.230786624409213204e+01
-2.630332138889375670e+01
1.743070745594713244e+01
-6.785729959976599446e+00
5.457803059091913767e+00
-8.952230948340226035e+00
5.411507025932694503e+00
5.102751777312112047e+00
-9.665674831758618524e+00
1.552138424593611177e+00
9.328339235294054177e+00
-1.043048236738201240e+01
4.141576945479887861e+00
-2.773433979471760402e+00
8.875391620316696262e+00
-1.082173232515232364e+01
4.706524224241932508e-01
1.374419915677635906e+01
