6.093650234017358613e+00
-7.624183024170757328e+00
3.840736921296020068e+00
-2.118303952040000659e+00
6.030214658684121432e+00
-9.746266065282744862e+00
6.455801033231336916e+00
1.492138363147125446e+00
-5.620764961475556376e+00
3.180523599877647989e+00
-5.890415053217674668e-01
3.551129765093221646e+00
-8.440716959639722461e+00
7.626569911557215420e+00
-9.323380088646230357e-01
-3.627686456672591042e+00
1.031539275009216272e+00
3.895859371492935708e+00
-3.876523646703575299e+00
-8.881212536352656173e-02
3.900950283892917758e-01
5.614444201320821115e+00
-1.117438648183355099e+01
9.489369036089616571e+00
-3.262590315463579582e+00
5.692306435325797942e-01
-3.135622727896086204e+00
4.176942022649893005e+00
1.121806534407628231e+00
-7.959184275124652430e+00
8.442476899442997507e+00
-2.841356870192824680e+00
-8.474348890118530431e-01
-1.618194892517223593e+00
4.957855881602373671e+00
-2.654395513222135516e+00
-2.978663119583542240e+00
3.822298228417868593e+00
2.273062140792667662e+00
-8.181978959655859640e+00
7.545794163163575874e+00
-3.544338128285169809e+00
3.676130764639257364e+00
-8.327178853766630695e+00
9.981179844249957966e+00
-4.283285230083968109e+00
-3.259882786547117384e+00
4.831416454911194869e+00
-1.162724366561173284e+00
-7.152823580063394360e-02
-4.150835117317676293e+00
7.678725137208319396e+00
-4.381961635767002150e+00
-2.456336376172926883e+00
4.410192950724118433e+00
2.801381477054656344e-01
-4.529649687054339680e+00
2.954188500056490696e+00
3.505047061496874283e-01
1.831406686387969440e+00
-8.737371855451794289e+00
1.217166384123059686e+01
-8.030712673064359208e+00
2.039172530192451038e+00
-1.360301365015260444e+00
4.373647497572799914e+00
-3.533464213274173371e+00
-2.990814286321562321e+00
8.079345126651933384e+00
-5.697992728709103005e+00
-4.076389323410136711e-01
2.066555783774269628e+00
1.722519806131131093e+00
-3.847924886031826475e+00
4.715703070168419941e-02
4.417202436381201025e+00
-2.253400600481666238e+00
-5.118778453026082254e+00
9.327820308994336784e+00
-6.806217279818151944e+00
3.439376117952137157e+00
-5.432979841216285521e+00
9.898031490251987918e+00
-9.022936008887153747e+00
1.736333900468432390e+00
4.274357885363041731e+00
-3.249265054139368836e+00
-7.745853996642724226e-01
3.081566380838212105e-01
4.423012618427715203e+00
-5.890559406598274705e+00
6.263537958075502399e-01
5.192929208334105873e+00
-4.244527112589391749e+00
-1.673861129154182503e+00
4.536152813039815435e+00
-1.836840059659970104e+00
-1.592099315153849837e-02
-4.428898666050343991e+00
1.110237734338741333e+01
-1.183948771481063211e+01
5.970033602726964261e+00
-1.184135266440085488e+00
2.432365615638343748e+00
-5.083012658490490665e+00
2.265618645397212472e+00
4.486401394006525045e+00
-7.018171694128572113e+00
2.255755554860971568e+00
3.260948247516430865e+00
-2.666575623919671845e+00
-1.653145215552453084e+00
2.107206313006368070e+00
2.494231821366904356e+00
-4.894804934713377520e+00
-2.012750572586496922e-02
7.499129306546877594e+00
-9.430727255063185765e+00
5.653424178839822289e+00
-3.634372816713699272e+00
7.117558108039385267e+00
-1.046757831624869084e+01
7.035154647819261697e+00
7.360814816293721474e-01
-4.352615020455650630e+00
1.131176056602594127e+00
2.362993583919748453e+00
-2.231385306128497170e-01
-4.124567675850206783e+00
3.187582319993502722e+00
3.163395285372969212e+00
-6.957060818719899231e+00
3.290811430155459405e+00
2.830619294787864337e+00
-3.919506384353334649e+00
7.900753977603001132e-01
-9.444189231999691181e-01
7.019891332769075731e+00
-1.235155959117093261e+01
1.028357983974947487e+01
-3.694134273962302650e+00
8.327700623603477847e-01
-3.554989592077924421e+00
5.114239506750131170e+00
-6.262716480929415575e-01
-5.259265018477580433e+00
4.838014480830825192e+00
1.435069044362874635e+00
-5.410960258441826376e+00
2.761060805498398718e+00
1.222508251508185761e+00
9.461621537578990271e-02
-4.588136595720569311e+00
4.343826114378277481e+00
2.614600735057343694e+00
-9.046200921847612264e+00
8.552746461975951675e+00
-4.366649908982278561e+00
4.128400701824384456e+00
-8.416794500561747938e+00
9.897829546799551181e+00
-4.338585482932158399e+00
-2.712767141495302958e+00
3.479575461307943485e+00
1.187031656028223026e+00
-3.426731801216805096e+00
6.766838106154082766e-03
3.095980342869531388e+00
1.598213283223994807e-01
-6.500483503742016111e+00
7.593171537136514715e+00
-1.834760560707116017e+00
-3.492542538047491263e+00
2.806330197962004114e+00
-5.843630036114189075e-02
2.418601688994959975e+00
-9.180816372693126226e+00
1.227957194735500224e+01
-7.778999308015432490e+00
1.578685155446274635e+00
-9.897509183861894488e-01
4.468581813204623110e+00
-4.441909550102336901e+00
-1.048449066665921414e+00
5.069114819031721453e+00
-1.781582031692469759e+00
-4.899714823685639153e+00
6.688791806480395508e+00
-2.552500745118012837e+00
-3.255207457852091757e-01
-2.480717160866912963e+00
5.914542665553054412e+00
-2.874351613760836255e+00
-5.084013080521492256e+00
9.524444128060462589e+00
-6.898114695034863075e+00
3.198354592873392743e+00
-4.808647980019022938e+00
9.035432374442734726e+00
-8.219076749400054283e+00
0.000000000000000000e+00
1.443980717885601450e+01
-1.479299301757149188e+01
6.356006239951225822e+00
-5.082779396772876268e+00
1.375141063605692082e+01
-1.803684599821807311e+01
8.200392885304990997e+00
5.551689010310322914e+00
-6.804524248001920128e+00
-4.064109101839587623e+00
1.106152348909927952e+01
-6.061508829314529834e+00
1.774847704100969148e-01
-6.492920528085575071e+00
1.968376195393769734e+01
-2.267458072014964543e+01
1.085321320019230562e+01
1.433089089676531813e+00
-1.547137440592840862e+00
-3.808548292562170090e+00
-3.714055607808672832e-01
1.413812451113595614e+01
-2.147233596758251650e+01
1.318023916764609993e+01
-3.858170561261413667e-01
-1.160785956711585909e+00
-6.876514932696323079e+00
9.066084352527244761e+00
9.274177115700155127e-02
-7.399173480672351033e+00
1.293403098958183506e-01
1.489086565774570659e+01
-2.036006463561468749e+01
1.264892422449450393e+01
-5.931970887469963927e+00
1.053465694386261653e+01
-1.743060760846940482e+01
1.169480857949879216e+01
4.842023714953592517e+00
-1.510310551293524561e+01
1.049559931229957321e+01
-2.392634460752733894e+00
4.798392724965852452e+00
-1.373973466000527921e+01
1.358606683174115837e+01
-9.116691370620513268e-01
-9.292935633616608015e+00
4.449808380223027271e+00
7.975591282903188528e+00
-1.167571710695196607e+01
5.058370638636896288e+00
-2.726112138788640227e+00
1.291084237469321572e+01
-2.419795154949776972e+01
2.127768758262068971e+01
-6.882044765097769634e+00
-2.107725387385196658e+00
-1.299504407711780329e+00
5.078448682404435033e+00
2.911743709980160411e+00
-1.598229669758587690e+01
1.764290724606610894e+01
-5.549726122582717913e+00
-4.669459295400071319e+00
1.419062546379399770e+00
7.045350633932319084e+00
-5.871440043507059059e+00
-3.761360285874124187e+00
6.001177143452943064e+00
6.227433689040031695e+00
-2.008503161979065865e+01
2.048606976307390326e+01
-1.095961780216518733e+01
7.435652099763971457e+00
-1.430803165803222043e+01
1.798532667483407366e+01
-7.384709404830850588e+00
-8.784904353578600222e+00
1.350931945932962819e+01
-5.190668600525601306e+00
-8.708476721996882830e-01
-4.787652433632598736e+00
1.221075616544452735e+01
-7.416511145421420537e+00
-5.987863733527023058e+00
1.090924512469578289e+01
-8.682019208771425411e-01
-1.097846848672366349e+01
1.099138463544173661e+01
-4.342200606475287827e+00
6.341345982851761320e+00
-1.876004307393649384e+01
2.612672388041869453e+01
-1.768541737675589687e+01
3.017315983831403425e+00
1.523816655960949618e+00
4.201832509559638495e+00
-5.161587319102704186e+00
-5.593444229083795349e+00
1.580958551254485478e+01
-1.155045327886646334e+01
-2.217550952802001873e+00
8.180431218992159970e+00
-9.501109438562700404e-01
-6.234667448843968174e+00
1.904718673488696723e+00
6.271236402583148184e+00
-2.731897807407081213e+00
-1.258643178332232537e+01
2.311387296215016818e+01
-1.867100556983378823e+01
9.216582833320154933e+00
-9.453064184422061089e+00
1.703188141321692584e+01
-1.634805313028259377e+01
2.284508704355467490e+00
1.108210754171934909e+01
-9.847705562956067027e+00
-3.612685906303383376e-01
3.165231698269568739e+00
4.631517768714171979e+00
-8.986736664714850775e+00
2.296588188969925781e-01
1.157795056701252179e+01
-1.032429035365640324e+01
-3.210443920144157026e+00
1.259534119529689633e+01
-9.323266553252064881e+00
4.293467207609208636e+00
-1.060649402208464132e+01
2.316335076745244947e+01
-2.523693334916402620e+01
1.259946354747629371e+01
5.029140458081271525e-02
1.704850847105818801e-01
-6.618492386186867193e+00
4.119918641724312991e+00
7.729035745347470510e+00
-1.333674256351772769e+01
3.902885609507102060e+00
9.159553646461368714e+00
-9.964101933424846180e+00
2.363426126477641276e-01
4.317570850833996943e+00
2.231482983856329483e+00
-7.141900884270844685e+00
-1.941366511836144060e+00
1.798003398602739722e+01
-2.363659988213936458e+01
1.542833371417527033e+01
-7.846437013499157231e+00
1.163476375738440183e+01
-1.816236892180720375e+01
1.275589083974758431e+01
2.700982879836173467e+00
-1.126590821029029144e+01
4.633217254443516175e+00
5.425331166372234115e+00
-4.469160344175726607e+00
-3.886305323546471513e+00
4.178529158630063023e+00
7.080294758768098440e+00
-1.515222515007241810e+01
7.830724295134574575e+00
6.994549640081991093e+00
-1.261152616979882524e+01
7.140609020873957213e+00
-5.104975898293426795e+00
1.488792343635366677e+01
-2.539348999430970366e+01
2.169643100334996433e+01
-6.894650827860212772e+00
-1.847566737521254998e+00
-2.592549444784815194e+00
8.109133659116240622e+00
-2.267221694691265554e+00
-8.669039866969258767e+00
8.641015280350936578e+00
4.353839281766091140e+00
-1.448942323982880076e+01
1.014997568745065593e+01
2.246660058331411136e-01
-1.412846718849325001e+00
-5.866455354151536739e+00
6.179505605494512999e+00
7.274659691610257717e+00
-2.156241630783545915e+01
2.168323095131622580e+01
-1.141963434686922341e+01
7.085072877135781155e+00
-1.349117261488386887e+01
1.736827367751218887e+01
-7.764134237307248831e+00
-6.689581157891261398e+00
9.225465612700910256e+00
1.386738278185950968e+00
-9.414691872584558752e+00
4.989669291129583684e+00
2.195615345287702525e+00
1.053926823991626183e+00
1.684249857846528808e+00
9.341699307480064718e-01
-1.802664892109040906e+00
-3.231282431208566841e+00
8.792959284672097198e+00
-7.574699953451919043e+00
1.033966357096492539e+00
2.479595326345743089e+00
5.091223597692957625e-01
-4.063375484446016372e+00
2.038771865544906525e+00
2.577767124604779969e+00
-1.957844937466401314e+00
-4.911559486501786864e+00
1.032371055090580292e+01
-8.588539365873348430e+00
3.812594048779915479e+00
-3.457495288363311658e+00
7.215273474091029371e+00
-7.545242291086182718e+00
1.068342962975049160e+00
5.951841486595107256e+00
-6.192448056665718070e+00
1.481022398489390657e+00
2.068832332437424704e-01
3.508333893915435375e+00
-6.138355258662702596e+00
2.264876255448796005e+00
3.977748079835155881e+00
-4.434725932946466997e+00
-1.498495513774199317e+00
6.125018104341047653e+00
-4.580534836805004062e+00
1.573260514533425525e+00
-3.945906267370636655e+00
1.008278161986459409e+01
-1.181409645905691974e+01
6.137727279928300916e+00
3.534963371461519177e-01
-8.295982353160054057e-01
-2.273727962727769114e+00
1.412531115580008656e+00
4.473680772892853597e+00
-8.040540575276757806e+00
4.185002612788355947e+00
2.314664849004003599e+00
-3.400639311225531536e+00
-9.932130838877935020e-01
3.381568204822576362e+00
-1.031591418853863296e-01
-3.133559128266137694e+00
-2.948699083411759903e-01
7.876147052356778921e+00
-1.111888235811250958e+01
7.414526396942277664e+00
-3.363269878474603125e+00
4.808596341261886842e+00
-8.249691688069312079e+00
6.219506730147258189e+00
1.307101195473867161e+00
-6.295641722708051446e+00
3.863820393842286371e+00
9.732060892673648489e-01
-8.132579934475860917e-01
-3.403245861155648200e+00
4.130975125725399266e+00
1.210714458811128935e+00
-5.911570535079736288e+00
3.358778583320483957e+00
3.504572172499421878e+00
-6.448709965224532326e+00
3.706432199679910333e+00
-2.060147517175378695e+00
6.325553279859443379e+00
-1.177302478911097872e+01
1.071158728822335249e+01
-3.671581828424686833e+00
-1.175452609106496960e+00
-4.447253643680773028e-01
3.214796815250669848e+00
-5.858619631682095985e-01
-5.186880395410117472e+00
6.135169453096641412e+00
-3.135806780599552090e-01
-5.031119370024589088e+00
3.580118376371842714e+00
1.351094984069113547e+00
-2.139507871459963795e+00
-1.704494834328242892e+00
2.811210140210069763e+00
2.989796678887794101e+00
-1.008501333818071899e+01
1.072152155254645223e+01
-5.816447584699036000e+00
3.224027137726921399e+00
-6.089801447107626942e+00
8.384775841276191244e+00
-4.128335002742407944e+00
-3.302327160338846657e+00
5.541750178674982763e+00
-1.017907685007289231e+00
-3.004338891493569363e+00
1.053708775778195772e+00
2.809108241916957294e+00
-1.411562715836809367e+00
-4.473128937073077793e+00
6.764205088367626573e+00
-1.594094480653099222e+00
-5.085757491533696495e+00
6.007512092824863537e+00
-2.789272650044102075e+00
2.992936644181262817e+00
-8.479591787790399238e+00
1.225235360587781308e+01
-8.511553827431903585e+00
1.237007364022835620e+00
1.295893791375092308e+00
1.885580996509486962e+00
-3.606345839908857265e+00
-4.459316446482972651e-01
5.099967234675236938e+00
-3.237613369456920687e+00
-3.546808945619358333e+00
6.838394741665753784e+00
-3.182463750956358250e+00
-1.369954020295316433e+00
4.842149408351139606e-01
3.067204054451208695e+00
-1.632878108717162213e+00
-5.699410647591081513e+00
1.120688479087947442e+01
-9.264078874875810499e+00
4.115386768723805488e+00
-3.409749297605115803e+00
7.025174863424502369e+00
-7.545949539581254584e+00
1.622272749630491617e+00
4.545844225404214178e+00
-3.769393227386030443e+00
-1.943230190769222876e+00
4.417191075362337571e+00
-1.101270792136495924e+00
-1.607244115962399800e+00
-1.727838326968250460e+00
7.085757815019131378e+00
-6.482790660424861073e+00
-4.938592629667115652e-01
5.965580410503085851e+00
-4.933461294873664471e+00
2.059322084287161125e+00
-4.246967586071514589e+00
1.002714804064867238e+01
-1.141169785847321450e+01
5.568459523229411623e+00
7.815347601957084445e-01
-7.462670088268787971e-01
-3.209558389228656328e+00
3.414249224569950059e+00
1.389433142848500946e+00
-4.064695537795032010e+00
-3.266459574912722319e-01
6.912044982602968624e+00
-7.620501252453277807e+00
2.460857287888380540e+00
9.226267604245315113e-01
1.340116941025198738e+00
-3.738967884084939186e+00
-2.166929320954883442e-01
7.970334076480709129e+00
-1.107069316847533713e+01
7.022142680435456086e+00
-2.594650361565713936e+00
3.822939658831014498e+00
-7.362199835318077312e+00
5.815005095225895815e+00
8.765347739118585224e-01
-4.794114764814857210e+00
1.225251741000404682e+00
4.618717837335628573e+00
-5.147549435599692913e+00
1.170399314043931716e+00
-2.014452044143228981e-01
4.898573289310103718e+00
-8.706194692710168326e+00
5.198881513974514590e+00
2.495994000194072804e+00
-5.997740821925431121e+00
3.457485765298353719e+00
-1.676309864093506352e+00
5.588538785377258122e+00
-1.064298872568974552e+01
9.331452402489018638e+00
-2.330073866792154558e+00
-2.104165624148209623e+00
-3.085028867908281569e-01
4.160949932951933050e+00
-2.728827845319601764e+00
-1.947520553170251301e+00
2.092210369394882363e+00
1.803261655813704678e+00
-1.356383720488430100e+01
1.632975957376253362e+01
-4.029059204043135445e+00
-9.772084204287379450e+00
1.110035119354010469e+01
-4.961048553177629827e+00
6.726773223158262205e+00
-1.843741077983108312e+01
2.500118577746067317e+01
-1.604670056826188329e+01
1.469398740365364997e+00
2.189631523334369945e+00
5.211870900272219664e+00
-8.426109181859722241e+00
1.121001201022000515e-01
7.932423695577866418e+00
-2.167411942342384990e+00
-1.218098131629974468e+01
1.770861312985164204e+01
-9.126982687069883582e+00
-3.331290652232432592e-02
-2.126687173584024038e+00
8.386713572404669748e+00
-3.524245768415497082e+00
-1.236686745485519623e+01
2.274693016479751861e+01
-1.763459294690936829e+01
7.326096712729943228e+00
-6.937278433435386304e+00
1.449466303308243909e+01
-1.460919660480390547e+01
2.161413044321832011e+00
8.971653272774535282e+00
-5.223588717280763127e+00
-7.362315464115855690e+00
1.197957989304890880e+01
-5.096064398575284038e+00
6.119799764124920216e-01
-8.293644753706763240e+00
1.836770100710728570e+01
-1.511219911259274085e+01
-2.844829886754345338e-01
1.103286277981126773e+01
-8.393769876009095299e+00
3.237455101115350509e+00
-8.861053065400293249e+00
2.052332029799328694e+01
-2.190070556829462234e+01
9.114639498007854002e+00
2.902285603717742468e+00
-1.194949574023388195e+00
-7.463099470140985403e+00
7.566764677060346500e+00
1.740656744465872485e+00
-5.311956399266691164e+00
-5.327196168368492302e+00
1.860723069332167157e+01
-1.866774901739678327e+01
7.446308834862083614e+00
-1.022613247130654379e+00
5.775078827519736002e+00
-9.355667733840544287e+00
-3.615248591020576718e-01
1.630929340556746965e+01
-2.130021314943054023e+01
1.214487254231763202e+01
-3.725026830493686880e+00
7.187329209379344164e+00
-1.419511797105261763e+01
1.016353866367853342e+01
3.158268894784113101e+00
-9.131408675501296202e+00
-1.501566048611158166e-01
1.248431497487339215e+01
-1.304776588808525695e+01
5.221416481448750702e+00
-4.459952753343248588e+00
1.446906855710603601e+01
-2.087431931192707779e+01
1.187668876641476245e+01
4.260767817562602033e+00
-1.055052994092378782e+01
5.005514654057868107e+00
-2.260506534813215396e+00
1.100951986196944077e+01
-2.056715869647851136e+01
1.639684385552791213e+01
-1.878627589481961291e+00
-5.691754755295629131e+00
-7.563075625657935674e-01
8.862966005551268012e+00
-5.775720183301747745e+00
-2.712106014489038763e+00
9.339371115927651568e-01
1.288477381849777004e+01
-2.287672863217874664e+01
1.756635936355689509e+01
-5.699897967631704532e+00
2.919688990561882136e+00
-8.932067342313253278e+00
8.604508687629747854e+00
4.763980904823223561e+00
-1.833959775821715965e+01
1.737724812025245669e+01
-6.021871213207769635e+00
9.940723306134824355e-01
-7.457574867174947997e+00
1.232591935617737278e+01
-4.599069904192788272e+00
-7.344816064349264373e+00
7.118341221402328500e+00
6.081162476821455165e+00
-1.611482177612306899e+01
1.281085190025044795e+01
-5.752186173620824405e+00
9.009565540559421493e+00
-1.947800520971337335e+01
2.080459940130355179e+01
-7.306020412762380012e+00
-7.145709746426867959e+00
8.410674053115297255e+00
-1.522809072922937546e+00
2.096595472122334769e+00
-1.256545129154650198e+01
1.826037514934625605e+01
-9.147465924331866560e+00
-4.688085496900674443e+00
6.689351850204286798e+00
3.110915679551574442e+00
-9.108174717171584334e+00
3.496296851713903919e+00
2.371420913880072590e+00
4.740333194227963176e+00
-1.949345030839028325e+01
2.456000741107202501e+01
-1.489360729668990402e+01
4.398363377852930967e+00
-5.401011229776468525e+00
1.104093299729940192e+01
-6.276101194814184936e+00
-8.836078161297129085e+00
1.797337512358599554e+01
-1.149199293774290709e+01
8.725123963562353424e-02
7.399473402903571362e-01
7.302609800826145303e+00
-8.878744711472895901e+00
-1.310535370760853802e+00
9.736657305072030866e+00
-3.256309161974066946e+00
-1.166795478893608617e+01
1.788270782665474101e+01
-1.166102432944144596e+01
6.928738558849625306e+00
-1.369913985714893556e+01
2.258368721268228896e+01
-1.826557695398090075e+01
2.268395974792418279e+00
8.407416115066322249e+00
-4.981638036508302392e+00
-1.511677892148830082e+00
-2.573717852980536236e+00
1.293382047500739951e+01
-1.363921881283231130e+01
1.067003386578853741e+00
9.769848771563474088e+00
-6.019288097088045575e+00
-5.260191056907835616e+00
8.135303270911444784e+00
-1.280200138742786820e+00
-5.346512151437803340e-01
-1.097359356343128489e+01
2.424665521397090728e+01
-2.360960454894705762e+01
1.132257626209779744e+01
-3.871532182546413736e+00
8.028043921511915926e+00
-1.170245596701629331e+01
2.812095854307503195e+00
1.174329298281877954e+01
-1.509039689894183311e+01
4.429486523907828044e+00
4.957943210010652635e+00
-1.599580062766528865e+00
-6.319616170963169743e+00
4.131157126295544657e+00
6.709694044918695255e+00
-9.975150974986441099e+00
-1.811318513952069331e+00
1.607230265797490887e+01
-1.772820413618317659e+01
1.009222130947438600e+01
-8.777349481611723903e+00
1.783133946629371280e+01
-2.329353712967456147e+01
1.373402523118132912e+01
2.332053390308281848e+00
-7.820685296493479655e+00
8.351642911896517418e-01
0.000000000000000000e+00
6.904845386940744234e+00
-6.955351520632712337e+00
2.760255671594445737e+00
-2.123748774893478242e+00
6.399755416975180466e+00
-8.574224258940443377e+00
3.865168930135205017e+00
2.768195415064572451e+00
-3.329723385726579998e+00
-1.982184548805107305e+00
5.353275003023666656e+00
-2.825325469469509798e+00
-1.504133034576066730e-01
-2.844688869027496292e+00
9.234975962650107562e+00
-1.069620510878395336e+01
4.981028527770466674e+00
9.089133022141804297e-01
-8.192222840829197494e-01
-1.948882794224445325e+00
3.665051294589449782e-02
6.603752690308077433e+00
-1.015874603396429876e+01
6.136110331223902037e+00
4.314492467524821961e-02
-7.074028898811686172e-01
-3.303616548633587779e+00
4.426708862117618715e+00
4.123329022542598921e-02
-3.654675983899922098e+00
1.879425314657723334e-01
7.044708604354370962e+00
-9.617378664680103384e+00
5.783246586428440139e+00
-2.486847791688124421e+00
4.781004320187458134e+00
-8.251005082246159361e+00
5.588053277391369811e+00
2.339239424637606923e+00
-7.216465308382135291e+00
4.869968411877817260e+00
-8.707133717552126839e-01
2.062200752222469013e+00
-6.492199783514768896e+00
6.503079287323474844e+00
-3.947396745173263888e-01
-4.534472037152401214e+00
2.157398438719983602e+00
3.872861593959134208e+00
-5.596718380158586470e+00
2.255157692251084534e+00
-1.008061414333697448e+00
5.903967183997716361e+00
-1.138788840199806707e+01
9.991331772529907340e+00
-3.046659049776162753e+00
-1.214114484164869445e+00
-5.999341924520303904e-01
2.585722884502718699e+00
1.213517694783621259e+00
-7.546927051561288735e+00
8.362799136739074157e+00
-2.507253739799456760e+00
-2.404737889005968299e+00
7.342300880276193542e-01
3.459820155033498157e+00
-2.902089457749839951e+00
-1.839460258136955018e+00
3.015613155598032336e+00
2.847316183783046739e+00
-9.501932109777913027e+00
9.605728413200152360e+00
-4.905899555954563063e+00
3.198203243806274187e+00
-6.629564965052145098e+00
8.547231335306392452e+00
-3.513758344159590319e+00
-4.244179317830550247e+00
6.440921146186603607e+00
-2.314681099837704981e+00
-6.528349303760272448e-01
-2.154981543820126522e+00
5.856498856434120270e+00
-3.595774292204076961e+00
-2.891176244791323402e+00
5.274608963822435825e+00
-3.995557354230507840e-01
-5.308925991599662275e+00
5.202572815184076660e+00
-1.832124572801750118e+00
2.704925115205054187e+00
-8.710799321695500197e+00
1.230691205410772682e+01
-8.241581835872256789e+00
1.185257663752751878e+00
8.939602451815029660e-01
2.044794837994130532e+00
-2.630304356607166660e+00
-2.552858965439857464e+00
7.527660146231022864e+00
-5.481712107347529894e+00
-1.174785208791682578e+00
4.007520520060203317e+00
-4.107164538738650172e-01
-3.125666999337546326e+00
9.858145723087350376e-01
3.083668767985688230e+00
-1.467437629965119728e+00
-5.888599740928738946e+00
1.091697215438609270e+01
-8.670341241258006093e+00
4.031758329376708971e+00
-4.189653773013263027e+00
7.988876341526614411e+00
-7.786297989670575070e+00
1.055376843333620807e+00
5.354520681090608747e+00
-4.672905873564321411e+00
-3.397931046382201004e-01
1.682932791689337737e+00
2.190684437507792737e+00
-4.397745018655047744e+00
1.871380734457757100e-01
5.549093736695950518e+00
-4.954447387188565699e+00
-1.587611753491762645e+00
6.060769397380283863e+00
-4.330511078975535888e+00
1.748850269550610292e+00
-4.742606904371644561e+00
1.084054383618733297e+01
-1.187912523234454909e+01
5.787762998417599114e+00
2.700363509135388362e-01
-2.613213387581336811e-02
-3.246113978776359321e+00
2.110104441004676978e+00
3.645319282916960724e+00
-6.404078732166157195e+00
1.854998884528306746e+00
4.448036072153458420e+00
-4.770256462793906138e+00
-2.076282977325405454e-02
2.235223542549462650e+00
1.028230856506028079e+00
-3.536298072851133512e+00
-7.668947175416849227e-01
8.469655311040821033e+00
-1.112934992282872493e+01
7.066193611595549484e+00
-3.370570208003194956e+00
5.288803132362154713e+00
-8.589124701596524858e+00
6.078649401587203016e+00
1.350180556272574384e+00
-5.445119141234240345e+00
2.164470807500124661e+00
2.737296360141938667e+00
-2.215024010342056204e+00
-1.944685662858122388e+00
2.161739922752557774e+00
3.293192260580905195e+00
-7.238615859754837345e+00
3.718316451030268865e+00
3.419423783759331315e+00
-6.028242057262030329e+00
3.215914088393693859e+00
-2.105497603213205782e+00
6.815879722905437532e+00
-1.193955154654979722e+01
1.018516613070047860e+01
-3.053306033997011504e+00
-1.093497733415222273e+00
-1.196976418033092848e+00
3.984833271822265655e+00
-1.177235815102713801e+00
-4.171438151746804657e+00
4.208582481280798149e+00
2.062809420325640630e+00
-6.936523893724111822e+00
4.763845343117463216e+00
3.117517431725618238e-01
-8.443540707575696302e-01
-2.811131042947342173e+00
3.098543422425839466e+00
3.329695049765589498e+00
-1.018314887907146904e+01
1.015821941108267801e+01
-5.118453929887314402e+00
3.036531138183174328e+00
-6.252707436678717201e+00
8.262998138635182954e+00
-3.689788488255709265e+00
-3.276429566764831769e+00
4.463732484334979489e+00
7.206611542208101184e-01
-4.595857714533187810e+00
2.357496142737135258e+00
1.234460573516548809e+00
3.704465965295009156e+00
3.318581643996493469e+00
-1.165697975169275935e+01
7.102551080356786173e+00
6.813292190800889436e+00
-1.283107814263008706e+01
4.095062413581240790e+00
6.663477261501025595e+00
-6.131302899957715269e+00
-3.271604339267708550e-01
-2.679881285552317749e+00
1.686347763752696238e+01
-2.648696308905461905e+01
2.035192391144367008e+01
-7.578634451641963032e+00
4.210002173577549023e+00
-1.027169182799531200e+01
1.076240990218518334e+01
1.116127719698063459e+00
-1.281145119355637974e+01
9.960393645031670573e+00
2.884529830021114627e+00
-8.638841367022417117e+00
1.904847673604835645e+00
4.252228194464028554e+00
1.380267710721512664e+00
-1.080412760197723721e+01
8.068285099073907674e+00
7.230801982413364470e+00
-1.865500960805186992e+01
1.589039386708838464e+01
-8.586184862157976383e+00
1.108815224614314232e+01
-2.069353119678075714e+01
2.145161062907955696e+01
-7.978281684785856420e+00
-5.707891701400703788e+00
5.495040963670850154e+00
3.366914129281079582e+00
-4.882251481828372874e+00
-3.838089540661322463e+00
8.521716009170859252e+00
6.325130357813213422e-01
-1.350485971114349226e+01
1.368840482547303061e+01
-1.525398468766288929e+00
-6.953892220888898912e+00
3.492880281920896834e+00
9.033357618818329549e-01
6.851708075514659768e+00
-2.148693156397912318e+01
2.591007312740759616e+01
-1.541813244705432595e+01
4.306509959149871669e+00
-5.257870276601108728e+00
1.162441224473931456e+01
-8.354685897594514188e+00
-4.721603004945594151e+00
1.165045940342132269e+01
-3.203801474704868202e+00
-9.533263556714810960e+00
1.076563523703225123e+01
-2.082771325027645837e+00
-1.066406402516573593e+00
-6.938244794593123821e+00
1.299796484790931572e+01
-4.391956235542435749e+00
-1.208232561508394731e+01
1.907412128561147213e+01
-1.284207226592290496e+01
7.506411622744398215e+00
-1.344448885942540706e+01
2.168951704455075813e+01
-1.727651772977233691e+01
1.931412821785673195e+00
7.317745343061923258e+00
-1.842860621598445547e+00
-6.997805421080219190e+00
5.115787497898908853e+00
3.629509425494620078e+00
-3.626333405727203640e+00
-8.631182837976925981e+00
1.821408542497167105e+01
-1.252127093743918707e+01
-1.010638868900277210e+00
6.006545102415244308e+00
-7.430249109520472572e-01
-2.443504408752805723e-01
-1.131589590689974756e+01
2.405356482223074721e+01
-2.261123309860477093e+01
9.627473787578873399e+00
-1.960252136780079368e+00
6.656769740041076133e+00
-1.171095158144828474e+01
4.890295963591370310e+00
7.241321780739182756e+00
-8.231672703011941650e+00
-4.305746608982157220e+00
1.475163132741996108e+01
-1.143709721205885188e+01
2.557438757651683048e+00
-3.017877834382679758e+00
1.176158517405178472e+01
-1.299997038700673357e+01
-3.719460577616688912e-01
1.553426512995483755e+01
-1.732939614110788540e+01
9.185996517451272325e+00
-7.021133749560798165e+00
1.529901544459877982e+01
-2.045813038548583762e+01
1.133672360307010152e+01
3.462588710042150630e+00
-6.950402848084932472e+00
-2.505010417896864183e+00
9.578879749845704339e+00
-4.692503968718817475e+00
-2.297741401839594300e+00
-2.606668272409085496e+00
1.588166924129929924e+01
-2.046152601478613065e+01
9.820720111273727682e+00
2.895550347914833900e+00
-3.956942208140685757e+00
-1.578675736216109904e+00
-1.580404719298968530e+00
1.526963320067286389e+01
-2.404128088070187985e+01
1.706642956866557626e+01
-3.844452402986533457e+00
7.353803641480012310e-01
-7.931429785704947832e+00
1.037537913960796132e+01
-9.926401601540000286e-01
-8.076387270778603522e+00
2.904590731641040868e+00
1.158027390207261753e+01
-1.803772698139932729e+01
1.099048119785319777e+01
-3.643273312699125022e+00
7.546859665953395080e+00
-1.513993874593095335e+01
1.087923241501055571e+01
5.350276189713259356e+00
-1.698069646660729504e+01
1.374678989160344500e+01
-5.533350948738121389e+00
7.070536799424517405e+00
-1.608258779770749314e+01
1.695593491269852748e+01
-4.466172492556856000e+00
-7.403139641236919921e+00
4.749901788151542625e+00
6.819455052219611346e+00
-1.085972471521097660e+01
4.043786302155084833e+00
-3.437333630739605184e-01
9.477005264794948758e+00
-2.145243990617256102e+01
2.014811480350289941e+01
-6.287017271589277811e+00
-3.687844897309016989e+00
1.167034926933627981e+00
3.030108493108979673e+00
4.225933388902888055e+00
-1.790978677975297018e+01
2.129027444966525806e+01
-1.005201385970927319e+01
-1.164532895045462979e+00
-5.541856655762007478e-01
8.599016656536365488e+00
-7.726482491265674213e+00
-2.610347875544199781e+00
6.907337364170933469e+00
3.650842490006398489e+00
-1.767365560386883061e+01
1.921469702167293647e+01
-9.909496169310557434e+00
5.463319350599531887e+00
-1.190274700397239371e+01
1.656199278175267864e+01
-7.059390244921798896e+00
-9.626474727605135229e+00
1.613862823823999548e+01
-8.907572002389798627e+00
2.388051609703767397e+00
-7.384595920821583448e+00
1.532520131034650035e+01
-1.148729457153339517e+01
-2.366166840038954611e+00
9.361445801441021786e+00
-1.178482207608180232e+00
-1.040627306885587089e+01
1.085077838636782133e+01
-3.641746016519413320e+00
4.208994095881214648e+00
-1.610598806986003950e+01
2.463926203433496198e+01
-1.755768400712577915e+01
2.467041265344844359e+00
3.921116811808439628e+00
-5.470004468884534177e+00
4.080720352931122008e-02
5.244155561563177415e+00
-4.072363089496594313e+00
-3.291587142322325299e-01
4.669181184875936808e-01
4.001397225755117582e+00
-5.539446446732072538e+00
-1.812482781158928358e-01
7.628056015023708447e+00
-9.003253174766657096e+00
5.078045050478445788e+00
-3.529305855521731150e+00
7.338671904142473501e+00
-1.032985442007912447e+01
6.402280706908618946e+00
1.110527453419645205e+00
-3.767149284164720058e+00
-1.771388036683907430e-01
3.648520537745842063e+00
-1.323053363458303266e+00
-2.642768373222049494e+00
1.024703938348152654e+00
5.387481613448251494e+00
-8.395024237771149700e+00
3.930470172004614238e+00
2.256604994783699247e+00
-3.028411582085883680e+00
4.859890096381103142e-02
-8.641632270600796417e-01
7.263728534109260337e+00
-1.210088796886267204e+01
9.364100069520741698e+00
-2.832769528474050169e+00
6.720644395205470634e-01
-3.851706212534455442e+00
5.263237561006983256e+00
-7.012861458425785344e-01
-4.511854410404976257e+00
3.071518877358106803e+00
3.589678681740954502e+00
-7.118114250261355913e+00
4.000394089140719700e+00
-1.563645569629241727e-01
1.770390520229370157e+00
-5.914068843503839545e+00
4.777014964274013842e+00
2.673390700785845286e+00
-8.730774293175143086e+00
7.661535732953942635e+00
-3.529845774868854313e+00
3.804555979912787045e+00
-8.213600279639198476e+00
9.218437644979662338e+00
-3.392976439489060247e+00
-3.043531023431460980e+00
2.767649592243676349e+00
2.409945054526861252e+00
-4.491679815191924163e+00
1.039611860163676349e+00
1.492095880788397277e+00
2.338217884511192945e+00
-8.436731684972045286e+00
8.652086563757716675e+00
-2.356154926997928278e+00
-2.747817709974749611e+00
1.742553611114914025e+00
7.115739385197252798e-01
2.232847154539825407e+00
-8.992629510587571318e+00
1.139760356783148332e+01
-6.403055372898239561e+00
5.700360640698849402e-01
-7.422657592382292391e-01
4.506391539488159736e+00
-4.293683428015805603e+00
-1.020733935735092413e+00
4.134664784190857034e+00
6.391865930079365654e-02
-6.814539108349169538e+00
8.038116540190983983e+00
-3.627637920723911336e+00
1.067240609728795864e+00
-4.068232310663892015e+00
6.967876941989060491e+00
-3.139388359898308334e+00
-4.929421588886440553e+00
8.736298562422360803e+00
-5.625999622668000022e+00
2.172675118030264141e+00
-4.243743580439073071e+00
8.368953009886491046e+00
-7.062909915108607883e+00
2.442112242284708579e-01
4.086933597649674788e+00
-1.039379522073757833e+00
-4.376931657379543594e+00
4.718446132347237310e+00
-8.653924936431942605e-01
3.458271379237765064e-01
-5.774310463717179154e+00
1.046986836460123982e+01
-7.805832942630242854e+00
7.014927943868580762e-01
2.594115109827900056e+00
-2.599328864962383578e-01
-9.492990723536984810e-01
-3.806751995554436885e+00
9.829076464062040941e+00
-9.411234423493578305e+00
3.038058487723360734e+00
1.136853226311530296e+00
1.182355730425463047e+00
-4.686551688577994312e+00
2.781021231739101651e+00
2.346057716635134849e+00
-2.753511042792167629e+00
-3.520804176642952754e+00
9.235626486879384700e+00
-8.036431297912798755e+00
3.202615187655743156e+00
-2.372653628995561093e+00
6.088460549882638517e+00
-7.006679357728182289e+00
9.348352559162258490e-01
6.536486833909094685e+00
-7.632584708454005273e+00
3.227907462285511730e+00
-1.170529532032023479e+00
4.640951693572183956e+00
-7.628285370059221471e+00
4.114594801367618793e+00
2.580396673886072190e+00
-4.111963493746230824e+00
-1.104274068872936443e+00
5.792849591529495967e+00
-4.426435983483346881e+00
1.012391123601470877e+00
-2.724455949191307180e+00
8.826940933081443674e+00
-1.125190420773513011e+01
6.104128361634051814e+00
6.831400621421885866e-01
-1.811771660104821491e+00
-1.146575518416736106e+00
6.338517731402015798e-01
5.249827679465229657e+00
-9.529582777360953827e+00
6.376956645783575794e+00
2.695850960770703741e-01
-2.137182466184322394e+00
-1.770118006411516731e+00
4.266935867211365974e+00
-9.793179972156984547e-01
-2.982136832777521729e+00
5.095334405501876773e-01
6.821390680408445206e+00
-1.058586597680249675e+01
7.284433782550879144e+00
-2.943161292309102617e+00
3.926401121189647903e+00
-7.507580969589964681e+00
6.038666238770212580e+00
1.427935291522826944e+00
-7.185411890903550258e+00
5.578639104409335303e+00
-8.203861782202870323e-01
5.735894210900016610e-01
-4.754697658562335505e+00
5.948770550138448243e+00
-7.544787716233636310e-01
-4.678967988589808336e+00
3.169147940831085641e+00
3.285623270101150517e+00
-6.482573716737844549e+00
3.806990019489916222e+00
-1.617041654053313238e+00
5.366690094363907093e+00
-1.106858424871797908e+01
1.073296517677897910e+01
-3.911245001633198548e+00
-1.526330066017199671e+00
5.441641512780310830e-01
2.227246056832389964e+00
1.359056005322440974e-01
-6.209618253991080472e+00
8.014484071723011027e+00
-2.680729105616388441e+00
-3.101447172683696518e+00
2.428567312716308990e+00
2.252660116587567707e+00
-3.240529170772284751e+00
-7.917807609875806563e-01
2.754241093847192623e+00
2.296436725793097544e+00
-9.501895803909379268e+00
1.076563500160188269e+01
-6.049651366783824535e+00
2.695564557080870394e+00
3.198354571005792124e+00
1.853527813215470665e+00
-3.362274212379109173e+00
-7.124235180506670595e+00
1.857735219948554217e+01
-1.603852448512430939e+01
2.517082086466054136e+00
4.850049754673132263e+00
1.104938720244533990e+00
-8.280020145545824661e+00
4.131472360905272367e+00
5.218155662135667505e+00
-3.763197820940400895e+00
-1.052874472161065889e+01
2.182835825645343419e+01
-1.843401010000670226e+01
8.709610502087475226e+00
-7.909311581845249961e+00
1.541094295419866533e+01
-1.581322723613701697e+01
2.251320434271474547e+00
1.239594317560156611e+01
-1.308880492190547251e+01
3.536533433494551737e+00
-5.883415596733154729e-02
7.547871756955595757e+00
-1.276538676744390877e+01
4.674335247643266911e+00
8.210904538742454406e+00
-9.161081478669563793e+00
-3.074661372985756813e+00
1.272771206288681434e+01
-9.803503143913541606e+00
3.886379933129762598e+00
-8.927027314921438972e+00
2.157285531807088930e+01
-2.507672907578577792e+01
1.329629555218738801e+01
2.442125850798113618e-01
-1.515334342353679586e+00
-4.554803717355411230e+00
2.577069893705017378e+00
9.583508340506780243e+00
-1.688288733871947755e+01
8.892013678409377064e+00
4.569024387429455381e+00
-6.953950496685568972e+00
-1.925587579474430378e+00
6.788250309862196019e+00
-1.578433547016047100e-01
-6.289738741798181820e+00
-9.692169600914524175e-01
1.674100351098221751e+01
-2.358789957029338780e+01
1.612184995541642252e+01
-7.823768652602106854e+00
1.065201735812393302e+01
-1.746506991072217119e+01
1.302436153721534318e+01
2.664821337208658658e+00
-1.310206436062663471e+01
8.254091345841120031e+00
1.629224015026412786e+00
-1.384727089709284265e+00
-7.098266773344318992e+00
8.426056391988291594e+00
2.629873914528955581e+00
-1.229056967922371868e+01
6.997425143808596815e+00
7.221414503104399252e+00
-1.349041934543229004e+01
8.143232156804209865e+00
-5.006063066828950525e+00
1.388493175494517118e+01
-2.506491955942978933e+01
2.279497067360996709e+01
-8.179871637869132073e+00
-2.011654831382217345e+00
-1.024861713645948136e+00
6.461047899260621286e+00
-9.349495797235078953e-01
-1.091665483614035459e+01
1.278988201744510533e+01
-7.342635285808989387e-01
-1.036771064285938238e+01
7.527658663665868666e+00
2.514293204799772141e+00
-4.181630285243311818e+00
-3.526712997590430554e+00
5.551058191357964411e+00
6.598731521627460239e+00
-2.137567006714811413e+01
2.285656356955284707e+01
-1.288058348986813506e+01
7.511005098043260553e+00
-1.320041010580280982e+01
1.764621163996768516e+01
-8.660237576152141514e+00
-6.788177221634775549e+00
1.152944352189712163e+01
-2.320556832494043320e+00
-5.966456661083904933e+00
2.104904254632787630e+00
5.639884250313431657e+00
-2.640605576580486336e+00
-9.471200951615266206e+00
1.412347365574485991e+01
-3.393431849990210303e+00
-1.051593369361840047e+01
1.268462442345493102e+01
-6.368912437871371068e+00
6.991948630552735189e+00
-1.832111020204411744e+01
2.601534599061724151e+01
-1.821170668497139999e+01
3.090484894777875802e+00
2.357895082800020248e+00
3.914416330141606615e+00
-7.269450208129569546e+00
-1.090208411720881898e+00
1.057580993970906391e+01
-6.640105742110408826e+00
-7.409645284209838145e+00
1.429492245659594296e+01
-6.893406795913385565e+00
-2.444369005729303268e+00
7.631242191114724349e-01
6.278147358110675924e+00
-3.057473913866164850e+00
-1.223777253897557848e+01
2.374295527183429044e+01
-1.989746842263377857e+01
9.365093716128395585e+00
-7.805579973183522924e+00
1.499853987072583550e+01
-1.581327660449801265e+01
3.449526089966075126e+00
9.350743452234588915e+00
-7.838554629353589931e+00
-3.883582793343149042e+00
9.064030274916309082e+00
-2.439929852709505909e+00
-2.947073610683975886e+00
-3.977934817270499135e+00
1.494561256622493772e+01
-1.359775143272927522e+01
-8.995822235221009322e-01
1.238350555331286706e+01
-1.056879904822016947e+01
4.940269748402148053e+00
-9.580482322200406742e+00
2.145295081002858240e+01
-2.420404978849760269e+01
1.206103871968094587e+01
1.173169161727982246e+00
-1.335422966396993871e+00
-6.582053574530154272e+00
6.913400772525703175e+00
2.901480161364586863e+00
-8.267874755237091478e+00
-8.849558636451251292e-01
1.453149150122770727e+01
-1.609730511301162892e+01
5.557862981097302146e+00
1.460725138581503657e+00
2.969129922990394910e+00
-7.600486863867105924e+00
-8.017911124085843610e-01
1.694686330264596563e+01
-2.348397740633986785e+01
1.527109896068245476e+01
-6.157813850390319033e+00
8.516089391810837128e+00
-1.554136236105395064e+01
1.214625079583685618e+01
1.733613991174435931e+00
-9.849199671316780424e+00
2.536355961236146150e+00
9.528838388883437815e+00
-1.077616397713463670e+01
2.811741695496979165e+00
-9.619082809847530058e-01
1.062137624837146888e+01
-1.834560348637357663e+01
1.098291258634237622e+01
5.037911699144691724e+00
-1.251437195018143100e+01
7.604400356587614596e+00
-4.175247014867483841e+00
1.228905839819223722e+01
-2.261658143107160157e+01
1.980330918852974520e+01
-5.271365844162506420e+00
-4.025035118278158741e+00
-7.294083152070713894e-01
8.510762018806802942e+00
-5.577482144518706164e+00
-3.898054062986492596e+00
4.028901912441408051e+00
5.537322824951713685e+00
-1.105357292828952609e+01
1.107992276341974858e+01
-4.363564082504048258e+00
-1.501471293651845285e+00
7.236874069654959385e-01
2.780229021417147450e+00
-1.669913543118109800e+00
-3.676944934876218873e+00
5.576052422234774042e+00
-4.281989812448732113e-01
-5.632739127582720329e+00
5.202559853762649844e+00
8.876364518127033421e-02
-2.393251353854746633e+00
-6.496640583721919882e-01
2.519856347365891480e+00
2.304795491563933041e+00
-9.742702393982622056e+00
1.150113600007319192e+01
-6.703178123886763373e+00
2.837432539379331597e+00
-4.716801735369541504e+00
7.636716132988566663e+00
-4.705924334620649852e+00
-2.492421173476338403e+00
5.659567975587536992e+00
-1.513884475053612899e+00
-3.592291732178826358e+00
2.893137060389825876e+00
1.216299801322631824e+00
-1.193763541040863352e+00
-4.052046471938647976e+00
7.103698745648796553e+00
-2.645366336027866083e+00
-4.736907944982570839e+00
6.990313980282312656e+00
-3.901457481441235497e+00
2.822989203625327459e+00
-7.356182987565427212e+00
1.169479263978927186e+01
-9.003595352710483724e+00
1.586073815241164864e+00
2.091171963735156680e+00
7.471466604206122852e-01
-3.688320773925439333e+00
9.817480559889255609e-01
3.799727655452206143e+00
-3.028963854205867001e+00
-3.506167583351248673e+00
7.808579215485101699e+00
-4.834669354979800104e+00
-6.035713606059953662e-01
1.188504116770030095e+00
2.144054762186982543e+00
-1.811797104283459525e+00
-4.846364372759245143e+00
1.109209091043435436e+01
-1.009224728702377405e+01
4.506195886089404468e+00
-2.408029063317042695e+00
5.557934756387497899e+00
-7.178955929088253640e+00
2.410924207373479788e+00
3.997394548147671145e+00
-4.161282284629589157e+00
-1.670991262081956918e+00
5.496604335868693347e+00
-3.028582169532715973e+00
-4.821793355264154535e-01
-1.509796372564628175e+00
6.746037126342165458e+00
-7.128798158023398557e+00
4.917849395813664870e-01
6.039849765332921727e+00
-6.061771043972607131e+00
2.703829459600440188e+00
-3.463679931625744501e+00
8.762405461354212832e+00
-1.109260126052023132e+01
6.059377223744159657e+00
8.726581592499512707e-01
-1.885110998298009211e+00
-2.311791542236120378e+00
4.026532101151111931e+00
-1.770920901791304125e-01
-3.129819492872589315e+00
-2.472040419550030621e-01
7.058503018549314945e+00
-8.878278167621527217e+00
3.918172126730902427e+00
7.372992579771766586e-01
3.469853812622898381e-01
-3.129672299705485550e+00
3.998708961528694150e-01
7.107771293757728870e+00
-1.119838716767099207e+01
7.726948137768276048e+00
-2.384629484835233182e+00
2.348806740662038983e+00
-6.028650424203138236e+00
5.864174829714470683e+00
3.438480503538343669e-02
-4.592376224876254298e+00
1.772311838964497621e+00
4.694853114015650419e+00
-6.613547417138097906e+00
2.932699602084506196e+00
-7.498104178545119680e-01
4.368652383402475081e+00
-8.572509139184399274e+00
6.070823404564579029e+00
1.739021840993458579e+00
-6.474733339726952863e+00
4.518808687007044966e+00
-1.723055811036763085e+00
4.312192624897354776e+00
-9.431480059509002700e+00
9.260109831342106190e+00
-2.677045417247348791e+00
-2.662859451761013574e+00
9.890614481367312472e-01
3.671597799831776143e+00
-3.791882388630782863e+00
-4.680931932092819991e-01
1.609465639042185980e+00
3.858907056573957384e+00
-9.784741337456434707e+00
8.828759988413681370e+00
-2.759595296971777856e+00
-3.827194875310819810e-01
-1.962515074833008244e+00
3.423380463149675368e+00
1.467645411757783513e+00
-8.671002142891865105e+00
1.000948211895824258e+01
-4.768958819593622778e+00
6.212249651380337134e-01
-2.542035705234984899e+00
5.917736269494572987e+00
-3.841861314527709403e+00
-2.217158301964691880e+00
4.136734467515420732e+00
1.168256167976835957e+00
-7.160538116070588543e+00
6.934257418577029597e+00
-2.828509327856510325e+00
2.437908812289762306e+00
-6.999618723173195001e+00
9.286939951810735394e+00
-4.168041984330411509e+00
-3.627486532163417987e+00
5.966285182049604785e+00
-2.639967169052698459e+00
1.103143158152664949e+00
-5.133901478902373583e+00
9.122675092596047364e+00
-6.393101644580113430e+00
-6.631555675193554489e-01
3.571976250080902471e+00
3.650430793601704416e-01
-4.576895322285644774e+00
3.101168772047129707e+00
6.978317537540912330e-01
6.608614452822072494e-01
-7.335481929301879589e+00
1.136483933613977371e+01
-7.816364478019039552e+00
1.671589410482801963e+00
-4.455472000636060415e-01
3.374988632062976723e+00
-2.970965911050936992e+00
-3.437201252940109697e+00
9.208657890179086536e+00
-7.663440253205819452e+00
1.640306385583837123e+00
6.123056133471852513e-01
2.791008524428280957e+00
-5.104642456978527143e+00
1.390469674311538117e+00
3.763802943290678549e+00
-2.670593847597831694e+00
-4.228872986210033602e+00
8.772894752200903312e+00
-6.581851537061107038e+00
2.911773453437975778e+00
-4.417409101803110971e+00
9.019571839260775548e+00
-8.813069172194712309e+00
1.790564537614081964e+00
4.822851552970816691e+00
-4.598709749526856072e+00
7.332092567359707047e-01
-8.767493757739348581e-01
5.650099475514518410e+00
-7.730798921065600737e+00
2.844458438702775815e+00
3.507489588486051080e+00
-3.553700567602203986e+00
-1.868339300150818616e+00
8.861217066964684363e+00
-1.979387808498961832e+01
1.586910553369704147e+01
-4.096101307754244303e+00
4.611796771980092302e-01
-6.413452032871543196e+00
7.247056135321447101e+00
5.359567187282003431e+00
-1.989097383025418608e+01
2.062403483033921603e+01
-9.726880405717752254e+00
3.665858654356077828e+00
-9.274089751983527918e+00
1.448673117005042776e+01
-7.132494406056098413e+00
-6.015918894084245849e+00
8.131997894233062851e+00
3.611285340477692785e+00
-1.391977719459728746e+01
1.122243879095210239e+01
-3.616631148719132938e+00
5.797663355395338947e+00
-1.641104656462989908e+01
1.927628922590788108e+01
-6.877170790369643072e+00
-8.233747513503789861e+00
1.090668396514801941e+01
-4.354639991641800378e+00
4.178485983241502666e+00
-1.449956978971203725e+01
2.139339305284935477e+01
-1.335918306817347556e+01
-1.186403462656981489e+00
5.178716052358159239e+00
3.313948267510456347e+00
-9.342048705891857097e+00
3.660786050185257601e+00
3.600783043163102271e+00
1.757798757175397242e+00
-1.626189827747107230e+01
2.265379726131484261e+01
-1.400895051212413556e+01
3.028907018820394370e+00
-3.105374166337888209e+00
8.980689255935219606e+00
-5.278508578698520637e+00
-9.778539997851130039e+00
2.048074066429993323e+01
-1.556198829000893014e+01
4.068398185577804860e+00
-2.058862833660307867e+00
9.622009073397176593e+00
-1.174104596233640052e+01
1.496622078323542659e+00
8.674075309856897675e+00
-4.426500058306044316e+00
-9.709376801442271443e+00
1.660105598011504924e+01
-1.073659349644924710e+01
5.121392347821338120e+00
-1.102619477986150898e+01
2.054140956914052296e+01
-1.772057699446168044e+01
2.100055959103591885e+00
9.889556455019985037e+00
-7.852384818196036953e+00
1.367800552079366128e+00
-4.815529403038227407e+00
1.557516924954794035e+01
-1.769976274881002354e+01
5.711004533214827816e+00
6.454161899197062624e+00
-4.678244132824968204e+00
-5.810798953456833615e+00
8.946424228993869576e+00
-1.695253303709166381e+00
-1.759978446848097011e+00
-8.405046313691130422e+00
2.211678360958489264e+01
-2.293537425718952960e+01
1.112635834672714097e+01
-2.717073446532451086e+00
6.056231676800180708e+00
-1.021235239488812852e+01
2.065344475617554743e+00
1.319288256370403190e+01
-1.847405551090653120e+01
8.998562484256563465e+00
9.829649209253723541e-01
1.257948914420943032e+00
-9.122356123264470540e+00
7.500664535449979020e+00
3.915016623412792995e+00
-9.260229781224568413e+00
-6.985296887901712992e-01
1.488261257410021976e+01
-1.741629550428699247e+01
9.775837630653168020e+00
-7.386520292828256729e+00
1.594632735760337638e+01
-2.241733955561671721e+01
1.404158792190192528e+01
2.450666662582353439e+00
-9.695273085605489172e+00
3.870427971067730510e+00
9.317708162395934579e-01
5.738472635048145420e+00
-1.498875589811916242e+01
1.182250454964751185e+01
2.137909556943370593e+00
-9.918906571278892415e+00
2.868966748554516499e+00
7.651293299537206494e+00
-7.446560177202456998e+00
2.346183065144273883e-01
-1.575941268933887196e+00
1.502083770509988803e+01
-2.566383537954027716e+01
2.084045810834270895e+01
-7.916591653720889354e+00
3.292574452359537496e+00
-8.782001076987260291e+00
9.877638488870463362e+00
1.767314341677183265e+00
-1.485924561582024950e+01
1.402036941479899568e+01
-1.816993134399919274e+00
-4.901606256593105115e+00
-9.762281054014088078e-01
7.465955693328613307e+00
-2.239296468090435255e+00
-8.275614198521164866e+00
7.681598933168934273e+00
6.428426487697537439e+00
-1.841705407293970254e+01
1.651097627813599900e+01
-8.809758664026610120e+00
1.023277662953913847e+01
-1.980522837226750354e+01
2.176029326113003748e+01
-8.921444971866524298e+00
-5.952643610561724863e+00
7.672096942124792207e+00
3.986544432384100389e-01
-2.323684579819282447e+00
-6.458684745774193381e+00
1.243884594401851196e+01
-4.391974043509114800e+00
-9.176596105699752925e+00
1.129985677323507254e+01
-3.157599462109157429e-01
-8.417089425807299463e+00
5.188859564362302557e+00
2.644913627333909112e-01
6.045494705111858380e+00
-2.064707715159625323e+01
2.646738961441443649e+01
-1.689673156180246139e+01
5.027668980061399395e+00
-4.639038098629342244e+00
1.074446189486946324e+01
-8.029772505744794842e+00
-5.444236579657317776e+00
1.429056285890758993e+01
-7.640046560589770053e+00
-5.062446779832280086e+00
7.428964386310141776e+00
8.012863937117025159e-01
-4.556955044918699294e+00
-3.358294476061088218e+00
1.092014096286045977e+01
-4.219738850894970028e+00
-1.183933077884051244e+01
1.987025345655941422e+01
-1.428102629689966108e+01
8.211523872898126797e+00
-1.325901819557468997e+01
2.193160645408191911e+01
-1.866368723984312439e+01
3.246705049462923931e+00
7.796415460773499007e+00
-4.156573367327299096e+00
-4.315969881632740979e+00
2.827121436795262177e+00
6.452869600426272001e+00
-7.930166017219407060e+00
-3.704230364920290342e+00
1.454331957261709718e+01
-1.067645139769393658e+01
-2.314867720127596229e+00
7.918798834299409783e+00
-2.669266839757153065e+00
4.541502921764384304e-01
-1.101773260049851189e+01
2.441459622185860212e+01
-2.448293947989238717e+01
1.185394042421955163e+01
-2.944117876343069984e+00
6.424240184585523039e+00
-1.151292958764269159e+01
