-5.162617281334047625e-01
-1.597611674228629042e+00
4.931830879243897847e+00
-1.511127211739151655e+00
-6.281460472450959287e+00
8.904020476024594899e+00
-3.871192630327367379e+00
-5.869083962125687393e-01
-2.031729183468423017e+00
6.872436620505999016e+00
-5.499830233179167749e+00
-8.532617445121650768e-01
2.831404722477129710e+00
2.975627075560062007e+00
-8.814798922065270048e+00
7.349500361927145065e+00
-2.460968366224961734e+00
2.914768047895088809e+00
-8.634020000190904653e+00
1.056651016505487028e+01
-4.408914939972458313e+00
-2.687554568536484112e+00
2.670286070861122241e+00
1.593895807726180891e+00
-1.127035313240401404e+00
-5.140859269628249351e+00
8.559793996513596070e+00
-3.950683063271429596e+00
-2.291668687733956045e+00
1.574823648801130460e+00
4.220145193094579916e+00
-5.961240666643725206e+00
1.388175523075607209e+00
1.418532018308791942e+00
3.487724579226886945e+00
-1.052959713630681016e+01
1.067230539237917242e+01
-4.766060446657733429e+00
1.950250134738145569e+00
-5.620399290637265288e+00
8.350051549026744624e+00
-3.479286263338573715e+00
-4.333830797848021277e+00
5.753652766853338818e+00
-5.916610433532301094e-01
-2.143798477200486996e+00
-2.001857023954659809e+00
6.313948276465677800e+00
-3.454548727288674570e+00
-2.965043827448729186e+00
3.500951807542197258e+00
3.012520969902093615e+00
-7.771853057978201917e+00
5.283840375801477585e+00
-1.426049563128655384e+00
4.086143807192334165e+00
-1.072448497781384091e+01
1.189273031113769363e+01
-5.433350419380660767e+00
-2.117372997237652044e-01
-1.375774559291955690e+00
5.200407423449391331e+00
-2.903933637504470866e+00
-4.099039569383279513e+00
6.488995288365805081e+00
-1.131607113915727769e+00
-4.041222170641217915e+00
1.820558332739455665e+00
3.694247230563723505e+00
-3.731438803837526574e+00
-1.495443913502478850e+00
2.974980329571316862e+00
3.318039630925103900e+00
-1.003619963301671980e+01
9.249512958790058192e+00
-4.076044011062045946e+00
3.549172747678050577e+00
-8.623785136796755069e+00
1.067975897713353994e+01
-4.811042731018350338e+00
-2.367229045717262004e+00
2.355565675502843792e+00
2.720065888609714655e+00
-3.671587946669037983e+00
-1.611715085652390744e+00
5.002963550073071808e+00
-7.502233256592637511e-01
-5.399364518347761432e+00
4.544662647874671002e+00
2.158735400147188344e+00
-5.447609697475874313e+00
2.043361841893953201e+00
5.675236334953686068e-01
4.102831529161500512e+00
-1.122524867852967034e+01
1.158776487822221668e+01
-5.321726484086394038e+00
1.592512946632830717e+00
-4.750104540434328726e+00
7.997581220345480801e+00
-4.148293736961692346e+00
-2.998301072208533924e+00
4.079078519485364041e+00
1.784659174108908175e+00
-5.653802271061375784e+00
2.185585013184607295e+00
2.574758211637675487e+00
-8.009445298474839880e-01
-4.832968287677902097e+00
4.983668740522638529e+00
2.188315164319296180e+00
-8.061704473604729415e+00
6.346523854952700106e+00
-2.225141794650725036e+00
4.024466797367902693e+00
-1.019533032746297252e+01
1.149741546331275011e+01
-5.101818932141966911e+00
-8.667361700714374395e-01
-6.814557349420606869e-01
5.442630908843076654e+00
-4.658803777520233780e+00
-1.297813832071441631e+00
3.431012820093090276e+00
2.042076048515073960e+00
-7.623656256348859017e+00
5.550517270101300582e+00
7.783206595478562306e-01
-2.261131285349391007e+00
-1.942702033173789644e+00
3.231977840136017299e+00
3.054345465685339267e+00
-1.012567778680412900e+01
9.625657200129994706e+00
-3.967442951486606528e+00
2.426921013239538016e+00
-6.992041893659279417e+00
9.513522402720258953e+00
-4.450741574675610046e+00
-2.270836279807641578e+00
1.873621173708636789e+00
4.204676276825076719e+00
-6.614385209950077282e+00
2.236692824197620943e+00
1.339515210659209421e+00
2.244942157658520898e+00
-8.033775696697158963e+00
6.973571488021665488e+00
4.707408324361912477e-01
-4.985569140052231063e+00
2.347625780588414202e+00
5.361188133328274041e-01
3.403790189495037755e+00
-1.022058945898053040e+01
1.067133617743720464e+01
-4.191232051499664379e+00
-1.318453707539587738e-01
-2.903737958623540116e+00
7.099084469461289792e+00
-4.707420713033645399e+00
-1.443133130563237110e+00
2.088242369163945789e+00
4.334266561588302480e+00
-9.078344646974262133e+00
6.038573637548152462e+00
-6.306371420236978054e-01
1.185303344523367386e+00
-6.045330285525581715e+00
6.063605545253959228e+00
1.289572663080565507e+00
-7.722636473904866072e+00
6.298907592460937011e+00
-1.556380498322499584e+00
2.263752913015968371e+00
-7.913474646922152189e+00
9.545354928338982248e+00
-3.630790471193841462e+00
-2.178735608749940322e+00
2.809018870098043408e-01
5.664074732882165009e+00
-6.519954247723977581e+00
1.601254132207720726e+00
4.643427285582378272e-01
4.792454245029686533e+00
-1.046499311551517408e+01
8.393451729848790066e+00
-1.313015724753949121e+00
-1.397572951566826926e+00
-2.129563339905874209e+00
3.716871804300466486e+00
1.982252401050320412e+00
-8.892217103597420902e+00
8.387688306930456861e+00
-2.206199772043220708e+00
-2.098097661054042495e-01
-4.102673681323488530e+00
7.459900413419937593e+00
-3.640427814595653899e+00
-2.262561684117610383e+00
1.335628626644829176e+00
0.000000000000000000e+00
1.447465477417411606e+01
-1.374525613824826209e+01
4.614082584859223068e+00
-4.652362833372615469e+00
1.502153450470083662e+01
-1.881719426944360052e+01
7.421288892419601879e+00
5.405568869555255951e+00
-3.378772644854864282e+00
-8.471115785014514898e+00
1.203737299550528839e+01
-3.773452600364834542e+00
-3.615435239467164052e-01
-9.929802556534095714e+00
2.252065380664726746e+01
-2.027702211119533970e+01
6.390205363464964705e+00
7.562151083475328051e-01
4.700887124305058506e+00
-7.942774107083830692e+00
-2.886676204765902476e+00
1.746781592270767902e+01
-1.803295565721933258e+01
5.834499852577633483e+00
8.130664109970000553e-01
6.065081202547995431e+00
-1.284982007564480000e+01
6.137147827556366231e+00
5.848452115638851367e+00
-5.075890006941531141e+00
-9.062739113895581511e+00
1.851037626291621763e+01
-1.325324047188603416e+01
5.503771619757810818e+00
-1.001719626049597167e+01
2.076329533622014623e+01
-1.967195604130805009e+01
4.246535416069892932e+00
8.007713714149367945e+00
-5.220317966712304525e+00
-1.940802401914070607e+00
-2.432666887711303794e+00
1.455933786999686319e+01
-1.651242114722584731e+01
3.837474589186676610e+00
6.885206536150645817e+00
-2.238444674875282203e+00
-8.656042044532716417e+00
8.825035072172518369e+00
3.587517499648180674e-01
-1.438962736777712470e+00
-1.188175731505402766e+01
2.414254486886179052e+01
-2.053859631777928385e+01
8.490753659989195512e+00
-5.763636099737959206e+00
1.335968955105150258e+01
-1.447097478712453622e+01
9.785447341365456353e-01
1.304603340294553249e+01
-1.164880939775231283e+01
4.479729937445213750e-01
2.284552580830848001e+00
6.736928973291717249e+00
-1.147411006365695663e+01
1.966337284940961716e+00
9.437630094819343896e+00
-5.986753501928182786e+00
-8.468032568450841069e+00
1.531143877634396411e+01
-8.955635254751369345e+00
4.401759522494337773e+00
-1.327726831826637088e+01
2.508751947897383516e+01
-2.246574707059661336e+01
7.377218802937120401e+00
1.555523756987552852e+00
3.394827732851414925e+00
-8.391119416936044573e+00
2.376916751260820249e-01
1.260134579130718357e+01
-1.237598018303439140e+01
-9.100142173967014081e-01
8.969796420803803016e+00
-2.156027743843763833e+00
-6.923190090054646362e+00
3.561140146255594274e+00
6.037665387558825536e+00
-4.076875646366987738e+00
-1.133147653101325680e+01
2.243653032135090442e+01
-1.776048892215045782e+01
8.462573424433404767e+00
-1.050039706191726729e+01
1.994086324454686121e+01
-1.909630384607744347e+01
4.111248852553702093e+00
8.146608922498408845e+00
-4.616047332275721615e+00
-5.085129382614969273e+00
3.944186278880522423e+00
6.414631814449836433e+00
-8.600089925073479691e+00
-3.245834717150910098e+00
1.347926195884519274e+01
-7.748797464974255256e+00
-5.896772518631838267e+00
9.535576264839821903e+00
-2.390722399566974410e+00
1.263133246625665507e+00
-1.388727449504257550e+01
2.601211347056409195e+01
-2.213535248226933305e+01
8.547846298407975496e+00
-3.735046386717433720e+00
1.075059823298138717e+01
-1.349663838019365336e+01
2.357476086201137022e+00
1.009537066176314823e+01
-7.479013656418098677e+00
-5.744923191456329903e+00
1.080821970012667954e+01
-2.483215073027449371e+00
-3.972940373966038941e+00
-2.899297849500801050e+00
1.247479772406975762e+01
-7.797581751211831502e+00
-8.496916672398347359e+00
1.756725616770745191e+01
-1.204237165031154078e+01
6.084416706769224525e+00
-1.278265340845166165e+01
2.352905088428579461e+01
-2.092934387253937345e+01
5.636462828429207761e+00
3.826808161911698480e+00
1.821934176240259440e+00
-9.596904791989523176e+00
4.874752444911360172e+00
5.919724027480852691e+00
-5.200600887135920836e+00
-8.401644598587889590e+00
1.699775168380114820e+01
-9.596633000736705554e+00
-2.094863428971660113e+00
2.052575231733693606e+00
5.625637335500272229e+00
-3.446441945798889961e+00
-1.192988259727066591e+01
2.345980378244691877e+01
-1.854804236144719454e+01
7.391955811450110936e+00
-7.100147456139184854e+00
1.583835672150161855e+01
-1.630991418226076917e+01
3.107965042337472283e+00
7.939000275532131390e+00
-2.915943353400446192e+00
-9.553918844924396581e+00
1.147701304076519513e+01
-2.399734457370406027e+00
-7.851484089754068307e-01
-9.372631592539946155e+00
1.853580490803700442e+01
-1.171476748892951747e+01
-4.119003729432901828e+00
1.030660397501242542e+01
-4.091862147587526088e+00
1.708271496208002560e+00
-1.251257697965671234e+01
2.380074701721950348e+01
-1.963125207790357507e+01
5.113992797100971544e+00
8.215568348183539538e-01
6.695902013314181112e+00
-1.216910072005950560e+01
4.333652033218189814e+00
6.016415267359862540e+00
-2.272680971571757524e+00
-1.235972094087323647e+01
1.894693265934941806e+01
-1.059651515826697832e+01
1.891919284303489768e+00
-5.884523513011034268e+00
1.386505349574995094e+01
-8.801482925002119373e+00
-8.044657526989714924e+00
1.799131758566345951e+01
-1.220372378903578436e+01
4.111652173403371080e+00
-8.304936972915569982e+00
1.817870334303573188e+01
-1.638318483585876351e+01
2.070274620557783773e+00
6.741906022968116474e+00
4.574348000392829405e-01
-1.145674870546662660e+01
1.024074776039072709e+01
-1.165618369269415311e+00
4.657119880829682756e+00
-3.616503575069796028e-01
2.132405973291481072e+00
-8.002693807873040299e+00
8.852012725799662363e+00
-2.521956245830253796e+00
-2.529647360814053059e+00
-3.110202143421130216e-01
6.106621885183503906e+00
-6.104487685564572885e+00
1.086229688516758829e+00
-2.533170304776288795e-03
6.012214536010287880e+00
-1.125696832500760181e+01
8.424987355474859996e+00
-1.596148508125815102e+00
-7.073162187831005809e-02
-3.828586812755744084e+00
4.626487770586226844e+00
1.799657442141553432e+00
-8.298769785910623753e+00
6.949079217284518606e+00
-8.887172342036628869e-01
-4.873202280458126534e-01
-4.348456305426132928e+00
7.064821249431856742e+00
-2.562109953483980629e+00
-2.882505016066483794e+00
9.070507848864912681e-01
6.286192274333910035e+00
-9.158811615479232060e+00
5.055122118656718122e+00
-1.836711789007514195e+00
5.495581496123193688e+00
-1.070104483009373908e+01
8.749862040335349533e+00
-8.584403989887645636e-01
-3.444104092594101552e+00
4.292808402618240038e-01
2.607769588561926977e+00
1.134756480359668140e+00
-7.331481752434407362e+00
7.026756940020042919e+00
-3.873826306346467852e-01
-3.257514732787762934e+00
-7.759107363893571474e-01
5.792893901316867655e+00
-4.213573011500820087e+00
-7.552667750998456331e-01
7.223809147891602223e-02
7.114903131474914488e+00
-1.178058449564622379e+01
8.328801463559267759e+00
-2.739917475365923671e+00
3.242755886161599044e+00
-7.765233020485682758e+00
7.274369506136562968e+00
1.193835226692039342e-01
-5.843319289464111499e+00
3.480763148475673141e+00
1.785410297705509297e+00
-1.208575557326524663e+00
-4.268102094210327380e+00
5.696080864295386625e+00
-1.161034597577494942e-01
-4.532945489379692106e+00
1.163206903392546288e+00
5.856911619702863447e+00
-7.337921938358128671e+00
3.044027287658374270e+00
-1.685595496081773170e+00
7.224093845493506194e+00
-1.243720489106535609e+01
9.633461346903903433e+00
-2.271272088709796577e+00
-1.831998574979511185e-01
-3.641240103128883909e+00
5.355957472036823930e+00
-2.402194626196196836e-02
-5.962997273850273672e+00
4.413877850590854912e+00
2.190879027646889909e+00
-4.275406073852433764e+00
-5.996025935675770580e-01
4.427985754674940821e+00
-1.309253320536086118e+00
-3.336697792229435855e+00
9.779263405706559720e-01
6.878921401497837707e+00
-1.064835582763039312e+01
6.827458903244979282e+00
-2.899346995283774486e+00
5.612507314068420072e+00
-1.055360797979551712e+01
8.922193116963317294e+00
-1.181418806665245347e+00
-3.253593921880209017e+00
-9.440172510522693017e-02
4.339781253081241630e+00
-1.966313994752484806e+00
-3.675368017611656768e+00
3.615903260008900055e+00
2.767471038904526726e+00
-6.405349217969462217e+00
1.957020503925465782e+00
4.336781360011255693e+00
-4.252973602844892120e+00
-3.622209280618959859e-03
-5.497442430849177608e-01
7.584030947471845252e+00
-1.247050613992930579e+01
9.043665181836384903e+00
-2.770921225550865508e+00
2.418998575996392564e+00
-6.904375295166310877e+00
7.298764903424714845e+00
-8.539753833665462146e-01
-4.403507225573282113e+00
1.596454862290033194e+00
4.645944347745696312e+00
-5.141369856851294884e+00
-1.406434685490540737e-01
2.416159201233749165e+00
2.141735533169637495e+00
-6.260076424518026705e+00
2.482394645891056850e+00
5.431603078780202765e+00
-7.982516666975042696e+00
3.999930358627819871e+00
-1.974044684030046071e+00
6.724204786353509711e+00
-1.178987296506652704e+01
9.187711036327465663e+00
-1.697703135605742819e+00
-1.057208494988436165e+00
-3.156145894218608472e+00
6.204702220226106846e+00
-2.301770325687685137e+00
-3.019260634985777791e+00
1.366635568840083526e+00
5.505675454553813353e+00
-8.004614548089406867e+00
2.893403630672194193e+00
2.133278262426223648e+00
-3.714761130739319128e-01
-3.675359084071998073e+00
1.345748037142019626e+00
6.635389186333977563e+00
-1.081429591286593705e+01
6.966344013284420100e+00
-2.203495236880963493e+00
4.005722325688011232e+00
-8.903245169210299181e+00
8.019274834939359664e+00
-9.726197039043813497e-01
-3.115795729947016479e+00
-8.550623563400696625e-01
6.415347497106250074e+00
-5.389967588081900018e+00
1.607337408410398072e-01
2.958261960862935691e-01
5.518564480787000903e+00
-8.962426019757440798e+00
4.149539373256929231e+00
3.163500555830971450e+00
-4.204174363406017356e+00
2.194927540797002585e-01
-1.457864568606850320e-01
6.555758474815226222e+00
-1.137511358603403444e+01
7.970235946237317570e+00
-1.249515806060606415e+00
3.968228617225740829e-01
-5.247376106749380043e+00
6.959605513065364235e+00
-1.859916899985198047e+00
-2.706256063335076067e+00
-5.152626114474920804e-01
7.512441352337537737e+00
-8.810980913228533495e+00
3.495216282084139703e+00
-1.993464628778522929e-01
3.657871040976416577e+00
-7.364756757753775140e+00
3.551913088891899051e+00
4.715339130634555787e+00
-7.796304258050966496e+00
3.694734849952062916e+00
-6.954126937433970923e-01
4.492762515064644191e+00
-9.460870998235282769e+00
7.363954093265984824e+00
-2.091872502940044232e-01
-2.401041293973858792e+00
-2.514692581304608598e+00
7.076815558725680688e+00
-4.663932950767200936e+00
-8.719119683282039457e-02
-1.395253419468967637e+00
8.182472683268837699e+00
1.638407180168144794e+00
-1.460816741596661750e+01
2.298500886807423171e+01
-1.474357527945723767e+01
7.169635530598608142e-01
1.878253218346817910e+00
4.898537146295284472e+00
-3.809783908033510080e+00
-1.015816427599536098e+01
2.106317238161107497e+01
-1.548450634366717082e+01
2.645222658944929250e+00
-6.100556522819395866e-01
9.504135981676533618e+00
-1.234407231726538257e+01
1.969689766699061373e+00
7.179432376021471107e+00
-5.797165806588990833e-01
-1.420872787292592143e+01
1.847946316673914424e+01
-9.905986122173397135e+00
4.978335527427560692e+00
-1.290240292763545327e+01
2.093217792141009426e+01
-1.362202709360155062e+01
-3.265615441516402040e+00
1.067514404229841674e+01
-4.138040173996332172e+00
-5.687026181619607712e-01
-7.657648920898184386e+00
1.788269163908223192e+01
-1.385713240230130339e+01
-6.599426362556659598e-01
6.672818069314191192e+00
2.216340281976810545e+00
-1.102023619088885908e+01
6.773097820436221106e+00
1.644189223497214414e+00
2.535531951930145134e+00
-1.757156119297746955e+01
2.476858782592584163e+01
-1.586980069876958410e+01
4.841776885146224174e+00
-6.298473862572383730e+00
1.348744561522855712e+01
-9.301023017845256646e+00
-6.613163409636703349e+00
1.615293288532422622e+01
-9.322878181421330623e+00
-1.154358267427657125e+00
-7.118412356104411032e-01
1.028547999788950840e+01
-1.022342907322624228e+01
-2.058549541825564155e+00
9.442643011535237108e+00
-4.584916827018270524e-01
-1.348965802421511029e+01
1.518105039034898418e+01
-7.020262735250460295e+00
6.310591664668533163e+00
-1.780133048001462370e+01
2.555883793934507153e+01
-1.674712985037703916e+01
1.231290798661419217e+00
2.848642336545829767e+00
4.294222143724837792e+00
-5.574685426588904313e+00
-5.891522199748557398e+00
1.557517545726551056e+01
-9.411643169486076488e+00
-4.488889591739570584e+00
7.428564045095763291e+00
2.444120826784286216e+00
-8.363918662896464795e+00
1.281792790984031427e+00
5.983802136413315154e+00
1.584173874510537372e+00
-1.768253125089526634e+01
2.326894574359932122e+01
-1.441277538058397312e+01
7.282025969963253687e+00
-1.290646884445694198e+01
2.028021257423669255e+01
-1.355267093930991251e+01
-2.960400377144149164e+00
1.022097814789096759e+01
-2.338006369503451864e+00
-5.309679349900767953e+00
-1.273241665731426053e-01
9.557884514510487151e+00
-6.431376555663795180e+00
-7.093732307987929531e+00
1.236782017228531849e+01
-1.738777675819147994e+00
-1.031239315503070841e+01
9.210500643468717996e+00
-1.942661751069872711e+00
5.481572813124250487e+00
-1.981145918793789207e+01
2.687869227531723482e+01
-1.731143482039511738e+01
4.409765633955526454e+00
-4.173176211255876566e+00
1.170529242712590801e+01
-9.738274825320340611e+00
-3.946363833171096402e+00
1.220254176806855995e+01
-4.091877579135774212e+00
-8.468298803069268743e+00
8.331866156695527437e+00
1.677092685601378363e+00
-4.131479752763524971e+00
-5.496217058697108193e+00
1.130066726718214554e+01
-1.007966794248488451e+00
-1.494992464397361331e+01
1.846863003988707774e+01
-1.021720988894969118e+01
7.491779515518993016e+00
-1.700164396391399180e+01
2.421642552544811977e+01
-1.558981073112228621e+01
-1.970864835885721700e-01
4.456857201982414196e+00
4.190902325637317460e+00
-8.729518362220408889e+00
3.053755155269683996e-01
8.141131007819451426e+00
-1.952634711058168326e+00
-1.211935023723503591e+01
1.514281131821532966e+01
-3.795167563527451549e+00
-5.337559709880970615e+00
1.308651715169911967e+00
4.765710532291274504e+00
2.637576060313758131e+00
-1.875183084600656258e+01
2.461826517037923878e+01
-1.495844869117373932e+01
5.616188887233431792e+00
-9.373110648017316748e+00
1.696376949286232261e+01
-1.207667906933711421e+01
-2.705588735619228302e+00
8.774467024481605648e+00
9.472128111026698605e-01
-1.153123924710433101e+01
8.532333014089363843e+00
7.328861768239791630e-01
6.652326288276722011e-01
-1.243151161683011807e+01
1.663228751600606969e+01
-4.547632023730334261e+00
-9.971481695964056868e+00
1.098296910388100756e+01
-3.725732611036112196e+00
5.480568014263175414e+00
-1.819460813345552808e+01
2.478337710791864978e+01
-1.490340393791700713e+01
1.010710896977989659e+00
-1.811570169285690035e-01
9.179837394701555908e+00
-1.047908243687309593e+01
-1.927729730832545840e-01
6.910521263530457148e+00
2.114787402780128112e+00
-1.599520167204427779e+01
1.678590959765073620e+01
-5.718104957118999465e+00
3.728244466108998623e-01
-7.329515584001654815e+00
1.207274029812324123e+01
-1.550058089669709593e+00
-1.505536130372407122e+01
1.915947424242770936e+01
-9.938884907850372485e+00
4.726065512082329612e+00
-1.222795228537064993e+01
1.942043276398019813e+01
-1.202633205528022664e+01
-2.754900945804519274e+00
6.104458123426670824e+00
4.715507938821171585e+00
-1.276213296812556663e+01
7.259163070303547904e+00
4.668572062381837195e-01
4.891799656202491242e+00
-1.824069403348093488e+01
2.081474182221264257e+01
-8.024072799616602580e+00
-3.797885015426731847e+00
1.951384556544318194e+00
4.087863627270349021e+00
1.807041337610872489e+00
-1.670258508567478373e+01
2.210701244548368294e+01
-1.157007538808381852e+01
4.849584163291775774e-01
-3.166043023793993161e+00
0.000000000000000000e+00
6.933177288617533129e+00
-6.201151808724560510e+00
1.364082653022413716e+00
-1.443198819455806969e+00
7.017034599702404840e+00
-9.378385623493061374e+00
4.021857663883435130e+00
2.128261632403371628e+00
-8.425993462693837088e-01
-5.248224163993834068e+00
6.879478339260711728e+00
-2.282984495589598595e+00
-2.950789659589498903e-01
-4.518837158405533572e+00
1.063040452605726571e+01
-9.357070911334487207e+00
2.360987817630231245e+00
9.823821168925941372e-01
2.253199331405326689e+00
-4.388936925093246622e+00
-7.469409573128462654e-01
7.970826217465111441e+00
-8.251603703549523772e+00
2.230003504510978285e+00
7.824868909883642143e-01
3.199600427320596907e+00
-7.103523601594739389e+00
3.973803020715111156e+00
2.056313803627270786e+00
-1.791944402058241792e+00
-5.107923671910482355e+00
9.488519435709010352e+00
-6.335678875897405860e+00
2.002104060224668469e+00
-4.118826541428532551e+00
9.648361367558257129e+00
-9.345146594296704023e+00
1.874327077695575827e+00
3.910598087223061903e+00
-2.051879610942894061e+00
-1.896587439167769062e+00
-2.639226995823769073e-01
6.616334131522977557e+00
-7.958504339223905433e+00
1.931292270777982933e+00
3.096053855451279091e+00
-3.716949475249955448e-01
-5.358309221058156879e+00
5.378163847788629326e+00
-4.045403363182060730e-01
-5.734659058889519656e-01
-5.762986560142694614e+00
1.162048427204839918e+01
-9.526524249962109891e+00
3.334224075903514883e+00
-2.133944316771179572e+00
6.393648349276021214e+00
-7.433413296388807545e+00
9.933314583430608025e-01
5.838442497962957667e+00
-4.983309866876870053e+00
-6.550139507632861680e-01
1.757281857016112170e+00
3.285816585728838390e+00
-6.172531502186086705e+00
1.700391963634324988e+00
3.909642832951510272e+00
-2.146429624151212412e+00
-5.020516109873902622e+00
8.125649951050656128e+00
-4.403711360771315420e+00
1.634086621300299358e+00
-5.864349416535533877e+00
1.180117291719554018e+01
-1.058989914681071198e+01
3.205564894984178181e+00
9.076096982132373370e-01
2.095669027834139442e+00
-5.031823009381342970e+00
1.066581798260742620e+00
5.519028393824827461e+00
-5.643937563915945255e+00
-7.476111491039320045e-01
4.401939077592017746e+00
-4.975132371048847091e-01
-4.419940329098700715e+00
2.765849779575447087e+00
2.304179415690250643e+00
-1.654952189254829786e+00
-5.760453598442697221e+00
1.097443209720966273e+01
-8.226962081565265095e+00
3.306293040164025587e+00
-4.409650182348377356e+00
9.512023889825929501e+00
-9.506545094716118527e+00
2.322984467548891097e+00
3.526116896644727827e+00
-1.460063050062920142e+00
-3.544188418855241718e+00
2.779879932919065766e+00
2.878858768364383813e+00
-4.454535915600107643e+00
-1.156477295765161895e+00
6.062058810343995852e+00
-3.002996827534520019e+00
-3.874135812914688781e+00
5.428795708661446895e+00
-1.334125183417147920e+00
2.818073108887578782e-01
-6.336498260136557370e+00
1.230525358435054883e+01
-1.031602347385835117e+01
3.586424689894942563e+00
-1.516227124630632916e+00
5.575483594740738624e+00
-7.424176365990909687e+00
2.042961629378639898e+00
4.213592999508543713e+00
-2.994541425535553358e+00
-3.448092291394673659e+00
5.594963688547576197e+00
-8.782580372329864549e-01
-2.792675460103004603e+00
-5.289101503885325073e-01
5.457398403669563081e+00
-3.317922212498884527e+00
-4.599685093169948225e+00
8.758221534760060933e+00
-5.500141022250735645e+00
2.166178811114618963e+00
-5.514699650669257380e+00
1.116209618533310710e+01
-1.017944519639423184e+01
2.819346824199997492e+00
1.555735133926025027e+00
1.691736382559686724e+00
-5.839290374135488904e+00
3.371215360789991511e+00
2.414314014349854709e+00
-2.463081441661846060e+00
-4.023760467691416487e+00
8.011177707740939624e+00
-3.976827228066196263e+00
-2.034132290539347743e+00
1.820071505439522230e+00
2.480482725624990170e+00
-1.837886575031685288e+00
-5.564235416764310216e+00
1.111867473324269540e+01
-8.464710963266332655e+00
2.848165875732172392e+00
-2.994600571324845362e+00
7.896582690043983277e+00
-8.609354538494969233e+00
2.258279156146291822e+00
3.157500974907716973e+00
-5.779099048800975247e-01
-5.586414057164246216e+00
6.186562497731122434e+00
-1.081261797687874227e+00
-9.833303505829034119e-01
-3.905069253870059320e+00
8.489357515947849819e+00
-5.131180583283352803e+00
-2.634035838046372202e+00
5.342721829391386734e+00
-1.690719472641986965e+00
8.693378481798141877e-02
-5.403734594401587543e+00
1.119350841367358385e+01
-9.300868254535977542e+00
2.281438709247943564e+00
2.820620881361017851e-01
3.990132581443917914e+00
-7.074607115379654587e+00
3.145568334532438115e+00
2.296341437784386486e+00
-7.245157120512537574e-01
-6.303198469847701269e+00
9.213921789626748904e+00
-4.591942761402691531e+00
-2.328811683794285159e-02
-2.080596258413907940e+00
6.437819762971520809e+00
-4.277531384232782230e+00
-3.854054073204465247e+00
8.516920750723173228e+00
-5.291721169747660269e+00
1.105247390991671352e+00
-3.426725253594040232e+00
8.836762372954515499e+00
-8.379741686592259597e+00
1.513448333928110845e+00
2.656630001063430502e+00
1.164300441783459927e+00
-6.700240518784205790e+00
5.784073762904935911e+00
-7.121108416040362599e-01
1.196847206149492138e+01
-1.001493342980899470e+01
-2.104643635445850869e+00
6.544783317564049518e+00
4.831133623725044401e+00
-1.773221460816507644e+01
1.640633848913596182e+01
-6.561483097883992421e+00
5.600707302315724334e+00
-1.529240023549899163e+01
1.868117233440503355e+01
-6.042288708404552011e+00
-9.654886313858089153e+00
1.145879989855451697e+01
-3.069661107843228542e+00
2.159543832417248233e+00
-1.278156958654887276e+01
1.901933245437971465e+01
-9.575818347078602244e+00
-4.222898631519688806e+00
4.613201558782534129e+00
6.614980049579210153e+00
-1.163440670615424821e+01
4.060845003958578836e+00
1.518896401694117992e+00
7.566784180015188710e+00
-2.177125161768566031e+01
2.275435379972249095e+01
-1.036059366463224762e+01
2.306920331137242819e+00
-7.189287129871246407e+00
1.191136833253813521e+01
-2.559892221841315596e+00
-1.326199963673583682e+01
1.690084593125876467e+01
-6.235237792316563166e+00
-1.433471545468605335e+00
-4.486030726445877193e+00
1.244135778398875658e+01
-7.324656340042863256e+00
-5.457444161726030529e+00
7.332317130082549816e+00
5.644215978825757318e+00
-1.673980935732293673e+01
1.345605653916635269e+01
-5.605013210996292017e+00
9.254895048554461212e+00
-2.124516855734440668e+01
2.330699122177480831e+01
-9.681247679618925517e+00
-3.758272316339462904e+00
2.841851818296967203e+00
4.437705263668423328e+00
-1.236505029287043200e+00
-1.158112973787093125e+01
1.627068285669655978e+01
-5.266030319461186160e+00
-6.743273608260711427e+00
4.242400762616411747e+00
6.565141369661938064e+00
-8.156792270983821425e+00
-1.030145959433636627e+00
4.115390067199124147e+00
8.100216304103010856e+00
-2.226546250660845061e+01
2.169750848617672290e+01
-1.068845867837813302e+01
7.152407362460318829e+00
-1.499817972865340288e+01
1.836932452574554731e+01
-6.478661129896285509e+00
-8.925316724236392218e+00
1.028683918359475058e+01
3.612346727119497558e-02
-3.986240970715275722e+00
-4.595495618461457710e+00
1.101522117450081062e+01
-2.936888660668215856e+00
-9.782435441246068564e+00
9.085002097591349468e+00
4.520449888880598621e+00
-1.298499013967591864e+01
7.909211736823508865e+00
-2.565482344853407426e+00
1.062383575182235340e+01
-2.421140693170143976e+01
2.496560262246943296e+01
-1.147088498105476440e+01
1.433273555080091466e+00
-5.278790222938850363e+00
1.123944901013496889e+01
-4.409995984609234476e+00
-9.495784978273071886e+00
1.209521560903149684e+01
-5.802829543095100462e-02
-9.547990078778687106e+00
4.498876174517674187e+00
4.997450492870278538e+00
-2.891294390900088551e+00
-7.451624943602032758e+00
7.977562622362960987e+00
6.436889245866115772e+00
-1.954028329495377392e+01
1.743295119225577494e+01
-8.576120654502481955e+00
9.887308364011818895e+00
-2.032341355850634201e+01
2.231711461069530600e+01
-8.913786891414304137e+00
-4.792993905602829230e+00
3.532216764348127924e+00
6.005030117499425835e+00
-6.205089173480222264e+00
-4.248473529793948877e+00
8.498419727353931918e+00
2.201083427988584251e+00
-1.420596668980528321e+01
1.118178156002131018e+01
1.945693308505788366e+00
-7.023170271354447713e+00
3.223258634191776828e-01
2.296931158597176559e+00
9.537801688521666321e+00
-2.377774015249366713e+01
2.319842709718876250e+01
-1.082173122430939038e+01
4.996502714101445086e+00
-1.169692657709746975e+01
1.615123869768724063e+01
-6.373854196005068751e+00
-7.465277362330857258e+00
7.580206288804929748e+00
4.898932496107137879e+00
-1.166826932124425831e+01
4.616082574948503492e+00
2.721688180470674290e+00
3.163063211638776462e+00
-1.419992831429636837e+01
1.236124403493559143e+01
3.069377681743835851e+00
-1.403964599316698347e+01
1.037616715878987250e+01
-4.157088648447241575e+00
1.018197143753912215e+01
-2.252783464181921858e+01
2.308566545889176780e+01
-9.188377250611610592e+00
-1.746250563932019606e+00
-2.234527309369708448e+00
1.054155541616732350e+01
-7.173257460575905853e+00
-4.259283440558941258e+00
5.859586131490240213e+00
6.948675034440929821e+00
-1.765123766665981719e+01
1.273174070728410356e+01
-1.204115132754728812e+00
1.086295170452755698e-01
-8.243334181353517920e+00
8.205830915010793092e+00
6.401739521217272966e+00
-2.017403142076094014e+01
1.818602334637819951e+01
-7.700570329578675377e+00
6.482970802325138671e+00
-1.564976145127470630e+01
1.840094055669700523e+01
-6.458446566502932917e+00
-6.242284759722879883e+00
3.708002927102385549e+00
8.542678379942827860e+00
-1.219332874947478018e+01
3.790848121297804241e+00
6.987135772939896405e-01
8.793965419095496117e+00
-2.003417404573424321e+01
1.622063104118215549e+01
-1.082719094819821315e+00
-6.745662596641693654e+00
1.513017672375140954e+00
1.876093489759470323e+00
8.284824750460551002e+00
-2.159664955363443184e+01
2.062001685600288781e+01
-7.149391766617136490e+00
-2.452358538123965426e-01
-6.261202011935449008e+00
1.287776033304592360e+01
-6.275373993329436573e+00
-5.252418304404892879e+00
3.964265107702117596e+00
1.024568170969597958e+01
-1.910241851890184250e+01
1.281635768763901773e+01
-3.890601828637860748e+00
7.112511126220191215e+00
-1.642257742210435367e+01
1.402539978948391841e+01
2.091176913386052494e+00
-1.421102720110476270e+01
1.316606171288759786e+00
-2.105155085442889096e+00
-4.340043150762340929e+00
9.385382591562503762e+00
-6.816697641741486180e+00
1.893485719380944676e+00
-2.931130656400609880e+00
8.323681291109011227e+00
-8.839507971953020515e+00
1.733706962347068004e+00
4.815276330931860471e+00
-3.754281341510477876e+00
-5.630054073092503053e-01
-5.884638379759676852e-01
6.752511215408876666e+00
-8.910606764715266692e+00
3.342520404561909686e+00
2.406733990663997957e+00
-6.126726405598885705e-01
-5.267882892851119436e+00
6.158354683480773417e+00
-1.307099296196375882e+00
-6.444121776117646139e-01
-4.920302239414430900e+00
1.117517778428453390e+01
-9.817447243055895001e+00
3.346689548307185458e+00
-1.051103620783386372e+00
4.862275212914815015e+00
-6.615818453068760263e+00
8.446865494088899862e-01
6.450677968996314071e+00
-6.505838432060865983e+00
8.161857350043553172e-01
1.275505611473451761e+00
3.271022016297069346e+00
-6.823743859611858475e+00
3.075011995188074998e+00
2.950953977170421627e+00
-2.213193223806270371e+00
-4.761849325909179420e+00
8.660590549002881389e+00
-5.341419785246856122e+00
1.772373693118698856e+00
-4.993320692644785730e+00
1.100546659599474530e+01
-1.059387116763570802e+01
3.282744240767427435e+00
1.801179370325174389e+00
4.987323200702489245e-01
-3.949869410353248345e+00
8.618637399972279844e-01
5.848959438803092326e+00
-6.906203952575449279e+00
8.065374852362376945e-01
3.683177552241828412e+00
-5.202741809035893450e-01
-4.821212726414955796e+00
4.044311690645399082e+00
1.114256528465008333e+00
-1.493081331451416416e+00
-5.378957033645714425e+00
1.118477899188427926e+01
-9.052556709931995016e+00
3.596274971103195384e+00
-3.576427321214319388e+00
8.426939315544002440e+00
-9.190721209918917722e+00
2.423935378322587209e+00
4.157673217950382138e+00
-2.977087039273351721e+00
-2.259062571195515901e+00
2.447578778981980285e+00
3.006459275773763817e+00
-5.439967510613515245e+00
4.367711877442070900e-01
5.050528714399913355e+00
-2.901903223633101714e+00
-4.079951966503060135e+00
6.526708839983115240e+00
-2.650262456246560205e+00
6.664465000729848931e-01
-5.873283523074923629e+00
1.214826487602707061e+01
-1.090825432252353266e+01
3.975535612508899419e+00
-8.106170718268265185e-01
4.322796181811934701e+00
-6.809947541805741800e+00
2.123820975194067984e+00
4.558475462150870072e+00
-4.324778145573310084e+00
-2.010341278500777484e+00
5.044532982051422643e+00
-8.220459109891679050e-01
-3.530182818701486092e+00
1.048771826827479270e+00
4.155602379016914760e+00
-3.010077145503794238e+00
-4.650765233769089235e+00
9.579500346873430772e+00
-6.798914825353810976e+00
2.732540008424111377e+00
-5.029154154187314596e+00
1.066130214733720294e+01
-1.047345937825783047e+01
3.269339438063481040e+00
2.041702499944753946e+00
4.178091518792554915e-01
-4.972672003121125783e+00
3.364165229995240036e+00
2.518648390898754030e+00
-3.559663153859013107e+00
-2.472243431357410870e+00
7.161639835336007565e+00
-3.851932191168044639e+00
-2.566527812541115949e+00
3.299591595867282567e+00
9.630644312938911877e-01
-1.300762388757588317e+00
-5.494445129921687432e+00
1.158961410405706793e+01
-9.608971877816896878e+00
3.551010292357733800e+00
-2.575536951839298538e+00
7.145547088301601235e+00
-8.597972844956569105e+00
2.731422089317586011e+00
3.366882644351428144e+00
-1.747486985770456691e+00
-4.510118707262000370e+00
5.996247961000074511e+00
-1.107472752409840888e+00
-1.851009521778079536e+00
-2.286014310769076463e+00
7.307296102185634190e+00
-4.831360907428777551e+00
-2.995314521362836047e+00
6.618555138927088244e+00
-3.294406291647115292e+00
8.323741928276726654e-01
-5.262327547781632475e+00
1.129880614341088219e+01
-1.019791174283101398e+01
3.087227452478917389e+00
5.302705841128289022e-01
3.125428779190616346e+00
-6.784758529180951570e+00
3.581617999535134267e+00
2.238707862854343755e+00
-1.715805670018851981e+00
-5.048611899082492194e+00
8.739773600473295545e+00
-4.609861616121397887e+00
-6.904161594165119098e-01
-4.689316919986410426e-01
4.961858353688200829e+00
-3.752467038520785891e+00
-4.069596486464343243e+00
9.490301506003005372e+00
-6.838561484656910494e+00
2.024554108099229310e+00
-3.295630942017208298e+00
8.635179896987349224e+00
-8.993659107894705684e+00
2.392308070029770306e+00
2.649346790251739137e+00
3.212132285463278336e-01
-6.163565418396167672e+00
6.089122075848015569e+00
-9.551514294053535803e-01
-3.077811730602695306e-01
-5.323668987448204604e+00
9.952342500379174339e+00
-6.445770590835808278e+00
-8.852527191498760217e-01
2.823836124449575102e+00
9.505207883361554977e-01
-1.757007099670202077e+00
-4.418366926522509175e+00
1.038882739376523645e+01
-8.407294518460878052e+00
1.848749193034153748e+00
-1.720887339573067276e-01
4.803332794750419410e+00
-7.359940722706584282e+00
2.823801454848890558e+00
2.488719650543238071e+00
-3.712349663745166950e-01
-6.749939653191850297e+00
9.284845150542148318e+00
-4.713298584204746788e+00
1.002761129679241137e+00
-4.108128879788572441e+00
8.672146486996776815e+00
-6.141536386414855109e+00
-2.042589999109844179e+00
6.294345152307789348e+00
-3.032541316261629483e+00
-3.108885795167486421e-01
1.072033443782437701e+01
-2.648578370708316143e+00
5.995880664436916696e+00
-1.694520045882942583e+01
1.778375270425859611e+01
-4.484264584960392597e+00
-6.193024038069624204e+00
1.123619055037152314e+00
1.014985296045414920e+01
-1.052219401937858478e+01
1.434239786261114258e+00
-2.230702047584438574e-01
1.285400162653755984e+01
-2.374981493561915968e+01
1.845776193897240702e+01
-4.898316824363476485e+00
1.031343126410879663e+00
-7.786911598348967622e+00
8.412141915253142699e+00
4.940922315831105749e+00
-1.810424450838215549e+01
1.548009335711114431e+01
-3.205908996357251795e+00
-2.404331925962273075e-01
-8.308046867577651540e+00
1.277059485763541780e+01
-3.373193120723290583e+00
-7.466164714871045938e+00
3.345656774015161261e+00
1.136780113402843817e+01
-1.786667575382018924e+01
1.075039340617553130e+01
-5.182805198908192246e+00
1.271317157445824897e+01
-2.282575188051053772e+01
1.851127452201948387e+01
-2.263468767513771684e+00
-7.090869048353396487e+00
2.041757708987697040e+00
3.336930765831398915e+00
4.130753914050774966e+00
-1.595278442186844714e+01
1.468457185376219343e+01
-8.125145797571895478e-01
-7.205539481867303309e+00
-2.515241940008294819e-03
9.503190846713801321e+00
-6.545111684641643279e+00
-2.628358453979051212e+00
4.586455648572240751e-01
1.452683388953343524e+01
-2.445706555452003883e+01
1.819773560883157515e+01
-7.330665635594141527e+00
7.935329086607704419e+00
-1.604581482337659182e+01
1.416361948387974579e+01
1.193723164164960604e+00
-1.305085212146680007e+01
8.704632653562583755e+00
1.768590430999518404e+00
-1.216895905652346954e+00
-8.652750399519504754e+00
1.053691842709545767e+01
1.137274991938874713e+00
-1.066080724370115895e+01
4.066683888861625462e+00
1.010179331737557717e+01
-1.376923965063807742e+01
6.295469850480634122e+00
-4.502620469701028583e+00
1.593767496781790527e+01
-2.633286378579530407e+01
2.059669174857899066e+01
-5.552005490035330837e+00
-1.357055712977410789e-01
-6.421470474382221738e+00
9.029235780295275404e+00
1.796871435263478034e+00
-1.346452915479801149e+01
9.964355116820675207e+00
3.738836855427565720e+00
-8.727965590299275433e+00
1.538849182457013853e-02
6.934113813071300036e+00
-7.078752272193886697e-01
-8.060649957861523163e+00
2.755159462253982561e+00
1.351741456399104635e+01
-2.179758405476457028e+01
1.502250000770826333e+01
-7.666607726776192955e+00
1.285378990311878944e+01
-2.197937210573062927e+01
1.795506902322655662e+01
-1.880786353999095883e+00
-7.610331270784429059e+00
1.571505302438535701e+00
6.645996276634671851e+00
-2.358069343130230422e+00
-7.967002867060406501e+00
6.953930947763153014e+00
6.402657559773729190e+00
-1.415610419753022953e+01
5.707697065856690344e+00
6.797482463081101045e+00
-7.232071603308012797e+00
-2.288495800971110938e-01
-1.784939954070692281e+00
1.632576224589072211e+01
-2.633416476994142386e+01
1.964593050225239423e+01
-6.952614696254475035e+00
5.501450426241880187e+00
-1.335124210175482418e+01
1.325344698476297367e+01
-3.476627480274441240e-02
-1.046302806793950424e+01
4.739749808388078023e+00
8.093114498484174746e+00
-9.926518936281041761e+00
4.958966453663089524e-01
3.230881865510547790e+00
6.059313587335946494e+00
-1.404970662904092471e+01
6.167601692263121826e+00
1.012037470742720480e+01
-1.604668250887438319e+01
9.105131862139753451e+00
-5.706271268583343215e+00
1.514662381846957473e+01
-2.475567267161164864e+01
1.898877969449416980e+01
-3.442524911836143175e+00
-2.850808225400859541e+00
-4.688148418301601339e+00
1.031439712403498632e+01
-2.786523830943701263e+00
-7.098610732621058794e+00
3.050935798946580846e+00
1.130565774658089495e+01
-1.699039296788495790e+01
7.482828727539977187e+00
2.283636189977537256e+00
7.857310438512490336e-01
-7.967276272690954286e+00
2.487849239552265335e+00
1.402141356482539081e+01
-2.286111724040323878e+01
1.561426305166127548e+01
-6.128468457664958180e+00
9.075977230356549796e+00
-1.780614358034339162e+01
1.515525209563716302e+01
-5.936665953338886581e-01
-7.855939498493282436e+00
1.105341673634132604e-01
1.117872527859950971e+01
-9.923005672370940999e+00
6.038712633495291193e-01
-5.646807997180980365e-01
1.253385498176248092e+01
-1.946628610373535651e+01
9.799643690090356074e+00
5.149876300633128956e+00
-8.075036814593852696e+00
1.209794111017524099e+00
-1.819302563230261072e+00
1.476212777259570075e+01
-2.415245061619901890e+01
1.702541109892301918e+01
-3.093015498643436612e+00
5.045946587353655755e-01
-9.154233317774622236e+00
1.194428864980888250e+01
-1.820062918197127289e+00
-6.816033960832528216e+00
-1.554375019141596148e-01
1.472883851886163242e+01
-1.816310542154970165e+01
8.455953191153527726e+00
-2.332216202269697725e+00
8.974560721892764548e+00
-1.568297070620365474e+01
7.386890122313900520e+00
9.724688810216697732e+00
-1.657718015705426851e+01
9.075479861239205803e+00
-3.305669240108852769e+00
1.038607661776777391e+01
-1.939585965428884862e+01
1.439328751179337473e+01
4.830785048735344311e-01
-6.243201225255156750e+00
-3.098641590907153187e+00
1.219419424494034487e+01
-8.051562402440929134e+00
-3.951463392009837428e-01
-3.421706724621662588e+00
1.746941431739895734e+01
6.785861558780961644e+00
2.437050774948271714e-01
-2.265990959619911038e+00
-2.829580563770415669e+00
6.790242182293917850e+00
-3.779767988343707419e+00
-7.145685490839288612e-01
-1.586430120637019714e+00
8.812075265802889135e+00
-1.136988439264417039e+01
6.146436478780591628e+00
-9.591643342527520488e-01
2.552028627146999185e+00
-6.436310965300925169e+00
4.020263486302793510e+00
3.890684350183730267e+00
-7.867848099623543590e+00
3.829938891767247000e+00
9.724074961164426156e-01
9.797658682282466280e-01
-6.204477057569860676e+00
5.852129216758806152e+00
4.167984301431770788e-01
-3.534795467940793579e+00
-1.430499816129891855e+00
7.845211249103218876e+00
-7.480420834242626604e+00
2.734601983709145756e+00
-2.571428508891139053e+00
8.452404362008312688e+00
-1.177771458740580179e+01
6.810399983954257053e+00
5.490965616278846717e-01
-1.502161789669290926e+00
-2.644945408987618318e+00
2.920824448354602865e+00
3.243580689491534219e+00
-7.825345658125053561e+00
4.335573662250845395e+00
2.182918729982969097e+00
-2.538794098928703669e+00
-3.008933758373293355e+00
5.540369273481175583e+00
-1.353487300895466650e+00
-2.269588156814378088e+00
-1.778972746626836132e+00
9.349505976187449718e+00
-1.095749487160979285e+01
5.786709622737745917e+00
-2.557146519138720819e+00
6.024018476593115068e+00
-9.713620438214569219e+00
5.961404809233817659e+00
2.068998584520151507e+00
-4.761231147494893179e+00
2.549939147490833946e-01
3.044923656427377168e+00
5.921202702129690909e-01
-5.560934710773326906e+00
3.701984348910182021e+00
2.905310635808267428e+00
-4.704739350820689836e+00
-1.124181487278445246e+00
6.555212288101873952e+00
-4.916559626739649858e+00
8.305829549422276692e-01
-2.808231519243765462e+00
9.854813498846606734e+00
-1.257693685057060229e+01
7.199368951757025847e+00
-1.219859481038289672e+00
2.115481910281463040e+00
-6.265305210744422482e+00
4.882436458702571258e+00
2.170473229344613841e+00
-5.812735104539713760e+00
1.369814109404558167e+00
4.307182934325537893e+00
-3.070091604019159703e+00
-2.468186307316520889e+00
3.315475595249500973e+00
1.848201688934318243e+00
-4.429807186529947316e+00
-1.036412537384908683e+00
8.403869131322082353e+00
-8.934348895097871335e+00
4.167230759293948594e+00
-3.144714348508889312e+00
8.315218449577958637e+00
-1.164937785912531254e+01
6.916617452470030791e+00
5.788317619018232829e-01
-1.681646470036179064e+00
-3.117595257444967682e+00
4.817222996927435830e+00
1.444192524060130545e-01
-4.413452108843946675e+00
1.064249610226086773e+00
5.545140730125236672e+00
-6.008863045221501054e+00
-1.938301574015954820e-01
4.182648330678604864e+00
-1.292532594622363584e+00
-1.933686017013150904e+00
-1.999454824965326782e+00
9.712408324172939089e+00
-1.164875004396939318e+01
6.247965038954323980e+00
-2.102683906889515786e+00
4.865104966365571215e+00
-8.835883282375553094e+00
5.993335268460349141e+00
1.364616249748243249e+00
-3.710191901112087631e+00
-1.502210135212961095e+00
6.070180065087853905e+00
-3.433709953571214779e+00
-1.613520463166818963e+00
6.065897541573139762e-01
5.304010786559324231e+00
-6.786120570516765760e+00
3.771144728523565526e-01
6.195436862923175525e+00
-5.529323307787196384e+00
1.422513641145157326e+00
-2.639944327953153813e+00
9.161937475738522352e+00
-1.193933642503421311e+01
6.588844939029261383e+00
-1.964442242512360048e-01
8.394872450356514193e-01
-5.703917362587404227e+00
5.788060635319412839e+00
6.548961788794915861e-02
-3.246051025055818329e+00
-1.476276716056518001e+00
7.757285030978692930e+00
-6.970831607838151811e+00
9.307674110948367385e-01
1.223307162708011209e+00
2.851690759456981361e+00
-5.123972134464200856e+00
-3.923298531038414971e-01
8.164986303363196640e+00
-9.118169388076095672e+00
4.013772139516052384e+00
-1.966466812056536728e+00
6.424596262585121842e+00
-9.987455629898240872e+00
5.929508975001221316e+00
1.174458211713973466e+00
-1.990013388361787428e+00
-3.726862837758265545e+00
6.969354410292210922e+00
-3.204365438823294276e+00
-9.122265328522967121e-01
-1.993471099090447174e+00
8.377895372486646508e+00
-8.791834105802234234e+00
2.003796954902419269e+00
3.198921524550107254e+00
-1.250999480218738302e+00
-2.037688814399275294e+00
-1.241460632751266502e+00
8.606601925329334435e+00
-1.059540449688607566e+01
4.964352116147477290e+00
-1.055203619643189095e-01
2.474956091077946674e+00
-7.118656862860207823e+00
5.632218650798495041e+00
6.628000673681317956e-01
-2.474843918646009833e+00
-3.381707171189371586e+00
9.001926758537921458e+00
-7.117404872703981589e+00
1.756611290275998272e+00
-1.707619540632259181e+00
6.832471945165996985e+00
-8.142081353246936715e+00
1.553540374514069011e+00
5.624880079672998967e+00
-5.410959906845102196e+00
8.436980608201389842e-01
-9.545781318816124461e-01
6.758810866041205401e+00
-9.647277704868727710e+00
4.636755573878232006e+00
1.730376673389756315e+00
-9.399246342090217254e-01
-4.931836030855683006e+00
6.674367289551365268e+00
-2.085040221698358565e+00
-7.605455792650606117e-01
-3.930439672976627996e+00
1.045984095613188103e+01
-9.892779215690037375e+00
3.309377592782964506e+00
3.422058237579639339e-02
3.212773638062137671e+00
-2.311502540357318480e+01
1.257565253518992776e+01
-2.525215159468965354e-01
8.230243050207541877e-01
-7.445582736889719833e+00
3.136503391567609711e+00
1.221480311034353861e+01
-2.057780048351918012e+01
1.243691488910931398e+01
-9.686952691782000358e-01
2.220489075306969706e+00
-1.139874495200073135e+01
1.118574640106857032e+01
8.220344779991171080e-01
-7.580958676450284095e+00
-1.916988607551703971e+00
1.582499806220684491e+01
-1.690114003448183055e+01
7.802241491602705636e+00
-5.931756849870120085e+00
1.594610847984551327e+01
-2.201022511256343606e+01
1.175030778021310596e+01
4.516194171374678490e+00
-8.630711973665945891e+00
1.109338259245397751e+00
7.858500834506099153e-01
9.773236821350268499e+00
-1.832509198439750620e+01
1.120975906725828430e+01
3.050296893051515745e+00
-5.774309413710675187e+00
-4.519946156385249658e+00
1.080951439985968676e+01
-4.069099881418733133e+00
-2.905131308542489244e+00
-4.580946917293992726e+00
1.987794955684869436e+01
-2.401559746846690757e+01
1.351165076050704528e+01
-4.886126722166619807e+00
9.196007993763512189e+00
-1.543406241757383768e+01
8.015095136328953984e+00
8.432755675745205792e+00
-1.495181065797124731e+01
6.119613574809171119e+00
2.300193952716886869e+00
2.563290784502732844e+00
-1.154263378943864460e+01
8.249023334532168406e+00
4.915539384323471594e+00
-9.407090747153041832e+00
-1.937695309796236387e+00
1.422829288264610881e+01
-1.288270133174466636e+01
5.049530659735841809e+00
-7.656832961135802584e+00
2.052778382641020372e+01
-2.574790964077867272e+01
1.445849588633477545e+01
-4.031760065118419334e-01
-4.045845206952767281e-01
-6.925522920132475058e+00
5.093651403942685896e+00
7.992174373819588951e+00
-1.530010335000701005e+01
6.363334734605133214e+00
6.485804897464357843e+00
-6.130030612958018210e+00
-4.304532475547979686e+00
7.254253042002440033e+00
1.735195726809681815e+00
-6.853867504448253989e+00
-3.747401312447662391e+00
1.925796383573268145e+01
-2.164731439307407612e+01
1.197294497210567599e+01
-7.771386008750239327e+00
1.573545641229605963e+01
-2.141626864255013629e+01
1.165285617091246628e+01
4.513521312129711305e+00
-8.479260450612555289e+00
-7.114148728762561547e-01
5.754266876543318254e+00
2.186440677446531922e+00
-1.017808873904274058e+01
3.849414604014631536e+00
9.758095541633906578e+00
-1.184159636167534480e+01
-4.404121277935599821e-01
1.015418191053053043e+01
-6.361613199581036326e+00
2.380670550264435414e-01
-7.117729660683697723e+00
2.201137311154820253e+01
-2.612537621804878185e+01
1.470530558621078399e+01
-3.994592892244793525e+00
6.778903996253495379e+00
-1.368054534770394071e+01
8.501989945994612441e+00
5.985198441134445879e+00
-1.132382187757479386e+01
9.415003997408772918e-01
9.845495682261983461e+00
-6.631635001724639267e+00
-3.051880983561664706e+00
2.270315820747257796e+00
8.561547148714140576e+00
-1.167021592981992129e+01
-1.167322044448651397e+00
1.571419487594639719e+01
-1.609737652189649992e+01
7.854832777062287441e+00
-8.375228130734335252e+00
1.954090169731460236e+01
-2.442052350520181392e+01
1.314523070575551422e+01
1.448661526774756680e+00
-2.368818066903273234e+00
-6.797364213328260796e+00
8.352166226756654765e+00
1.918320756167602781e+00
-8.178628458998108641e+00
-9.697751690002125446e-01
1.432165525040697140e+01
-1.407486076155434773e+01
1.899605854805207272e+00
4.362848050065380789e+00
1.841469933459221053e+00
-6.043375064619186610e+00
-4.488164085310884843e+00
2.029812193332731241e+01
-2.297829628094891063e+01
1.219976321771320826e+01
-5.618255838170892247e+00
1.192927603908612255e+01
-1.810091567462271556e+01
1.010578277413436865e+01
4.618717523949968040e+00
-7.431729546363550654e+00
-3.901519292414139528e+00
1.210422808849759946e+01
-6.448811584393321361e+00
-1.625792081481674423e+00
-3.059849652199706505e+00
1.525069329164973198e+01
-1.639291014713396422e+01
2.429806863008838747e+00
9.939564920347372379e+00
-8.075214571151205334e+00
1.640822823732302815e+00
-6.727866224334341005e+00
2.028916486288375864e+01
-2.404200088832865134e+01
1.206292815319374867e+01
-1.157064676988431295e-01
2.433996476219551397e+00
-1.111464858199254380e+01
9.239079334107033858e+00
2.508217622810288816e+00
-6.446487198755898262e+00
-5.092734464100887593e+00
1.749464529405305058e+01
-1.515201607191957400e+01
4.137629560982431620e+00
-2.006416429269395785e+00
1.048271624016688008e+01
-1.275713780155336075e+01
-4.637457995371115915e-01
1.590682771506871696e+01
-1.679269722451303437e+01
7.249295850763004090e+00
-5.168884784299308421e+00
1.457317779112383604e+01
-1.963831834207445581e+01
9.432806181888629737e+00
4.448177838761768754e+00
-4.434195016378466470e+00
-7.217507421212833840e+00
1.242295487468507176e+01
-4.852665328969512970e+00
-9.043851528906877713e-01
-7.568508447270382078e+00
2.053082438348739203e+01
-1.988679668685863078e+01
6.010730859060210207e+00
3.062932911058120489e+00
1.213157904722867109e+00
-5.678012201114624347e+00
-3.403680677895460249e+00
1.827049217338853992e+01
-2.051540551620600183e+01
8.555870607448834875e+00
-2.475132917067313088e-02
5.437239044899404128e+00
-1.309188018011211341e+01
7.970242326649207065e+00
