3.515243644628412323e+00
-4.876507436735296963e+00
8.906257450160996569e+00
-8.474809447489720426e+00
2.017222714466712308e+00
3.653943871603512861e+00
-2.870156492613042509e+00
-1.042107330762755524e+00
1.110219744128826402e+00
2.787935248575735159e+00
-3.915498475140913204e+00
-8.794762505306223943e-01
5.909734098212839015e+00
-4.545822558227005317e+00
-1.330243722976240051e+00
4.263617142142939187e+00
-2.148152992237243541e+00
9.295540567267221999e-01
-5.176516949580868499e+00
1.068612741396173504e+01
-1.026905318512595144e+01
4.229165357937882064e+00
-8.238546388752654437e-03
1.499036070459580205e+00
-3.820768816093848663e+00
1.182601580867119750e+00
4.009462397577276960e+00
-4.467109816927452570e+00
-1.108610659456606307e+00
5.775543654814529582e+00
-4.152209583046180263e+00
-1.639313026416768793e-01
4.385359361199956396e-01
2.913838759313138738e+00
-2.967885151037490399e+00
-3.100194666175341229e+00
9.281227647683312654e+00
-9.049144050103491210e+00
4.513765309462128172e+00
-2.938547622625633071e+00
5.886326422466861885e+00
-7.143804719369408751e+00
2.446340804546017544e+00
3.580778087841301804e+00
-3.737976346976452202e+00
-1.424432797300267062e+00
4.528831394113319142e+00
-2.143623053631007025e+00
-5.582256205481281874e-01
-1.934477105409120767e+00
6.721155611917785322e+00
-6.411622437501067751e+00
-7.305247409137294312e-03
5.482247802971534689e+00
-4.934875522813836568e+00
2.213210777722793843e+00
-3.765344558120721441e+00
8.591856203827779481e+00
-9.529823042883313278e+00
4.007548042572474323e+00
1.749990666186519661e+00
-1.417104826676654827e+00
-2.621004550761305563e+00
3.290749118906167947e+00
4.152774595767008137e-01
-2.001745034334531770e+00
-2.529179947480408863e+00
8.199251742444324975e+00
-7.868920587429203195e+00
2.365821288122875288e+00
1.004749482869986110e+00
7.175163802025990023e-01
-2.078373463308120339e+00
-2.136539093860938987e+00
8.525290450558397737e+00
-9.580027350149880050e+00
4.512977987402381430e+00
-3.831010396091805159e-01
1.855845354234818778e+00
-4.753475283438221233e+00
2.858898732492256567e+00
2.296261060908695306e+00
-3.352857089201440211e+00
-2.010448660655452358e+00
7.403422590615596377e+00
-6.761810842478388039e+00
2.778265502801813280e+00
-2.342408641094936517e+00
5.914499817996149211e+00
-6.733297374925523826e+00
1.067152548251716571e+00
5.779896648292932149e+00
-6.749397557201909592e+00
2.920434521974129005e+00
-1.453263360703459961e+00
4.752664971552313489e+00
-7.007623403258949502e+00
3.218799591442659036e+00
2.811252560048286053e+00
-3.550662372176145887e+00
-1.517719967731029573e+00
5.337658732227728464e+00
-3.681826926262998345e+00
1.070275957334216654e+00
-3.498565508933053625e+00
8.928869910394588771e+00
-9.835218995641229256e+00
4.143985150115177873e+00
1.631095547039341120e+00
-1.730673879925235470e+00
-8.378249671913704510e-01
-6.057808581821233496e-01
5.942246515858307987e+00
-8.106106917950112845e+00
3.560429356014006785e+00
2.178203937641972399e+00
-2.251616210025179310e+00
-1.928506029543203049e+00
3.307429502290331502e+00
-8.881531224002703340e-03
-1.826284493137735776e+00
-2.580315226064041845e+00
9.054708997725830599e+00
-1.007816503451362067e+01
5.406862208068392128e+00
-2.056801728988308930e+00
3.773857607624440558e+00
-5.672464765159320521e+00
1.963982837413372984e+00
4.831356176917473988e+00
-7.036270759577368139e+00
2.793329808258917968e+00
1.346924107870444143e+00
-3.514627771717929172e-02
-3.319898669772363142e+00
2.177011967574373319e+00
2.840254348806594997e+00
-4.435184176494967545e+00
-6.977856737075760485e-01
6.841777043779340595e+00
-7.366723383694886884e+00
4.019089616938732235e+00
-3.722624217024811610e+00
7.799462309741301169e+00
-9.761365041390389408e+00
5.017545732916705248e+00
1.949391998308764862e+00
-3.696345188938931603e+00
2.705821564838690740e-01
1.386533098444760803e+00
1.934027488858213406e+00
-4.926217611604656099e+00
1.939691427789008493e+00
4.120944935515122864e+00
-5.531859799490844054e+00
7.193828029769262500e-01
3.711177273810431387e+00
-2.820309819371074944e+00
4.048885563370651086e-01
-2.847800400760403416e+00
9.016959468533222832e+00
-1.138554079985234857e+01
6.849441929375196025e+00
-1.252075371950453153e+00
9.114532416108266366e-01
-3.693058706480998321e+00
2.784011181850203798e+00
2.594334256994132559e+00
-5.609542006406528003e+00
1.825321492029432724e+00
4.051397127585316227e+00
-4.757892902643802380e+00
7.120367553259336901e-01
1.174663932958315282e+00
1.806227301602847390e+00
-3.969839219716247758e+00
-1.693529743320905112e-01
7.329377969933998926e+00
-9.757668980023581184e+00
6.149020627473515077e+00
-3.103181913435062000e+00
5.075382905555104074e+00
-7.820323153147341166e+00
5.058885941879022852e+00
1.635696098179058477e+00
-4.571433524394249659e+00
8.666369845446038056e-01
3.547810084583692181e+00
-2.734154775206215415e+00
-7.252324069993236755e-01
7.772245194088789333e-02
4.974370418744124223e+00
-7.324706906057869560e+00
2.734636287404121902e+00
3.867239962420483401e+00
-5.418858068898526170e+00
2.703987113221472782e+00
-2.567568687928860616e+00
7.174329937987899974e+00
-1.042158091321414126e+01
0.000000000000000000e+00
1.396235543028262072e+01
-1.421560249652835850e+01
6.077741736643282877e+00
-4.965238248582763525e+00
1.303407828712389005e+01
-1.622335719726386927e+01
6.024517421588699406e+00
6.619493715626937558e+00
-6.276207086563248438e+00
-5.060556537515943809e+00
1.142016153315776705e+01
-6.414895676009287229e+00
1.926485541804585200e+00
-9.211117894185921529e+00
2.083247479849696049e+01
-2.062874902736949068e+01
7.177171366364891725e+00
3.981424976514833514e+00
-2.685387693792838704e+00
-1.972522340061901858e+00
-3.436518543094742917e+00
1.549290918187091570e+01
-1.827590521722499162e+01
6.955982574710504629e+00
4.436441093009879211e+00
-2.776685401307928736e+00
-5.954508996639304996e+00
6.754352577180270600e+00
1.338677051931655981e+00
-3.692001250374718158e+00
-7.618785272817834020e+00
2.094905581669083006e+01
-2.106152561489956554e+01
1.052647057754653659e+01
-5.048660294768992252e+00
9.889842253139752515e+00
-1.250623159320679711e+01
2.237225875402899078e+00
1.248553497943905555e+01
-1.533332905519952760e+01
5.366147237683704496e+00
1.970967982930999618e+00
2.469152923899395446e+00
-8.817462152157952815e+00
4.110046780424226220e+00
7.151504128438907593e+00
-8.707798249313116301e+00
-3.709590315654462067e+00
1.578329781858217729e+01
-1.503205480206361422e+01
8.100826065061838221e+00
-9.531117488124317916e+00
1.905080293442308914e+01
-2.142796419102501204e+01
9.248277406140177348e+00
5.280331521615625689e+00
-7.241436656145737949e+00
-1.972285128969435419e-01
1.682571476803248700e+00
6.798378730395437941e+00
-1.191348220250768541e+01
3.429079214935367492e+00
9.463268379335701752e+00
-1.050612143167349899e+01
-6.114258339050362423e-01
8.498774943861697295e+00
-5.012274877508708926e+00
7.608573507884419662e-01
-8.207643468145086274e+00
2.177324195841341137e+01
-2.486744281363433728e+01
1.371291609680611856e+01
-2.751690490867472860e+00
3.649212039508401340e+00
-8.994051808237758294e+00
4.666674202489759615e+00
7.852182814736900163e+00
-1.273157546208337187e+01
2.975081787886149076e+00
8.850758789992134723e+00
-8.388462543382573244e+00
-4.197435867686332145e-01
2.463832689745602877e+00
5.118036220219188692e+00
-8.308213938353095074e+00
-2.644910102979576294e+00
1.781260861878933355e+01
-2.104598248372919045e+01
1.262133482884555136e+01
-7.741767323995646599e+00
1.339494139563537090e+01
-1.810963551682808159e+01
9.802505528157546166e+00
5.022228084238657964e+00
-9.580189559405946298e+00
6.136915045545645597e-01
7.411270247052783589e+00
-3.799517948372081122e+00
-3.135569706060031603e+00
-4.303147020634705555e-01
1.196748400187842698e+01
-1.521393521192509013e+01
3.686406631476043749e+00
9.695864771892329870e+00
-1.116916370826610638e+01
5.427502387222058466e+00
-7.255794779323200494e+00
1.827886429649151268e+01
-2.371237570722326637e+01
1.415222093569736295e+01
-4.849582199299040663e-02
-2.785611541302986716e+00
-4.647433779550770083e+00
7.299677305908041092e+00
6.468937837245949396e-01
-6.833695299290020841e+00
-5.188941555512093240e-01
1.414332622091323088e+01
-1.725376230987307480e+01
7.237583486684968648e+00
1.384431605180837188e+00
1.114870715323481587e+00
-5.553426477100956049e+00
-1.554099655958419479e+00
1.661806521825017313e+01
-2.293755391973309798e+01
1.445268171828531933e+01
-4.235187360928942546e+00
5.217349480309503740e+00
-1.176382029226374470e+01
9.277121590047777033e+00
2.761634047378960233e+00
-8.917895664474986717e+00
1.641238688217043773e-01
1.262231761311171319e+01
-1.411505445162873329e+01
6.154549050531093357e+00
-3.688509101356339137e+00
1.141697073130087858e+01
-1.616352369945994027e+01
6.487914873025207640e+00
9.616618797324408163e+00
-1.541939393225872124e+01
8.930360860311045812e+00
-4.597120914784777135e+00
1.100871522296871774e+01
-1.795513981047080421e+01
1.211736584863018429e+01
2.078873413728788755e+00
-7.726729890715686722e+00
-6.658610078061979465e-01
9.857226274483924300e+00
-7.793834179966038889e+00
1.091583211816908205e+00
-4.197262858624900339e+00
1.660310917687462151e+01
-2.232964545922216359e+01
1.277529870082159746e+01
8.028044682987953706e-01
-3.647416115707939888e+00
-1.536211346315029314e+00
-5.755145752277002202e-02
1.195151967809164439e+01
-2.008712074790057045e+01
1.323503904223656846e+01
1.176802853292588935e-01
-3.571381731939029969e+00
-4.025134863426437448e+00
8.173599094746231586e+00
-1.340481802021667335e+00
-5.312924771087752518e+00
-1.335363985190679781e+00
1.608352822074642674e+01
-2.192724948014604536e+01
1.400007849188543219e+01
-5.681107463224008391e+00
8.079823352480392629e+00
-1.356506914996589686e+01
7.822842836728907123e+00
7.658661024007564322e+00
-1.640619947845145532e+01
1.021164908765214641e+01
-5.518921184865197560e-01
1.387869433997611868e+00
-8.942234814797654252e+00
8.376417991518602335e+00
2.841044573158106878e+00
-9.962285538110592142e+00
2.093278960249943310e+00
1.177979492812059803e+01
-1.565018544431230296e+01
9.238907475762546895e+00
-7.073023460533716111e+00
1.560340536791041544e+01
-2.271161791352265880e+01
1.543929710795164567e+01
3.439063673559086265e-01
-7.674300421508032599e+00
2.377324548424315509e+00
2.046833240011926680e+00
-3.659721966211591848e+00
6.846037511323830316e+00
-4.752290597684686091e+00
-2.444408425339728019e+00
7.236864013629107362e+00
-5.327461943764603802e+00
1.489932512778942897e+00
-2.167485200619720942e+00
5.885704465115081163e+00
-5.732259330897525373e+00
1.391255904879287186e-01
4.196552155031952225e+00
-1.749229946735056496e+00
-3.936432926138250910e+00
5.546459689594529507e+00
-2.607174716121735347e+00
1.695508988033028963e+00
-6.063259402647581453e+00
1.025543533257937767e+01
-7.865267961576929423e+00
9.881284016218252475e-01
2.661111124963461805e+00
-7.371575339714424580e-01
-8.604683392340035653e-01
-2.650572475192361388e+00
7.402078770010374953e+00
-6.474688456874389431e+00
3.385837839973070418e-01
3.431809706775339919e+00
-8.547699306980791611e-01
-3.106863065639567267e+00
2.347818607790594481e+00
1.135210912727997457e+00
-3.472133967597759163e-01
-5.900398889051510665e+00
1.065061137761090393e+01
-8.550208596417727236e+00
3.343286619133635007e+00
-2.086526491520653170e+00
4.744228076007342310e+00
-4.613692608428990205e+00
-1.143636375249670323e+00
6.664281020692579105e+00
-5.584855825691787068e+00
2.161203919764975723e-01
1.882779287536177293e+00
1.156578919243524517e+00
-3.243176873255183779e+00
-3.288908673033485996e-02
4.337979149189584938e+00
-2.744413620275357957e+00
-3.972820729765789594e+00
8.197599849158267560e+00
-6.282727188072433577e+00
3.364259962230684131e+00
-5.175382576892220143e+00
9.170623609531855180e+00
-8.246869566801898088e+00
1.545427906290997022e+00
3.785985363014122917e+00
-2.612750729878053235e+00
-1.130974430765379068e+00
6.969744726930113821e-01
3.311306657490357352e+00
-4.006579305055696594e+00
-1.116490474169767655e+00
5.888989697723476802e+00
-4.080178445817567834e+00
-1.743563787869140125e+00
4.177531979796190065e+00
-1.828413177657962851e+00
9.598259290688073708e-01
-5.592133087021052162e+00
1.092338392418283988e+01
-1.000443353544888581e+01
3.860047642185894468e+00
-6.024965117389702307e-02
1.841711607194835398e+00
-3.858648527467758882e+00
7.387624248875219735e-01
4.430081611208111170e+00
-4.425446863252907370e+00
-1.338833306038470061e+00
5.623103939286987263e+00
-3.607388124374520721e+00
-5.251309662520076138e-01
3.022251070928048122e-01
3.139201724119002002e+00
-2.762741719434984589e+00
-3.592438075457450086e+00
9.467534795810315984e+00
-8.769354798689587227e+00
4.279043977600551329e+00
-3.170424735132302718e+00
6.287442060214198492e+00
-7.136218333605484077e+00
2.026476042154364610e+00
3.840630290055510265e+00
-3.542675051449608592e+00
-1.654565060603158777e+00
4.286528482986500244e+00
-1.595318485535099917e+00
-8.113687244832594736e-01
-2.127948532290292238e+00
6.846812014369845656e+00
-6.061539454545728844e+00
-5.227215120413100102e-01
5.592807149519448018e+00
-4.657260957799028489e+00
2.125990359250326200e+00
-4.148422797427381070e+00
9.008937493655801987e+00
-9.474154920487073639e+00
3.650818668629617569e+00
1.818531217930277055e+00
-1.072396266164261647e+00
-2.849452578389059187e+00
3.004010653972617018e+00
8.915642858177699193e-01
-2.097601998256690248e+00
-2.787187592672448311e+00
8.235762155197308587e+00
-7.423904099979079518e+00
1.889026660371274868e+00
1.016426447169436198e+00
9.801440125183729091e-01
-2.022537267755055712e+00
-2.623357197786721162e+00
8.907399750367833491e+00
-9.468522429062341317e+00
4.240896981302947566e+00
-5.053223717990074082e-01
2.317645082607687534e+00
-4.964843627133554094e+00
2.565299365868752179e+00
2.640168414487108262e+00
-3.261251197093006038e+00
-2.333352015924287315e+00
7.371165708967775565e+00
-6.284096200952941302e+00
2.402770633921065713e+00
-2.447902040940677093e+00
6.153911738784028529e+00
-6.554188164910748071e+00
5.356574220152063859e-01
6.076230992337277925e+00
-6.574504764078067609e+00
2.739425525481048229e+00
-1.738076266627387234e+00
5.275580292209632205e+00
-7.173167077668674452e+00
2.941195113523459526e+00
2.988642376923167365e+00
-3.270229859269272232e+00
-1.891372539569641020e+00
5.258079471219367917e+00
-3.234615202878392992e+00
8.499199712228888703e-01
-3.730396767637912170e+00
9.140460910177937492e+00
-9.564646861875759853e+00
3.631036214955191355e+00
1.798817822603239858e+00
-1.490280577252294680e+00
-9.314298400227989383e-01
-1.005858207953699068e+00
6.457042628433595333e+00
-8.190167091772341479e+00
3.306496947356161620e+00
2.185229974816229159e+00
-1.813384577015941801e+00
-2.320183043266466960e+00
3.194745632924059553e+00
3.557572867687301965e-01
-1.856958853523341446e+00
-2.933400082101812245e+00
9.234974104336055589e+00
-9.755165063304538364e+00
4.972541680137934073e+00
-2.046647362802924697e+00
4.073064334068316583e+00
-5.687458293863521419e+00
1.504842534212416316e+00
5.268654105942864874e+00
-7.006369188899006062e+00
2.560775503949123788e+00
1.206348403383343371e+00
5.018448621946208776e-01
-3.680249417410303536e+00
2.033696851346534551e+00
3.090823385732535566e+00
-4.269378459757514399e+00
-1.148226097214899877e+00
6.984575651352965764e+00
-7.031211163289192712e+00
3.713136102536612082e+00
-3.881193162573601363e+00
8.140999399263458614e+00
-9.708231754181806394e+00
2.077459620674623864e+00
4.367413549287764596e+00
-1.295000669494144674e+01
9.344315320182428053e+00
4.199142456686109526e+00
-1.097207908425542655e+01
3.359507040096754160e+00
6.854744729527964431e+00
-6.482354532445555151e+00
3.404250874138685656e-01
-3.260423862239997916e+00
1.678259273973169030e+01
-2.550241068185634319e+01
1.884546325457092308e+01
-6.180648784036399945e+00
2.955789087645336544e+00
-8.454934912263013302e+00
8.067447993959039110e+00
3.606975208037840552e+00
-1.351681585979673272e+01
8.822793225272915763e+00
4.103025632180412607e+00
-8.578366091431329110e+00
1.333589631673070208e+00
3.930236480924601317e+00
1.904373845615847216e+00
-9.064769707095742035e+00
3.302497405533441288e+00
1.236433951176993951e+01
-2.104163633632198582e+01
1.571323994126231582e+01
-8.380874106494266229e+00
1.132439609155772509e+01
-1.857020822962574158e+01
1.518938446083123672e+01
-4.942454306071306647e-01
-9.609806979833646068e+00
4.949631846221668852e+00
4.775159208594295102e+00
-4.816476914482898053e+00
-2.969933808754178894e+00
3.759273359773806611e+00
6.957295310306354175e+00
-1.538557566147963129e+01
8.952250238472675647e+00
5.427602067938541275e+00
-1.138113444192815926e+01
6.546055934906723550e+00
-4.795966663305247124e+00
1.423293881955435580e+01
-2.401280608501023295e+01
1.987284981076010837e+01
-5.421011879521472565e+00
-2.492180753802519799e+00
-2.372584550922071323e+00
7.724801399187771977e+00
-2.189731192678213034e+00
-7.090224873171329989e+00
5.040173736374021551e+00
8.311412197789698197e+00
-1.676225112970616138e+01
1.071464618681037884e+01
-2.780112828710326056e-01
-4.785501479271019321e-01
-5.483496883454259674e+00
3.177481893216607567e+00
1.099248286756517246e+01
-2.249941822713584116e+01
1.899811306107358888e+01
-7.797221964392319293e+00
4.737341099831703595e+00
-1.106993820345945601e+01
1.259948804044301696e+01
-2.104895393639199419e+00
-8.634562138025490441e+00
5.418782918715498553e+00
7.602444885521370210e+00
-1.376595653815099674e+01
7.750068764584317371e+00
-2.219258179208234871e+00
7.708985294813358813e+00
-1.599461144238732047e+01
1.192782343455196248e+01
3.748634914442387167e+00
-1.459400438299427627e+01
1.160478186944026469e+01
-5.216344369153795846e+00
8.668704814617324672e+00
-1.774416642902156482e+01
1.714179496831369676e+01
-3.976267713279938221e+00
-6.736057680733630981e+00
3.071203685240103454e+00
7.199646543282133493e+00
-8.795073703771809193e+00
1.617284078166411732e+00
-2.200621505807900391e-01
1.101685855271106718e+01
-2.141494568109553853e+01
1.737590004186573367e+01
-3.595600517787612027e+00
-3.516447984999179432e+00
-3.991503673233069982e-01
2.326287895303218889e+00
7.379827792704760192e+00
-1.936562748573534165e+01
1.832419335690767426e+01
-5.525476491138750390e+00
-2.619183316841606768e+00
-2.051509138802760646e+00
8.615573640247751186e+00
-4.561481719011620584e+00
-4.727248694534451623e+00
3.696442529544538225e+00
9.856251956981687101e+00
-2.053500877223531518e+01
1.693738047023955673e+01
-7.313464331322856893e+00
6.343283538035501934e+00
-1.294133373914629281e+01
1.219028533814281445e+01
1.544875286202830766e+00
-1.491881158631285231e+01
1.406996146600123510e+01
-4.134153598063775803e+00
1.062447095360072424e+00
-8.037280156546481535e+00
1.150835484004049647e+01
-2.536682641412683736e+00
-8.603035052865493526e+00
6.615918337140468175e+00
6.644054036665885121e+00
-1.483986682091160958e+01
1.070697298531983677e+01
-5.659055753822097579e+00
1.146480766795967554e+01
-2.158462777605075189e+01
2.021561745876777749e+01
-5.772614667050051551e+00
-6.098674392307819048e+00
4.617261248520895478e+00
1.492154660682031952e+00
1.763154893775999987e+00
-1.200976021004024119e+01
1.384529185558766073e+01
-2.223335928190536492e+00
-9.017979239962333082e+00
6.436265118571658839e+00
4.252957642337797495e+00
-7.507385794981423111e+00
1.287474485895462539e+00
3.669920163848554573e-01
1.076561348002789131e+01
-2.353131121438970652e+01
2.267744539832212780e+01
-1.058079194367977038e+01
3.362359973022257975e+00
-7.256796421432173183e+00
1.028867633909002777e+01
-1.395622945638089973e+00
-1.176445498353996655e+01
1.313753725297167918e+01
-1.640419632050579946e+00
-7.054264951486411306e+00
3.023610418684096857e+00
4.358295498615476937e+00
-1.656152051447216778e+00
-7.602408880414561310e+00
7.651394532018827910e+00
5.922819928915341592e+00
-1.882987502137002878e+01
1.808709890345928528e+01
-9.948397818712377827e+00
9.437772448778375178e+00
-1.734365210502881638e+01
1.904828885075002276e+01
-6.932088640729817897e+00
-7.128389444355887505e+00
8.046193057618218347e+00
1.275981638851362732e+00
-5.045120978593371497e+00
-1.797598379335969110e+00
6.581251752281425560e+00
1.203488187477899096e+00
-1.297967804588934015e+01
1.263209889919013307e+01
3.247063121033342270e-01
-1.019329953256227128e+01
7.924285501772819096e+00
-3.504884957371307230e+00
9.747918126250908699e+00
-2.192367193814453330e+01
2.384814880661236458e+01
-1.161062608245933347e+01
-2.571894692835485774e-01
-5.645091305910723278e-01
7.172833619397599669e+00
-5.035828998630364595e+00
-5.383542367095429881e+00
8.866405743498109615e+00
0.000000000000000000e+00
6.334809651062931479e+00
-6.374993941054999169e+00
2.581032777734216133e+00
-2.055255334253150767e+00
5.787390344037734558e+00
-7.294446716294608279e+00
2.644840617642622682e+00
3.139298807565467975e+00
-2.965821116197801199e+00
-2.241713438725546403e+00
5.133489945802516274e+00
-2.778561378621681399e+00
6.612042832877764731e-01
-3.978909659539019650e+00
9.321221084012517366e+00
-9.254668466327618859e+00
3.122823282048317051e+00
1.929389014852534334e+00
-1.238931609664961409e+00
-9.915323924125076793e-01
-1.434613179668488225e+00
6.952138838862669701e+00
-8.233121742580051361e+00
3.047518887555112244e+00
2.158625028789511457e+00
-1.358844336146458387e+00
-2.679636498015226742e+00
3.041448389703834465e+00
7.174175717939843544e-01
-1.854343348040404127e+00
-3.291491576272174147e+00
9.375390428773901164e+00
-9.397775043095169423e+00
4.551906812082025411e+00
-2.070030365644273562e+00
4.368767834185822707e+00
-5.661122512019781006e+00
1.023189132644116039e+00
5.679681750900905435e+00
-6.942602223703949527e+00
2.337825874933426640e+00
1.027683449046778108e+00
1.046686459004717573e+00
-4.003123363352162123e+00
1.858642222419669476e+00
3.325997115851602626e+00
-4.070737289707593298e+00
-1.592455856744279696e+00
7.082997831759290541e+00
-6.670287812272776229e+00
3.429385490845288764e+00
-4.067376726854263325e+00
8.465494242135847003e+00
-9.610144341431229975e+00
4.078781122206128096e+00
2.523539973077634446e+00
-3.346698106173161769e+00
-1.367435990129832746e-01
8.505370575371196118e-01
3.053343395542637229e+00
-5.430317526068186851e+00
1.556362316464185103e+00
4.352523039311428477e+00
-4.825838062877497947e+00
-2.713315828491529302e-01
3.853361917048396812e+00
-2.178656243791031066e+00
1.445010880304913314e-01
-3.504594231640920654e+00
9.705560885414540095e+00
-1.112019014021617913e+01
6.012089777217543229e+00
-1.023911924740626533e+00
1.513341670165607944e+00
-4.052416310735273086e+00
2.125490061966971211e+00
3.597242245651727899e+00
-5.832416639059522012e+00
1.355568147329292872e+00
4.058960438132028337e+00
-3.816450860849268878e+00
-2.534248404890004913e-01
1.183731663652476396e+00
2.347233924601086485e+00
-3.882677784812649691e+00
-1.077583862114827928e+00
7.978514378594798728e+00
-9.402360925078351528e+00
5.489343939835779729e+00
-3.244635508105542243e+00
5.883292000929682075e+00
-8.115171049592923680e+00
4.363045942233398478e+00
2.395141603041503586e+00
-4.446487617153408678e+00
2.991302730076701444e-01
3.387560919441228613e+00
-1.697805972023420207e+00
-1.528032848876190952e+00
-8.939654321695389427e-02
5.398884332807974751e+00
-6.921973769670209720e+00
1.674081994949574215e+00
4.405392870614453393e+00
-4.994363735746587984e+00
2.270376042533925443e+00
-3.054858664298858439e+00
8.105830333080120909e+00
-1.061975156788357388e+01
6.261698464033090161e+00
1.700427453627030294e-01
-1.411735789954024600e+00
-2.059908014718991431e+00
3.306828556245054340e+00
3.528918197322106209e-01
-3.225608330193086459e+00
-1.225865777123153200e-01
6.361094900594160606e+00
-7.777452520362590604e+00
3.179725968345160858e+00
7.436879133335376757e-01
4.807411622477988367e-01
-2.614523147256184732e+00
-5.662709597471717871e-01
7.425677120337897286e+00
-1.028847498983940234e+01
6.371346751592682267e+00
-1.690021065470168171e+00
2.188447096064709996e+00
-5.257911656221371466e+00
4.162666656610674032e+00
1.349251688443033004e+00
-4.179592936793620872e+00
1.717077458523479372e-01
5.675468927563176891e+00
-6.320286665647278035e+00
2.625576213744505782e+00
-1.485740414779681107e+00
5.071854595464688309e+00
-7.317733211652443615e+00
2.948501575188217316e+00
4.370512581145667319e+00
-6.954203490110785424e+00
3.901661643422151826e+00
-1.873691055786971482e+00
4.826442382147308585e+00
-8.053878288267801722e+00
5.412275494884331906e+00
1.076519637047108180e+00
-3.644149736955777819e+00
-2.276348462899480118e-01
4.440304224039431702e+00
-3.450261029000472046e+00
3.149729253119568639e-01
-1.700415074150507522e+00
7.387843270870972034e+00
-1.003180785212309445e+01
5.676095273404300201e+00
5.017891668996654619e-01
-1.720213414212490743e+00
-7.593352956109638008e-01
1.046300581017978182e-01
5.318869596312864267e+00
-9.045393984467589021e+00
5.903488994510282417e+00
2.093503154381178288e-01
-1.757937884806268114e+00
-1.772252159542098138e+00
3.694528011497579811e+00
-5.346519888789296182e-01
-2.567591220269469510e+00
-4.376962986337827877e-01
7.170271175369443917e+00
-9.818140740340254524e+00
6.154372263359937811e+00
-2.345289808452359459e+00
3.504426150682532271e+00
-6.110182098712964915e+00
3.558672358477538378e+00
3.481795647045313746e+00
-7.442780561061573152e+00
4.555226941125797069e+00
-1.043323885185971633e-01
5.108367810418992239e-01
-4.023449164605601425e+00
3.795944967615178189e+00
1.351213796232441755e+00
-4.638171718291562939e+00
1.051801590796063390e+00
5.277180531929750451e+00
-6.992655814837370087e+00
3.982103175962441455e+00
-2.948258920483422862e+00
6.871441806296928689e+00
-1.017631814881102770e+01
6.892668821769211362e+00
2.893592239515100362e-01
-3.576637882903501264e+00
1.063659486578678148e+00
1.706802187774142165e+00
-1.393238624146398941e+01
1.309838871760570456e+01
-2.764269888864923530e+00
-1.553915310907934888e+00
-4.067346880734962866e+00
6.322532902623887452e+00
4.705686451642506540e+00
-1.953245696064609049e+01
2.198384069686400366e+01
-1.207939457741862022e+01
5.350042617062051420e+00
-9.765028178560703154e+00
1.456396627729442983e+01
-7.421676959130317108e+00
-5.875190957321255958e+00
8.840933093155122435e+00
1.926306323762492667e+00
-1.177021853423939390e+01
9.189568321190401790e+00
-1.850982505551715729e+00
3.876708688074528730e+00
-1.365135142523754297e+01
1.545955497283885549e+01
-2.724224051412858394e+00
-1.166356324743515849e+01
1.341168641062615130e+01
-6.697458973444696539e+00
6.637976582979685070e+00
-1.588188100492233268e+01
2.035537895949065046e+01
-1.055987646524563139e+01
-3.347079382479138943e+00
5.360451986030594362e+00
3.871690816940443369e+00
-8.977942403034672836e+00
3.107320334879749346e+00
2.171443138347915802e+00
5.041609914640130086e+00
-1.802647841245870453e+01
2.013292190388133562e+01
-8.529222809718739029e+00
-2.036287097165208948e+00
9.304113915879523855e-01
3.421028399645720697e+00
2.650241086001261070e+00
-1.633882156020163379e+01
2.138303738566944645e+01
-1.161288676667330577e+01
1.667988105881559324e-01
-6.530013503413250042e-01
8.080166562223011439e+00
-7.607026703871605733e+00
-2.242700207051410821e+00
6.714246809796338589e+00
3.260212126357552087e+00
-1.694213991157381471e+01
1.862211157314886378e+01
-9.642263398739133962e+00
5.205364611480565173e+00
-1.102476657364707613e+01
1.473007973747414212e+01
-4.840318122301036752e+00
-1.104475556198398500e+01
1.615883584253019123e+01
-8.190483625666695744e+00
1.812553156152020506e+00
-6.579185529034832669e+00
1.311690197693713245e+01
-8.030545373333762171e+00
-4.895176862631083203e+00
9.058035142135700823e+00
1.192075974043469877e+00
-1.247901679888249049e+01
1.193903684799688136e+01
-5.407047898304936595e+00
7.448257869737245684e+00
-1.838629582435940790e+01
2.282080675441492090e+01
-1.209724290409184988e+01
-2.566366035295976289e+00
5.872750936601827121e+00
1.055427222535927356e-01
-3.917569946630639066e-01
-9.497503780735392809e+00
1.628906194792950402e+01
-8.765184153869991945e+00
-4.837089865644375486e+00
7.903671819882397642e+00
1.164700032990863221e+00
-7.683389612729712326e+00
3.133441147695642748e+00
2.213889259213361882e+00
4.735904075428280180e+00
-1.925499760319619114e+01
2.446240531332264823e+01
-1.522357874719154758e+01
5.050849550446910641e+00
-5.933383863965560501e+00
1.111012344221078330e+01
-6.252135733754506930e+00
-7.853701691073768032e+00
1.519077277601406806e+01
-7.456390705788286333e+00
-3.838613749857386903e+00
4.052427218516247542e+00
3.806928531849600006e+00
-4.837848974719467066e+00
-4.357903330159634159e+00
9.751726975662126762e+00
-4.769913857399594725e-01
-1.460505851606499128e+01
1.908991482944985663e+01
-1.209412096454166274e+01
8.238914893631417158e+00
-1.491283803855712975e+01
2.087288797638407090e+01
-1.323772394706831257e+01
-2.462547824543590558e+00
9.216655579009408683e+00
-2.462718328653073385e+00
-4.221182076671267325e+00
-1.434016091773502311e-01
7.734220781674016720e+00
-4.313925193615441245e+00
-8.415748864203074220e+00
1.404119408537318847e+01
-4.763514497837967987e+00
-7.573571475861544222e+00
8.996460902227353174e+00
-3.431130362131991962e+00
5.649846073935684387e+00
-1.792428123539646379e+01
2.544416739419865081e+01
-1.761471510564140530e+01
3.747110339429423398e+00
1.736638092884459361e-01
5.874276898265523350e+00
-7.279182785382380949e+00
-2.229354735260251630e+00
1.043432255664567343e+01
-4.603634794802538011e+00
-9.099565776981425103e+00
1.375953144753385260e+01
-5.565946127459669768e+00
-1.746679499962692006e+00
-1.843801592411428381e+00
7.523487459628336538e+00
-1.206285479055160259e+00
-1.448876263039149848e+01
2.277730222827159423e+01
-1.632628448929673226e+01
7.166003770464267397e+00
-8.405455389647130460e+00
1.503347149959190254e+01
-1.227321802644713067e+01
-1.164443292523964502e+00
9.830556272453264910e+00
-3.462290142786617508e+00
-8.252541538402077492e+00
9.901554894135980334e+00
-2.463415910625649907e+00
6.411386732656438880e-01
-9.694919860393838462e+00
1.656265725475556394e+01
-8.750215828911246163e+00
-6.949956618822938914e+00
1.376919598313277504e+01
-8.649106603461813592e+00
5.392755845711284302e+00
-1.294099147924789861e+01
2.137061669813836318e+01
-1.660537605879066447e+01
1.970664914388851718e+00
5.621787740420410628e+00
5.217793623899531497e-01
-8.133296136382252683e+00
4.991447062947021784e+00
2.775210353481405434e+00
-3.359183732478077111e-01
-1.272891944156124389e+01
2.049105605377321737e+01
-1.313525937723199100e+01
7.409884262763082319e-01
1.890567157640385521e+00
3.253233679012303980e+00
-1.415388948561631111e+00
-1.161859673528038073e+01
2.191566140344553304e+01
-1.713544323116558843e+01
4.503586567789239936e+00
-3.806162322832584710e-01
6.848094435218879283e+00
-9.885651230442618953e+00
1.519491932031014514e+00
7.325439397041838774e+00
-2.635598390855514950e+00
-1.161450948613861378e+01
1.851894092473558828e+01
-1.213116663375823023e+01
3.469231094662228454e+00
-1.412587055563720106e+00
-2.919299522622654131e+00
2.469942095854268604e+00
3.479794931101754418e+00
-7.744342258318479111e+00
5.331608007091628743e+00
-3.452948432219442587e-01
-4.346024425318626427e-01
-2.337279555875896975e+00
1.815143923029009843e+00
4.353118280677207963e+00
-9.910936375978927515e+00
8.719357097491311492e+00
-3.492649226946062502e+00
1.650887268304301214e+00
-4.481470134580705533e+00
5.672872807430621833e+00
-1.284721835413528357e+00
-3.820332089094367944e+00
2.792728637006596681e+00
3.169270534631026592e+00
-6.449302231183180467e+00
3.924263459987042069e+00
-1.041206647918343720e+00
3.145286543299899762e+00
-7.102309940366214214e+00
5.785400754042585802e+00
1.196826895681623038e+00
-6.510873545182384703e+00
5.417991924863347464e+00
-2.203183641062828269e+00
3.307107074447045658e+00
-7.494979461660170372e+00
7.740740010400029014e+00
-2.009021071204110775e+00
-3.184933087092527426e+00
1.869064238762422336e+00
3.005999618959443342e+00
-4.232156499640547409e+00
1.045807770395835723e+00
4.166714590220876868e-02
4.558783697555663039e+00
-9.583708831949689255e+00
8.224923539991387145e+00
-1.944457319938084572e+00
-1.714960566396299013e+00
6.054957255635329272e-02
1.262839175258263946e+00
2.713314299841198984e+00
-8.321624136676456729e+00
8.329447599493642329e+00
-2.593192626265775846e+00
-1.524213643949767549e+00
-3.504903874347786719e-01
3.678650669509954341e+00
-2.315860248233932772e+00
-1.961518242778643284e+00
1.975674142834431102e+00
4.000898572916808504e+00
-9.241230712443332607e+00
7.985063217188804074e+00
-3.426142034910049095e+00
2.538191799246167779e+00
-5.543108182921025140e+00
5.724916847197553338e+00
1.672401725080401302e-01
-6.497393917761198345e+00
6.509309489862482145e+00
-1.885351379656517334e+00
4.350128177577516908e-03
-3.032282635050320696e+00
5.045980641040461734e+00
-1.374362204189061298e+00
-3.872209278735726734e+00
3.432149192804569537e+00
2.562931398279328921e+00
-6.740545693344341061e+00
5.118777775571833111e+00
-2.492055297193095154e+00
4.698794504757323409e+00
-9.421556167447645791e+00
9.331429819715072682e+00
-2.979509151836865932e+00
-2.755173177509116833e+00
2.373123271671305545e+00
6.869541976983777332e-01
2.768326099089115644e-01
-4.897922960604051745e+00
6.203785220164125924e+00
-1.201311235228773366e+00
-4.214126909534655852e+00
3.446529072803456550e+00
1.538486030275305172e+00
-3.505604166400181576e+00
8.033280015961472564e-01
3.863366054359178570e-01
4.302579269495799608e+00
-1.033309345055438655e+01
1.042828081808339569e+01
-4.968254753622622033e+00
1.269797631497500578e+00
-2.859806264260169595e+00
4.653838240341232613e+00
-1.102873974817234259e+00
-4.951734324252496044e+00
6.031994905026900611e+00
-9.207514335698601116e-01
-3.447799924484256984e+00
1.940429009383506820e+00
1.681930309704074311e+00
-9.346596392550385879e-01
-3.283040963536401069e+00
3.795232485529217659e+00
2.112331668071958823e+00
-8.302561770217941728e+00
8.359640751641542522e+00
-4.515389280647453596e+00
3.810958795252789688e+00
-7.331615403762471672e+00
8.595373377079157606e+00
-3.490484810702660923e+00
-3.089768653386602004e+00
3.911604636705158011e+00
3.907900265660195771e-01
-2.604502897342308554e+00
-2.772186647631915690e-01
2.821822975649193488e+00
2.943628921481433736e-01
-5.790818328015939542e+00
6.123964106248632966e+00
-3.514366335405259001e-01
-4.539820734697429749e+00
3.793179844946606316e+00
-1.477760505912847133e+00
3.830734817870037556e+00
-9.396765496603368462e+00
1.077228558613378873e+01
-5.465567689519163608e+00
-2.389083409835056349e-01
1.993083902001746566e-01
3.033821981412693436e+00
-2.601179296155740950e+00
-2.015734598422707080e+00
4.026586528368611084e+00
4.671488177016316912e-01
-6.299378234655615749e+00
6.371873193611012454e+00
-1.630802854203619479e+00
-7.949608147881610520e-01
-1.594718236029526892e+00
3.043751252977006327e+00
1.528380224365716522e+00
-8.406402810012421511e+00
9.984120261731980861e+00
-5.555240753415720434e+00
2.074200800768846609e+00
-3.826341033989614004e+00
6.361226627346355578e+00
-3.629806091485845432e+00
-2.420221143166411792e+00
4.211461324542346674e+00
5.186638071990805621e-01
-5.387815973991372687e+00
4.597420297535548706e+00
-1.067172917479306760e+00
1.507530677564167032e+00
-5.909512398942460720e+00
7.218594537632644581e+00
-1.768298393297709215e+00
-5.021167403259919837e+00
6.210598619727364600e+00
-3.044249438303141098e+00
2.513002288920317628e+00
-6.546579090195767670e+00
9.005664042816636794e+00
-4.977865931445525582e+00
-1.490170185206967313e+00
2.832740126546266168e+00
1.362393334590197735e+00
-4.169259680015198199e+00
1.791723882872580997e+00
9.233955441794905461e-01
1.908913458953936493e+00
-7.899427989844662434e+00
9.356315413318398555e+00
-4.273221963916201460e+00
-8.862589328082117746e-01
6.933955960827661302e-01
1.561194918202029047e+00
6.650615959324355231e-01
-6.818450194354881866e+00
9.559617187105207137e+00
-5.397221104187257978e+00
-9.951608624580599027e-02
2.692763266653253051e-01
3.256578845908260966e+00
-3.571106186930567361e+00
-7.286419022090351305e-01
3.159262447261482087e+00
4.988002933597003974e+00
-8.420571181207638034e+00
1.520089675042555122e+01
-1.046289793094796039e+01
-5.375620930374516604e+00
1.597046029363349007e+01
-1.195495546987220159e+01
3.680843957697469193e+00
-5.143645069981655382e+00
1.315673892309439807e+01
-1.273349865529470826e+01
5.015427772512985882e-01
8.961235873951309827e+00
-3.633714054153286632e+00
-8.785774010151680358e+00
1.239387005996266566e+01
-6.133029317659547175e+00
4.255654708214263948e+00
-1.379403487390260707e+01
2.287808921090402947e+01
-1.758671465011286017e+01
2.485469235593824155e+00
5.638547668924344336e+00
-1.654843623312448386e+00
-1.655885417238944335e+00
-6.069920938033285474e+00
1.642017774754780390e+01
-1.437250489202004999e+01
9.717541763316009940e-01
7.296090901522391370e+00
-1.749140268925607700e+00
-6.856126673220819256e+00
5.266776051156571548e+00
2.187869374388291988e+00
-3.363088218010648056e-01
-1.337019646960000685e+01
2.378469445697978202e+01
-1.925165043125765152e+01
7.891795800093805546e+00
-5.039431745809569207e+00
1.063886021534234416e+01
-1.016308892069663727e+01
-2.517840538800244943e+00
1.463654313794512873e+01
-1.235290900916711010e+01
6.866195596902331388e-01
3.924928750300056279e+00
2.605984184882049526e+00
-7.081367103912078242e+00
-4.945584712341144495e-02
9.356030360496532694e+00
-5.789703684040558684e+00
-8.948906057728459373e+00
1.828551857877393161e+01
-1.426203539111524421e+01
8.003450719877328368e+00
-1.194343456398216219e+01
2.054891192868493732e+01
-1.840408567433734888e+01
3.671959214048862385e+00
8.085196684881996276e+00
-5.679740917571773018e+00
-2.366133402896000604e+00
1.401565388327969508e+00
7.272009075180111637e+00
-8.717677787126406841e+00
-2.474474364861152242e+00
1.287197515748968613e+01
-8.916984379849534292e+00
-3.823453793694458369e+00
9.254637876190876966e+00
-4.324874013582052257e+00
2.606129414050201820e+00
-1.279665189848334705e+01
2.443822379710377746e+01
-2.242309100628186869e+01
8.982803758576503483e+00
-5.833837373213954791e-01
4.288514346390620346e+00
-8.521092980389246563e+00
1.640197754694877830e+00
9.630775770134826885e+00
-9.604212799660212241e+00
-2.975217157928310208e+00
1.235144848472005030e+01
-8.020908701670270702e+00
-9.575240661959973920e-01
5.398427639145282342e-01
6.805885343032678669e+00
-5.813259760040800472e+00
-8.180450979173546244e+00
2.110881649346427480e+01
-1.970354986482022852e+01
9.985733417914495647e+00
-7.535416266363204052e+00
1.420006259486620870e+01
-1.590132388762994253e+01
4.657763965609818868e+00
8.199566247072333169e+00
-7.610901184291259725e+00
-3.680634051319536582e+00
9.449128971346432593e+00
-3.678492397837170635e+00
-1.482653408681807505e+00
-4.928861927500260087e+00
1.514350754202243365e+01
-1.333248918803605676e+01
-1.133725480572735478e+00
1.234277663523362456e+01
-1.050288726586817845e+01
5.158111009148418802e+00
-9.639575898503442986e+00
2.020837454753137052e+01
-2.115734628586457688e+01
8.395676950854827680e+00
3.614951082149505002e+00
-2.107367150385754506e+00
-6.342958863292770033e+00
6.667962135350991915e+00
1.749951036417446204e+00
-4.289826129923296705e+00
-6.406328735755826287e+00
1.829868019245828492e+01
-1.653535539454266967e+01
4.441393786251200737e+00
2.009074137828959827e+00
2.140262687951839382e+00
-4.200128339015344103e+00
-6.076667546062579639e+00
1.985988951916258571e+01
-2.113926357617032181e+01
9.768713289670813538e+00
-1.578472737446431573e+00
5.406839940459858163e+00
-1.104997576772044532e+01
5.762896975519347542e+00
5.566005952275603796e+00
-6.878338266435044979e+00
-5.356930950215184950e+00
1.640160272621975679e+01
-1.412666435835784995e+01
5.735224903359296356e+00
-5.804641637815718624e+00
1.375207384084913897e+01
-1.445597432060000642e+01
1.180808777645994345e+00
1.338346388021553501e+01
-1.463203694370305463e+01
6.405372937971830716e+00
-4.260705129632553323e+00
1.190814837020645811e+01
-1.594770543583139144e+01
6.658559889009811883e+00
6.299009199894132216e+00
-6.941001361464057773e+00
-4.299345561049023878e+00
1.169389914371798511e+01
-7.411668021125845662e+00
2.345142847366286087e+00
-8.682171541482407662e+00
2.045245741602866474e+01
-2.131614517869348191e+01
8.296317325055476033e+00
3.681677584592443875e+00
-3.214486755147801578e+00
-1.859474310575102152e+00
-2.487275800695454286e+00
1.439956201004984138e+01
-1.816522813388176871e+01
7.502267956923828862e+00
4.508809004836212608e+00
-3.776340845455852246e+00
-5.164195536866211356e+00
7.080975820860231806e+00
5.562113580124474765e-01
-3.697692725145387715e+00
-6.843827501078564524e+00
2.064955767954591437e+01
-2.184567527454645131e+01
1.144999000740485684e+01
-5.009417690268208823e+00
9.260664398398615660e+00
-1.257812541229645831e+01
3.299595323451966600e+00
1.157536253175559793e+01
-1.545361682254602087e+01
5.831741354459108351e+00
2.377698975232220846e+00
1.267736641828129729e+00
-8.099646567875304015e+00
4.475911327995455657e+00
6.652512758903120549e+00
-9.148328448585068884e+00
-2.738536223145927373e+00
1.556634347955301756e+01
-1.581566989189073169e+01
8.719331361990660056e+00
-9.131124277961177427e+00
1.835253683397561275e+01
-2.164975846138118243e+01
3.429692393184620158e+00
-2.575850444599532274e+00
-1.633143161197870619e+00
2.078344827026189279e+00
3.649523280953183679e+00
-9.229743448087704749e+00
8.427333880453044657e+00
-3.785988865775171686e+00
2.421468381764018574e+00
-5.280168023701971691e+00
5.877539202183042377e+00
-3.582246944975100433e-01
-6.183057494416565270e+00
6.664006965209950728e+00
-2.060066100487970786e+00
-2.844068437972664398e-01
-2.488019073394785785e+00
4.845099897500732666e+00
-1.625483242000237194e+00
-3.703670941912233339e+00
3.722478230912082964e+00
2.159108429042988053e+00
-6.777535255171215134e+00
5.533672223059069140e+00
-2.694363285757338300e+00
4.443719537570061107e+00
-9.169629192794131356e+00
9.560639048171207577e+00
-3.473062475130022531e+00
-2.586667228331212431e+00
2.614816433716816935e+00
5.808790581376621631e-01
-1.166305728027552391e-01
-4.367528881273637253e+00
6.092491773818235146e+00
-1.440075312111092298e+00
-4.207186011910697410e+00
3.891260044436935406e+00
1.119658969105306934e+00
-3.583837078063838000e+00
1.146187181024197921e+00
3.687806425971774660e-01
3.922751081262611184e+00
-1.010572720959203430e+01
1.070436044290799416e+01
-5.375640600517046508e+00
1.265584763735378093e+00
-2.538054512312356348e+00
4.607163462574366264e+00
-1.542748587286317363e+00
-4.509089900435998111e+00
6.048063089591837915e+00
-1.152966019873889802e+00
-3.578352919394838239e+00
2.479189127349546773e+00
1.300556026504075202e+00
-1.055965072812442784e+00
-3.039438984266690458e+00
3.964260659385165475e+00
1.639339581182603034e+00
-8.116581780648711941e+00
8.653863014957277500e+00
-4.795972510129285382e+00
3.629775297143104318e+00
-6.952273122758863444e+00
8.602503838631074373e+00
-3.922921608024815043e+00
-2.793888718381149605e+00
4.077289445510215771e+00
1.589702240295931546e-01
-2.832203306294844403e+00
2.791478273787888487e-01
2.537327239869628048e+00
1.202452517993988224e-01
-5.652891686962936646e+00
6.453801060862321748e+00
-8.685215740501837089e-01
-4.415668260484087781e+00
4.081314179022823119e+00
-1.608145234010562863e+00
3.490738716123626517e+00
-8.995343159256051990e+00
1.083228978772827844e+01
-5.848233214257476220e+00
-1.242965832577516000e-01
5.129364494180601586e-01
2.804436453301143661e+00
-2.881790107816909696e+00
-1.518928111965412331e+00
3.892853959339801495e+00
2.286472873313622478e-01
-6.255147158350029990e+00
6.812431331420936154e+00
-2.129406100990120621e+00
-7.558967223826065229e-01
-1.329383224510428230e+00
3.067568260685377801e+00
1.067551775881883547e+00
-8.026542714007991464e+00
1.009896089462940871e+01
-5.859969286189356197e+00
2.001017614359198227e+00
-3.392698156997104419e+00
6.149128561009353788e+00
-3.926050030751833564e+00
-2.045698343834430943e+00
4.263346326220155191e+00
2.114281173194743069e-01
-5.414523827319777993e+00
5.083401887138379927e+00
-1.479463236354261024e+00
1.438558092548795742e+00
-5.674842893151962997e+00
7.381003718011148962e+00
-2.296368312738581885e+00
-4.708908112152373704e+00
6.382202425499741594e+00
-3.256361526827142416e+00
2.271163884168317271e+00
-6.042902476057131267e+00
8.837474933016144618e+00
-5.265492019119806244e+00
-1.275457166546346777e+00
3.075912546795898539e+00
9.977659632647570831e-01
-4.243555579697513735e+00
2.255739998233910359e+00
6.587283327079325179e-01
1.715181082744780650e+00
-7.695966425291942414e+00
9.624698877816660669e+00
-4.805106646645992186e+00
-6.844403279968140907e-01
9.210217519151912002e-01
1.445157661590281917e+00
2.932546553231092368e-01
-6.307766015461726994e+00
9.467620573512347093e+00
-5.665165282510786326e+00
-5.325928356808828923e-02
6.768519227381211145e-01
2.865747165050868350e+00
-3.677970824635058200e+00
-3.424706731051312403e-01
3.084241428057234113e+00
6.936497525166613887e-01
-7.279556362344365539e+00
9.019435879921680055e+00
-5.100193694469366434e+00
2.226215204449526031e+00
-4.320771467794836340e+00
6.651544420895119991e+00
-3.128425720997477733e+00
-4.140170292008681585e+00
7.364981549061444532e+00
-4.077005862412788062e+00
3.982386161362998500e-01
-1.816232975955876849e+00
5.206074197567556183e+00
-3.911297926495321153e+00
-1.785839409660719079e+00
4.522455110161486047e+00
-3.990316809865581682e-01
-5.362363131030499552e+00
6.020638001374742920e+00
-2.914644066140787082e+00
2.893282598107890902e+00
-7.545106053362555798e+00
1.039148489570884593e+01
-6.331212624853072235e+00
-6.564394723394534337e-01
3.031202230281635934e+00
-3.252224633872051740e-01
-7.763436863302497493e-01
-3.125282572105103185e+00
6.827945768169179530e+00
-4.302776364795573905e+00
-2.016664435945709322e+00
4.329428703445573845e+00
-4.823738682242519893e-01
-3.319522472384045297e+00
2.008497513364563947e+00
8.354094090490968849e-01
1.377506239811778110e+00
-7.920710873514364536e+00
1.122363347645587339e+01
-7.593684815105593344e+00
2.381719463190400177e+00
-1.993749255482048399e+00
4.635668008915889260e+00
-3.485368104259557231e+00
-2.550358312581738840e+00
6.641384688131550362e+00
-3.806523836079068523e+00
-1.783828211575992695e+00
2.810562229242556054e+00
7.562304727797322101e-01
-2.186096798805531094e+00
-1.453210721585604936e+00
4.551550818803294263e+00
1.029387895133834441e+01
4.677201252702657186e+00
-7.632055332752139876e+00
2.031032859799726253e-01
2.325470179508931423e+00
5.564761643621809029e+00
-1.138895915724069141e+01
3.847693746151846561e+00
9.258915817988848218e+00
-1.132177190919048826e+01
4.610680113406049330e-01
8.380755086927827335e+00
-5.714745619632882523e+00
1.005230566201881004e+00
-7.468670646432245874e+00
2.105455448166078369e+01
-2.520408574553445646e+01
1.462943783332081438e+01
-2.969420341618774994e+00
2.990851502499363601e+00
-8.652255745534546350e+00
5.434989020715261354e+00
6.758186103870343686e+00
-1.251221525438636917e+01
3.472412949078710565e+00
8.901557366854509823e+00
-9.457560344193105095e+00
6.213941056247795913e-01
2.479229816527972474e+00
4.546854312564571288e+00
-8.454621041486172217e+00
-1.634414417384240537e+00
1.713730973896424103e+01
-2.146573412725160424e+01
1.332402686915998657e+01
-7.549667692653613038e+00
1.251773590727151131e+01
-1.783792967983812972e+01
1.059650564558996777e+01
4.209037385892962391e+00
-9.739338367132418739e+00
1.206441762786401029e+00
7.647616578179593283e+00
-4.962191158558004744e+00
-2.277059577415687652e+00
-2.347807046624517113e-01
1.154165833547224018e+01
-1.571061638435218022e+01
4.857989276210348706e+00
9.139170897108103375e+00
-1.164633067274150591e+01
5.864738499651521941e+00
-6.682648891051939266e+00
1.727158321087258841e+01
-2.354030626214542821e+01
1.489725016322894291e+01
-4.931766501396148694e-01
-3.336588765219699937e+00
-3.971698068682667504e+00
7.647929136449702625e+00
-4.446092970384558640e-01
-6.297982018321262032e+00
-1.000670636867070085e-01
1.384642648056932046e+01
-1.800945052931050938e+01
8.426876000718504400e+00
1.026927713181830626e+00
5.977603160156492734e-01
-5.397630174988456098e+00
-6.749771995494278087e-01
1.559559516723990136e+01
-2.290438166808706555e+01
1.510236450855895285e+01
-4.285438553101881709e+00
4.327988326470970648e+00
-1.105649014470527902e+01
9.681787346573162978e+00
1.877611649525208648e+00
-8.802275822313902154e+00
8.243836660559935581e-01
1.242312517347602530e+01
-1.500595319489768897e+01
7.204081586213060717e+00
-3.771052740493431088e+00
1.086917502938179680e+01
-1.627009178944385326e+01
7.562271891051283390e+00
8.703347463291741803e+00
-1.556227422736010624e+01
9.461784953012411847e+00
-4.283332642261732381e+00
9.891763974110158841e+00
-1.730217918918722830e+01
1.255201013296833956e+01
1.486598430751514321e+00
-8.061372420897493285e+00
2.096664373848664553e-01
9.730096324669553098e+00
-8.690193885853915390e+00
1.855953488458655709e+00
-3.948891961055307043e+00
1.602986983553233813e+01
-2.264947501168261823e+01
1.391180977289118026e+01
1.164308734454158056e-01
-3.990495963381080813e+00
-1.130576892637621622e+00
5.480891853371447908e-01
1.075347798221607576e+01
-1.959188396054015868e+01
1.369940793390568956e+01
-1.584540811140140448e-01
-4.310541046736496185e+00
-3.013622810599658308e+00
8.115414108152489092e+00
-2.134255738453871842e+00
-4.938824759722292512e+00
-7.376014565471016304e-01
1.549491557911390949e+01
-2.239186684541496319e+01
1.505957119090166074e+01
-6.044107112272913085e+00
7.532892949625127343e+00
-1.328466006715541248e+01
8.623914673939800934e+00
6.534945709603478647e+00
-1.616547995354887135e+01
1.071806720702227267e+01
-5.391101936097486558e-01
3.561895562876795651e-01
-7.920268749446575107e+00
8.412805074577036635e+00
2.216036207264428626e+00
-1.002077857654580662e+01
3.006317087084173334e+00
1.120178644812633628e+01
-1.618724906656903428e+01
1.009511221304873452e+01
-7.050406987762333877e+00
1.487344647918706109e+01
-2.255255997357362219e+01
1.633118470599631777e+01
-5.659675868732350068e-01
-7.755449884422738194e+00
2.933195711838108011e+00
2.319501985264871280e+00
3.196526638278663235e+00
-1.206717014121075593e+01
9.521823596872167172e+00
3.760966157310844160e+00
-1.143345281710067951e+01
4.495128049108777724e+00
6.337538020773441971e+00
-7.032411232049018857e+00
8.996683444153008580e-01
-2.835542298244198456e+00
1.591656321315348421e+01
-2.546041071393548805e+01
1.972804099401269795e+01
-6.771327087832377245e+00
2.530267100056639684e+00
-7.861135700227610101e+00
8.468712646907153641e+00
2.459283499665906092e+00
-1.291528796519670763e+01
9.189417885743047520e+00
3.830765104320300374e+00
-9.348809537817649229e+00
2.548712400110022536e+00
3.548239464460269055e+00
1.375445470123833225e+00
-8.847478875473388626e+00
4.092724287140495854e+00
1.143539839999204233e+01
-2.111444158949458227e+01
1.650064227546624096e+01
-8.591660216515307980e+00
1.058195089876156558e+01
-1.797459056812638423e+01
1.568689332752986942e+01
-1.477274908807082454e+00
-9.393097848027860408e+00
5.530944795629618937e+00
4.629126693542532145e+00
-5.761516336568155872e+00
-1.845712729748191228e+00
3.599524057305392155e+00
6.455353318837323329e+00
-1.549933480880098458e+01
1.001610040892231090e+01
4.532633378382475264e+00
-1.157109385646656641e+01
7.174573891499474776e+00
-4.614790515414962435e+00
1.324671013203050407e+01
-2.347256483859609233e+01
2.041944805475676361e+01
-6.139264528020464518e+00
-2.703214540572318914e+00
-1.592539204920123908e+00
