0.000000000000000000e+00
9.102669157274915435e+00
-7.137779642481731024e+00
-1.963130790902499090e+00
5.548746814638258584e+00
6.817739097521169356e-02
-6.151837341559052597e+00
5.643486565825917012e+00
-2.511027705467267168e+00
3.304362294730345262e+00
-6.020676698314659347e+00
4.374229870073288673e+00
1.751425887643445201e-01
7.207005122159213517e-01
-8.625163014499987568e+00
1.362705038567317573e+01
-7.906948982717177721e+00
-1.822026862187462459e+00
2.527720010136921935e+00
7.020174621998255482e+00
-1.439248718528654081e+01
1.073433209991419091e+01
-2.247465575211828437e+00
1.623219772822634965e-01
-5.079284255904538803e+00
8.337787085289015465e+00
-6.244913228700680108e+00
4.440081403440382601e+00
-6.858475567913406401e+00
8.410867454810324162e+00
-3.791221664892045595e+00
-2.028429025059680146e+00
-1.291295985578077010e-01
8.942695666513079900e+00
-1.242830043871939516e+01
4.543574519318466010e+00
5.359615945678355864e+00
-4.928915759799606278e+00
-4.244902363185561356e+00
9.378005383635057868e+00
-4.433205142421694944e+00
-2.820990458912847831e+00
3.496411376716317854e+00
1.823393684815339810e-01
-6.437713978780905677e-01
-2.247925400900768977e+00
2.093747514763488304e+00
1.843572911422103555e+00
-2.045754681906077010e+00
-4.943120725410690142e+00
1.092769342482855421e+01
-6.926485547704163359e+00
-2.676990909165700927e+00
4.791298687870110484e+00
4.211311794273460585e+00
-1.301970347722537547e+01
1.093883580408918910e+01
-2.178660739308823313e+00
-1.183506151799049722e+00
-3.772305181392373363e+00
8.613988744978163581e+00
-7.506264473837138240e+00
4.944227877289367967e+00
-6.479074270184783657e+00
8.836427618421597074e+00
-5.849062943325576747e+00
2.632440405676352846e-01
-1.154419268306281943e+00
9.457652642181443525e+00
-1.435108019509013033e+01
8.019306943862067882e+00
2.242568695301311976e+00
-3.294774885840691780e+00
-5.722453466500676100e+00
1.243905540530662179e+01
-8.609414211321784194e+00
5.548810318840451394e-01
1.368508170039136829e+00
2.669323870390738485e+00
-4.575559892435436815e+00
1.991065752291210522e+00
-8.892478911398420394e-01
4.044026745112957677e+00
-5.232982860075386711e+00
-5.203778251782833486e-01
7.035935583641518498e+00
-4.682371920846968294e+00
-4.550562624190710004e+00
8.055321386979999332e+00
7.157221467460561648e-03
-9.902395517758556309e+00
9.494443783727470887e+00
-7.290548211005709600e-01
-3.992264346904313310e+00
-6.017212139946792604e-01
6.842333904472006623e+00
-6.964605720450689041e+00
3.883637252603891810e+00
-4.357505632212316016e+00
7.176760132558455574e+00
-5.835733388915665287e+00
8.415862889039398276e-01
-6.371417240269360294e-01
8.184366582874149643e+00
-1.425170665838052031e+01
9.678253737648265798e+00
5.304758820181971757e-01
-2.984248417332642234e+00
-5.611047197144095833e+00
1.382762613668809060e+01
-1.147110581239289750e+01
3.008103872415750946e+00
1.836671912245320115e-01
3.981236197572477487e+00
-7.423088161724931133e+00
5.601174087301235893e+00
-3.548260548511701806e+00
5.799022387578359528e+00
-7.816334813290842121e+00
3.555541258955067452e+00
3.004470468632510549e+00
-2.123442660201796617e+00
-6.540014946251483607e+00
1.137580208908266499e+01
-4.632716273875070456e+00
-5.908831922770646727e+00
7.147317875944390941e+00
1.391649206364813596e+00
-7.527330142342840702e+00
3.731702590671562625e+00
3.589882930175869902e+00
-5.065938242354819820e+00
1.682011583000067922e+00
-9.234224118989819985e-01
3.777953581139248840e+00
-3.941489021532763815e+00
-2.049596568202511904e-01
1.340909007262639729e+00
5.186237359136777414e+00
-1.207392199068733873e+01
9.309834535222137220e+00
5.021499803647397897e-01
-4.268894053770002195e+00
-3.596843115156090676e+00
1.309191588436847553e+01
-1.243726400612007410e+01
3.931772243216303586e+00
5.318107273337362439e-01
3.466365465476882513e+00
-8.399329978195922308e+00
7.710983344831847219e+00
-5.030534731363167644e+00
6.277345900107533794e+00
-8.891471571536060381e+00
6.268435574012317879e+00
-1.234051161055114143e-01
-2.344807530773477255e-01
-7.681696921168319037e+00
1.371579330318835233e+01
-8.600675066455359286e+00
-2.113046612080250686e+00
4.883974504184878995e+00
3.213588694898790621e+00
-1.075769825480191066e+01
8.179453234526931737e+00
-1.833945941256396317e-01
-2.668585507741713769e+00
-8.119333293932058382e-01
2.936547241692236465e+00
-5.130664202125427842e-01
-8.835920418002691790e-01
-2.258854718429771147e+00
4.164344757542885134e+00
1.085520905912133571e+00
-8.348132586151127299e+00
7.293671617121176176e+00
1.861083484420706702e+00
-6.848816715368624131e+00
4.779602985979236607e-02
1.037373141689950273e+01
-1.150106262729060091e+01
3.264008620010496742e+00
2.469366294884789426e+00
1.008142366521818545e+00
-7.237943358033016139e+00
7.930380758731017110e+00
-4.925725710229733600e+00
5.072436126482738672e+00
-7.966338004245128168e+00
6.979784402913756125e+00
-1.628584165035658504e+00
2.809734721411111802e-01
-7.271214804586623615e+00
1.427222135124793212e+01
-1.097291392246807895e+01
5.349934051277633884e-01
3.607892313482420121e+00
3.826073522998712395e+00
-1.267601895909017529e+01
1.165822702138500055e+01
-3.425366431473035433e+00
-7.567037718723601536e-01
-2.600398295936241944e+00
6.145505048054815234e+00
-4.600624691165958069e+00
2.325162611950172931e+00
-4.384901791052458364e+00
6.879916939816660637e+00
-3.116319568174294563e+00
-4.033978089035409553e+00
4.468268849246213037e+00
3.843719994563560505e+00
-9.942073076829789358e+00
4.532774106199458863e+00
6.366817137297427820e+00
-9.216150014526224510e+00
1.497210492699454054e+00
5.490360505020465354e+00
-2.922873673558976648e+00
-4.272949146917723873e+00
6.456159228970398622e+00
-3.391351350076759363e+00
2.345824737459055953e+00
-5.126778237571048891e+00
5.619099298046810631e+00
-1.326830883555996987e+00
-7.745085160471272268e-01
-5.102361492396989995e+00
1.273308715726086859e+01
-1.128497155294240883e+01
1.496884553753731861e+00
3.845239932119939752e+00
2.680217036552343224e+00
-1.261305839470314716e+01
1.337368653109632000e+01
-5.317555132960246844e+00
-1.158434773079977109e-01
-2.862526006060693184e+00
7.765973605990362572e+00
-7.468913163072384620e+00
4.697018987706467641e+00
-5.641620437436951185e+00
8.502473238367535657e+00
-6.339421195474673532e+00
-2.308787177564948223e-01
1.858497432714399489e+00
5.476297745212841406e+00
-1.252973189234005957e+01
8.781891341591784084e+00
2.105330333002474852e+00
-6.508532344893939836e+00
-4.900755790722728378e-01
8.677837277952598072e+00
-7.400373302079495730e+00
-3.334437378691377241e-01
3.993323532659867503e+00
-1.095743977331372410e+00
-1.210352151320090996e+00
-1.023085936422932996e+00
2.698938390280834376e+00
3.901049418293554005e-01
-3.030649496013340105e+00
-1.548667648465612334e+00
9.383845641759439360e+00
-9.664986281832522508e+00
8.010884064876528932e-01
5.572872570985888174e+00
-2.212413016203096383e-01
-1.044975799080118861e+01
1.305405774862613910e+01
-5.523772698623301558e+00
-1.073465867215303682e+00
-1.227266264693589903e+00
7.289317390472175973e+00
-8.484598272605323288e+00
5.577944311861402937e+00
-5.393638819841389598e+00
8.334523467671823838e+00
-7.753597076229048923e+00
2.153026662634603738e+00
3.481163346502449407e-01
5.898539623255148356e+00
-1.367952174687436084e+01
1.175565705871305688e+01
-1.351334618386494935e+00
-4.374009723641904657e+00
-1.725030793547168706e+00
1.098837357122730829e+01
-1.131660143733544288e+01
3.513507690797116112e+00
1.517777353391818185e+00
1.003137884761758691e+00
-4.580697825479253638e+00
3.319015749149868189e+00
-8.497551182003286740e-01
2.694964478668229191e+00
-5.670499900512893987e+00
2.538991146600347193e+00
5.029040263665328858e+00
-6.783451732358122932e+00
-9.820726744271430775e-01
8.223075892711463553e+00
-4.307583767011546882e+00
-6.660079798657578820e+00
1.102093987114682960e+01
-4.283806859558279001e+00
-3.386744277191442443e+00
2.093580609024161099e+00
4.794115872591890870e+00
-7.579113380412037415e+00
4.847398205098139456e+00
-3.525915814745981702e+00
6.198324479829745215e+00
-7.031066880416611653e+00
2.670173307026258769e+00
4.006537448210643060e-01
4.651388936394365459e+00
-1.284604863789821039e+01
1.276455025710319546e+01
-3.238738592854134346e+00
-3.556988767558989295e+00
-1.463503610792864951e+00
1.158037500111535678e+01
-1.371419347880186024e+01
6.291087787810781151e+00
-4.408438712081452771e-02
1.972838275369460437e+00
-6.739070403647657415e+00
6.804327885890387506e+00
-3.969989189066433610e+00
4.601905106119900779e+00
-7.695761115392350860e+00
6.087326635264487251e+00
7.532328798441860762e-01
-3.635819545908338668e+00
-2.936989606604701208e+00
1.086370152544302670e+01
-8.603309047956450684e+00
-2.170865091552357296e+00
8.075840975408258515e+00
-2.323329009256950073e+00
-6.313458471827487983e+00
6.354894768243042336e+00
9.237410247214512538e-01
-5.254192086449618770e+00
2.946647029269751528e+00
-4.916008583017577038e-01
2.506760010761087010e+00
-4.444766178479000018e+00
1.457240247213237083e+00
1.916542067488619994e+00
1.837318437804257965e+00
-1.005273142503000017e+01
1.167489070475001256e+01
-3.312551826289394263e+00
-4.312175502403747807e+00
5.585276406437391650e-01
1.008284014316045507e+01
-1.407202103416910788e+01
7.409169757507727994e+00
-1.173195979224467278e-01
1.215557916391809101e+00
-6.968300942545404553e+00
8.595692096751983868e+00
-5.806768735895378342e+00
5.291823453127482146e+00
-8.252450157392562602e+00
8.128573627238267818e+00
-2.404299271332581256e+00
-1.226709708627062190e+00
-4.108122800073319425e+00
1.249692372914417859e+01
-1.202040147784147983e+01
1.917675791104231475e+00
5.238812301937159965e+00
-6.091671143578176739e-01
-8.843973001740515372e+00
1.049568297846786358e+01
-3.309927327721712942e+00
-2.409773339188717500e+00
7.272351651823796281e-01
2.822163437079754367e+00
-1.850103742372864790e+00
-7.815562592789349061e-01
-8.247913864654132787e-01
4.271301613262548535e+00
-1.898094435275933023e+00
-5.897639853013386890e+00
8.943130929438542154e+00
-1.908644423979428018e+00
-6.324365188481895217e+00
4.025040502710986345e+00
6.719801518064941526e+00
-1.245592593448822427e+01
6.836284837703836104e+00
1.333671938168249138e+00
-1.326812391986916140e+00
-5.086671423547702631e+00
8.360928896211435202e+00
-5.967862208690784875e+00
4.382875874638821223e+00
-6.913790013710372939e+00
8.098755299214966286e+00
-3.759591617282665332e+00
-2.552443023300208225e-01
-3.817111726573764408e+00
1.238230249335326683e+01
-1.368849012261729925e+01
4.663534495163788485e+00
3.421930579635384717e+00
-2.784568322495450943e-02
-1.002138327552893315e+01
1.345693200481432505e+01
-6.835209015336054961e+00
-4.921051134654236270e-02
-8.320117447640442698e-01
5.368719686504672239e+00
-5.767981215039822196e+00
2.902305143210995642e+00
-3.214409058834288846e+00
6.522382269531854071e+00
-5.558274419453555382e+00
-1.380681888157528903e+00
5.468195894753176134e+00
1.798900298913130857e-01
-8.811575117845748650e+00
8.123955842007294592e+00
2.250866796432390515e+00
-9.487624643287942305e+00
5.093737590381902436e+00
3.790824722039904504e+00
-5.137222306465085708e+00
-1.509836883353168790e+00
6.362382033548260374e+00
-4.635674759361084973e+00
2.060369228648466056e+00
-3.830528285586567439e+00
6.012749909097653500e+00
-3.182100039337155906e+00
-9.004497735740502051e-01
-1.890954265256254097e+00
1.028199187643233081e+01
-1.321965432211488789e+01
5.562980019552504984e+00
3.140685502339533031e+00
-1.089489079157905493e+00
-9.248948467940310891e+00
1.450070805226003579e+01
-8.845126329474455318e+00
1.044811713635084738e+00
-9.495747267820737747e-01
6.270530448368506704e+00
-8.259023965843857340e+00
5.606646283731746117e+00
-4.765891132388388129e+00
7.719006302618835136e+00
-8.101576321615745258e+00
2.394308523890109619e+00
2.308555416354223677e+00
1.969142354396512751e+00
-1.077885047917012074e+01
1.178943107886334296e+01
-2.254023156837714925e+00
-6.142132146038584928e+00
3.074574557812841835e+00
6.346328738195608388e+00
-9.269651338385527239e+00
2.871550932702676029e+00
3.361703691280193862e+00
-2.495648735275739050e+00
-9.753837541927916632e-01
2.994929757834627893e-01
2.461192568443888451e+00
-1.119470960757286804e+00
-2.773967507121574805e+00
1.271348310800457515e+00
6.550263731528555233e+00
-1.082502961288793841e+01
4.691880584049007652e+00
4.354187759215018438e+00
-3.751197479130764290e+00
-6.487721054745779981e+00
1.343084773512109820e+01
-9.036267560756758854e+00
5.612064985505282877e-01
6.956287129141336401e-01
5.098586547123376889e+00
-8.747026436132408378e+00
6.691761733484041130e+00
-4.857886373928249846e+00
7.216782691889495283e+00
-8.765170124860485856e+00
4.549735698414409946e+00
3.530687029910035690e-01
2.609477303128962866e+00
-1.134245055792487555e+01
1.402692398597083212e+01
-5.735478920062616837e+00
-3.437833909686720535e+00
1.745296611804164399e+00
7.993163086296219966e+00
-1.263184684518030920e+01
6.960460858590387545e+00
3.705341554820545946e-01
-5.044956355853518204e-01
-3.727169356453538640e+00
4.433864077524189540e+00
-1.569900960200511175e+00
1.557937449833527666e+00
-5.054462134948771279e+00
4.815313067136079539e+00
2.038377992901515334e+00
-7.246811268880381185e+00
2.664726009099916304e+00
6.484354561626281210e+00
-7.416350456186018292e+00
-2.281647105157942335e+00
1.064641341946217956e+01
-7.687654920465275765e+00
-1.240962861788109439e+00
3.846315196785362378e+00
2.014481707008532574e+00
-7.235128917155035921e+00
6.066463472476117502e+00
-3.396543364741979154e+00
4.897243541738338202e+00
-7.305163640470853537e+00
4.693685336557257948e+00
4.897310210508942774e-02
1.666161407105695380e+00
-1.002179134045461772e+01
1.421928550817980863e+01
-7.461059095978358258e+00
-2.116911663883661809e+00
1.825121638695446968e+00
7.950548766602991257e+00
-1.431644324221842801e+01
9.784435290048580924e+00
-1.673935999008572928e+00
4.279287959532367402e-01
-5.216422863257829334e+00
7.497422534391011695e+00
-5.000322514758694936e+00
3.843060770785769797e+00
-6.760764860486498051e+00
7.694480824158963728e+00
-2.156148400944589483e+00
-3.527136414026687650e+00
4.251704966184844947e-01
8.607693313570081273e+00
-1.111082471967517193e+01
2.398454966803106991e+00
7.011539868648910101e+00
-5.555695237155585886e+00
-3.617361171820943966e+00
7.732136649660472649e+00
-2.269940586982214015e+00
-4.293981354584373911e+00
4.201342199951577427e+00
-8.488513824253902662e-01
1.222302352193590957e+00
-4.077388121964050427e+00
3.027904118900522690e+00
1.272201220502741537e+00
-7.335021487215436231e-01
-6.906518746415488685e+00
1.231792260017908447e+01
-7.238523771758477388e+00
-2.416647718541520273e+00
3.544633295298631914e+00
5.921437614997309140e+00
-1.387694114551022651e+01
1.078549760775477750e+01
-2.206085567609739950e+00
-2.579362755505920646e-01
-4.796824223822861555e+00
8.706107159291867958e+00
-6.983381126226201552e+00
4.917995958624310937e+00
-7.076993699302430940e+00
8.998267615254833984e+00
-5.017895961251124248e+00
-6.864446564715653842e-01
-1.065117745837292240e+00
9.758793930991870980e+00
-1.378129205487199194e+01
6.443754284588189662e+00
3.582881618513701572e+00
-3.619206254024271985e+00
-5.579799459192146927e+00
1.129851185441226491e+01
-6.703236581810285699e+00
-8.746835557155996366e-01
1.963904009676205487e+00
1.904506493302504211e+00
-2.894437689587116669e+00
6.679820191533480944e-02
2.711654390910025469e-01
3.380237068332627715e+00
-3.933392976511797645e+00
-2.645275779971373975e+00
8.859033856772244420e+00
-5.459763562859444086e+00
-4.003317883778770181e+00
6.560583260952601137e+00
2.200367981394289352e+00
-1.146221340226891172e+01
9.978650122651060883e+00
-1.208036589724939436e+00
-2.579027559994199414e+00
-2.366942794593470012e+00
7.801719852849653414e+00
-7.157665899350822869e+00
4.416692861585858054e+00
-5.626444085765347936e+00
8.241061198855826220e+00
-5.917106750430841444e+00
5.878044900548586860e-01
-1.140612508200194997e+00
9.249321661890011370e+00
-1.462216608075413760e+01
8.939098728364673008e+00
1.280470457398112938e+00
-2.755677330828053329e+00
-6.217830546397426161e+00
1.352771164576491536e+01
-1.020973829139084543e+01
1.994220859343979857e+00
3.283773443657995728e-01
3.850469751598341261e+00
-6.359930876035705616e+00
4.037321421642509733e+00
-2.577149265166014391e+00
5.430126230195199355e+00
-6.952060768939086977e+00
1.741220482821374649e+00
4.799755414213143112e+00
-2.962474221110733108e+00
-6.089014695297990443e+00
1.005434256232991963e+01
-2.403031986792110164e+00
-7.767534978621302599e+00
7.930007191229805130e+00
7.904649673987420577e-01
-5.989848028411315362e+00
1.585490746155444608e+00
5.124365289702869752e+00
-5.744428552757555373e+00
2.541511185193846334e+00
-2.607123199455902984e+00
5.521441133060505102e+00
-4.793789395208451154e+00
1.446296322614779584e-01
3.503978851172015463e-01
6.901299086226212687e+00
-1.332854874794713140e+01
9.434083345619583838e+00
6.053853152348693811e-01
-3.451498129243626423e+00
-4.998740806477539600e+00
1.375173598137290654e+01
-1.201124420325714226e+01
3.530134975295458943e+00
5.245041752029466764e-02
4.170327857708049812e+00
-8.232642462196949396e+00
6.834601851572464248e+00
-4.558297016389794898e+00
6.492171347155180072e+00
-8.792600459175062610e+00
5.164896981766607276e+00
1.225516881447150652e+00
-7.539187989235229814e-01
-7.693997603916997718e+00
1.298353553301267738e+01
-6.801693794974995377e+00
-3.817664764088830154e+00
5.562373357867192780e+00
2.888115667853280222e+00
-9.542197970744993540e+00
6.122287005713674901e+00
1.500251331918039277e+00
-3.460827066279376307e+00
-3.112221582852292556e-03
1.254648591736655661e+00
1.501064942106769440e+00
-2.165187649015837490e+00
-1.598103744145225713e+00
2.993568198937486713e+00
3.120359609469794293e+00
-1.019560136316895260e+01
8.069102604090831576e+00
1.492697814602227835e+00
-5.638086213068287833e+00
-1.950800692368849010e+00
1.185892073220279030e+01
-1.185469651006462755e+01
3.438422673644782712e+00
1.423578681051823835e+00
2.508605586289330169e+00
-8.008762702325842753e+00
7.848309516676470921e+00
-5.058783594742587653e+00
5.959669576647685929e+00
-8.761336928027294135e+00
6.797833331910656973e+00
-9.797608036074358928e-01
3.156074047145751016e-01
-7.971227549683051805e+00
1.440798805913590286e+01
-9.956046128600275935e+00
-6.501452669976557353e-01
3.850333455026695439e+00
4.108154327825550567e+00
-1.217482695822896943e+01
1.013362492756224142e+01
-2.019556936231071020e+00
-1.277264149120152625e+00
-2.238866364987536883e+00
4.918831702148226626e+00
-2.790674621719202886e+00
1.045120442501693780e+00
-3.801807996401612932e+00
5.938366083430968168e+00
-1.215014160753562944e+00
-6.032880388566201901e+00
5.517563901731445952e+00
3.345398390479403794e+00
-8.706070236625699010e+00
2.328739336066762533e+00
8.329451021909889619e+00
-1.007512545133123183e+01
1.997110854919031731e+00
4.155530427226368673e+00
-9.011233755793313094e-01
-5.774156182770039614e+00
7.032503583777759637e+00
-4.002317717814204201e+00
3.756282800240521969e+00
-6.694754652799728589e+00
6.320297700515698835e+00
-1.397473872932905703e+00
-1.736690010711249843e-01
-6.490075104004386475e+00
1.378752307205028771e+01
-1.118490665783336091e+01
1.001823060216571637e+00
3.501597814443236700e+00
3.720637302512680655e+00
-1.304232681768452018e+01
1.267014342639117075e+01
-4.487143383638860783e+00
-9.611062038620143966e-02
-3.231468298025521158e+00
7.347681653386353595e+00
-6.265445807528650768e+00
3.802269381252047165e+00
-5.488272787868734071e+00
8.169208313902641905e+00
-5.014323287543432706e+00
-1.920204574802057973e+00
2.763182502121435569e+00
5.237896831643446660e+00
-1.169346519329256395e+01
6.844336372603053498e+00
4.088586766400906569e+00
-7.474955717994546944e+00
-4.194487442408378897e-02
7.468435091759797473e+00
-5.293845060589605467e+00
-2.174586528309405686e+00
4.902957901932063933e+00
-1.868760301488261000e+00
3.748864107795384371e-01
-3.022784913330720080e+00
4.011927385513921251e+00
-1.899073270187865425e-01
-2.076836628125524165e+00
-3.388989258790401582e+00
1.115777899283882668e+01
-1.036536580391195628e+01
9.276371212009468792e-01
4.725533296177107268e+00
1.488662298522872796e+00
-1.178003774322808539e+01
1.322471551332359674e+01
-5.349427907168006868e+00
-4.537861623602306160e-01
-2.397673899715843326e+00
7.824344782590108238e+00
-8.101870477478861687e+00
5.286207827820460281e+00
-5.864341169633501494e+00
8.832343223554016021e+00
-7.304715274700790850e+00
1.118693206187537648e+00
7.830266550077182863e-01
6.224209193990483335e+00
-1.358881315625845332e+01
1.049874196179142771e+01
2.235588410838578177e-01
-5.058484876978345035e+00
-1.703715147718366296e+00
1.032768829733169191e+01
-9.596867746439755820e+00
1.786261456052385732e+00
2.358445408745992289e+00
4.656197672899389239e-01
-3.265134610213229038e+00
1.352110366353658666e+00
6.578688768777238849e-01
1.967924556986817342e+00
-4.731858728162956496e+00
6.518469281623011646e-01
7.128402813462679788e+00
-7.959539153160924307e+00
-5.093366429086212399e-01
7.162199340573927486e+00
-2.239840147950129090e+00
-8.621663573370717870e+00
1.187614859562559566e+01
-4.612094160123909603e+00
-2.340713627096727034e+00
2.959264479587435659e-01
6.174204900781738559e+00
-7.986854283251296316e+00
5.146205589162477168e+00
-4.587069921768581082e+00
7.515209074040602566e+00
-7.526459644729010634e+00
2.422755729902359434e+00
2.364585239790717441e-01
5.652927868519603827e+00
-1.365386570253982335e+01
1.242305235507246763e+01
-2.347203925115808776e+00
-3.705800075333662846e+00
-2.112830433661319951e+00
1.176688391609964945e+01
-1.275023903475857523e+01
5.057463069398962396e+00
3.831163939548850594e-01
2.015836325909251325e+00
-6.097906014603416303e+00
5.322786963784063019e+00
-2.700267964175444124e+00
4.117791057954132583e+00
-7.173778612956859035e+00
4.610145652798963489e+00
2.703675768099461862e+00
-4.860412726122977922e+00
-2.502635110727506884e+00
9.994496722476771566e+00
-6.624566569101951075e+00
-4.332429338885968484e+00
9.250448402684419591e+00
-2.824714690358317348e+00
-5.196420437069635412e+00
4.305717057261645664e+00
2.819553183557553577e+00
-6.197338112247041231e+00
3.603864513457665009e+00
-1.885081363521063924e+00
4.389769912265560237e+00
-5.701824504382029701e+00
1.884791379403058187e+00
1.258054979173576671e+00
3.388917147198040603e+00
-1.166401911011740111e+01
1.223717602709217189e+01
-3.149033713001319956e+00
-3.889297921242021339e+00
-7.861305173772534793e-01
1.119329011203353552e+01
-1.402390945611843165e+01
6.862742554119484417e+00
-2.755614687559158060e-01
2.012636817053099048e+00
-7.240782231293621862e+00
7.908782873519162315e+00
-5.090159821471253565e+00
5.335954263378830831e+00
-8.447838069123564608e+00
7.431383108677009020e+00
-1.018654749411421534e+00
-2.105765097679626940e+00
-4.073736543108494423e+00
1.220819539620545768e+01
-1.058137422259040328e+01
2.154366062276635851e-02
6.312592469489347380e+00
-8.924615127606050358e-01
-8.081760236864788283e+00
8.664932600861742884e+00
-1.349606627328911124e+00
-3.497654945802729731e+00
1.372615086783504967e+00
1.502812976772308406e+00
1.739852201390450492e-01
-2.424599288588916490e+00
-3.199122700994738722e-02
3.419652285963297622e+00
-1.289379869693534353e-01
-7.990395281140110662e+00
1.015944733313397741e+01
-2.284396426852643103e+00
-5.522374511561986665e+00
2.198060715802526932e+00
8.579662875546171463e+00
-1.323271763063157280e+01
6.932744818508667528e+00
6.487258824534312129e-01
1.608202048690849928e-01
-6.270307841479517919e+00
8.547842470811419346e+00
-5.908819746671156281e+00
5.038212166090347388e+00
-7.922452732338591375e+00
8.352028919741650625e+00
-3.176363553456527988e+00
-5.504688876185235280e-01
-4.397033625811346269e+00
1.291785164559571442e+01
-1.310953217016564487e+01
3.395615030606543794e+00
4.054952436555470108e+00
2.255125523731744686e-01
-9.974283210633089425e+00
1.227110699365883306e+01
-5.248157544584975298e+00
-8.856371080323371947e-01
-5.803814206676580767e-01
4.552975329065067633e+00
-4.077308262489191648e+00
1.326252850035483100e+00
-2.456374727615977083e+00
5.873218552866136477e+00
-4.012926496587862601e+00
-3.497118759169639546e+00
6.931429128704228226e+00
-3.835692386757754146e-01
-7.988047810462009402e+00
6.208138460206582110e+00
4.481748154732288825e+00
-1.078233965039727416e+01
5.575241367539110371e+00
2.851697884979703446e+00
-3.250753935080513024e+00
-3.357674451015794759e+00
7.256780494660400649e+00
-5.102841924791417405e+00
3.175497421786218410e+00
-5.502867267640787929e+00
7.134878461692522045e+00
-3.396913793072330101e+00
-6.003587875758409353e-01
-3.075548966130777107e+00
1.165568014568940391e+01
-1.359545303616181400e+01
5.080008444493133268e+00
3.180850038415957926e+00
-1.648064438942697940e-01
-1.009381181891895096e+01
1.421754348915528787e+01
-7.926487418512362382e+00
7.318970041181368513e-01
-1.354256298158829086e+00
6.275755713347098030e+00
-7.287205595232399524e+00
4.490197632899718627e+00
-4.398443159069908681e+00
7.629147363351857614e+00
-7.195947361236660456e+00
7.146449031592538859e-01
3.581918592363054543e+00
1.610932093749036120e+00
-1.033843075322628025e+01
1.024320528674531872e+01
-1.245164993544963794e-01
-7.532410345993961087e+00
3.561962968378014516e+00
5.552524312360149317e+00
-7.423014357588555434e+00
7.790740276083720772e-01
4.611934554443906542e+00
-3.172633973478355962e+00
2.578372987621291301e-01
-1.677441113645365967e+00
4.142692922599495731e+00
-1.897743580545444786e+00
-2.091260701976557446e+00
-2.797639024228055771e-01
8.531916302021064880e+00
-1.199792256489966213e+01
4.906406038421256000e+00
3.883059785220281057e+00
-2.257036718785431439e+00
-8.155556618871433017e+00
1.406532888123885527e+01
-8.855664385515586545e+00
8.315777393879707491e-01
-4.148179560026523660e-01
6.027604670170929602e+00
-8.679092286895532027e+00
6.250685222263469676e+00
-5.073941179555639280e+00
7.881769544842710751e+00
-8.760928575565325005e+00
3.636201890598716346e+00
1.104565466233114357e+00
2.757402723336890293e+00
-1.160199170925254464e+01
1.323574020140285157e+01
-4.135519154478235038e+00
-4.520393479956319460e+00
1.868555834935099469e+00
7.741855070616974643e+00
-1.128206964722641814e+01
5.091374218341112368e+00
1.556133308934900761e+00
-9.999879765466350712e-01
-2.801328101135382553e+00
2.618896811136288694e+00
2.270243267045737312e-01
5.979691365729529196e-01
-4.350884518383280053e+00
3.294880746529477378e+00
4.215488924323484987e+00
-8.856957365378285374e+00
3.283642903683206882e+00
5.786975032875340652e+00
-5.667955254391102926e+00
-4.470705674333007806e+00
1.197100947672648275e+01
-8.078161265361838872e+00
-5.585768274492198815e-01
2.220152438137748430e+00
3.718224745701178335e+00
-8.006002538541096669e+00
6.280649452962660639e+00
-4.160907545652361428e+00
6.278875693731023055e+00
-8.226902108990726603e+00
4.651615788356731507e+00
1.504819459883806054e-01
2.426067312278516575e+00
-1.110141949596070532e+01
1.437836070437185931e+01
-6.650940500943891109e+00
-2.633406025520263150e+00
1.350428651541460301e+00
8.505655707610371152e+00
-1.380293489863030842e+01
8.517453050852870078e+00
-9.064361532945236499e-01
4.459327705396147756e-01
-4.971737056235276064e+00
6.281983966699360877e+00
-3.532950729574759308e+00
3.102697055637428925e+00
-6.423545517017119622e+00
6.639038742360978240e+00
-2.597465298828840474e-01
-5.123723737004361567e+00
1.052201550756835413e+00
8.076116711094494249e+00
-9.544760417572515365e+00
1.377601605320410427e-01
8.630315497158150606e+00
-6.177545355308128094e+00
-2.868747908707341754e+00
5.969941409344714955e+00
-1.526814100041713473e-01
-5.615613824532205811e+00
4.831313388032726586e+00
-1.907284826727130955e+00
3.049559727427082034e+00
-5.701838879013692463e+00
3.715192737866703787e+00
8.322925098733953142e-01
5.095585298275246977e-01
-8.681401466418805057e+00
1.337233845552946576e+01
-7.239894726814629422e+00
-2.331368886726284728e+00
2.457430172313090910e+00
7.322601949129611931e+00
-1.432048618229783443e+01
1.030143955608277828e+01
-2.030974278858558080e+00
4.307658723962477509e-01
-5.433661741218954511e+00
8.370188182618235828e+00
-6.159768877983853308e+00
4.686393215335107776e+00
-7.386277323631814440e+00
8.743066710188703183e+00
-3.803140940392109037e+00
-1.865048926961467846e+00
-7.957917740244807581e-01
9.760073902838511728e+00
-1.282300697288198243e+01
4.578274280256170670e+00
5.056025563720565330e+00
-4.077589188760271099e+00
-5.171373106635184236e+00
9.858627613289449698e+00
-4.641081788413055520e+00
-2.331115775148615565e+00
2.637120646021469561e+00
9.447015903568036777e-01
-1.050774060144369138e+00
-1.854062759089271983e+00
1.351195663095640320e+00
2.700803432802121762e+00
-2.534147183966773298e+00
-4.773838797086370711e+00
1.051995798954870409e+01
-6.059415774655984244e+00
-3.508486196526904077e+00
5.078023131041495830e+00
4.240915180294863696e+00
-1.273041313026108767e+01
1.021466437384735571e+01
-1.567227531434135734e+00
-1.297042489077454341e+00
-3.842837142610802559e+00
8.387044862200969675e+00
-7.072102988144113311e+00
4.776877992401892925e+00
-6.656017991849023652e+00
8.914707064962801297e+00
-5.593711120232661926e+00
6.469255438025900418e-02
-1.442111922657714373e+00
9.999958084007566583e+00
-1.455460291312764376e+01
7.817226544311224323e+00
2.260053617675292337e+00
-2.734956798709133885e+00
-6.481495467312628378e+00
1.280952186813368776e+01
-8.641487580965680593e+00
8.140256455638028577e-01
6.675811719574618053e-01
3.393727298664438230e+00
-4.961862969384242206e+00
2.289054841737423907e+00
-1.523328056100754058e+00
4.900975676094329714e+00
-5.820341738129572562e+00
-2.790905659050526566e-01
6.631739831873154856e+00
-3.788924633274203035e+00
-5.536311354010701180e+00
8.562765445629384686e+00
-1.217021599042914515e-01
-9.517382774352498132e+00
8.610398899845385756e+00
1.649917657685804340e-01
-4.411362666596104098e+00
-4.492111640537430617e-01
6.426563565311220749e+00
-6.252329567240011876e+00
3.343831515866970250e+00
-4.190286014195192976e+00
7.000867917388132966e+00
-5.323094168693077499e+00
2.814719591647012464e-01
-5.103498166193591867e-01
8.388202356251035496e+00
-1.420302116019593974e+01
9.186991574723176512e+00
9.397662028291113856e-01
-2.823078322685247166e+00
-6.078427147752939241e+00
1.397434889498158661e+01
-1.121877435934928258e+01
2.903598948174411110e+00
-1.949473074623688795e-01
4.500014174025062097e+00
-7.637688240325729794e+00
5.652258269745207286e+00
-3.896187656103515806e+00
6.457321046537536802e+00
-8.314418785128534495e+00
3.700308938188839214e+00
2.777596433462848236e+00
-1.402171637276826477e+00
-7.474318352504530694e+00
1.192033711351270497e+01
-4.755826773418160514e+00
-5.601805637224905432e+00
6.295739412894433507e+00
2.383518583626246468e+00
-8.097350918760355398e+00
3.968419454396975965e+00
3.136069576294020944e+00
-4.235341174595805391e+00
9.082746542898441078e-01
-5.172580216648223761e-01
3.443488270741693835e+00
-3.279370890166068975e+00
-1.021285751770799610e+00
1.808679475921301183e+00
5.093795211354579244e+00
-1.181298946506628944e+01
8.579435441125593087e+00
1.266992313289272420e+00
-4.507515583882965693e+00
-3.746866197931737918e+00
1.299409923421167079e+01
-1.188539507931388428e+01
3.425268595073215572e+00
5.507927068067872689e-01
3.690227685802888402e+00
-8.363594854330417050e+00
7.436163814725406773e+00
-4.983998630735541724e+00
6.598018559014374063e+00
-9.159889348858502700e+00
6.190581503267523544e+00
-4.010472986983559807e-02
1.508054693265172552e-01
-8.381017542336241632e+00
1.412487252379126978e+01
-8.560725705945211317e+00
-2.053468502930970274e+00
4.261872532475096342e+00
4.100502832295770617e+00
-1.129700614592371366e+01
8.332036730259417823e+00
-4.913124479429558100e-01
-1.923033939909073453e+00
-1.625441699115527605e+00
3.415125249005142027e+00
-8.485120830756650578e-01
-2.460937767697322087e-01
-3.149340124424705234e+00
4.813876445574424068e+00
8.263239911775386304e-01
-8.001208190016509292e+00
6.464898633921666971e+00
2.845669060542348472e+00
-7.384200586842629477e+00
1.391880920419052980e-01
1.010979144534291940e+01
-1.073766779779688818e+01
2.426174657794201384e+00
2.852673203527396062e+00
9.501764755316850497e-01
-6.972284282995346416e+00
7.352514937289599928e+00
-4.480198167728332237e+00
5.014818244068534270e+00
-7.954215856256845463e+00
6.639005609015104170e+00
-1.189211617369699603e+00
2.509911900672496254e-01
-7.626886374917695832e+00
1.443812777836454586e+01
-1.067380835987759724e+01
2.380198073663279956e-01
3.358462146880672350e+00
4.446688547266402836e+00
-1.303462653506658064e+01
1.158686403639477369e+01
-3.429016780998985325e+00
-2.837862717570331927e-01
-3.262045012700181879e+00
6.524369509137366130e+00
-4.771499758229231780e+00
2.751145626372645925e+00
-5.143044585446694406e+00
7.515390763585760858e+00
-3.370788061011259273e+00
-3.770755974433012359e+00
3.731493578652107068e+00
4.850819179006295556e+00
-1.060050625092391385e+01
4.717002984947111344e+00
6.088409043774420937e+00
-8.409175532199110847e+00
4.888445079460292941e-01
6.109568192765724604e+00
-3.155995133154835042e+00
-3.891190394900604588e+00
5.697786042753809177e+00
-2.648993791718102564e+00
1.976014422363244094e+00
-4.885312957657359512e+00
5.076362088908436654e+00
-5.916322550633172916e-01
-1.190192131922636731e+00
-5.109732657722735993e+00
1.264512923090253516e+01
-1.072635315949458779e+01
8.326389808865037878e-01
4.015372211917456191e+00
2.960527466344369252e+00
-1.272015042312853872e+01
1.301609131450298662e+01
-4.935941937690686565e+00
-3.241283340889555831e-02
-3.239700001988094158e+00
7.923907942093983969e+00
-7.358675976970698862e+00
4.770482186097021682e+00
-6.096522187283713201e+00
8.950978565839212919e+00
-6.433675961050257186e+00
-2.071306269679764611e-01
1.395975742190566304e+00
6.304347889169816810e+00
-1.312137636832211207e+01
8.889438954759828704e+00
1.987225997678607303e+00
-5.856826004267567498e+00
-1.464503882588618744e+00
9.351686936229475222e+00
-7.646959877992866694e+00
-6.616935308588089981e-03
3.242900896369535602e+00
-2.358163129236836575e-01
-1.743932442426785023e+00
-6.852219473981603359e-01
2.099023356909713200e+00
1.268684682401558295e+00
-3.702367665632243288e+00
-1.303780357696656456e+00
9.128961305027516460e+00
-8.945878784080598223e+00
-1.349924049694739558e-01
6.099891235727872285e+00
-2.497000635511583688e-01
-1.033512076652389844e+01
1.244974858223275582e+01
-4.781763183361809944e+00
-1.392146812320790072e+00
-1.283634784488764780e+00
7.195400970919608064e+00
-8.067421552608021074e+00
5.249191866988569544e+00
-5.459227790402249703e+00
8.497357014876941506e+00
-7.600240000523377226e+00
1.849051758019371938e+00
2.776993122721993501e-01
6.399988688951443905e+00
-1.405687918783740642e+01
1.165392408521627488e+01
-1.169616547254465289e+00
-4.047688478423432379e+00
-2.477011486123733341e+00
1.154058196773632972e+01
-1.141587729142039542e+01
3.612530839586925779e+00
9.746952276567670825e-01
1.777193991683991392e+00
-5.096740072945856959e+00
3.585159198652443369e+00
-1.323232802893513860e+00
3.515244243663794510e+00
-6.407592660420274200e+00
2.873885167740263036e+00
4.760769541971961338e+00
-6.073680392172754239e+00
-2.013555969488416864e+00
8.954797001928779920e+00
-4.522689315295808754e+00
-6.442736204340212325e+00
1.030289859422943977e+01
-3.308170597279521896e+00
-4.014267552861777943e+00
2.291536698065953281e+00
4.517524750661431554e+00
-6.932927457796805193e+00
4.175840646063583961e+00
-3.224097492997198167e+00
6.078104484871081681e+00
-6.640444739377182160e+00
2.050471132894420734e+00
7.385927169801065340e-01
4.774207922250449876e+00
-1.294800108496620794e+01
1.240342509935953252e+01
-2.700999598281461633e+00
-3.645814434142692129e+00
-1.874777781682518185e+00
1.189470017220183884e+01
-1.356171909625161121e+01
6.044617593866549399e+00
-2.286464921451025756e-01
2.493178412102954322e+00
-7.082112324491046884e+00
6.853363996241596645e+00
-4.152959232828996150e+00
5.171699944967131479e+00
-8.303823804459923963e+00
6.338329543648198339e+00
6.390228805451494409e-01
-3.124068771998664396e+00
-3.856886436193840417e+00
1.160548229722012792e+01
-8.835485317130727267e+00
-2.018598201088609656e+00
7.431958086486658566e+00
-1.307367458454322673e+00
-7.081218637964078688e+00
6.663857416867631223e+00
6.108745700641722287e-01
-4.540693169871873103e+00
2.085259676164374021e+00
5.773560252616682931e-02
2.202038478662096566e+00
-3.922747652608523872e+00
6.353279292507956200e-01
2.571101018542820693e+00
1.636883527609849232e+00
-9.920427210396997708e+00
1.110548166321530061e+01
-2.468326537144251098e+00
-4.798081604289504476e+00
5.038314733313797866e-01
1.013809328378289365e+01
-1.365690054136353382e+01
6.795289552012658163e+00
1.147247287852173336e-01
1.397993877392953888e+00
-7.058174700104649091e+00
8.355711402827463274e+00
-5.608079063801075570e+00
5.484720184937090792e+00
-8.590858405279647059e+00
8.167425084379241085e+00
-2.240635743589562523e+00
-1.061484349459875354e+00
-4.739006676777715477e+00
1.307094083609196389e+01
-1.211010404831746889e+01
1.845010399326405093e+00
4.855072478718849283e+00
2.431785966447583824e-01
-9.561125924424180411e+00
1.074553563524307265e+01
-3.483736884215988372e+00
-1.827440818151543356e+00
-1.216034105530936493e-01
3.440968871836644460e+00
-2.180785895061804425e+00
-2.960730983111909964e-01
-1.664719980621755191e+00
5.069258134314857500e+00
-2.280247541281002821e+00
-5.657406940508361792e+00
8.303607680929259161e+00
-9.026517055858802596e-01
-7.086738923233870224e+00
4.240264800490012753e+00
6.593869692499335855e+00
-1.186785491916457147e+01
5.940045303346632721e+00
1.930670304628437917e+00
-1.461339502874158924e+00
-4.943078270891610337e+00
7.860839432865893706e+00
-5.400753681966326880e+00
4.174570231222934247e+00
-6.935597517075168028e+00
7.884671145195092379e+00
-3.281892041182023156e+00
-4.972980508117699205e-01
-4.062266643750607642e+00
1.268051129774836205e+01
-1.353973078015018316e+01
4.268858785344355589e+00
3.425092942610954871e+00
5.053937557133192371e-01
-1.053376908247430599e+01
1.350884476463983752e+01
-6.724087649772823028e+00
2.260942651981819873e-01
-1.475619807050666754e+00
5.877791416249621648e+00
-5.961014817823032885e+00
3.175414033167671679e+00
-3.871007166010363765e+00
7.260207154470377233e+00
-5.941932388732342751e+00
-1.199570349716901685e+00
4.941093522315776809e+00
1.148209411417394632e+00
-9.663653870872366269e+00
8.451550420607926384e+00
2.092621953367276966e+00
-8.891363863402609979e+00
4.085199926921704972e+00
4.608125236762508514e+00
-5.474239708646513769e+00
-1.244348300696044518e+00
5.726983383356357038e+00
-3.817299602060208130e+00
1.533816232874110064e+00
-3.592419158329820839e+00
5.605570366862801635e+00
-2.458216423932399586e+00
-1.501699077334555987e+00
-1.760707690683538829e+00
1.029626247634835323e+01
-1.283254216036835871e+01
4.847499718768720989e+00
3.558431763820707694e+00
-9.384290401402162196e-01
-9.485355977181235687e+00
1.429474211087866919e+01
-8.382600682448700269e+00
9.131388544437563093e-01
-1.260656319679666293e+00
6.545707520068224206e+00
-8.202069631642913805e+00
5.541372273980073260e+00
-5.080258849053073789e+00
8.222797582481954137e+00
-8.326465530640515311e+00
2.366108784364953976e+00
2.062936935340888400e+00
2.703541154772802102e+00
-1.152386288239444312e+01
1.205417616924767543e+01
-2.275896286107992328e+00
-5.727293564517349722e+00
2.160353205309154756e+00
7.191108103103037053e+00
-9.641900822543455263e+00
3.093451776557623489e+00
2.775817166019700188e+00
-1.614583324884786952e+00
-1.657491056269330798e+00
6.600662113893847049e-01
2.001686608029197956e+00
-3.045620497220493661e-01
-3.589635331243798966e+00
1.666174046232211214e+00
6.370419098220683196e+00
-1.029696284535466155e+01
3.759806758112322456e+00
5.105277443723595709e+00
-3.937698785884070407e+00
-6.479053786019646211e+00
1.300788469133742531e+01
-8.260823827079228465e+00
2.904430670468877151e-02
7.439625939179816960e-01
5.108458612634089846e+00
-8.418775127986437568e+00
6.254943452213560739e+00
-4.760694097898817922e+00
7.392317204124914554e+00
-8.742160464086047966e+00
4.231208678055807582e+00
4.897710873985503532e-01
2.974304714886449652e+00
-1.183197636049222190e+01
1.409379431339082878e+01
-5.490399423057550798e+00
-3.359692556709967359e+00
1.108578463382264179e+00
8.683271288866484028e+00
-1.287609960244695451e+01
6.975198049869302253e+00
2.329124074581356840e-02
2.337669402731048507e-01
-4.373854358318782332e+00
4.746887888000364875e+00
-1.906328367336253660e+00
2.266179827588849172e+00
-5.884793484007643016e+00
5.300593069029349458e+00
1.818996399302807099e+00
-6.741879796982544804e+00
1.695451543246567550e+00
7.401946448263808875e+00
-7.806082964857000484e+00
-2.147132981325243328e+00
1.013734106926252032e+01
-6.735620174771896451e+00
-2.062482654425002782e+00
4.176940517928580121e+00
1.827817442415438087e+00
-6.715731288680056643e+00
5.332361892261918257e+00
-2.928005271240181617e+00
4.754649485884753446e+00
-7.043904626372348154e+00
4.103296931677527404e+00
5.662540180318060834e-01
1.625422450107940620e+00
-1.019816645308814174e+01
1.403759893083270072e+01
-6.902724219398973737e+00
-2.446843521436468549e+00
1.572766270957901558e+00
8.368948952565165911e+00
-1.432827567097504229e+01
9.486250888321922758e+00
-1.647248786195125936e+00
8.606158525365938949e-01
-5.667605543824365988e+00
7.618433705325134753e+00
-5.061841955029146689e+00
4.263380369688011484e+00
-7.409395899036537614e+00
8.088795095239937893e+00
-2.249452147643196120e+00
-3.223363050094190552e+00
-3.786096974182046049e-01
9.488614697018785904e+00
-1.152510796645102431e+01
2.493451996534398418e+00
6.596985776131056411e+00
-4.623411935801116535e+00
-4.546026264521554339e+00
8.192595887770451668e+00
-2.509250852765908757e+00
-3.742659995652766192e+00
3.332961168900949289e+00
-1.453633293874050381e-01
8.678597448365630296e-01
-3.681704042714957659e+00
2.282105500313815760e+00
2.062741320966081204e+00
-1.107528272694836335e+00
-6.816172914257968785e+00
1.193779095068760654e+01
-6.424536160213638603e+00
-3.117828287084194905e+00
3.677746027817600627e+00
6.049262632712107290e+00
-1.364604744852743856e+01
1.016461906916559244e+01
-1.766399319789699440e+00
-2.046045935004161542e-01
-4.971651861360935065e+00
8.565668352803230690e+00
-6.693384611870261125e+00
4.940353715276820878e+00
-7.407850342434798563e+00
9.170033809725405050e+00
-4.865530093841179848e+00
-7.175308213421596193e-01
-1.537261735727192047e+00
1.042342689487731278e+01
-1.405539781511292752e+01
6.344792694401782285e+00
3.436115658035416853e+00
-2.906129781922306421e+00
-6.417159846462093142e+00
1.171271332393755671e+01
-6.825653727124514347e+00
-4.814182397563364635e-01
1.166679166601583217e+00
2.652820942567815088e+00
-3.296514847973494700e+00
4.342182295577301510e-01
-4.486708381086108588e-01
4.260634958386120275e+00
-4.484542907182257565e+00
-2.419065484508502450e+00
8.414912918437689626e+00
-4.538262528882855307e+00
-4.939428153849165781e+00
6.977595340126096168e+00
2.118392967071046407e+00
-1.107700784994650789e+01
9.129438782900564320e+00
-4.257679571674097829e-01
-2.871223158202881987e+00
-2.286171644313466089e+00
7.430469714252213365e+00
-6.543382537067239824e+00
4.035743593782178174e+00
-5.601530538712541585e+00
8.148812112012446818e+00
-5.487678391337575512e+00
1.777731382915326286e-01
-1.200735819335453147e+00
9.593478463126048794e+00
-1.465810225302550762e+01
8.556361164267981323e+00
1.511458169095717174e+00
-2.406040397575874401e+00
-6.808195298428007192e+00
1.375417541692007894e+01
-1.007816662421894449e+01
2.067828823914539704e+00
-2.094637834306412039e-01
4.457969829144611040e+00
-6.643442948410861248e+00
4.209681512162292805e+00
-3.079148854620577858e+00
6.193837108180883178e+00
-7.489922441713643408e+00
1.934221095657461476e+00
4.466309113124832919e+00
-2.129722416576565358e+00
-7.063369977401636746e+00
1.058544433572970078e+01
-2.544724459537930805e+00
-7.387520627501108272e+00
7.026249170876429417e+00
1.755476876524484808e+00
-6.500784506985968214e+00
1.809940882150709029e+00
4.645584519684095248e+00
-4.933258501169136778e+00
1.858302353318494582e+00
-2.293582413895899563e+00
5.224634371581286629e+00
-4.157877952484186679e+00
-5.809126937359154752e-01
6.736884558293125824e-01
6.924012199891024011e+00
-1.312566293571019393e+01
8.775546918845142486e+00
1.223674792333738548e+00
-3.512661355774953087e+00
-5.273947217756385086e+00
1.372990116155231810e+01
-1.156920458373370408e+01
3.202245870021804386e+00
-1.094601638284489198e-01
4.511590996972048906e+00
-8.285242501722629882e+00
6.697777989797894627e+00
-4.698876489735277495e+00
6.969489396876145548e+00
-9.151748559195118204e+00
5.175332878289406580e+00
1.159785615563488914e+00
-1.959662186594312017e-01
-8.506988371927407755e+00
1.344549328017338752e+01
-6.836044992131397713e+00
-3.622252760533172022e+00
4.807219468532311524e+00
3.833801123276581180e+00
-1.009521619456571351e+01
6.327106225113306337e+00
1.092162847712124130e+00
-2.645280143522688032e+00
-8.117553372820207613e-01
1.710157634753209699e+00
1.138146109288795449e+00
-1.476170630128940786e+00
-2.483543415377432950e+00
3.572613488852243613e+00
2.919110629257851475e+00
-9.849386670665117194e+00
7.242474939117682808e+00
2.400954667725207603e+00
-6.048480403910287961e+00
-1.946893626864363291e+00
1.162884272839590238e+01
-1.114914771798177995e+01
2.734391479385265278e+00
1.650042848793591421e+00
2.554292790433638771e+00
-7.809918704610490536e+00
7.381545859437720125e+00
-4.787399472979069870e+00
6.066150381214125531e+00
-8.851565553143997178e+00
6.547244271887723954e+00
-6.915311362829306141e-01
4.790069710345793430e-01
-8.478235552428245114e+00
1.466201931292316729e+01
-9.756605317144762424e+00
-7.800838512081891274e-01
3.416392105800156287e+00
4.849848453527413561e+00
-1.260118294780292025e+01
1.016045111665197354e+01
-2.179950407685546043e+00
-6.592628666186541864e-01
-2.973698696841546862e+00
5.340131205687857374e+00
-3.049874850379768798e+00
1.597318919944402893e+00
-4.643360932629182258e+00
6.586389546636945980e+00
-1.479851125071894202e+00
-5.702436072059509087e+00
4.700136687805331448e+00
4.365809697202296391e+00
-9.316371428298504398e+00
2.487910423784185809e+00
8.018653806069760748e+00
-9.246478519664199425e+00
1.044247755670694611e+00
4.678310875518985057e+00
-1.079363976392222924e+00
-5.403147332283293913e+00
6.319958002780030171e+00
-3.378112139755576226e+00
3.514638231799724011e+00
-6.526599411876166990e+00
5.829201964768571997e+00
-7.714044301409699322e-01
-4.219672818064737485e-01
-6.641902492089676535e+00
1.378200584983581578e+01
-1.071027631748786391e+01
4.918640195570227469e-01
3.479816626338680940e+00
4.144603849222269432e+00
-1.323537514094534195e+01
1.242046672505296101e+01
-4.281007043866461359e+00
1.720805172489081603e-01
-3.730258249572279361e+00
7.587502376759983846e+00
-6.277779147255155401e+00
4.050060249772299059e+00
-6.093082023159057670e+00
8.697694104220895284e+00
-5.174370293561830536e+00
-1.774727700698604860e+00
2.148888735140523920e+00
6.163362305516452366e+00
-1.231424159504000571e+01
6.991168311506362087e+00
3.870235741429124410e+00
-6.717164388886338600e+00
-1.050784359334733242e+00
8.122526196695813994e+00
-5.550744951391009430e+00
-1.785932206151100932e+00
4.112189756141947150e+00
-1.043824230552282017e+00
-9.628362493042308401e-02
-2.700459641594592952e+00
3.395792344918647565e+00
6.557168536396567049e-01
-2.646182174531096720e+00
-3.242351554040010519e+00
1.094240699370763181e+01
-9.676270477539349102e+00
9.023621198141995592e-02
5.098783770403794158e+00
1.582908177222615898e+00
-1.172869825841041802e+01
1.269579583436399162e+01
-4.755840172852371595e+00
-5.939130904646889864e-01
-2.582185099983951737e+00
7.812632797375593796e+00
-7.800876318018116429e+00
5.137365700814549463e+00
-6.106338358377698228e+00
9.107877815795127674e+00
-7.240298898185049126e+00
9.573582771435731331e-01
5.232106285553312919e-01
6.878466211916068218e+00
-1.404961409839818742e+01
1.047944027916074106e+01
2.592080128164910846e-01
-4.561540467150241085e+00
-2.566448169158098480e+00
1.092857574653814545e+01
-9.764301194219960678e+00
2.012229207727104008e+00
1.692344345878824985e+00
1.291200722691709490e+00
-3.792002781447878501e+00
1.667934367793650896e+00
9.210583680133543893e-02
2.844834400727318524e+00
-5.451368250254907011e+00
9.567970806684007457e-01
6.835445731795527280e+00
-7.202929163722901151e+00
-1.526303511807922231e+00
7.811758523760283346e+00
-2.386889247112637502e+00
-8.412642683395921139e+00
1.116637618283465372e+01
-3.717955684428814855e+00
-2.838452972532847340e+00
3.999694238000834901e-01
5.940997491305063605e+00
-7.408695165108775349e+00
4.614339390404872177e+00
-4.442283504301712149e+00
7.498034419010372709e+00
-7.207091858462680634e+00
1.923201218102430943e+00
3.929031805753573359e-01
5.940960703533766818e+00
-1.385518566879456692e+01
1.215033061343872056e+01
-1.962124634458177308e+00
-3.598536871482617805e+00
-2.676884436578392368e+00
1.216896488765556228e+01
-1.269513330546714158e+01
4.973286447780342456e+00
2.014625061912200810e-02
2.653164199283061908e+00
-6.508492195306581074e+00
5.470403731765111743e+00
-3.035339455044057999e+00
4.822036927449417476e+00
-7.844027995267718545e+00
4.897940943637911104e+00
2.502410907284529529e+00
-4.225433233173009562e+00
-3.497553432788537364e+00
1.073732714457288395e+01
-6.856838182392353431e+00
-4.120563583517180994e+00
8.532216565019103527e+00
-1.801524076585480305e+00
-5.909740050146239376e+00
4.581709690925885425e+00
2.485178321968229742e+00
-5.474229290167140327e+00
2.806661487348887096e+00
-1.435517183556970000e+00
4.142103025722120080e+00
-5.197564713730584707e+00
1.120946883126762827e+00
1.783015772416494560e+00
3.322058961755530504e+00
-1.160587453749012354e+01
1.172127593577016924e+01
-2.419638039551080144e+00
-4.200368171730199052e+00
-9.913767599993921209e-01
1.133486883388713551e+01
-1.369480589552082250e+01
6.403211468473557488e+00
-2.342215752258676176e-01
2.338992200528700494e+00
-7.420350580925706652e+00
7.781369276279830771e+00
-5.067065964716956472e+00
5.707512057004743511e+00
-8.900530449467916938e+00
7.549649309337429948e+00
-9.797845778056357702e-01
-1.765329338693772732e+00
-4.849608789472250159e+00
1.285329557096371289e+01
-1.072878891434706183e+01
6.536185234171809633e-02
5.781011657553447591e+00
5.295526102436731719e-02
-8.822796907601178518e+00
8.947130777456216322e+00
-1.613905360959954294e+00
-2.820593238796564872e+00
4.982730382420337278e-01
2.097740380885743772e+00
-1.642849213710209089e-01
-1.884627191877748853e+00
-8.991029368484180218e-01
4.169211342101816875e+00
-4.408516061123144425e-01
-7.768669402129468438e+00
9.507526706291669072e+00
-1.319599981390670473e+00
-6.171592201908209674e+00
2.305415639070826916e+00
8.500403952779851835e+00
-1.268007626282391875e+01
6.139259194626159655e+00
1.088762746506229728e+00
1.533977822277510228e-01
-6.197582152656416099e+00
8.131998189810122568e+00
-5.495173428577210473e+00
5.007382247462382807e+00
-8.069454089635696548e+00
8.221625042635604785e+00
-2.821414276996557113e+00
-6.067654540923743678e-01
-4.818540983197863170e+00
1.332401102498901224e+01
-1.304538677125789370e+01
3.142361579743981448e+00
3.868384849021400562e+00
9.110662600828689506e-01
-1.056808351101821231e+01
1.240161666374059379e+01
-5.276698428359938298e+00
-4.479216534146076567e-01
-1.328158431964378661e+00
5.108319352653762024e+00
