2.600101359116489430e+00
-2.697466715641685830e+00
2.640445698377120287e+00
-2.444137387524466742e+00
2.144848105579019393e+00
-1.790353067767837425e+00
1.427807662856304338e+00
-1.092318961423759172e+00
7.990051679978604771e-01
-5.404966960007275834e-01
2.904810880496777048e-01
-1.239503607277381292e-02
-3.289138772790881071e-01
7.554825738270140034e-01
-1.267446492687980264e+00
1.839443601601632228e+00
-2.423231415868360550e+00
2.956035798982828311e+00
-3.372755179653430080e+00
3.619196661854497066e+00
-3.663251826696051427e+00
3.501395928137690738e+00
-3.159000271806586380e+00
2.684416665231337262e+00
-2.138269807709094028e+00
1.580521428476907797e+00
-1.058376769930825079e+00
5.978683374635896941e-01
-2.010325582321678961e-01
-1.507832500240986195e-01
4.884476188847154399e-01
-8.436286905935510561e-01
1.237369423408896774e+00
-1.671579129653888884e+00
2.125639071123986756e+00
-2.559052755610737862e+00
2.919573762853134191e+00
-3.154880845497458619e+00
3.224974583888096991e+00
-3.112261360391421317e+00
2.826821269165779249e+00
-2.405499443324889963e+00
1.904938903434888697e+00
-1.390129269520834043e+00
9.211264544323127801e-01
-5.410414853728704454e-01
2.680940960309003418e-01
-9.355160297838419070e-02
-1.403823971346209246e-02
9.941851731762049726e-02
-2.083339058829619672e-01
3.753849678133144852e-01
-6.149694784809595083e-01
9.174806735410188097e-01
-1.251635033912875672e+00
1.572297583976459912e+00
-1.831827039595621320e+00
1.992103895896471411e+00
-2.034240543998484085e+00
1.963543330699333955e+00
-1.808462835503862998e+00
1.613746251609502025e+00
-1.429434460695101938e+00
1.298377711691376390e+00
-1.245325701185846512e+00
1.270286002660964364e+00
-1.347825647015571837e+00
1.432560503048481149e+00
-1.469582325938145972e+00
1.407376338542167593e+00
-1.210173424748252513e+00
8.668083949299731916e-01
-3.939888493280695458e-01
-1.667836154562229722e-01
7.578804126437621580e-01
-1.317710820160155061e+00
1.793471895045685383e+00
-2.151454844377191478e+00
2.382496539614435527e+00
-2.501363786297853498e+00
2.540345976689994512e+00
-2.538746382112133215e+00
2.530959287936244362e+00
-2.536156999176506499e+00
2.552205779980893929e+00
-2.555381972637495558e+00
2.506024352463374072e+00
-2.358786131421563681e+00
2.074999210031149399e+00
-1.634115585921656510e+00
1.041381131453480879e+00
-3.297808419070529240e-01
-4.443408787675568461e-01
1.211066246845007965e+00
-1.899878945768475713e+00
2.452842367839576099e+00
-2.834944961387114937e+00
3.039254984510925794e+00
-3.085770653800598673e+00
3.014359244366362045e+00
-2.873585192517479125e+00
2.708192564358396393e+00
-2.548298646065828343e+00
2.402903958204018586e+00
-2.259241220101577241e+00
2.088036470006283896e+00
-1.853293302531924258e+00
1.524092494332577097e+00
-1.085396825633261120e+00
5.450872549074535778e-01
6.462553907426937805e-02
-6.918941473008052290e-01
1.275012527760123859e+00
-1.755002507652144494e+00
2.088023539969178888e+00
-2.254634619773748128e+00
2.263672112936835124e+00
-2.149786104474022075e+00
1.965191721296486005e+00
-1.767574450597570568e+00
1.607005113999291357e+00
-1.514949072948032605e+00
1.497940316719690301e+00
-1.537359248866842609e+00
1.595277866649113196e+00
-1.624875258349720353e+00
1.582833746779604311e+00
-1.440665707588444588e+00
1.192203437139796485e+00
-8.554392971546346258e-01
4.682972281982633045e-01
-7.940956716340433208e-02
-2.637989624655223686e-01
5.267544656483427179e-01
-6.962009991612558846e-01
7.833618652294346285e-01
-8.209621315058025504e-01
8.547839813301862932e-01
-9.317724968064240443e-01
1.087568831227274213e+00
-1.336510315101772983e+00
1.666561837684329861e+00
-2.040467985916858851e+00
2.402924737340811134e+00
-2.692123675190599474e+00
2.852970730086236806e+00
-2.848879741955319567e+00
2.669385712285881063e+00
-2.331829628140540400e+00
1.876791829447206128e+00
-1.358448547392737682e+00
8.322336903243866546e-01
-3.428132254004234714e-01
-8.472771640923393299e-02
4.483968354682039692e-01
-7.667352652156739223e-01
1.070917907215165776e+00
-1.393563859975463837e+00
1.757122370979402159e+00
-2.164811654823093345e+00
2.596468871850328597e+00
-3.010469722546748716e+00
3.351387169458885040e+00
-3.561643088331915230e+00
3.594409113538405087e+00
-3.424677276287592331e+00
3.055830418494687173e+00
-2.520099170082604090e+00
1.872741675753388790e+00
-1.181274021009289577e+00
5.122527788891932943e-01
8.131729573078688711e-02
-5.690453478689553313e-01
9.466471321545063544e-01
-1.233182404946069344e+00
1.462862900285324841e+00
-1.673560548165718753e+00
1.894925472987611048e+00
-2.139091125551147776e+00
2.396284707762127653e+00
-2.636436682156506173e+00
2.816392828065738207e+00
-2.890939811686688010e+00
2.824900495530524580e+00
-2.603271596534375121e+00
2.236833870890083453e+00
-1.761753422370485600e+00
1.233148029563406745e+00
-7.140610632168506999e-01
2.624104573939371465e-01
8.101272368129802670e-02
-3.006566024643221868e-01
4.085135676519198178e-01
-4.400854967874830437e-01
4.449911711735967113e-01
-4.744754387839185128e-01
5.688111868700820306e-01
-7.475942773367287852e-01
1.005217061307505322e+00
-1.312542148103148287e+00
1.026002550947485759e+01
-1.139828993718071359e+01
1.117346898661021015e+01
-9.787816019247985722e+00
7.683373910323920697e+00
-5.423808576406620396e+00
3.548761796144108693e+00
-2.436746941255572452e+00
2.210398847928661148e+00
-2.707430230313664588e+00
3.524491897539017149e+00
-4.123217892259564366e+00
3.972423444462646724e+00
-2.691445131872251206e+00
1.591613452313289656e-01
3.438573006745138549e+00
-7.635483035070008029e+00
1.177990545009966361e+01
-1.517614611616216003e+01
1.723871022442025946e+01
-1.762272436274043486e+01
1.629950853001080446e+01
-1.355939911271776310e+01
9.941388329200060880e+00
-6.106700758187076694e+00
2.686821274904486856e+00
-1.424800144768632038e-01
-1.332754556380178368e+00
1.841619656668110894e+00
-1.738842541270194442e+00
1.525083893717259720e+00
-1.705876197466665189e+00
2.650763285890994858e+00
-4.487715145401371508e+00
7.059194553389750659e+00
-9.951109464189080711e+00
1.258798511949922272e+01
-1.437139189000025929e+01
1.482793986692891863e+01
-1.373061671322483335e+01
1.116352870709912182e+01
-7.513690584782917625e+00
3.391106461474464595e+00
5.042760664739454057e-01
-3.537281666822998716e+00
5.277152369788777442e+00
-5.588974631264466808e+00
4.655342553999195054e+00
-2.923510517191118208e+00
9.912135420968755106e-01
5.409586522591043334e-01
-1.214818824632482919e+00
8.224192228584730202e-01
5.493232207099798536e-01
-2.547508701419557209e+00
4.647977911507018334e+00
-6.292155541518299700e+00
7.032044764588732733e+00
-6.647453976780968610e+00
5.206357000862860573e+00
-3.053215879003664313e+00
7.277407615979565314e-01
1.166371235549520158e+00
-2.110843454870231284e+00
1.803907430443480564e+00
-2.408821164878443000e-01
-2.275826786327409756e+00
5.200354987659102868e+00
-7.865880135511673643e+00
9.636977070157776382e+00
-1.005554952761260168e+01
8.945565022611893014e+00
-6.451727589070041624e+00
3.003132761846416532e+00
7.889960732591130288e-01
-4.274566935320446071e+00
6.914190699638128379e+00
-8.399043583619235420e+00
8.712397597414540229e+00
-8.118521734080989205e+00
7.082420743249455697e+00
-6.140757874815921724e+00
5.756197522468621486e+00
-6.191412630595665156e+00
7.434156624772052524e+00
-9.192280690824709666e+00
1.096043143921681562e+01
-1.214256462679437831e+01
1.220064303589513344e+01
-1.079330674659935418e+01
7.870522490808946614e+00
-3.700708910505177585e+00
-1.176940306436200068e+00
6.064184444462053847e+00
-1.025330247162728448e+01
1.317914213746625052e+01
-1.453768727461864785e+01
1.434325502618120929e+01
-1.291123579888476236e+01
1.077122555294462991e+01
-8.532123884492984089e+00
6.732230142529209260e+00
-5.710791764016263983e+00
5.532025255082116288e+00
-5.979673069959246412e+00
6.622838118175705446e+00
-6.936369602535041423e+00
6.445710817202134457e+00
-4.860113309908641099e+00
2.160934515808355716e+00
1.377315450486678472e+00
-5.239089965470604682e+00
8.781095954315677687e+00
-1.137974485317700868e+01
1.257726419630013837e+01
-1.219109173685195202e+01
1.035988793581362266e+01
-7.514703551972565343e+00
4.281845730672442230e+00
-1.340434315117174702e+00
-7.314573970389526281e-01
1.585469289810604643e+00
-1.175951260864621428e+00
-2.397003948845275456e-01
2.172788777147343087e+00
-4.029177001629950183e+00
5.258303275517127062e+00
-5.488939571879031476e+00
4.618688194276201031e+00
-2.835632639163842672e+00
5.672122678143897145e-01
1.630781487888496528e+00
-3.217526266348532893e+00
3.807316773033879276e+00
-3.271784848284843061e+00
1.778661137122072411e+00
2.429804404656566996e-01
-2.203096794080578569e+00
3.492694534871775058e+00
-3.633239894630262867e+00
2.397228381562859667e+00
1.295009069933503731e-01
-3.559155450593949332e+00
7.284798465635705433e+00
-1.061508564075975514e+01
1.292893123276894407e+01
-1.381332869068033276e+01
1.315166032408576058e+01
-1.114182591022844271e+01
8.240488892692480860e+00
-5.047563063268980521e+00
2.159419245751132088e+00
-2.670198263562983954e-02
-1.148678947448250831e+00
1.452544590103251654e+00
-1.224347175284819400e+00
9.588341241099000989e-01
-1.168096608460806429e+00
2.238366077520677067e+00
-4.317271865097274564e+00
7.259897388451329370e+00
-1.064766135746853593e+01
1.387628130608037935e+01
-1.629216999970651258e+01
1.734468443258414183e+01
-1.671759937605624202e+01
1.440800684564375089e+01
-1.073338831070207355e+01
6.264833040241939877e+00
-1.702111404069174050e+00
-2.279740570199317418e+00
5.175887799445839654e+00
-6.754800885849167713e+00
7.094919581469765646e+00
-6.546925907922218180e+00
5.631687531842711536e+00
-4.899449984313362094e+00
4.785119560519442317e+00
-5.495245842930520652e+00
6.954407958363053588e+00
-8.824063799493922389e+00
1.058910614355537128e+01
-1.169072344217947723e+01
1.167274070596702984e+01
-1.030520158712108625e+01
7.654383382938263480e+00
-4.081398120045838240e+00
1.688789149895210118e-01
3.407232741560191513e+00
-6.030354686013148502e+00
7.283870272617812169e+00
-7.045923616035463688e+00
5.515598943691041534e+00
-3.164153779474236039e+00
6.229903737657509488e-01
1.464759940276718186e+00
-2.593478238258756008e+00
2.509482302217226568e+00
-1.263526504758231805e+00
-8.106544022844421882e-01
3.185837768249015767e+00
-5.276453997214769487e+00
6.586000126880546368e+00
-6.830504773062190615e+00
6.007803060235860748e+00
-4.395722600834623073e+00
2.479734401941533495e+00
-8.279347786253667962e-01
-5.582055064517632559e-02
-1.356318899010666712e-01
1.427584536970909923e+00
-3.546983903964956220e+00
5.979411095530884346e+00
-8.086388131926961265e+00
9.255143173777700127e+00
-9.044958539089620331e+00
7.294896869839375242e+00
-4.166898957215768640e+00
1.137479454456391537e-01
4.220554855903233538e+00
-8.144230263938091241e+00
1.107073198595049135e+01
-1.264489633317974437e+01
1.281242330727054402e+01
-1.181669988587846021e+01
1.012462885472665342e+01
-8.300324349104890587e+00
6.858102938836305285e+00
-6.131088711980650530e+00
6.187782107258578357e+00
-6.817088846883875064e+00
7.585457722637975131e+00
-7.952038772141024836e+00
7.413467483529661450e+00
-5.642493060965758644e+00
2.586004778739396048e+00
1.502245458956295909e+00
-6.103134257982755884e+00
1.053877358792850316e+01
-1.411928471315190059e+01
1.629494927569283647e+01
-1.677751093743128763e+01
1.560172524418453577e+01
-1.311257091995727464e+01
9.881376386126326850e+00
-6.571159406864950370e+00
3.783597637843546302e+00
-1.924311478786441043e+00
1.118523237546973803e+00
-1.196789000603575071e+00
1.753392926579128153e+00
-2.262307618280630983e+00
2.221656334095725605e+00
-1.290754499744751982e+00
-6.142791230129800439e-01
3.290138742655163373e+00
-6.288950116682762825e+00
9.023736712820078054e+00
-1.091110903992488446e+01
1.151631249044197780e+01
-1.066501437045520717e+01
8.494135496940270258e+00
-5.428719606977672640e+00
2.089723604341803931e+00
8.456382352473008623e-01
-2.797820127711636573e+00
3.416434660943481916e+00
-2.657945224689910457e+00
7.911273942450236518e-01
1.670754548630479341e+00
-4.094489364810930176e+00
5.878020089243396029e+00
-6.591672123517893667e+00
6.075633028919364520e+00
-4.470566487387080734e+00
2.174579407753674420e+00
2.622976729019859121e-01
-2.279772327566846002e+00
3.450010880125841339e+00
-3.586162207222002962e+00
2.789859545886333780e+00
-1.425853573079595371e+00
2.980852291144930888e-02
8.282819429486143470e-01
-6.916323184822852355e-01
-6.611093395243949900e-01
3.149220799000235438e+00
-6.395743595742898080e+00
9.805170535406158905e+00
-1.269493797191735318e+01
1.444959682852367067e+01
-1.466096713326166423e+01
1.322087935557642879e+01
-1.034447638360328625e+01
6.518738545056841360e+00
-2.388856789005453951e+00
-1.390035956116915106e+00
4.300061746936188811e+00
-6.071467911464724310e+00
6.730913302131858345e+00
-6.576254199010166168e+00
6.084863281846547345e+00
-5.778707554640655886e+00
6.079909947228697042e+00
-7.192774156172752953e+00
9.041718246730098940e+00
-1.128083244798789764e+01
1.337319373420887558e+01
-1.472091538811081968e+01
1.481436234456248613e+01
-1.336408296742713375e+01
1.038299288938764420e+01
-6.198240449989715906e+00
1.389107434151483078e+00
3.334849237527721222e+00
-7.286759732368612852e+00
9.950311795670170767e+00
-1.108753350173716257e+01
1.078114312909974082e+01
-9.401884108128118811e+00
7.509317054025350657e+00
-5.710510236034650688e+00
4.511086599652434970e+00
-4.194728546878413233e+00
4.760124135603825302e+00
-5.930200667615265431e+00
7.230778273750130936e+00
-8.118798255072787740e+00
8.128168778258071825e+00
-6.996969621728887923e+00
4.744313299089943925e+00
-1.677463100826957376e+00
-1.673134244771351753e+00
4.675583316639698950e+00
-6.745760082527466395e+00
7.487870177480250078e+00
-6.792111357188536758e+00
4.865444318033819826e+00
-2.187563405406262262e+00
-5.978029009208269962e-01
2.830516300404019248e+00
-3.985427323716745462e+00
3.791485048655342638e+00
-2.290295708959559917e+00
-1.795091445668870467e-01
3.067836326166761829e+00
-5.747534731403510122e+00
7.664858181969132822e+00
-8.469490043119634493e+00
8.092779731619543782e+00
-6.755590838250155272e+00
4.904404651984338948e+00
-3.091863361686712608e+00
1.831506042164651404e+00
-1.462746774502397429e+00
2.059636261010515668e+00
-3.406245911584160790e+00
5.045219761496609223e+00
-6.388118691659149917e+00
6.860994788043953463e+00
-6.049880450102779861e+00
3.810694664967157586e+00
-3.165138882611810978e-01
-3.969812391391978501e+00
8.391741728065694517e+00
-1.224128618365620547e+01
1.491375867261530352e+01
-1.603833892944878770e+01
1.555362786173667899e+01
-1.371064614196834341e+01
1.100323523314288643e+01
-8.043291583901332586e+00
5.411471991390405911e+00
-3.519752551756699432e+00
2.519121667505100248e+00
-2.274505150951791510e+00
2.412487119504888700e+00
-2.429531858284228019e+00
1.833577007204072018e+00
-2.836686206836187552e-01
-2.307259083441068448e+00
5.732394706114620320e+00
-9.524472996704576033e+00
1.305528966734448026e+01
-1.567778031156305829e+01
1.687661081997165269e+01
-1.639094992083789037e+01
1.427963098220430638e+01
-1.091268457533215752e+01
6.890901837424560306e+00
-2.912388527322266274e+00
-3.822014997300762218e-01
2.548990895233292697e+00
-3.431807301132808519e+00
3.183524173370997801e+00
-2.213482416276212561e+00
1.074526364455204330e+00
-3.177240257722919736e-01
3.505263521535360027e-01
-1.333096949966120270e+00
3.138071952902167894e+00
-5.383402396740883056e+00
7.529991299239430447e+00
-9.019933541643480268e+00
9.421171333112438262e+00
-8.542726972894852722e+00
6.491773930448745844e+00
-3.657934790058291252e+00
6.279181309356494101e-01
1.949382596894972064e+00
-3.515044734173158325e+00
3.732895351915078486e+00
-2.570813040631409585e+00
3.107720283440085218e-01
2.515024020290603790e+00
-5.246784553917553495e+00
7.249281827786280274e+00
-8.057179363069861822e+00
7.478935574469117498e+00
-5.634764340122433879e+00
2.920128753075975414e+00
9.573618831126262663e-02
-2.811104797432288471e+00
4.738155644991160820e+00
-5.618719986777397146e+00
5.481255944226793630e+00
-4.625390448345730654e+00
3.538151357579624623e+00
-2.762772791290373675e+00
2.752615867500997737e+00
-3.746463810404899064e+00
5.696315347026155607e+00
-8.266056745017341001e+00
1.090213505311410991e+01
-1.295977684252269846e+01
1.385467242912479868e+01
-1.320369172460432949e+01
1.092066716493577516e+01
-7.243982668792018131e+00
2.689057212495204574e+00
2.063151862848675577e+00
-6.315146642725907533e+00
9.503955614078583025e+00
-1.131845205158753842e+01
1.175537390251712822e+01
-1.110140421490134699e+01
9.846598291180212570e+00
-8.551035974528621963e+00
7.697808847679795896e+00
-7.568601545836696864e+00
8.172438176735052906e+00
-9.245031770373030255e+00
1.031879901602374261e+01
-1.084621749576146321e+01
1.034604334306272655e+01
-8.536181378057221991e+00
5.420107618483754663e+00
-1.304937952221365993e+00
-3.254197795171813290e+00
7.570902314613380923e+00
-1.097789235822830634e+01
1.297524830794738371e+01
-1.334113120046314194e+01
1.217850121887530790e+01
-9.886714700369637399e+00
7.064912996610820173e+00
-4.370477028551935206e+00
2.366543822671525632e+00
-1.395071968622781711e+00
1.505606026764624072e+00
-2.456271817859009943e+00
3.785947744603583409e+00
-4.939275555050357092e+00
5.413394005024745326e+00
-4.890101123492096136e+00
3.320826441990391231e+00
-9.434220925245622169e-01
-1.773473638103625571e+00
4.244963646118857348e+00
-5.915283473539695969e+00
6.398364037329824505e+00
-5.578903121870052217e+00
3.648768261251963629e+00
-1.069195969169775662e+00
-1.532743944090273924e+00
3.508957133068353329e+00
-4.341848865354412723e+00
3.766264031193699680e+00
-1.832585651869313104e+00
-1.104141007000704278e+00
4.466405371162301741e+00
-7.587957304076808462e+00
9.866929537711207843e+00
-1.090167018496025975e+01
1.057692606161053206e+01
-9.080167342054242141e+00
6.844859076530191544e+00
-4.435228847127907770e+00
2.401241668772727600e+00
-1.139635429153652346e+00
7.952628652626483330e-01
-1.227027239642824341e+00
2.046817145663513138e+00
-2.721910077085418767e+00
2.715693163400749732e+00
-1.632049328116739861e+00
-6.723028362550333981e-01
4.035579311652681689e+00
-8.012368550612098517e+00
1.196444754684048739e+01
-1.519983078512679420e+01
1.712713619371290719e+01
-1.738852860117728483e+01
1.593955867758693756e+01
-1.305693325907428637e+01
9.272551928332765314e+00
-5.249834084167189552e+00
1.632155834778994397e+00
1.100221651360680397e+00
-2.730603397965088330e+00
3.340072412239705635e+00
-3.268048297993134454e+00
3.009736956439921229e+00
-3.076360414666173604e+00
3.853059249986275248e+00
-5.489837373456582625e+00
7.852759234202898675e+00
-1.054780250268192887e+01
1.301192148067996968e+01
-1.464933454651344391e+01
1.497984323684159236e+01
-1.376285541749024688e+01
1.106649379353180151e+01
-7.264347660243973159e+00
2.959878387704578007e+00
1.144015226002579766e+00
-4.399472921949535653e+00
6.355529702706261830e+00
-6.853687742918863179e+00
6.054666901183682448e+00
-4.390364108042298597e+00
2.453041695516567700e+00
-8.488183579162296155e-01
5.100888327272556921e-02
-2.887038632932910076e-01
1.497247219661006490e+00
-3.342089114878208367e+00
5.309560416307122388e+00
-6.841794132061156830e+00
7.482277054618083234e+00
-6.995961251063746111e+00
5.434118119224924826e+00
-3.127653653119193855e+00
6.101270256521647006e-01
1.511040268173195589e+00
-2.703910313146680178e+00
2.645498822691651597e+00
-1.306621469610507624e+00
-1.032972594420594969e+00
3.843457067626452339e+00
-6.464162457408304086e+00
8.254949059627474384e+00
-8.743666940707429447e+00
7.734548482261427438e+00
-5.351772444265124662e+00
2.008051494638463996e+00
1.693856945749900866e+00
-5.102708155225585962e+00
7.669120174475953178e+00
-9.068497064738217261e+00
9.267146276666188953e+00
-8.516162928086821182e+00
7.275318631365518485e+00
-6.086271763414003111e+00
5.426755846098984648e+00
-5.582003114154315604e+00
6.565404366685513082e+00
-8.108330989801716626e+00
9.722089838199964973e+00
-1.081727347342646617e+01
1.085161887652821022e+01
-9.470345813083284270e+00
6.604558618112115198e+00
-2.503282740329284550e+00
-2.309344747346627091e+00
7.142167241221780927e+00
-1.128505447815579998e+01
1.416191089984755891e+01
-1.545244015490154865e+01
1.515398715590172252e+01
-1.356922440684264153e+01
1.122330925279203484e+01
-8.731083367346897717e+00
6.646809544142108450e+00
-5.332959033400364923e+00
4.879711618839788656e+00
-5.094301105875556956e+00
5.562186066001292062e+00
-5.764426369990081511e+00
5.221883525682956773e+00
-3.630285945135939052e+00
9.524095928301736791e-01
2.555916597482585928e+00
-6.393106057017981847e+00
9.921597227169442590e+00
-1.251396284385829816e+01
1.370016766609045078e+01
-1.328031042364024827e+01
1.137536130948368118e+01
-8.403269566070333596e+00
4.985767487169802337e+00
-1.807886748590870063e+00
-5.364156814758578307e-01
1.675810762241594087e+00
-1.539173825039509502e+00
3.611036706470605040e-01
1.385274270606520641e+00
-3.111337146631112383e+00
4.261533692213379076e+00
-4.451172133804696784e+00
3.559911803769598482e+00
-1.758389954428717372e+00
-5.381676369472561117e-01
2.777614747239204540e+00
-4.413087888183213181e+00
5.044530297476160996e+00
-4.524449666313336671e+00
3.001519038180095134e+00
-8.907830919922193891e-01
-1.222843034355102443e+00
2.724758196512413466e+00
-3.120746273228598433e+00
2.160555740060460472e+00
9.514228977593219838e-02
-3.280976507964311395e+00
6.805228177452049110e+00
-9.981883901704479811e+00
1.218501969292355547e+01
-1.298878696372724306e+01
1.225978581477362361e+01
-1.018014569654974899e+01
7.196387467568171381e+00
-3.907048346693817287e+00
9.167689494112938320e-01
1.307496756462554366e+00
-2.543205578858133808e+00
2.856151638033613605e+00
-2.571318859598927364e+00
2.178316084796252383e+00
-2.195095509460546879e+00
3.023903674910425998e+00
-4.835370669509874375e+00
7.509827818458794546e+00
-1.065101080467782602e+01
1.366963971200521399e+01
-1.591726520773159237e+01
1.683839213896825271e+01
-1.610425404891019951e+01
1.369585196104845437e+01
-9.915970347264149609e+00
5.326915850653513473e+00
-6.285648789717037666e-01
-3.494367784789771392e+00
6.519585992502208605e+00
-8.194160879373793449e+00
8.576167473486647097e+00
-8.001856918341056613e+00
6.987234822327528683e+00
-6.088736581827623340e+00
5.757471972647540959e+00
-6.222886722428536466e+00
7.434334717115579139e+00
-9.074769160867472095e+00
1.064302676695725935e+01
-1.158431582608452715e+01
1.143663420295544775e+01
-9.956833507166599873e+00
7.194892407925751243e+00
-3.497492983462720417e+00
-5.608325877377402513e-01
4.303074100791731027e+00
-7.101898905754326030e+00
8.522214889495874246e+00
-8.419929014465338923e+00
6.973143436856842570e+00
-4.638246690569758357e+00
2.041407387184904998e+00
1.685106102882629742e-01
-1.470376796417167675e+00
1.588641128224310251e+00
-5.506697745910669184e-01
-1.329625611260074169e+00
3.537167172866426235e+00
-5.488694722747212040e+00
6.680485427535853837e+00
-6.814495474119424578e+00
5.872012909668795189e+00
-4.116839351565266369e+00
2.027320613183678066e+00
-1.740080581341971744e-01
-9.268991303788323144e-01
9.481630661477344901e-01
1.591964433968540149e-01
-2.144332258601126640e+00
4.508700544699824952e+00
-6.619926704639595982e+00
7.860364346130436886e+00
-7.774755880985196654e+00
6.181466021340341399e+00
-3.220427770044437477e+00
-6.738804886274454287e-01
4.868094073770176777e+00
-8.671439314670919885e+00
1.148924785213063338e+01
-1.295193824582065645e+01
1.298895040204837770e+01
-1.183054009126564310e+01
9.937865239338567136e+00
-7.879165138912323840e+00
6.182831182844077844e+00
-5.203640926557119961e+00
5.035054246018770385e+00
-5.489080029185998910e+00
6.148592219441324502e+00
-6.479156718389964986e+00
5.972765979215806098e+00
-4.287940120464986293e+00
1.351380959071958987e+00
2.604409341173854031e+00
-7.077644611105922579e+00
1.140001196796781002e+01
-1.488164727354764771e+01
1.696396195335976387e+01
-1.734391259283164644e+01
1.604006860707724513e+01
-1.338476941647682850e+01
9.944396950738859431e+00
-6.387026283666944693e+00
3.329282201190762791e+00
-1.199082382633638311e+00
1.469207073376246342e-01
-2.642435982816326856e-02
4.480082090426547592e-01
-8.916612441421061241e-01
8.505550305341600392e-01
3.025392627267642354e-02
-1.854449904202132515e+00
4.439127773423805934e+00
-7.352483887845264299e+00
1.001556701140271599e+01
-1.184336023999115639e+01
1.239070919289735073e+01
-1.146724974396018126e+01
9.192861611557688661e+00
-5.979500057907397803e+00
2.443063449390186825e+00
7.340816246749657381e-01
-2.957293105542718514e+00
3.853815016708161068e+00
-3.354918916932783990e+00
1.706531834464346531e+00
5.939382686155044722e-01
-2.919123645108001597e+00
4.662122544367207411e+00
-5.379546008941639812e+00
4.892855741317927887e+00
-3.323927590214377226e+00
1.056848997414026936e+00
1.364068591889812776e+00
-3.374578911717236451e+00
4.534342250094594462e+00
-4.638788675260061112e+00
3.771361598745604393e+00
-2.283135133259312610e+00
7.046155349499236831e-01
3.888028879392280146e-01
-5.248120497190686962e-01
-5.407589865422863795e-01
2.752755229647181778e+00
-5.757345876969516496e+00
8.975121477183714447e+00
-1.172968462674632484e+01
1.340128901415639540e+01
-1.356893720186657148e+01
1.210704577134555393e+01
-9.213677505896452402e+00
5.363786589227234280e+00
-1.198939314217942087e+00
-2.619805561209787470e+00
5.560431372675209261e+00
-7.334337929956969759e+00
7.949447615685389934e+00
-7.689952004358815429e+00
7.028518798538054391e+00
-6.493227547996594851e+00
6.522490510291170551e+00
-7.344073089130912280e+00
8.908365265433074498e+00
-1.089272554620660394e+01
1.277626837364812218e+01
-1.396714378933776146e+01
1.395138377976258504e+01
-1.242692711407410755e+01
9.389822961719083594e+00
-5.151041797088373286e+00
2.790244386067616267e-01
4.518972165424607113e+00
-8.548869384961720996e+00
1.127915037553108846e+01
-1.245227373001083748e+01
1.213189016575971557e+01
-1.067509333822635753e+01
8.636973617453961083e+00
-6.630989298761232220e+00
5.179188391400842306e+00
-4.588562905225161970e+00
4.883262420440706464e+00
-5.808638593181882470e+00
6.905488690156643905e+00
-7.635698765377053832e+00
7.527931906748271729e+00
-6.307117232335791357e+00
3.975459255988121221e+00
-8.245395788400213810e-01
-2.625060597341490887e+00
5.742430079455479230e+00
-7.934765030812096498e+00
8.789627163347905281e+00
-8.176382836685643696e+00
6.281913767747351329e+00
-3.571491754248696804e+00
6.837539284553248997e-01
1.715373640936901367e+00
-3.085037168977914579e+00
3.131814192727675916e+00
-1.873031296268557355e+00
-3.737405107932927351e-01
3.071983500005687873e+00
-5.598250840683093088e+00
7.392683983381704849e+00
-8.091499420747913618e+00
7.609476446430363694e+00
-6.152792242909416842e+00
4.159616025163885844e+00
-2.183535439855300631e+00
7.488485160576763278e-01
-2.136172266803226805e-01
6.744749005679846476e-01
-1.936972402602157306e+00
3.559220068539707071e+00
-4.958633240595943903e+00
5.556087250780171516e+00
-4.922508545580490669e+00
2.892137648144599726e+00
3.853992020240615268e-01
-4.467387193742267115e+00
8.709952561680712080e+00
-1.240808862636785292e+01
1.495063005921466370e+01
-1.595341855464285530e+01
1.533917258714123832e+01
-1.334544247188110688e+01
1.045937746079715680e+01
-7.295647195765749160e+00
4.447475316080309327e+00
-2.347061668904175669e+00
1.169168364642730218e+00
-8.009437767176530443e-01
8.847690942893566834e-01
-9.230023616299645184e-01
4.183252683154528029e-01
9.853391963194813030e-01
-3.396547294549197460e+00
6.631474277380908333e+00
-1.024226889492746828e+01
1.361251931380642510e+01
-1.609726876167723475e+01
1.717400816088867543e+01
-1.656819449796556398e+01
1.432280876461673813e+01
-1.079483943627162468e+01
6.579120677707249065e+00
-2.377418792117015123e+00
-1.156186463170218559e+00
3.556924328940696434e+00
-4.644469748075206184e+00
4.549400491737060293e+00
-3.665416944807466049e+00
2.539705447998459320e+00
-1.728715847309728382e+00
1.654856192960505901e+00
-2.499192810348249694e+00
4.156294369920685128e+00
-6.262060020752025835e+00
8.287452127977118721e+00
-9.674877504147481488e+00
9.983466259826126787e+00
-9.007241326908172141e+00
6.836707428922396801e+00
-3.848130535486039783e+00
6.223889953128460828e-01
2.187525420319749170e+00
-4.008677679957691531e+00
4.483416708124688732e+00
-3.554984363035416983e+00
1.482698147807598676e+00
1.217175835827383201e+00
-3.890861176300143498e+00
5.898315968620420513e+00
-6.760163823122085525e+00
6.265308725174959292e+00
-4.513807029748673649e+00
1.885275433752704899e+00
1.058864623735695787e+00
-3.715041739821022482e+00
5.584789178358453121e+00
-6.393623081855999146e+00
6.152646132061235562e+00
-5.148081108777733839e+00
3.861628513596135903e+00
-2.841510947000279952e+00
2.556182116521696912e+00
-3.266988622875603099e+00
4.951524476631146143e+00
-7.297112457165271238e+00
9.766770966865740533e+00
-1.172232946130911202e+01
1.257534279242204178e+01
-1.192953578848779372e+01
9.680374034065945210e+00
-6.047563018247825717e+00
1.532358258479888491e+00
3.190370245911037461e+00
-7.419710175469615976e+00
1.058083060906271555e+01
-1.234557875249040748e+01
1.269319472506079371e+01
-1.189734986190791233e+01
1.044357310654414839e+01
-8.897951456574503482e+00
7.759692602984404886e+00
-7.333885513866184702e+00
7.655686854376242856e+00
-8.484449660289476114e+00
9.369095480335563053e+00
-9.768506506851172944e+00
9.197149069876754623e+00
-7.359840445497979999e+00
4.242076783886466806e+00
-1.330495387120862461e-01
-4.425205880297077066e+00
8.751124185986839166e+00
-1.217274000758355612e+01
1.417717042986821951e+01
-1.452474572614181625e+01
1.330048430749367405e+01
-1.089062085551965353e+01
7.889886993658435266e+00
-4.961853882897992563e+00
2.685852970812942608e+00
-1.427083418149270422e+00
1.260750571635253170e+00
-1.967866490311605654e+00
3.102895123552205092e+00
-4.115981356343880293e+00
4.499300733864711077e+00
-3.921308217684047470e+00
2.315742007617687115e+00
9.660405750299805305e-02
-2.858809367529761225e+00
5.389074161594050061e+00
-7.125063525462518754e+00
7.665914123720449780e+00
-6.876892253812307843e+00
4.930653623864731827e+00
-2.274386237574580694e+00
-4.699021749104554946e-01
2.648427959613175009e+00
-3.727888887963463738e+00
3.420470852691805064e+00
-1.751616988096046157e+00
-9.456911364186946223e-01
4.108721069165119921e+00
-7.076104900229868377e+00
9.240763912927480561e+00
-1.018798278055810869e+01
9.785708227493907785e+00
-8.205841982133332380e+00
5.872106330929408813e+00
-3.347896362085099664e+00
1.192063055472012856e+00
1.817314372615674856e-01
-6.074453429819950401e-01
2.056820954469187335e-01
6.502949876070458490e-01
-1.433226733208036840e+00
1.600958095110404766e+00
-7.417204947619291389e-01
-1.310324407526539225e+00
4.418109193210618457e+00
-8.157947585305882043e+00
1.190602592422324868e+01
-1.497498181829760533e+01
1.676822909952428731e+01
-1.691527266954312125e+01
1.535572719837647782e+01
-1.235203194916541847e+01
8.427967676941374719e+00
-4.247884935369116377e+00
4.657338566324709106e-01
2.419888722425379335e+00
-4.170107179830891297e+00
4.844993913074047143e+00
-4.769032984647450846e+00
4.432178535419331489e+00
-4.351520679455068930e+00
4.928097908195258725e+00
-6.334481224277094924e+00
8.461142670335295435e+00
-1.093516653765891888e+01
1.320708628922213634e+01
-1.468486326016135024e+01
1.488234960078081315e+01
-1.354584572985693569e+01
1.072749020510172180e+01
-6.786972460336585300e+00
2.320347378008829953e+00
1.967637930177233763e+00
-5.417599544304585457e+00
7.559415567091718025e+00
-8.211823132833023564e+00
7.514212117618885856e+00
-5.883429905093548129e+00
3.906445602218340252e+00
-2.195104611119500504e+00
1.238210641439270177e+00
-1.286626321474415136e+00
2.298886613807677559e+00
-3.959972553471957202e+00
5.768011183611776005e+00
-7.167100682230076458e+00
7.693235272914002110e+00
-7.097149747262275987e+00
5.413582411699997543e+00
-2.959583612722043178e+00
2.618783776979716205e-01
2.069305243129521354e+00
-3.489343866310716358e+00
3.654908504576025230e+00
-2.512967180532542422e+00
3.210181900843447345e-01
2.406947037659069366e+00
-5.016297087825588363e+00
6.862001728575312320e+00
-7.457475831477255568e+00
6.586529887800077532e+00
-4.351799089373182383e+00
1.148321414975197685e+00
2.431044344733859219e+00
-5.735294843092155759e+00
8.206224356809423526e+00
-9.504256932760029031e+00
9.579067179164217904e+00
-8.668450230011854885e+00
7.226446717939378317e+00
-5.798987922893729774e+00
4.878102072441821591e+00
-4.770909321866809272e+00
5.515970894552514991e+00
-6.867940151367918133e+00
8.354718114106628235e+00
-9.393519198093523315e+00
9.437737911839512606e+00
-8.118811457868257975e+00
5.348278084331215432e+00
-1.354704667771137183e+00
-3.354190601530278926e+00
8.095855700383385312e+00
-1.215924637577497336e+01
1.495860577069698927e+01
-1.615827507237375116e+01
1.573909919757894826e+01
-1.399106452060166106e+01
1.143456828621445531e+01
-8.689865458049508717e+00
6.326613837255983697e+00
-4.730048102065214088e+00
4.016050629898588298e+00
-4.015299411907506055e+00
4.329708838691126438e+00
-4.446668640451854060e+00
3.882440008456613079e+00
-2.318927845419175071e+00
-3.003485360293041140e-01
3.739306674764195648e+00
-7.511705148954981759e+00
1.098727551634049249e+01
-1.353630389704473380e+01
1.467784671980912847e+01
-1.419567152106441199e+01
1.219364156470899019e+01
-9.076771639899817501e+00
5.462058765788140313e+00
-2.040103303113759203e+00
-5.796168908865366731e-01
2.003046325824390461e+00
-2.133626345561762339e+00
1.182994039292366129e+00
3.915893269214568706e-01
-2.007299971521068205e+00
3.103713198815154506e+00
-3.282475349610763260e+00
2.404699458148664704e+00
-6.225565681582214683e-01
-1.662303125926026803e+00
3.902936040324880285e+00
-5.548003104125821316e+00
6.184482727374909672e+00
-5.646820362152746853e+00
4.065294933493637686e+00
-1.841198942674105110e+00
-4.456990536430507355e-01
2.175360780922703796e+00
-2.838051899931501865e+00
2.160799472494630002e+00
-1.789224072980650782e-01
-2.765015017075412640e+00
6.095012852287964300e+00
-9.130860057689337950e+00
1.124207031605195084e+01
-1.198988675050023645e+01
1.122362925356116570e+01
-9.108718924492336555e+00
6.080234048777785283e+00
-2.733822278593749822e+00
-3.191443875538926278e-01
2.596781491682385479e+00
-3.856990170381595640e+00
4.146245489663346717e+00
-3.775417564300788786e+00
3.229070983589911847e+00
-3.030996184551237871e+00
3.599469133765486717e+00
-5.128296542489548138e+00
7.523456409892475882e+00
-1.041160399017167215e+01
1.321917163984357302e+01
-1.530351273581879568e+01
1.610472894301344837e+01
-1.528159761937455841e+01
1.279866157325768938e+01
-8.943183236301216255e+00
4.267484585292245391e+00
5.298805823955152761e-01
-4.755987212633664640e+00
7.872404840331308051e+00
-9.605853739463693586e+00
9.994752179823176874e+00
-9.361309803087145553e+00
8.216837605882927775e+00
-7.124049640127076977e+00
6.550420040443558634e+00
-6.748641178843091559e+00
7.693433902086264098e+00
-9.090051377918429765e+00
1.045218518367323313e+01
-1.122992125198075186e+01
1.095605962482244600e+01
-9.374511235041442347e+00
6.518742175139864869e+00
-2.720321928741241013e+00
-1.455386877017560643e+00
5.331609185456544608e+00
-8.271616302342939875e+00
9.823068787415175862e+00
-9.820608573585820622e+00
8.422016836904303361e+00
-6.069191967267661525e+00
3.383266677402053890e+00
-1.018998376281317952e+00
-4.866985252515387828e-01
8.359111984091933678e-01
-3.185659595329815019e-02
-1.632364907717282376e+00
3.654920436343434442e+00
-5.455905008099213305e+00
6.525187753915484556e+00
-6.551079428168156582e+00
5.498276540591604089e+00
-3.616037077861759208e+00
1.374674738784699590e+00
6.539501679974257797e-01
-1.942498782298212046e+00
2.144749201042849052e+00
-1.188888528495034791e+00
-6.958692762996694370e-01
3.026527778378756750e+00
-5.176627260727741486e+00
6.523451319402840731e+00
-6.596854165892719557e+00
5.193895790668372037e+00
-2.431600816039697577e+00
-1.275003592071006775e+00
5.304458153328800663e+00
-8.968212980751983920e+00
1.166446212649137593e+01
-1.300980516922498431e+01
1.291754928379623024e+01
-1.160447490139458004e+01
9.525264261506707797e+00
-7.251313344116187665e+00
5.324060004089043119e+00
-4.119011632258979816e+00
3.753882137160440280e+00
-4.063333807851245538e+00
4.646427007691661615e+00
-4.975003638124128713e+00
4.536223656085590861e+00
-2.973994641476145784e+00
1.941527552008208701e-01
3.593050582635816337e+00
-7.904434229046870541e+00
1.208266415777205971e+01
-1.543925228107900871e+01
1.740787299852905790e+01
-1.767144866188369434e+01
1.623265092036614732e+01
-1.341100570840713857e+01
9.767397560658084288e+00
-5.974179087102623242e+00
2.662087196519911103e+00
-2.806042304943954235e-01
-9.950301882674459364e-01
1.288409255903731676e+00
-9.730981221803883807e-01
5.631401864586647044e-01
-5.704540864879845685e-01
1.364614354440806920e+00
-3.069810948162707831e+00
5.524594560275216892e+00
-8.314577016314229851e+00
1.087033005391242035e+01
-1.260667760714974150e+01
1.306931679640905486e+01
-1.205273507159288293e+01
9.660203932715694108e+00
-6.290577258129676608e+00
2.554323099697223043e+00
8.616238545023326978e-01
-3.348152861751774623e+00
4.510660348173298750e+00
-4.255545816302277018e+00
2.805989403341280664e+00
-6.434896808019088255e-01
-1.610510657491919684e+00
3.344219377626003631e+00
-4.100215972372406092e+00
3.680553568925135188e+00
-2.187254968855669723e+00
-1.099105976069680857e-02
2.377143555646157314e+00
-4.344540790866823876e+00
5.461674272920149953e+00
-5.507241716334052128e+00
4.547053352972395324e+00
-2.918640646883917888e+00
1.147151160214494370e+00
1.870106219845002471e-01
-5.964300596400926580e-01
-1.855831905861853315e-01
2.129342553063201304e+00
-4.904252711308088486e+00
7.947242866402405070e+00
-1.058832180506642118e+01
1.220352476499169825e+01
-1.235880940709475340e+01
1.091055304808246085e+01
-8.038702394935068440e+00
4.204812276871609633e+00
-4.525962336583111423e-02
-3.774540032420639069e+00
6.709817062170396085e+00
-8.454179095526312082e+00
8.997461630183654080e+00
-8.610445843913044683e+00
7.761043262329905268e+00
-6.983232941101260138e+00
6.731501151456380505e+00
-7.256991566309124231e+00
8.536188728758306254e+00
-1.027004311502738609e+01
1.195414771780683516e+01
-1.300310597900240595e+01
1.289884439509456726e+01
-1.132658428132796047e+01
8.264975284702934744e+00
-4.007842701686670672e+00
-8.885379328914563279e-01
5.720742448653854062e+00
-9.789036913236746074e+00
1.254808825157497942e+01
-1.372186556119595835e+01
1.335565317447580114e+01
-1.179323228181292293e+01
9.585288775379453341e+00
-7.351608370854405550e+00
5.630628652059352035e+00
-4.752769602841365071e+00
4.767978973695468525e+00
-5.444571983948078397e+00
6.338971212348333495e+00
-6.918615010749624261e+00
6.707318866523850787e+00
-5.416901063421848406e+00
3.032251619072281468e+00
1.715887175443424617e-01
-3.685136092034613231e+00
6.879918054894741175e+00
-9.155941165699463369e+00
1.008546655247660695e+01
-9.518087692542056999e+00
7.621316713567066969e+00
-4.846383586656918041e+00
1.826981858223212907e+00
7.651165357614049256e-01
-2.373233188237952707e+00
2.681271925144776525e+00
-1.681740762296178193e+00
-3.295992688970761364e-01
2.830662423988091092e+00
-5.202512413399901448e+00
6.879760085662598890e+00
-7.485363017791719642e+00
6.917276590987471607e+00
-5.366271723500174673e+00
3.261101521182245389e+00
-1.154961255668431885e+00
-4.184786126445318999e-01
1.083765282750002612e+00
-7.226787643997738542e-01
-4.911336271296757872e-01
2.130862482870226060e+00
-3.619583432770382192e+00
4.372848830092092243e+00
-3.946232223043439014e+00
2.151835041331097376e+00
8.848867460072580293e-01
-4.742296171305508068e+00
8.790241607158275627e+00
-1.232769670792141348e+01
1.473778390718232245e+01
-1.562338897543812521e+01
1.489125902236177623e+01
-1.276491155232446673e+01
9.723850998950462454e+00
-6.384327640515543578e+00
3.350881912635552240e+00
-1.074802796990576681e+00
-2.462686231408373061e-01
7.035669469237313400e-01
-6.392640739163815145e-01
5.453074754980304917e-01
-9.244650909079554779e-01
2.148271301001507538e+00
-4.347354851190139868e+00
7.361744805575182404e+00
-1.076411076568923519e+01
1.395105862828882337e+01
-1.628091187307365217e+01
1.722492408276358944e+01
-1.649539143403698560e+01
1.411952075500414594e+01
-1.044086335521984132e+01
6.047512679769834421e+00
-1.643872652277864610e+00
-2.103634112452710703e+00
4.710319844249815091e+00
-5.972460292983144292e+00
5.998827800419709533e+00
-5.167751201542279738e+00
4.020916815009976553e+00
-3.120350975269245097e+00
2.903794963887539105e+00
-3.573877672379358827e+00
5.048074135387912165e+00
-6.981465888829760935e+00
8.856440730828065711e+00
-1.011703879394696060e+01
1.031466962746425509e+01
-9.229066472633174811e+00
6.934308532974638339e+00
-3.793083261475119983e+00
3.798372514408216993e-01
2.649172369056719489e+00
-4.707887773438554468e+00
5.417966272805836425e+00
-4.698589446705605965e+00
2.786754055190478585e+00
-1.829352030303674492e-01
-2.465030702978656674e+00
4.512134979941012425e+00
-5.464586009228449726e+00
5.091037094822122633e+00
-3.470345941632618558e+00
9.649575495850510887e-01
1.872994564561550002e+00
-4.439535614933245000e+00
6.226776617335504582e+00
-6.944770634973354007e+00
6.587663103400924314e+00
-5.428220314509488276e+00
3.942398817167482417e+00
-2.682775373317081602e+00
2.132214362815522790e+00
-2.574048249672840960e+00
4.011090480229659860e+00
-6.153946058008315845e+00
8.482211374772909096e+00
-1.036436218860331238e+01
1.120774347311009933e+01
-1.060259858006221023e+01
8.425333023216190043e+00
-4.875905463850648047e+00
4.400313839340699307e-01
4.215050696136637853e+00
-8.386541099782466091e+00
1.148907113157829940e+01
-1.317842758105557799e+01
1.341688214609410146e+01
-1.246519349570676738e+01
1.080412032730068717e+01
-9.005315062067040799e+00
7.583627402854425270e+00
-6.867188479962391234e+00
6.917124634452616938e+00
-7.516474542461082820e+00
8.230848328262055702e+00
-8.525723008202975350e+00
7.911313106610821322e+00
-6.079089507467660525e+00
2.995920587704393956e+00
1.067977324626713020e+00
-5.585044577507993324e+00
9.880115096065981817e+00
-1.327810762488021012e+01
1.525455323705426736e+01
-1.555299170096705197e+01
1.424112631036736332e+01
-1.169229251476408571e+01
8.496719642832239572e+00
-5.323905601785323682e+00
2.769102874163729133e+00
-1.220604529053451515e+00
7.793341304073910791e-01
-1.249449861588003419e+00
2.201383035147973288e+00
-3.091145992623822281e+00
3.406134541792567916e+00
-2.801317384590636728e+00
1.192181056473390566e+00
1.218526568634675566e+00
-3.986941565609058546e+00
6.535904261025127227e+00
-8.298068241346753027e+00
8.859164790862367411e+00
-8.066103169878937607e+00
6.073015437531218197e+00
-3.313356640114349716e+00
4.041069437816284804e-01
1.995363878637808952e+00
-3.336130301761242478e+00
3.307655521352994121e+00
-1.910163925542701868e+00
-5.459079622164912937e-01
3.513198835535978670e+00
-6.335780183961491119e+00
8.401714847867964409e+00
-9.283225442046843412e+00
8.831019019086653543e+00
-7.200540887770943144e+00
4.804513158295724118e+00
-2.204020941912554488e+00
-3.470920875008243200e-02
1.482450655721434529e+00
-1.953042137511734389e+00
1.547306825792768237e+00
-6.240350924181911063e-01
-2.948455237915836857e-01
6.616065612704669086e-01
-4.874450490714821171e-02
-1.732393006990215589e+00
4.569943313357164527e+00
-8.062641216594848004e+00
1.160188504959291755e+01
-1.450568968351380228e+01
1.617279740171095881e+01
-1.622021510196854166e+01
1.457132442666116035e+01
-1.147353607050895619e+01
7.441368321227902705e+00
-3.138726951463127079e+00
-7.712862587946265336e-01
3.773027902477720907e+00
-5.606463692772162943e+00
6.311350597176526911e+00
-6.197630030576388727e+00
5.750193171083319399e+00
-5.492126359768642274e+00
5.840582857093519209e+00
-6.991121085532074453e+00
8.859292797957655452e+00
-1.109417939699653388e+01
1.316089228105161446e+01
-1.447208027406887965e+01
1.453635906352386087e+01
-1.308725259358006099e+01
1.016077696767336391e+01
-6.102111245836111308e+00
1.498904165310878778e+00
2.943487230317045178e+00
-6.555449031879351907e+00
8.848876736826969847e+00
-9.620670584534050107e+00
8.989520640241847715e+00
-7.357588552960756090e+00
5.306750677722373410e+00
-3.454761151322318646e+00
2.306223198643275296e+00
-2.134319569365653813e+00
2.921601886454185948e+00
-4.373642580111721578e+00
6.001541637556069730e+00
-7.252486301673156888e+00
7.655868013994170163e+00
-6.948708494152314508e+00
5.149245145653976508e+00
-2.560231608640379797e+00
-2.992714232383004713e-01
2.817299080827137647e+00
-4.437671860271340307e+00
4.797736570550043211e+00
-3.821406675666400243e+00
1.744452416850790222e+00
9.346774533423038989e-01
-3.567219303016168741e+00
5.503056880660796679e+00
-6.240803836684865935e+00
5.543208467766517877e+00
-3.490415391644433374e+00
4.585853798515661106e-01
2.970652863163476987e+00
-6.147822651388510806e+00
8.506949013096130940e+00
-9.694147466660613333e+00
9.642662846609677985e+00
-8.576725340645317885e+00
6.943996490677350586e+00
-5.293797484240108986e+00
4.131509206892506114e+00
-3.785300219910401331e+00
4.318274847818686091e+00
-5.507986597413964347e+00
6.898745976115233880e+00
-7.914286782965245237e+00
8.003490949877289040e+00
-6.783631138036155583e+00
4.145986432848909331e+00
-2.976353903007478152e-01
-4.271430239613859925e+00
8.888714860971964171e+00
-1.284367627358360231e+01
1.554208956143905773e+01
-1.663375169487067495e+01
1.608336717208091926e+01
-1.416813959800767009e+01
1.140323911396695777e+01
-8.413643533080540138e+00
5.783663303199234385e+00
-3.920656605293440400e+00
2.965771236077356932e+00
-2.772918161637411227e+00
2.960424780263119615e+00
-3.022014487724355547e+00
2.469245291570679512e+00
-9.698450840211174651e-01
-1.552623277056487616e+00
4.882889754870493704e+00
-8.551424897454781515e+00
1.193678195709329337e+01
-1.440846706008994715e+01
1.547592486775151599e+01
-1.490752723516550660e+01
1.279052389782139443e+01
-9.517051605619336385e+00
5.699078662056401789e+00
-2.032276426950442971e+00
-8.588913024436477528e-01
2.558068078098851394e+00
-2.943486853084171351e+00
2.203836201356048186e+00
0.000000000000000000e+00
7.769720434904374695e-01
-1.483546720966020915e+00
2.062413774403422995e+00
-2.479424523315553852e+00
2.728364730332176968e+00
-2.829408893882208176e+00
2.821751190027045997e+00
-2.752294561175509635e+00
2.663204582625958938e+00
-2.581375728727446361e+00
2.512357808220059496e+00
-2.440172911616591556e+00
2.332991403893044158e+00
-2.153185959422762696e+00
1.869198772360801453e+00
-1.466203113039660666e+00
9.528271636194192151e-01
-3.621660272559345528e-01
-2.532960273208594293e-01
8.317364880611461952e-01
-1.314673276644150679e+00
1.659262510476977148e+00
-1.847271643889287773e+00
1.888563358477556964e+00
-1.818231202284565473e+00
1.688044616629676309e+00
-1.554221661598360171e+00
1.464423108144324193e+00
-1.447039821672695181e+00
1.505283695562530610e+00
-1.617427319575631017e+00
1.743051781714308524e+00
-1.833715729198122757e+00
1.845402356364871599e+00
-1.749689694486713964e+00
1.540921902688989542e+00
-1.237652930449383293e+00
8.780460291868921185e-01
-5.103986816809436000e-01
1.811603617133371591e-01
7.657181231972387536e-02
-2.512076872135350913e-01
3.554139719447821921e-01
-4.227264176587348099e-01
4.987967345260599927e-01
-6.293690967125182834e-01
8.478980376999998292e-01
-1.165831197888878457e+00
1.567958078788472598e+00
-2.014019235434432176e+00
2.446270751721871584e+00
-2.801269217197572381e+00
3.023128813199231768e+00
-3.075149821714602716e+00
2.947111911806505447e+00
-2.656570061183029630e+00
2.243932469220743631e+00
-1.762588816783194678e+00
1.266533064384208762e+00
-7.985033766719459303e-01
3.815038067886364348e-01
-1.571817788919177561e-02
-3.185145511624889458e-01
6.524947268083076679e-01
-1.017851439824408288e+00
1.435023715737234307e+00
-1.904490973649411112e+00
2.403044816740148804e+00
-2.886163954160619660e+00
3.296058023690138228e+00
-3.573548316605441144e+00
3.670994457025400504e+00
-3.563190260758966943e+00
3.253610354118837034e+00
-2.774482137947407612e+00
2.180621715539826866e+00
-1.538453688857571500e+00
9.127751664608856341e-01
-3.543483881644081124e-01
-1.088120599690377555e-01
4.744985208748517813e-01
-7.631320622455670666e-01
1.009271719881924545e+00
-1.250012903861549285e+00
1.513212087669745909e+00
-1.808491502003068963e+00
2.123272812571766366e+00
-2.424835543705871732e+00
2.667900506243111813e+00
-2.805865730716091022e+00
2.802907499163323379e+00
-2.643925694096482815e+00
2.339818688394476709e+00
-1.926696281655071452e+00
1.459107310520698197e+00
-9.988149121390489382e-01
6.017428457099589512e-01
-3.061751333787285922e-01
1.250060150722994701e-01
-4.387576887996266772e-02
2.562235535989824606e-02
-1.996893855119924455e-02
-2.388168413284769143e-02
1.447609040126088265e-01
-3.601294704696385018e-01
6.619679681290553397e-01
-1.018885393586566268e+00
1.383859315344503571e+00
-1.705660146876512240e+00
1.941129539142565807e+00
-2.065292317644690900e+00
2.076827888259743737e+00
-1.997576486581569721e+00
1.866227317923562223e+00
-1.727770485454972471e+00
1.621342585806149206e+00
-1.569501039869268588e+00
1.571625070046057004e+00
-1.603142809983348016e+00
1.620866402238029469e+00
-1.573224386994693580e+00
1.412976094254781767e+00
-1.109369443266036370e+00
6.568139955269820529e-01
-7.795982408677096243e-02
-5.795975598801191842e-01
1.252246649706902470e+00
-1.872842547147116399e+00
2.383821847572816122e+00
-2.747893722439226138e+00
2.953852023230260304e+00
-3.016243420556468990e+00
2.969116477526801745e+00
-2.855504173788776079e+00
2.715311335391242142e+00
-2.574641959402432789e+00
2.439222400325483875e+00
-2.293548340828918786e+00
2.105957818828868788e+00
-1.838357461754202449e+00
1.458164673561751279e+00
-9.494594718770309472e-01
3.205058344974072715e-01
3.943352113638994849e-01
-1.138928389552645193e+00
1.845039932257063198e+00
-2.445179093988398833e+00
2.885637311425031104e+00
-3.136689700786281509e+00
3.197587477349776552e+00
-3.095204981719252402e+00
2.876712919138802782e+00
-2.598065662569470469e+00
2.311072864354215106e+00
-2.052137331513761431e+00
1.835308080815272636e+00
-1.651226304715446958e+00
1.472093947267262948e+00
-1.261322174885562530e+00
9.853782071752725802e-01
-6.248202677063006139e-01
1.817197292799054287e-01
3.184348798538046976e-01
-8.308942381820207945e-01
1.300909146606652911e+00
-1.675872703769973882e+00
1.917393090642428355e+00
-2.010337394389509313e+00
1.966600080485331636e+00
-1.822613031497048786e+00
1.631121612759722339e+00
-1.449137421905121847e+00
1.324906743202036719e+00
-1.286978587138978503e+00
1.337957526543474662e+00
-1.454404583662122663e+00
1.592875533703624447e+00
-1.700616799592360895e+00
1.728329983250374680e+00
-1.641934880306716638e+00
1.430522962286665534e+00
-1.108633782055334249e+00
7.123760302164460212e-01
-2.904147990164921422e-01
-1.079077439870977373e-01
4.443622176983592076e-01
-7.006112791264539341e-01
8.818065785315136740e-01
-1.014112628142640249e+00
1.136766656791404095e+00
-1.290636501644005785e+00
1.506114415882381152e+00
-1.793368983682785522e+00
2.137423840387365992e+00
-2.499373716162307080e+00
2.823565732625548108e+00
-3.049126302918816922e+00
3.123152718692930652e+00
-3.012471428146446861e+00
