0.000000000000000000e+00
3.586813016886376104e+00
-4.220773597812993216e+00
2.022082552571252023e+00
2.966647371600606986e-01
-7.519037158252881436e-01
1.906165941673101383e-01
-7.267407602072506467e-01
2.623996305510743365e+00
-3.635996561934545568e+00
1.735283443031303552e+00
2.101753292830780495e+00
-4.577593484688997627e+00
3.584444412328756435e+00
-4.474736381867490120e-01
-1.719540995213036716e+00
1.532986030883304318e+00
-5.461442601171495603e-01
8.555029162651319741e-01
-2.218868613405645007e+00
2.323374214441307206e+00
1.216687730796718880e-01
-3.356110858480812809e+00
4.259799429472470145e+00
-1.870250520090339652e+00
-1.466321082697633837e+00
2.717684116541012163e+00
-1.459334491362595632e+00
-2.358943131805690818e-02
-2.076745906203911751e-01
1.360188072058336139e+00
-1.104981638846336489e+00
-1.205636488815642116e+00
3.380619730491758901e+00
-2.847628929590710456e+00
-2.008281348625517992e-01
2.830829735489718946e+00
-2.625421429450645938e+00
3.298814241845537953e-01
1.229195176383291344e+00
-5.709679104292637586e-01
-8.322440673028798086e-01
6.401620674745569506e-01
1.246628941272554636e+00
-2.452815618604971881e+00
1.093202275374445698e+00
1.723364811155395859e+00
-3.002955555813313637e+00
1.339726336175218080e+00
1.415184483146354033e+00
-2.313675730370410299e+00
7.103200258343262963e-01
1.160334461002037632e+00
-1.039790521697070425e+00
-6.106879060044541063e-01
1.323692765488005296e+00
1.435079664119666143e-01
-2.107352134310241265e+00
1.949688709102351147e+00
5.978966569326360503e-01
-2.924213928134876017e+00
2.497093415906315617e+00
2.021080824040897284e-01
-2.278874305744119866e+00
1.812838864936413552e+00
5.169274328187509204e-02
-7.614473905960768008e-01
-3.793323958059562351e-01
1.394253355531179350e+00
-2.642276997606826106e-01
-2.292098760098469690e+00
3.410733056096674432e+00
-1.444728557315272610e+00
-1.946754046354680856e+00
3.554741723018187471e+00
-2.175522824729199112e+00
-2.363995188042667950e-01
1.094942726996893878e+00
-2.354265398379864482e-01
-2.066643164387337306e-01
-1.175685540817713592e+00
2.989048399691978553e+00
-2.599418330668335386e+00
-5.172154256616607881e-01
3.769503554020391611e+00
-4.153715770657923301e+00
1.539423858956436852e+00
1.324857031320794798e+00
-2.025521234081633093e+00
1.036302374424887818e+00
-6.362373840189178287e-01
1.707269104074130350e+00
-2.488666250816110814e+00
8.811467903340576280e-01
2.566935184931223635e+00
-4.797024913289007486e+00
3.535355171045419631e+00
1.108541853429175633e-01
-2.855390131191442027e+00
2.817128887066177256e+00
-1.266706446585369017e+00
6.096924311243807626e-01
-1.248326660750123995e+00
1.234764184727720204e+00
9.131954783716532686e-01
-3.838870426247366296e+00
4.528760038755784478e+00
-1.785188350962241710e+00
-2.175473632108113620e+00
4.003737569481364389e+00
-2.751520619075624730e+00
5.515718481559368502e-01
2.085617994972090994e-01
3.166953514469457165e-01
-3.300106088903670409e-02
-1.987542334495900453e+00
3.899728226494413974e+00
-3.118708261353773104e+00
-4.123374070635466571e-01
3.760645203306745898e+00
-4.065249154645415253e+00
1.578790846569745110e+00
8.585785778011628677e-01
-1.194037134973236380e+00
3.049104688426971244e-01
-4.354177276369387561e-01
2.026456332704084762e+00
-2.972310805373057363e+00
1.282744815069151612e+00
2.146523113676229055e+00
-4.177717946428979090e+00
2.877007547238310980e+00
3.043547202137242280e-01
-2.218898793341225417e+00
1.561242284092074994e+00
-5.856688332203638381e-02
1.722706236727467033e-02
-1.352179399433352636e+00
1.778750189756323596e+00
1.138195621725266449e-01
-2.782675915974350378e+00
3.329425470947806165e+00
-9.310072243082287979e-01
-2.056518353489317441e+00
2.721298286167018521e+00
-8.508619601505810204e-01
-1.035429365196326446e+00
8.296653411472119100e-01
7.034661554173913256e-01
-1.097845364210092711e+00
-5.469294149658971982e-01
2.302137349968988556e+00
-1.758151043073625797e+00
-8.899289496151026047e-01
2.858275922470938202e+00
-1.972732655588422812e+00
-7.704850444138866550e-01
2.371667971123347485e+00
-1.321491841877584061e+00
-7.692874940490657121e-01
1.298400950244043006e+00
1.162039297257043136e-01
-1.283563042817715827e+00
3.286615818938927180e-01
1.800948928984974273e+00
-2.372260805561154484e+00
2.393462252362587028e-01
2.577096533538943302e+00
-3.105314611481652776e+00
8.333175209916566795e-01
1.754542215654459225e+00
-2.123637952219013414e+00
5.443160636369930305e-01
5.393505577797165218e-01
2.685481669906014668e-01
-1.544620127444447544e+00
9.285536952478566919e-01
1.688336819502656017e+00
-3.681597387188860981e+00
2.648419352119113057e+00
7.039828967969607998e-01
-3.235845128085585554e+00
2.853242774803986137e+00
-6.716405751814866765e-01
-6.230734093800930351e-01
9.721361475464318502e-02
5.119957769276188841e-01
6.722426041101791094e-01
-2.932219350719976969e+00
3.532473481187753617e+00
-1.025395134849191425e+00
-2.730606419956589370e+00
4.394499464606675510e+00
-2.746776753816345007e+00
-1.459064870218374499e-01
1.498713189804184331e+00
-9.467917498394037290e-01
5.127406322266894190e-01
-1.622283890088134228e+00
3.011702784578877079e+00
-2.221961448943831741e+00
-1.122077431541346204e+00
4.354740963573053847e+00
-4.491391032784994408e+00
1.505988373998789154e+00
1.698893659701323111e+00
-2.566455778503510921e+00
1.503255783122724676e+00
-8.314440599674852717e-01
1.564725166516634847e+00
-2.095266781105349807e+00
4.251557227189524668e-01
2.885459048296013407e+00
-4.848287285961127679e+00
3.305465669166946174e+00
5.182383792901243957e-01
-3.258667188354555488e+00
3.029337863069328840e+00
-1.179622208543215534e+00
2.516406044056768154e-01
-7.794351917483137715e-01
8.739628626988761306e-01
9.931235402331199946e-01
-3.591840136225787461e+00
4.052999504626289884e+00
-1.277812363955806330e+00
-2.498995869302568007e+00
3.993103790958046684e+00
-2.383838753116815479e+00
-4.748151810987888410e-02
8.008327502913232809e-01
-1.043805040620515712e-02
-1.340032363100630564e-01
-1.473021694797822523e+00
3.166421045612050733e+00
-2.460628262588149262e+00
-7.246844856582135286e-01
3.588087788090963404e+00
-3.453153576583453344e+00
7.438899348854630666e-01
1.600659619771578335e+00
-1.542289944359911402e+00
9.442933043476930965e-02
2.817733876269360449e-01
1.066564139508096920e+00
-2.145309198022745001e+00
9.212752040173535217e-01
1.889539440521490476e+00
-3.388313066427873554e+00
1.844502838095004149e+00
1.194949999399564478e+00
-2.625317754745361221e+00
1.310692528467078954e+00
7.778123121597486644e-01
-1.101706209840434880e+00
-3.786368977128695690e-01
1.334209518930742577e+00
-1.515607515084466117e-01
-1.903506942044256300e+00
2.168402065209557250e+00
7.611197014498216618e-02
-2.533316996943959953e+00
2.485482922561770724e+00
1.945186033068158071e-02
-2.223567798853265387e+00
1.889686768518613169e+00
1.794929589402048942e-01
-1.316122786987642845e+00
3.307704606411401294e-01
1.103969506698972758e+00
-6.961098293854429686e-01
-1.420853517607731042e+00
2.669084964244688329e+00
-1.141251881599625762e+00
-1.933179640101373220e+00
3.432865085456128451e+00
-1.883036494211717038e+00
-9.195763218322620114e-01
2.099128396602247815e+00
-1.020511402584064919e+00
-2.511628711985741669e-01
-2.116736190003332130e-01
1.662878737806595453e+00
-1.630110365318494514e+00
-8.142470674620656546e-01
3.546294368471559988e+00
-3.634178658185576172e+00
7.329400084349644295e-01
2.434898737172365379e+00
-3.112117393784260333e+00
1.452592967257092083e+00
5.794050996141469900e-02
1.577332967402810815e-01
-9.145678163659197724e-01
4.537121577697011965e-02
2.481474204528018923e+00
-4.095627404717882669e+00
2.547567017508595377e+00
1.260568842446478932e+00
-4.019008755565943503e+00
3.550930463838419815e+00
-1.013013364687490592e+00
-7.556001069184470342e-01
6.219145919002094791e-01
-1.683217475227608562e-01
1.227259425075741817e+00
-3.155049447831232534e+00
3.363366945307047384e+00
-5.591730989825361986e-01
-3.292046613219062223e+00
4.821690136044477271e+00
-2.870507740073306113e+00
-3.654919349484432867e-01
1.952276299867356402e+00
-1.423076455523970774e+00
7.971996990241404513e-01
-1.597663207331597501e+00
2.707083191574914061e+00
-1.788701240822301974e+00
-1.486334212351666295e+00
4.491479071387058042e+00
-4.341797325985908174e+00
1.131980141147545194e+00
2.136075376027442019e+00
-2.867565475531129504e+00
1.517334505710154158e+00
-5.321145684909431850e-01
1.073544126242013563e+00
-1.631276526238558677e+00
2.029294693685414763e-01
2.755303681813081162e+00
-4.406752382464215856e+00
2.725372203319045283e+00
1.001867874127039482e+00
-3.437887681136281071e+00
2.805016180053710340e+00
-6.109728981087009236e-01
-4.505557540902327407e-01
-2.317117761964525569e-01
7.250790494859133961e-01
6.555707494325658802e-01
-2.883408749235480073e+00
3.247169518555897305e+00
-6.935358080965440264e-01
-2.623221798768033963e+00
3.589431840699790044e+00
-1.583421154458963587e+00
-9.539133253311582461e-01
1.462406705199240209e+00
-1.500870416152730868e-01
-5.994890167814961313e-01
-5.618406887120471760e-01
2.156581821436622803e+00
-1.747140873892995216e+00
-8.588676976619237236e-01
3.081708679007909346e+00
-2.486512381769903079e+00
-3.287702703730183140e-01
2.377214729570752638e+00
-1.717985608895916005e+00
-4.184740341774421113e-01
1.306720890469778240e+00
-8.546395518645028000e-02
-1.311547494594108354e+00
7.314250316502952654e-01
1.360345348587630898e+00
-2.340602845638626750e+00
6.711653198074900573e-01
2.057790472816276584e+00
-2.855467742996164127e+00
8.156222181906346291e-01
1.821845748746288907e+00
-2.305892975635094100e+00
5.267912725786467742e-01
1.076227108224093953e+00
-6.376101853525919516e-01
-8.664192568731594601e-01
9.800610681910579824e-01
9.697972077485355058e-01
-2.807315605205483511e+00
2.047904638794885379e+00
1.000299714366382320e+00
-3.380241980874581387e+00
2.787348392522700280e+00
-1.202155783813355638e-01
-1.722626271061942216e+00
1.275614960451102453e+00
-5.298267173760584647e-03
1.527421324555002236e-01
-1.701356257791166282e+00
2.299231901124225264e+00
-2.807673827760044372e-01
-2.952362958020004591e+00
4.229626333210649847e+00
-2.164527118825716911e+00
-1.248499144960939056e+00
2.896755446978216852e+00
-1.963803263381658448e+00
4.672665441883555593e-01
-4.402344218632570638e-01
1.342833266694170691e+00
-9.162956950584133509e-01
-1.630519816850612536e+00
4.155147872585013502e+00
-3.818862022482858443e+00
4.429116872504850200e-01
3.068413161270008072e+00
-3.826480227842611104e+00
1.959293491298109924e+00
-4.814759590111178378e-02
-1.537058329646174837e-01
-3.429970555119342679e-01
-5.349557718656102745e-01
2.838237473939124733e+00
-4.105836068185480414e+00
2.233123157641204060e+00
1.753041491169474497e+00
-4.478751751812318105e+00
3.785177397357105011e+00
-9.266911043181755847e-01
-1.114960301401058951e+00
1.082155850063283076e+00
-5.131653275690271077e-01
1.300478801164784537e+00
-2.932161454666164957e+00
2.955226345724431880e+00
-1.537121879873248331e-01
-3.513751641542516513e+00
4.757762177133432857e+00
-2.537793092062858857e+00
-8.333319866515440655e-01
2.351324048760465413e+00
-1.562668386372738194e+00
5.906917309884732736e-01
-1.114112691957268586e+00
2.149146095319927063e+00
-1.402480743267291441e+00
-1.523015218793021264e+00
4.146269315600142669e+00
-3.739553156333621509e+00
5.053263146660020855e-01
2.533027713697984407e+00
-2.854969435450763537e+00
1.067021187502533941e+00
2.043401841018970266e-01
3.370554861017200921e-01
-1.202574468743095482e+00
2.771788518907335463e-01
2.185605468782247485e+00
-3.552394624803231427e+00
1.914723008624197087e+00
1.451551065650501071e+00
-3.339351204560883524e+00
2.172114182170704844e+00
3.376262312294265877e-01
-1.360605997699276593e+00
2.788266997805934899e-01
8.350600419296902999e-01
-5.499455470122896483e-02
-1.835247976005704551e+00
2.263880798349674706e+00
-1.552988886812617375e-01
-2.505745846791923803e+00
2.851077062997886546e+00
-4.898114406079905336e-01
-1.999777960167550717e+00
2.062827923646032069e+00
-6.236088441686649109e-02
-1.360040802789932890e+00
5.912746557323571572e-01
1.051858166680742723e+00
-1.116233697076678411e+00
-7.757985129925351053e-01
2.319114166942268351e+00
-1.332153075585613689e+00
-1.446073518995341312e+00
3.043317892753989007e+00
-1.681545592450075288e+00
-1.150780890990708460e+00
2.463830337470287013e+00
-1.227795622035543044e+00
-6.216825329891449980e-01
7.540468792315352387e-01
6.448326128212444885e-01
-1.215504624225201447e+00
-4.356254865573814250e-01
2.738280171320226941e+00
-2.866999109432462944e+00
1.626145589287761872e-01
2.890695562995439616e+00
-3.385861354202695406e+00
1.207882305707085990e+00
1.048285853038606330e+00
-1.258773017195496502e+00
1.470428454950145625e-01
-2.763459091419739888e-02
1.594943244168993246e+00
-2.834838402033433624e+00
1.491907605438775652e+00
1.914323213231192033e+00
-4.302593808521004703e+00
3.371720779764269871e+00
-1.532650586818161131e-01
-2.236824942774739533e+00
2.116882764633895242e+00
-8.313537019777575976e-01
6.448928179228209379e-01
-1.692261208330808619e+00
1.826425164132596812e+00
4.465568861134258105e-01
-3.645412689652616223e+00
4.629134287626370359e+00
-2.132303780999787790e+00
-1.680607191396042532e+00
3.538997846826316795e+00
-2.545456839077679945e+00
7.527675221093095281e-01
-3.314169004179213229e-01
9.150838705916819471e-01
-3.725265998056599415e-01
-2.057851744867535970e+00
4.301466146291192949e+00
-3.644459581460881559e+00
3.784381964680801763e-02
3.524017073723586080e+00
-4.133274124775255132e+00
1.981506871853457863e+00
2.226892626390820640e-01
-5.889699440414268850e-01
4.913886718761611982e-02
-6.980562669029597433e-01
2.697001163158183168e+00
-3.726339647754307371e+00
1.786124733095802330e+00
2.069509851711807347e+00
-4.520019167273860106e+00
3.517044909289066990e+00
-4.446022772731486050e-01
-1.613763537037578022e+00
1.373620128869410317e+00
-4.463706910051544741e-01
8.763860421676663570e-01
-2.314942112439408284e+00
2.403832244133543128e+00
9.243823569211601088e-02
-3.337412612149520452e+00
4.210663152046394409e+00
-1.820571647848946206e+00
-1.443437947148037193e+00
2.601080501936728684e+00
-1.323547342610435607e+00
-7.603007681218743041e-02
-2.645912641544594379e-01
1.455557943312040914e+00
-1.156341857969215958e+00
-1.204398873726308050e+00
3.371353662392382766e+00
-2.798430330259137122e+00
-2.436221241057483500e-01
2.796499149704359422e+00
-2.512953727514562807e+00
2.241362434610917331e-01
1.244228435568366375e+00
-5.012482742236732403e-01
-9.043323928288662383e-01
6.540601065471265407e-01
1.265356641709561858e+00
-2.437265839789253263e+00
1.029994791926124975e+00
1.768842178816872668e+00
-2.963992491446250988e+00
1.234009025519223313e+00
1.497936218359182670e+00
-2.309847378931579875e+00
6.495651541718641120e-01
1.198218894039453808e+00
-1.023838552569366733e+00
-6.290823263175966407e-01
1.282544131495140238e+00
2.297577102449890329e-01
-2.154929910711953056e+00
1.901003131668714374e+00
7.049029673404563212e-01
-2.996955984189008770e+00
2.490657883450904109e+00
2.434026744644097739e-01
-2.287539690736363429e+00
1.787284857758618672e+00
4.650575576990198523e-02
-6.828124985297531202e-01
-4.845668591603820019e-01
1.430697803066454110e+00
-1.925088367760423580e-01
-2.410637657325663596e+00
3.482009710583517048e+00
-1.441128590468943038e+00
-1.972378902608424633e+00
3.550827472268901719e+00
-2.163246918900868287e+00
-1.927796306218231004e-01
9.820165981478566897e-01
-1.292861233790327802e-01
-2.117338727438937696e-01
-1.282388949067033712e+00
3.121649655309172378e+00
-2.666479163840261624e+00
-5.246145119205303242e-01
3.792310753299768855e+00
-4.155368609261240742e+00
1.554910949126676156e+00
1.243343872427036034e+00
-1.896345464981843865e+00
9.541795268630757221e-01
-6.790963470472640706e-01
1.849839592138490696e+00
-2.624925179205975567e+00
9.307713477774598454e-01
2.590340659561477299e+00
-4.828839294338318489e+00
3.552157281271179468e+00
6.738128179943861373e-02
-2.750678038510582457e+00
2.696480067780520073e+00
-1.228969293676693608e+00
7.037425976099743741e-01
-1.412671588076024998e+00
1.354206906168926583e+00
8.966467311762015280e-01
-3.885897664349146297e+00
4.571604435011361822e+00
-1.813983985492702899e+00
-2.115633195626645868e+00
3.896080904262927636e+00
-2.659473979715873071e+00
5.647871755670721416e-01
7.625335224295248793e-02
4.782328874608219316e-01
-1.146249332012191369e-01
-2.011654185689718322e+00
3.965870031272307195e+00
-3.162670595502516058e+00
-3.834513387096669668e-01
3.698921688640911309e+00
-3.969605651951624736e+00
1.522393976401538396e+00
8.035787917138971226e-01
-1.047028494877953575e+00
1.706755518693028051e-01
-4.023364624008152202e-01
2.084185605313243261e+00
-3.040786697440866604e+00
1.311817514140357410e+00
2.128645952297400168e+00
-4.121477279997317389e+00
2.796240419840037461e+00
3.317311876734159171e-01
-2.140702229369616294e+00
1.422773594766104210e+00
3.474727630513233662e-02
2.730584291859461388e-02
-1.423293490024243990e+00
1.828113839539858620e+00
1.113838413707531894e-01
-2.776907929345122650e+00
3.273989992489933165e+00
-8.569832576780544997e-01
-2.068104488707984245e+00
2.637164181352034120e+00
-7.337154524381226395e-01
-1.090057193991398554e+00
7.953361550635378308e-01
7.634514195729221742e-01
-1.113108860559339774e+00
-5.699551426610378613e-01
2.296462363704451892e+00
-1.689942043193862764e+00
-9.682305569752772678e-01
2.863565633774850738e+00
-1.889725944686353909e+00
-8.676755985079378508e-01
2.402184233610632269e+00
-1.285771430363343626e+00
-8.008197639610672436e-01
1.279283555964479735e+00
1.489252268188745454e-01
-1.257942678256401381e+00
2.345765630812333136e-01
1.887381085988510510e+00
-2.369739181965440089e+00
1.524585811586393058e-01
2.665256280666942423e+00
-3.128864404345262695e+00
8.118661974094559808e-01
1.755095578726882488e+00
-2.085136650887113419e+00
5.256695749193214251e-01
4.762905120361711209e-01
3.911226933613963785e-01
-1.630104161335493185e+00
9.059325509218558725e-01
1.790173441924091113e+00
-3.771367787044062059e+00
2.674496994359116364e+00
7.091438918441376194e-01
-3.217240417436730837e+00
2.818128624176920116e+00
-6.875581730990376617e-01
-5.176318816864025063e-01
-4.139464946556714597e-02
5.767647396030270990e-01
7.303456442469006271e-01
-3.056032563270158597e+00
3.625190610912906841e+00
-1.051138483171828897e+00
-2.729356792267574328e+00
4.374857985144355865e+00
-2.734266827521173227e+00
-8.789157239593883841e-02
1.362154553376943245e+00
-8.158680484009411815e-01
4.899149313958077734e-01
-1.723765652416179073e+00
3.152547738509642539e+00
-2.306979545487777727e+00
-1.108451072868991583e+00
4.360289991180310132e+00
-4.484329371505946682e+00
1.523008813356400815e+00
1.606875194358460490e+00
-2.421381614340655020e+00
1.404724430060755314e+00
-8.622304087277319340e-01
1.702866090416892408e+00
-2.235459891980661418e+00
4.852237389362565323e-01
2.895317552319935483e+00
-4.867106221585840942e+00
3.312886117345717807e+00
4.783609074677311890e-01
-3.150694644284875778e+00
2.899031278540247225e+00
-1.128139874495637907e+00
3.316653951831267655e-01
-9.336305122889729802e-01
9.902527110842329616e-01
9.715571371763322972e-01
-3.626671769565072090e+00
4.079420842261193059e+00
-1.290428816538484735e+00
-2.449966382774583451e+00
3.886647673995574870e+00
-2.281866321218827043e+00
-5.295471957492692283e-02
6.901631940170694923e-01
1.337770448690862590e-01
-2.087390550099329778e-01
-1.490700197738493271e+00
3.214119294968481810e+00
-2.479455335180293041e+00
-7.195819166692949409e-01
3.540370402931211302e+00
-3.355944061744406515e+00
6.697844102588085269e-01
1.574071675796789638e+00
-1.424666693009901230e+00
-1.988379240231835654e-02
3.117079809113273425e-01
1.109028291829131874e+00
-2.184708964820522237e+00
9.169445564105066504e-01
1.897903385587170533e+00
-3.341461837354095632e+00
1.752066974121242682e+00
1.251716777114602497e+00
-2.584144955410230260e+00
1.203674753000926412e+00
8.565999908406112251e-01
-1.099365298721730388e+00
-4.221980917789766030e-01
1.345496869652634597e+00
-1.184472485407399578e-01
-1.918223641274251268e+00
2.110706210693069185e+00
1.749239535418133373e-01
-2.583740868671842605e+00
2.440379823173035589e+00
1.114247706647492064e-01
-2.275832752826283389e+00
1.876499378969438192e+00
2.023650808921094724e-01
-1.291228268870901141e+00
2.784534159167461054e-01
1.106450524197590157e+00
-6.118781564005336682e-01
-1.533840142064557321e+00
2.715363354485774039e+00
-1.090817665268680514e+00
-2.017736438262474952e+00
3.474764145947540239e+00
-1.878157680776134653e+00
-9.119493814887187355e-01
2.046138591552488784e+00
-9.706926810313253329e-01
-2.202073588371702417e-01
-3.314538096542881118e-01
1.786150620677650736e+00
-1.662403761353250520e+00
-8.806096872245858798e-01
3.634993154437245799e+00
-3.678307592624317834e+00
7.441359376878394771e-01
2.402348132049882956e+00
-3.051153821024825241e+00
1.429196497207633421e+00
-1.908269871828488506e-02
3.077142221975534553e-01
-1.031133699574982021e+00
4.667154460907085856e-02
2.574480297696430942e+00
-4.193839851684918685e+00
2.595365678214707650e+00
1.238885949825357269e+00
-3.977505875635534593e+00
3.503853600556562586e+00
-1.030964293202438542e+00
-6.355601316555318236e-01
4.614473293488959293e-01
-8.188286223475071957e-02
1.270934294437702450e+00
-3.275835638486030987e+00
3.464419131156236453e+00
-6.008767466539209900e-01
-3.272789457045685246e+00
4.787343055919390800e+00
-2.850333957845915034e+00
-3.065386375662593199e-01
1.806901444786609412e+00
-1.278265852049476514e+00
7.596011105608448943e-01
-1.687764011072464321e+00
2.842907893559670107e+00
-1.875937662333543088e+00
-1.464304493062805967e+00
4.484725080662265384e+00
-4.321455145327295355e+00
1.137987086296391004e+00
2.049665449290549724e+00
-2.720551139221094150e+00
1.409215833278081531e+00
-5.480668311617997723e-01
1.195887190159500069e+00
-1.759477977978407326e+00
2.586240713535319369e-01
2.760074038238299110e+00
-4.411720168874503578e+00
2.713617381920283567e+00
9.807697587213534129e-01
-3.341806232820037525e+00
2.674826252778283120e+00
-5.467774673321651457e-01
-3.924848954880533203e-01
-3.618208362938788447e-01
8.232856340214549373e-01
6.396562485577480528e-01
-2.908823843093282679e+00
3.251292036311545175e+00
-6.777338465290855263e-01
-2.599155585439307359e+00
3.495264116263109511e+00
-1.475806148706008569e+00
-9.818319697359827458e-01
1.383566094874939534e+00
-3.604455480476964624e-02
-6.563558889441417632e-01
-5.785227426437113962e-01
2.184142455735951671e+00
-1.732948537649786624e+00
-8.886177238758297126e-01
3.058334310098021369e+00
-2.393909494120073145e+00
-4.203823920532153702e-01
2.384482867142421192e+00
-1.638645334794686770e+00
-5.036942276637076388e-01
1.327083199387087298e+00
-5.644894500108121882e-02
-1.318880919612124947e+00
6.872687741561553931e-01
1.402468344755921859e+00
-2.309313010020420887e+00
5.701288522143300730e-01
2.144588438926176899e+00
-2.855082897526544983e+00
7.455079954024081967e-01
1.880699159693842715e+00
-2.307411970032222648e+00
5.093003673019971256e-01
1.048399083783972952e+00
-5.658954605352171097e-01
-9.057759140291455902e-01
9.243132278428629611e-01
1.090108717496660606e+00
-2.894948942077401277e+00
2.042264273240252948e+00
1.064625704286831009e+00
-3.426108514890694678e+00
2.790620451546163672e+00
-1.303426543308364716e-01
-1.659872818780392389e+00
1.193579238257740815e+00
8.707214266340579378e-03
2.473829564886851629e-01
-1.842712706397791056e+00
2.381486181064713215e+00
-2.610294409692708317e-01
-3.022038751658612021e+00
4.276869354146795921e+00
-2.182363092357678891e+00
-1.209299170815404390e+00
2.814230407887540419e+00
-1.896162087495685489e+00
4.976032065102765634e-01
-5.762245669306613749e-01
1.493037221623016331e+00
-9.765755163402233263e-01
-1.677461826202311990e+00
4.239006293173437356e+00
-3.873240016619129644e+00
4.748898841956750161e-01
3.011989629427374915e+00
-3.746205397587408115e+00
1.926791137385232666e+00
-1.284895561274649323e-01
1.029851878086216095e-02
-4.792182416388169885e-01
-5.150256917902914511e-01
2.919450473440685201e+00
-4.202061100462467280e+00
2.288255655513589559e+00
1.717814104682263254e+00
-4.421763640267869278e+00
3.724858652480473431e+00
-9.369607265857018419e-01
-9.951707555644595526e-01
9.145936511822498893e-01
-4.144489133853321849e-01
1.330302897127748629e+00
-3.041357241742577600e+00
3.049861932321031865e+00
-1.956410598761027242e-01
-3.487600433801651523e+00
4.711209563845427439e+00
-2.502909471190732482e+00
-7.875547668317404160e-01
2.213305507338293676e+00
-1.416451964247182005e+00
5.426840112167750085e-01
-1.187560953375008221e+00
2.266965705691943445e+00
-1.475891513083338102e+00
-1.505983200459810822e+00
4.133264611567482483e+00
-3.702589447188725291e+00
4.888952271093600643e-01
2.467584573530516856e+00
-2.719836993839058970e+00
9.567763655178350701e-01
2.046029899557220144e-01
4.340671604966193087e-01
-1.304637567585633651e+00
3.148032937310872303e-01
2.193776671703490333e+00
-3.544004531449790107e+00
1.876386021956623074e+00
1.461695110375976103e+00
-3.268183965761827903e+00
2.051112862319458330e+00
4.123669539907314774e-01
-1.329660537035730172e+00
1.831994138902273139e-01
9.033677616255312293e-01
-5.610870773381465559e-02
-1.854781546757422461e+00
2.242763297400574452e+00
-1.030444206002510965e-01
-2.516761534722459448e+00
2.777901756460781968e+00
-3.810712889314990526e-01
-2.050980767257802206e+00
2.021319276304252455e+00
1.350140662899546040e-02
-1.391303495708286819e+00
5.705492208183201575e-01
1.060304405965257768e+00
-1.066107834825271272e+00
-8.459660562190152167e-01
2.326358499980789141e+00
-1.249230231115801004e+00
-1.552639176738082272e+00
3.084838827775613801e+00
-1.643397580157982985e+00
-1.202523705612678739e+00
2.470024133270641187e+00
-1.208566545713815943e+00
-5.988826783203299309e-01
6.699162405139817977e-01
7.228500843414968902e-01
-1.203405288689189945e+00
-5.409533127029471089e-01
2.851138839239017564e+00
-2.904818311932700237e+00
1.290413400152297108e-01
2.927402209183611159e+00
-3.386789111338669223e+00
1.210843885147355525e+00
9.865141585418070180e-01
-1.151464180281003502e+00
8.263624584894690983e-02
-7.733890252402286780e-02
1.729939361099506856e+00
-2.952182177513643424e+00
1.520063733783429516e+00
1.952685310940184049e+00
-4.338798771591286574e+00
3.383946759365501489e+00
-1.869303147888188854e-01
-2.144437168844015140e+00
2.009100012113017364e+00
-8.038176045706453277e-01
7.422612508554438104e-01
-1.851004461002326185e+00
1.934096426596405127e+00
4.419270726438895291e-01
-3.699803464578145018e+00
4.674376641828315471e+00
-2.160859199027661770e+00
-1.622394577862993792e+00
3.435579672378130667e+00
-2.461449934241668025e+00
7.759502445467596488e-01
-4.711414390536596830e-01
1.078078278005980106e+00
-4.500083126341597461e-01
-2.088829630009630733e+00
4.375168672356545052e+00
-3.696678625638353033e+00
7.538156963593554971e-02
3.456366385386020479e+00
-4.039176507621856871e+00
1.936134471281375280e+00
1.508500036617097528e-01
-4.267097195772894258e-01
-9.261034998256001405e-02
-6.669193404782259860e-01
2.764430258292905673e+00
-3.809815494184032758e+00
1.832845648820543349e+00
2.035879624672368049e+00
-4.456695581674221529e+00
3.443386644557748788e+00
-4.378912382872134357e-01
-1.509398088531550552e+00
1.214602345477320489e+00
-3.459373828359473824e-01
8.941449479926830701e-01
-2.405014428669331572e+00
2.477969134300118004e+00
6.586067954241714428e-02
-3.315929573747767201e+00
4.155454050598009985e+00
-1.765417135223367406e+00
-1.423370233912693461e+00
2.485376832626393639e+00
-1.188016241564668007e+00
-1.293715982944501075e-01
-3.178755592756906667e-01
1.544757945572842184e+00
-1.202127455549559798e+00
-1.204456175269354112e+00
3.358364032497362484e+00
-2.743350998253446082e+00
-2.909109854115075056e-01
2.764176449632971266e+00
-2.401258640189448901e+00
1.188077794940888415e-01
1.260340802159000573e+00
-4.356415209498781804e-01
-9.701627779179733402e-01
6.631334045837199431e-01
1.284267003338782631e+00
-2.417481473472569586e+00
9.613897055292276450e-01
1.817939891207303482e+00
-2.926651440352789901e+00
1.129325762425819279e+00
1.580014814954651792e+00
-2.307415830027643278e+00
5.935426897949344083e-01
1.229721235078730990e+00
-1.003754231294888388e+00
-6.467532373469981888e-01
1.236896996084528855e+00
3.209029849792871536e-01
-2.205575573253201416e+00
1.853995346814853118e+00
8.104113000433406100e-01
-3.068939048991193186e+00
2.486273080108236222e+00
2.791400657841386357e-01
-2.289696933975912785e+00
1.758328128143090474e+00
3.974176754031367303e-02
-5.994577409834656034e-01
-5.943551496169428017e-01
1.470012071142043908e+00
-1.227930917601873784e-01
-2.527304416677450316e+00
3.552850839575010244e+00
-1.440630104478611395e+00
-1.991524620236829968e+00
3.540455728681618730e+00
-2.148503815716418242e+00
-1.466427932566772285e-01
8.640919570637731750e-01
-1.876529563396855949e-02
-2.196862496164471157e-01
-1.386762890053273800e+00
3.252348865265157762e+00
-2.733919616430166233e+00
-5.275996566296372592e-01
3.807872161384302956e+00
-4.151012209216645488e+00
1.569182339958110628e+00
1.158277379981503374e+00
-1.761896256923887627e+00
8.678185619659148919e-01
-7.190635358171483249e-01
1.989975041414918877e+00
-2.759691010968663871e+00
9.819616398164517923e-01
2.608040284837439771e+00
-4.853073522211994728e+00
3.563920967613233071e+00
2.360765084246557732e-02
-2.641430449336700015e+00
2.570459691656504564e+00
-1.187274986976233571e+00
7.950459940444607465e-01
-1.574763426237409725e+00
1.472907137204675143e+00
8.772366927158639083e-01
-3.926246136334903714e+00
4.607126256062115566e+00
-1.839170971754992667e+00
-2.053931818250949171e+00
3.783199571396272720e+00
-2.562296345808967146e+00
5.745381825771340711e-01
-5.360327428598343769e-02
6.378859872341859916e-01
-1.963836955188826838e-01
-2.031767034474866840e+00
4.024854026408636543e+00
-3.200119255935373275e+00
-3.565282586282820798e-01
3.634031142034884976e+00
-3.868533118610589572e+00
1.461473080532169178e+00
7.514290470250020171e-01
-9.021732127671665546e-01
3.795053454216246180e-02
-3.683142972904522305e-01
2.137079038532971431e+00
-3.102101099660326433e+00
1.335519487990772580e+00
2.111184860807389985e+00
-4.061248265750323938e+00
2.710351223816342081e+00
3.628119873263160322e-01
-2.064837079145455778e+00
1.286341353942698662e+00
1.268040140878883004e-01
3.577603761614955857e-02
-1.489003580660550163e+00
1.870613654227862188e+00
1.131196757621484306e-01
-2.770347508390527569e+00
3.214280268825127962e+00
-7.784856143499127024e-01
-2.082638121876890125e+00
2.555161482247013893e+00
-6.187607512214576833e-01
-1.143579937563554916e+00
7.632361373937379678e-01
8.175807696408547987e-01
-1.121898626297655799e+00
-5.960940594476239474e-01
2.289187111155836174e+00
-1.617561896056253445e+00
-1.050305974270164144e+00
2.871371767759815619e+00
-1.809063841952544660e+00
-9.623316196302615921e-01
2.431820815914253142e+00
-1.253027523674795862e+00
-8.260130607426459104e-01
1.254061943814108737e+00
1.838728917375895833e-01
-1.230198083909648021e+00
1.365568576094712272e-01
1.977104045985700775e+00
-2.369745415631610896e+00
6.843984429577720796e-02
2.750590489566585806e+00
-3.152060599281052866e+00
7.943900771094447588e-01
1.748771974583479771e+00
-2.040925941334246652e+00
5.056296718285580027e-01
4.106673573379095998e-01
5.174854854172590279e-01
-1.718732588452266175e+00
8.862077092856847083e-01
1.888565327792905979e+00
-3.858351820383607134e+00
2.701190528170168470e+00
7.091124051113779636e-01
-3.191304752931779731e+00
2.777888609311549573e+00
-7.030200722157721183e-01
-4.091290802912527780e-01
-1.838127092516375072e-01
6.447983923100479853e-01
7.850616968616312974e-01
-3.176064545702079744e+00
3.715664724755990189e+00
-1.078868707145967942e+00
-2.721686682947107361e+00
4.347751513992209382e+00
-2.717564028353668615e+00
-2.922076878350859941e-02
1.221981332917891683e+00
-6.810334257955609205e-01
4.636311938010215794e-01
-1.821500807878254635e+00
3.289694532047341191e+00
-2.390780902285031928e+00
-1.091292415958764916e+00
4.358476159427803864e+00
-4.470188011469860889e+00
1.537150498962531531e+00
1.513009301236746262e+00
-2.272233131961529651e+00
1.302275039765815823e+00
-8.894783249717261864e-01
1.837171125582560904e+00
-2.372449423345158070e+00
5.453816258082555546e-01
2.900234940948986484e+00
-4.878147025141084114e+00
3.314170845680094235e+00
4.398195167067486810e-01
-3.039830641841255510e+00
2.764478502741540389e+00
-1.072953306012788488e+00
4.082447354017559871e-01
-1.084137881196297393e+00
1.104077744049964949e+00
9.485880199966291171e-01
-3.655538869613625952e+00
4.098243693569525448e+00
-1.298251242671407457e+00
-2.400786921879126901e+00
3.776647285680855060e+00
-2.175869223838253319e+00
-6.171927868236859460e-02
5.827721295101191412e-01
2.745313484671904058e-01
-2.817821229152611129e-01
-1.505860855579109314e+00
3.255292805129093026e+00
-2.491325952773671748e+00
-7.178271396351774136e-01
3.491359728429312081e+00
-3.255051292887846337e+00
5.921976974907915414e-01
1.550342946696132262e+00
-1.310270859114243125e+00
-1.308819730177314122e-01
3.406329908664025297e-01
1.148099203373540877e+00
-2.217383025881844993e+00
9.065088607247153707e-01
1.908350728450621592e+00
-3.292666314745510636e+00
1.656247395107831144e+00
1.311335030525102363e+00
-2.545626279448230722e+00
1.100098494490537426e+00
9.320961717570374061e-01
-1.096645317465990255e+00
-4.616201453542632116e-01
1.350021253715147473e+00
-8.005529927086263431e-02
-1.934089464766674649e+00
2.050855152344049248e+00
2.766250284441150731e-01
-2.636590739697244778e+00
2.398125686203204765e+00
1.994817733894700407e-01
-2.324832373978361844e+00
1.863671474779397208e+00
2.203215313696822442e-01
-1.259545671704541236e+00
2.215621736458927016e-01
1.109436783553530592e+00
-5.255099980872823817e-01
-1.649316877828759687e+00
2.764046506418639915e+00
-1.043819848075149492e+00
-2.097828309429136784e+00
3.513659504463573668e+00
-1.874653128937689983e+00
-8.985211418086909152e-01
1.986339481090355630e+00
-9.169497282468209720e-01
-1.892332667776271959e-01
-4.533649321214279770e-01
1.911803709718751687e+00
-1.697495995007272329e+00
-9.427537731088521111e-01
3.718890550177792242e+00
-3.720138775725572167e+00
7.580433370021619766e-01
2.363084721386644382e+00
-2.983502465324342268e+00
1.402630999509240528e+00
-9.670122079922360836e-02
4.599742230651152064e-01
-1.150274936375924817e+00
5.140625039274504537e-02
2.662585803715980415e+00
-4.287373818258776836e+00
2.642073654133056948e+00
1.212970960698444678e+00
-3.928576083813411834e+00
3.450545462212307068e+00
-1.046727073505540062e+00
-5.142405342720400840e-01
2.984263794962003224e-01
7.480072972482210147e-03
1.310553666243523763e+00
-3.391385837100776790e+00
3.561457326932671474e+00
-6.430531663798497721e-01
-3.247877110308339699e+00
4.745302636431965482e+00
-2.824830961769245086e+00
-2.485923512064190932e-01
1.659560129528190986e+00
-1.130655604488385091e+00
7.187749735822126507e-01
-1.773399367496825807e+00
2.973591922357316175e+00
-1.960247658601947496e+00
-1.440168971334216508e+00
4.471285359638936363e+00
-4.293738457076872628e+00
1.139946486669784598e+00
1.963069401058101793e+00
-2.571082790209717750e+00
1.298244292509416198e+00
-5.606511110117432528e-01
1.313606258006077887e+00
-1.882966729312370413e+00
3.126552487721223073e-01
2.761329386147072018e+00
-4.409532633510925947e+00
2.695332159568151198e+00
9.622964160435389935e-01
-3.244599008648057836e+00
2.542062932852021007e+00
-4.799168095126739031e-01
-3.377993664703251575e-01
-4.872841940789359172e-01
9.173431608658471070e-01
6.242069440850219753e-01
-2.929703686296015519e+00
3.248318520157632339e+00
-6.565336363584201029e-01
-2.576457580230789191e+00
3.399487058157589559e+00
-1.365883847127683293e+00
-1.012109345140688177e+00
1.308176197127021601e+00
7.329521968358720940e-02
-7.096114247537159692e-01
-5.946475649517317663e-01
2.206515155754366297e+00
-1.712049967924675897e+00
-9.226451673037756596e-01
3.035467873736675593e+00
-2.299696185515554880e+00
-5.138199794184699076e-01
2.393925209920328978e+00
-1.563057971578314387e+00
-5.840220750441570408e-01
1.344324011796624418e+00
-2.889283523450314473e-02
-1.320582367981347538e+00
6.368827249229938037e-01
1.447976054621789910e+00
-2.278114252920139471e+00
4.677932617239614066e-01
2.232799511657133973e+00
-2.857040246877525558e+00
6.797597373648542884e-01
1.934401964421879949e+00
-2.306380686046099804e+00
4.942031088274279060e-01
1.014531529683924571e+00
-4.883608764133973157e-01
-9.478946109746296811e-01
8.685412805079040233e-01
1.211376423415679637e+00
-2.983913279735448842e+00
2.039574310181615058e+00
1.123773897176489900e+00
-3.466709423614753760e+00
2.792187132094359203e+00
-1.439549594388770393e-01
-1.590647153786582280e+00
1.106077128110889873e+00
2.499995386335129854e-02
3.420965235241097413e-01
-1.984898914668470793e+00
2.465426735479435472e+00
-2.451765005688129051e-01
-3.085789913058720746e+00
4.319126484635011032e+00
-2.199732244175189422e+00
-1.165383229218230898e+00
2.724872852339050411e+00
-1.823492775281601030e+00
5.261613574716679231e-01
-7.124579816875202809e-01
1.644257151967878139e+00
-1.039242246782395629e+00
-1.719522995211019811e+00
4.316550448916704141e+00
-3.923456354447985017e+00
5.079798537092109489e-01
2.949664337372873923e+00
-3.659010671293292383e+00
1.889941071185383681e+00
-2.077038299750472161e-01
1.748777635115156825e-01
-6.168700863237637222e-01
-4.918910166290637598e-01
2.995010864608973922e+00
-4.292117010325224413e+00
2.340550649480587442e+00
1.679788582119738471e+00
-4.358004232958148094e+00
3.657981411066590471e+00
-9.438514629528100830e-01
-8.757634553557042123e-01
7.460799785698571940e-01
-3.138473123370255635e-01
1.356219194253342364e+00
-3.144520699112192119e+00
3.138989333545648908e+00
-2.363282998566194337e-01
-3.457170547826288409e+00
4.657551497358944914e+00
-2.462305540033044693e+00
-7.440255253911560729e-01
2.075012825391134630e+00
-1.269042279729189149e+00
4.924572922022856236e-01
-1.256622500772635709e+00
2.378749856973683130e+00
-1.544780113470644256e+00
-1.488628238758615385e+00
4.114955418508669638e+00
-3.658769071343865420e+00
4.678948350437632797e-01
2.403351411746659672e+00
-2.584073302396773464e+00
8.453418115444317760e-01
2.072740347965098540e-01
5.263812398247288415e-01
-1.400880568712417729e+00
3.489694913198086446e-01
2.200324426890683860e+00
-3.529810795607371432e+00
1.831870266074948184e+00
1.475236906933162562e+00
-3.197539053482626237e+00
1.929524306704599290e+00
4.880999207009432683e-01
-1.301299964636596362e+00
9.257443351130278941e-02
9.661088749605376558e-01
-5.474016657501906691e-02
-1.871718817046710059e+00
2.215748987635255407e+00
-4.544062219217781529e-02
-2.530266099216698983e+00
2.705034855090948653e+00
-2.721031756497713783e-01
-2.102992408443015826e+00
1.982764916952488132e+00
8.392244414626026661e-02
-1.417214903191012620e+00
5.482219842887552375e-01
1.065405488500626108e+00
-1.010172697459778224e+00
-9.207622164407265331e-01
2.335585936553917996e+00
-1.166797146531507678e+00
-1.659006533029586894e+00
3.127260961059565858e+00
-1.608909256610458360e+00
-1.248248981316100847e+00
2.471127316806785323e+00
-1.188651485389883300e+00
-5.720401522773300718e-01
5.800532043424869721e-01
8.050032073342401340e-01
-1.193129265630320734e+00
-6.454543801523828783e-01
2.963598536666755656e+00
-2.944079525317579993e+00
1.001427610224958631e-01
2.957545104146448001e+00
-3.383126689272516696e+00
1.214224810959663614e+00
9.199454836213009079e-01
-1.038439189585052436e+00
1.441848945843160479e-02
-1.252345720849170618e-01
1.863890721000071915e+00
-3.069343994107151641e+00
1.550634724585888247e+00
1.985258811547164104e+00
-4.368189566936397483e+00
3.392502809816675846e+00
-2.223599235231615845e-01
-2.046485285119455710e+00
1.895662142692462915e+00
-7.727957011826770417e-01
8.379062488239883422e-01
-2.008774147879878846e+00
2.042222337933416121e+00
4.336821801413163202e-01
-3.747497159737700922e+00
4.713076278675969455e+00
-2.187123234552395878e+00
-1.560955749457219710e+00
3.326001743196319804e+00
-2.372068734969052350e+00
7.961226279834103803e-01
-6.094012116850299199e-01
1.240451722267523538e+00
-5.288279440533905085e-01
-2.115056017599166616e+00
4.441724479689511895e+00
-3.743209976723680832e+00
1.123089551955505083e-01
3.384170525123368023e+00
-3.938714368391112330e+00
1.886000262669180305e+00
8.137885288051782684e-02
-2.655433889810001058e-01
-2.342193517673282488e-01
-6.335531478585287868e-01
2.826268366229539808e+00
-3.886237961059118895e+00
1.875175544222925872e+00
2.001171056536546811e+00
-4.387924845140378061e+00
3.363667630580085000e+00
-4.273128748268816279e-01
-1.406734220294382443e+00
1.056367264004001161e+00
-2.452180635041862344e-01
9.089416648560451062e-01
-2.489023482778391916e+00
2.545578912782836767e+00
4.221213246785771034e-02
-3.291971446015906633e+00
4.094461448017046479e+00
-1.704943221296309819e+00
-1.406207563964427809e+00
2.370908905833211566e+00
-1.053173918337565018e+00
-1.832871565594053620e-01
-3.676323889070806095e-01
1.627690469386624095e+00
-1.242121217327420535e+00
-1.206087663931620035e+00
3.341961484856916353e+00
-2.682664224451174029e+00
-3.425837737642881686e-01
2.734009976074963433e+00
-2.290706500420158331e+00
1.431468868849238019e-02
1.277254994966682489e+00
-3.740914532036362372e-01
-1.029613045353565459e+00
6.671580186177658023e-01
1.303644688907421134e+00
-2.393775971978011619e+00
8.876416322298228412e-01
1.870595354952484746e+00
-2.891136100784016172e+00
1.026071697275306782e+00
1.661023416762569704e+00
-2.306151559215784630e+00
5.422358986829884930e-01
1.254701954968495903e+00
-9.793059111341188006e-01
-6.639961477459807027e-01
1.187069264285075754e+00
4.167124457116929692e-01
-2.259279477370268019e+00
1.808922169523151879e+00
9.140093531195687682e-01
-3.139792880617603643e+00
2.483754061041346439e+00
3.093043652411791022e-01
-2.285191066708584184e+00
1.725723970573806554e+00
3.171287051783086564e-02
-5.117037544767132351e-01
-7.084976068205686150e-01
1.512245904793407369e+00
-5.538840600543626369e-02
-2.641676967707661028e+00
3.622917235857658902e+00
-1.443090802373977688e+00
-2.004145714083784391e+00
3.523453666664565276e+00
-2.131029138916488819e+00
-9.832012952393826000e-02
7.414850136273186676e-01
9.597997794627810553e-02
-2.306369933430376662e-01
-1.488452425627840636e+00
3.380723491223185384e+00
-2.801437254570402047e+00
-5.262704589699330748e-01
3.816112886715570696e+00
-4.140451955158545694e+00
1.581949642659244315e+00
1.070004580860540733e+00
-1.622473084520395403e+00
7.773186677822432333e-01
-7.559543934249408625e-01
2.127282107923894383e+00
-2.892552903507398465e+00
1.034458793741229954e+00
2.620090292207005067e+00
-4.869623087914706439e+00
3.570427361220311457e+00
-2.015437101081041238e-02
-2.528001747104964281e+00
2.439335687274021058e+00
-1.141655491480498608e+00
8.833517803005388469e-01
-1.734184093407343585e+00
1.590479520017578308e+00
8.551749873562985993e-01
-3.959929789703778624e+00
4.635192999678359627e+00
-1.860506682149178914e+00
-1.990701523817582252e+00
3.665443740868331801e+00
-2.460210503522002323e+00
5.807848567833895359e-01
-1.807003228627368507e-01
7.952287765906362882e-01
-2.779298774721560283e-01
-2.048039384488145487e+00
4.076656383236828773e+00
-3.230897740904369542e+00
-3.318318032518157157e-01
3.566318967744420032e+00
-3.762366152007050601e+00
1.396196350273585463e+00
7.022395069634295162e-01
-7.598218037611690345e-01
-9.284759743676809784e-02
-3.336530518899724074e-01
2.185247485554170588e+00
-3.156200002605058508e+00
1.353675039704166583e+00
2.094421713345948177e+00
-3.997383920288201331e+00
2.619650111887044996e+00
3.974880458192939781e-01
-1.991476847350623469e+00
1.152323401108107603e+00
2.172080562245843338e-01
4.289240898124502266e-02
-1.549380891377540204e+00
1.906173692147986820e+00
1.192190547739707673e-01
-2.763294134162824545e+00
3.150653037249535160e+00
-6.957938069635858369e-01
-2.100070346530665155e+00
2.475518294848238376e+00
-5.063897352045990674e-01
-1.195631110220882976e+00
7.331534348952098989e-01
8.658954089898373008e-01
-1.124122360525922737e+00
-6.255555951774404155e-01
2.280630708749068702e+00
-1.541368278679425829e+00
-1.135911565288841407e+00
2.881705669328463504e+00
-1.731021116583431496e+00
-1.054056651687689694e+00
2.460241979100046272e+00
-1.223084413833295025e+00
-8.448860987164062974e-01
1.222627943912699688e+00
2.212791075655533568e-01
-1.200670995246080563e+00
3.495702927618277167e-02
2.069916594143803579e+00
-2.372352047663982777e+00
-1.239474705043441816e-02
2.832704435086122796e+00
-3.174597619685366467e+00
7.807437465735325155e-01
1.735570496444214017e+00
-1.990877080530694787e+00
4.839341979507979508e-01
3.428462419492540603e-01
6.472928735889563745e-01
-1.810355581301801298e+00
8.695146073452577618e-01
1.983162386092977236e+00
-3.942161889479403936e+00
2.728224319147475097e+00
7.040061882673632754e-01
-3.158015606287352561e+00
2.732365828656699858e+00
-7.177286203336989967e-01
-2.979492952946420914e-01
-3.297201446349267151e-01
7.160086222399348888e-01
8.361920125288769823e-01
-3.291937666033555754e+00
3.803521996042910747e+00
-1.108341802381851426e+00
-2.707685567022866113e+00
4.313131115062109444e+00
-2.696476368191046191e+00
2.977208470270414908e-02
1.078586673712449873e+00
-5.425697000495230959e-01
4.339070568838521158e-01
-1.915230883069855006e+00
3.422748676328014383e+00
-2.473013896807711109e+00
-1.070810849447131563e+00
4.349358753700665936e+00
-4.448887085220282422e+00
1.548183007824783575e+00
1.417660781810929471e+00
-2.119397634592681712e+00
1.196135918141064458e+00
-9.131310970337791488e-01
1.967331311554032958e+00
-2.505837796904604176e+00
6.053086231742779155e-01
2.900383902295021521e+00
-4.881438071429077041e+00
3.309207019120057325e+00
4.028819550070985578e-01
-2.926461210654913270e+00
2.626045286574637316e+00
-1.014226488449239572e+00
4.812504848964662685e-01
-1.230612076577438652e+00
1.215051693016920842e+00
9.245000191996517458e-01
-3.678578464519620006e+00
4.109467324006470967e+00
-1.301134487139613771e+00
-2.351758364508123922e+00
3.663498605082998960e+00
-2.066178401590254676e+00
-7.368014912104781100e-02
4.788500036677669769e-01
4.114596841945875605e-01
-3.527690229633566599e-01
-1.518749460750591140e+00
3.290047747710711068e+00
-2.496213824513256352e+00
-7.195960530474879713e-01
3.441385015644995438e+00
-3.150871157998131888e+00
5.114169580901740675e-01
1.529446160572046409e+00
-1.199342701834167357e+00
-2.381946501308372932e-01
3.682138240036795795e-01
1.183988861517874636e+00
-2.243413632808170632e+00
8.899190938639136572e-01
1.921088016070106930e+00
-3.242280749691953901e+00
1.557432171259287124e+00
1.373566550294214039e+00
-2.509797724794235130e+00
1.000241550398242918e+00
1.003934873128434546e+00
-1.093240419749753389e+00
-4.970887595582252905e-01
1.347846860199682251e+00
-3.631255051938775402e-02
-1.951344343406473225e+00
1.989226205396776193e+00
3.808414056209438181e-01
-2.691680883388694490e+00
2.358814863733632361e+00
2.833170583286979127e-01
-2.370210040329985279e+00
1.850921840259733386e+00
2.335289604953694198e-01
-1.221122783962668823e+00
1.599958476887065606e-01
1.113206346116849765e+00
-4.374032926375169272e-01
-1.766931676938543916e+00
2.815005263912648825e+00
-1.000407502722270081e+00
-2.173127886894454797e+00
3.549205253965429741e+00
-1.872261492025839802e+00
-8.794428618618923554e-01
1.919758606488631614e+00
-8.591445636546080067e-01
-1.585607529870748378e-01
-5.769941337143016380e-01
2.039517940179881084e+00
-1.735319795822753086e+00
-1.000478306467884160e+00
3.797642720130058436e+00
-3.759337807318516855e+00
7.744182834978909913e-01
2.317243083452152241e+00
-2.909162505136387189e+00
1.372712708314064667e+00
-1.745529676939799879e-01
6.140963215582782020e-01
-1.271716343126409576e+00
5.957504451449402438e-02
2.745541748296996154e+00
-4.375875074401133880e+00
2.687370464328566744e+00
1.183049467606063665e+00
-3.872332139095959302e+00
3.390967624468983033e+00
-1.060066965275128670e+00
-3.920389495848607408e-01
1.332574194010874846e-01
9.954996926026882242e-02
1.346048767953653247e+00
-3.501410528219996543e+00
3.654125266226134539e+00
-6.854000605097174681e-01
-3.217513784867340743e+00
4.695653582599844000e+00
-2.793915739317783586e+00
-1.919382661796192879e-01
1.510673297153957373e+00
-9.806227918128118670e-01
6.748702681091500732e-01
-1.854434855234695423e+00
3.098816753849619854e+00
-2.041282785880000894e+00
-1.414207390965381617e+00
4.451339985435390112e+00
-4.258699283686292247e+00
1.137727892889989212e+00
1.876616865146901958e+00
-2.419589260837065936e+00
1.184753030262549522e+00
-5.699443526794343295e-01
1.426510718510038744e+00
-2.001409299015117771e+00
3.646911700037265280e-01
2.759324934989491940e+00
-4.400345221583300770e+00
2.670533936313887580e+00
9.466248595084859607e-01
-3.146630930587202890e+00
2.407147931700623023e+00
-4.106698114014204481e-01
-2.864913684866023935e-01
-6.078686229988948808e-01
1.006916455447783854e+00
6.095332466541772964e-01
-2.946280882083718300e+00
3.238381649067763490e+00
-6.299176509618988895e-01
-2.555348911013130664e+00
3.302491522480958785e+00
-1.254056910574642858e+00
-1.044525312002315687e+00
1.236290460311028516e+00
1.776705344634048611e-01
-7.589278549351293757e-01
-6.105048140316728933e-01
2.223915108112008987e+00
-1.684557351803845915e+00
-9.610035097810607496e-01
3.013372891549958688e+00
-2.204281521613282280e+00
-6.087077423651735542e-01
2.405380556242713297e+00
-1.491328647592740753e+00
-6.591784180947801719e-01
1.358126205384458496e+00
-2.521512951083743070e-03
-1.316855333663038863e+00
5.803583497992717000e-01
1.496961668262550171e+00
-2.247312350163756633e+00
3.645794664474959479e-01
2.322082021798900886e+00
-2.861236200836163590e+00
6.185261035654712192e-01
1.982664001660941366e+00
-2.302490889184449330e+00
4.812342319859531647e-01
9.748190409353375552e-01
-4.050723426618363376e-01
-9.929148681739823346e-01
8.130934137604696188e-01
1.333174531370912463e+00
-3.073907062588260963e+00
2.039788174440807289e+00
1.177557555498661701e+00
-3.501745989597912612e+00
2.791745203879764325e+00
-1.607915284731413763e-01
-1.515132473587728068e+00
1.013139643866395545e+00
4.377316920331442152e-02
4.364945288281504299e-01
-2.127494052933054824e+00
2.550800223674337897e+00
-2.332195094157492044e-01
-3.143395340268541283e+00
4.356091424033071036e+00
-2.216333626892501574e+00
-1.117007990774202542e+00
2.628846809926901784e+00
-1.745780087192446040e+00
5.526894184967929835e-01
-8.485135626621506111e-01
1.796090718878715187e+00
-1.104099788345604072e+00
-1.756634865451201843e+00
4.387529120022324314e+00
-3.969199229274199769e+00
5.418833114578007759e-01
2.881685101201954868e+00
-3.565030252656975041e+00
1.848672139407250947e+00
-2.854815044662641910e-01
3.395910851221339843e-01
-7.555844774312334700e-01
-4.656831869580998484e-01
3.064795684400459574e+00
-4.375729140677405482e+00
2.389695069275226125e+00
1.639257367190839032e+00
-4.287705489170402728e+00
3.584639950415336784e+00
-9.472313780418167850e-01
-7.570970020849983051e-01
5.770582695602555212e-01
-2.116797589981762595e-01
1.378291681743524677e+00
-3.241481948447628270e+00
3.222319667387010700e+00
-2.754649158150508370e-01
-3.422744694609986649e+00
4.596997492471807334e+00
-2.416028782337086067e+00
-7.029360701200951800e-01
