0.000000000000000000e+00
4.089571307604062511e+00
-4.559051109322858508e+00
1.687578020687579894e+00
9.912894045359545991e-01
-9.854634644062739701e-01
-4.159078391136518116e-01
1.728540447489728127e-01
2.337125567024878947e+00
-4.239015633013379691e+00
2.593519617156942125e+00
1.800656974593039861e+00
-4.933565212884349904e+00
3.965961301713083920e+00
-3.328184566406375833e-01
-2.071721247717354775e+00
1.408384803295469334e+00
2.800511516562966818e-01
9.506549227391358770e-03
-2.271525620444287963e+00
3.398057556214247210e+00
-1.101235033470830738e+00
-2.965710265395658851e+00
4.802622098790843452e+00
-2.590066232855758876e+00
-1.223822195895539533e+00
2.773255170248144719e+00
-1.163745949429354498e+00
-8.006351294305313893e-01
3.021417171198448326e-01
1.954154954448232395e+00
-2.667426328776767441e+00
1.685506193199716174e-01
3.264845107266545199e+00
-3.917510661065204403e+00
1.014069037512169480e+00
2.306372514980859378e+00
-2.627200343895786716e+00
1.690103608351963271e-01
1.675836251283807643e+00
-5.610107113621580766e-01
-1.976272344318089402e+00
2.476205163095998696e+00
1.071487660454518154e-01
-3.001467175604296767e+00
2.886806995783152807e+00
1.037522740956744460e-01
-2.508805999143946863e+00
1.663870718119498049e+00
1.141089042116183006e+00
-2.278161674385271063e+00
2.103646737775453079e-01
2.625473373963502777e+00
-2.756309929957870608e+00
-1.257507030623138955e-01
2.777684797901304403e+00
-2.291810403544531916e+00
-4.554491707873700168e-01
1.956450577141185310e+00
-4.020146312471591932e-01
-2.091583207894086804e+00
2.083134390505813283e+00
9.109378442763631512e-01
-3.666391553394328984e+00
2.996675906842986237e+00
4.785158500935323689e-01
-3.058954859949615468e+00
2.297333417743908424e+00
2.672228755278163170e-01
-1.207492586134428336e+00
-4.926689336175784639e-01
2.211269658908919133e+00
-1.033288295499940501e+00
-2.432399779115146821e+00
4.485869825921610321e+00
-2.609050973164388498e+00
-1.509580189664271099e+00
3.838957612968115551e+00
-2.555268118834738367e+00
-1.164915846890373086e-01
8.629608520009706130e-01
6.462431516032484113e-01
-1.539806454523331647e+00
-4.129334207001909007e-01
3.680476752458354817e+00
-4.503923051148229995e+00
1.353114982307284331e+00
3.048228862912417902e+00
-4.635967256798731562e+00
2.466132254345953179e+00
5.096649600007514547e-01
-1.153629413195301545e+00
-2.121778765748857376e-01
5.879470463730909202e-01
1.581518199522525592e+00
-4.116293856377522431e+00
3.568688949652997877e+00
4.725345727287924014e-01
-4.497837281506654072e+00
4.823611512362862896e+00
-1.617335070236607164e+00
-1.512465764015940461e+00
1.787731058852795707e+00
-2.565816984594359029e-01
2.081870044401368247e-02
-2.026831499392987013e+00
3.683157923090269126e+00
-2.064165725960409148e+00
-2.206310324069813422e+00
5.221963819673385743e+00
-4.068528095713519477e+00
9.516916054139046288e-02
2.688246625825091218e+00
-2.163628573533228128e+00
2.095710158699819470e-01
1.976560222396472888e-02
1.815111902709908298e+00
-2.826438110348484578e+00
6.565950259434344405e-01
3.247185134947984775e+00
-4.963492465472999271e+00
2.573477347290370254e+00
1.545748050992946210e+00
-3.387627886622659457e+00
1.800271017234045257e+00
5.031403800869265197e-01
-4.929702431417917197e-01
-1.454030911388962899e+00
2.173454394988017846e+00
1.466091770422108809e-01
-3.436429737061302170e+00
4.009659119978278063e+00
-9.578350513225315499e-01
-2.636314753305883496e+00
3.190814185252179858e+00
-6.882073277518350185e-01
-1.511888078104298039e+00
8.187831741411657482e-01
1.518364219384741309e+00
-2.094494162635383017e+00
-3.229963807735099501e-01
3.136874667778020154e+00
-2.990132656692127799e+00
-1.436132726835139817e-01
2.828395314273975725e+00
-2.198543387837764485e+00
-6.816592085130472878e-01
2.170345990839698480e+00
-4.686131030630917849e-01
-2.230834531400728515e+00
2.447441365725621765e+00
3.232824636460560619e-01
-2.956934338596872269e+00
2.447205857800577089e+00
4.892230136634849735e-01
-2.313886541884977888e+00
9.712876984311381579e-01
1.632915957503567661e+00
-1.994216554412199471e+00
-6.511679188963442888e-01
3.287954324659092542e+00
-2.681825126648773150e+00
-7.312795217510155155e-01
3.310707269670708719e+00
-2.473405117070815784e+00
-3.671591734848840272e-01
1.677906187817020278e+00
-1.578056459680193813e-01
-1.747171818555207201e+00
9.944588137515484316e-01
2.111869208326866865e+00
-4.052065892539888026e+00
2.230509037246640069e+00
1.831134450370972999e+00
-4.117894861320778865e+00
2.665033739263515500e+00
3.679826115342719195e-01
-1.487839551032097862e+00
6.741120794092481106e-02
1.132784061635773165e+00
3.240483657225341485e-01
-3.232883812869588702e+00
3.978711445877897823e+00
-9.190242263778987120e-01
-3.381280947509451185e+00
4.850769851122823439e+00
-2.422525592120696292e+00
-9.512699421655539389e-01
1.901207178405679876e+00
-4.787544535145034086e-01
-3.353065101997503294e-01
-1.297859259477412097e+00
3.525528350050135540e+00
-2.986311566160231745e+00
-8.899732010950585082e-01
4.752340904113901310e+00
-4.896361698227137182e+00
1.389682933750285621e+00
2.105867112154237386e+00
-2.561949696396129461e+00
8.150894415735496779e-01
-4.772283751217520908e-02
1.544484744628935591e+00
-3.006750048347691884e+00
1.514409373416242044e+00
2.517831024622226188e+00
-5.335812015689011645e+00
3.984823741841863054e+00
2.718669543097619323e-01
-3.338748564832576537e+00
2.855983324329631312e+00
-5.639106731802414618e-01
-2.179296550872846794e-01
-1.204945352143836468e+00
2.168520018735050847e+00
-2.304651787437045352e-01
-3.406183718231780233e+00
4.943939741510105179e+00
-2.388989296497023851e+00
-1.963489413564096342e+00
4.001169993319519946e+00
-2.349449995571732508e+00
-3.491772496145990612e-01
8.437086287166462029e-01
8.239224972686735038e-01
-1.625298761981327722e+00
-4.135773498145931537e-01
3.470158095648286256e+00
-3.926909291042189665e+00
7.570404626032414264e-01
3.031856774743560745e+00
-3.728484197260545585e+00
1.107134248201498972e+00
1.490898823534288153e+00
-1.224163204994159537e+00
-9.514547408374613990e-01
1.683044977119946051e+00
4.708422937536856923e-01
-3.127437810856770639e+00
2.927481579604219952e+00
3.078709546429464483e-01
-3.191580423827021118e+00
2.691410960336980907e+00
3.293259110937938328e-01
-2.204127494230196049e+00
8.661456953551138760e-01
1.741680126664405748e+00
-2.126833872350296417e+00
-4.372592121282997679e-01
2.984942693488151111e+00
-2.442067232737925586e+00
-6.334995417959095043e-01
2.699071190493830041e+00
-1.485773073633855024e+00
-1.290022465205524327e+00
2.050863867642309657e+00
2.546785836157435812e-01
-2.826131030479031025e+00
2.373424674192407657e+00
8.817715703274814354e-01
-3.400137071652877374e+00
2.489879999888423345e+00
5.662532434383605873e-01
-2.159323731494899867e+00
7.359019032706406449e-01
1.414078379848831890e+00
-1.110348805664672200e+00
-1.656334427788451524e+00
3.550166641332091810e+00
-1.883738792219614933e+00
-2.024974879814256834e+00
4.219916753600771564e+00
-2.617050414821591620e+00
-7.022826312342066446e-01
2.099381424855293332e+00
-6.834384408934162103e-01
-8.765283418731208975e-01
-7.249396819301634487e-02
2.659249709399731820e+00
-3.411196540857293513e+00
5.510631627560806933e-01
3.557710389767371417e+00
-4.877561620511075446e+00
2.231847141760986197e+00
1.448617018373119292e+00
-2.602271916001551499e+00
1.042997052180845152e+00
2.501762921368253512e-01
8.530536229419456440e-01
-2.830454447479708868e+00
2.398282159235772149e+00
1.202908036424684690e+00
-4.826134771537567758e+00
4.781610852863400929e+00
-1.039131909679499310e+00
-2.717791639085866073e+00
3.253190986899951120e+00
-1.222439349729094404e+00
-9.858112565999421761e-02
-9.164085945359150553e-01
2.259420523832068817e+00
-1.000147334254581688e+00
-2.691518257077126997e+00
5.257671470587005125e+00
-3.729336893798317565e+00
-7.263196736064485570e-01
3.967390561992377052e+00
-3.434570159308795834e+00
7.546697799681079122e-01
5.808850799697840017e-01
4.757954815102904966e-01
-1.477404177632844373e+00
-1.237689153050489654e-01
3.406471282308497717e+00
-4.736394301848353194e+00
2.060128394176405919e+00
2.429850704210013479e+00
-4.558441513896879016e+00
2.766357350043922025e+00
3.575974163780051285e-01
-1.340680634310617458e+00
-1.049509348611964432e-01
1.077129409830144935e+00
5.833056453122800189e-01
-3.337900346754183456e+00
3.670858891179742844e+00
-4.425106297871291838e-01
-3.442723808531872542e+00
4.186966278531455643e+00
-1.387637534534773120e+00
-1.622713628568614119e+00
1.755393433878093434e+00
3.210747510136989225e-01
-1.295451162868396899e+00
-5.067600527198928839e-01
2.952867830226125534e+00
-2.708502012015352900e+00
-5.599257731092113222e-01
3.546415831974675470e+00
-3.092264412575386423e+00
-1.154541683896939119e-01
2.381113349499059062e+00
-1.374349586956182367e+00
-1.206754214659876423e+00
1.846763070376098881e+00
4.289765891093326733e-01
-2.848806853357197078e+00
2.293333356706042991e+00
8.466960909040643912e-01
-3.058998865953266755e+00
1.898596016861890945e+00
1.087536555606153366e+00
-2.246802987493463633e+00
2.435677584836197784e-01
2.332405934674869563e+00
-2.122109103273164710e+00
-8.966740074514965020e-01
3.321782118247749604e+00
-2.370952030433524982e+00
-8.181110373374039790e-01
2.598037801119201351e+00
-1.198590143367702865e+00
-1.229372682907627246e+00
1.366465350008516433e+00
1.107125056083010817e+00
-3.034048605460255121e+00
1.617072826298983523e+00
2.064000810452990109e+00
-4.147767242318248115e+00
2.443170291648591341e+00
1.068391595082166745e+00
-2.644033551602895216e+00
1.163915204760682887e+00
7.799680025369206682e-01
-3.183479276654117562e-01
-2.007120482870186517e+00
2.856687485861348463e+00
-2.937836720319726425e-01
-3.558155436820468864e+00
4.728322103140481403e+00
-1.933713684994122328e+00
-1.947061277179461758e+00
3.205190368588960226e+00
-1.449675115007706960e+00
-3.316637228289951445e-01
-2.796095188094018802e-01
2.083822857295626108e+00
-1.859429984369527888e+00
-1.372713141094725975e+00
4.709221539060706618e+00
-4.501080832383952846e+00
6.122064306011570922e-01
3.291938077752372571e+00
-3.814177061701535365e+00
1.456774821873822567e+00
4.066523947634419489e-01
1.834181271674301117e-01
-1.497058257916961566e+00
5.731805747598262002e-01
2.696781896913448051e+00
-4.987832788252004157e+00
3.332930858734441948e+00
1.216701912849384115e+00
-4.518840084287885084e+00
3.858821617586688735e+00
-7.701994435505289394e-01
-1.087091365388604070e+00
3.251370820773651915e-01
8.094601938161920529e-01
3.597341423024096319e-01
-3.226777789504358118e+00
4.351177538266570721e+00
-1.625216602879715921e+00
-2.890893076805979511e+00
5.007529294454990065e+00
-3.018636632823406440e+00
-5.298552679012948907e-01
1.953768454203464566e+00
-6.517366543599282247e-01
-5.833775954835982436e-01
-6.163601705887343796e-01
3.027812698467890584e+00
-3.260595991928704862e+00
5.789014451570551056e-02
3.814770649996176211e+00
-4.519342007685194673e+00
1.505929660020648875e+00
1.899566929529448833e+00
-2.375701439798836301e+00
3.198064432921823297e-01
9.826781094124075189e-01
3.986678576299935717e-01
-2.609989117321839913e+00
2.359484805857108292e+00
8.525864750836700257e-01
-3.839937070907866179e+00
3.359744136702475181e+00
5.567344586112632498e-02
-2.685521735196648052e+00
1.951326916780691256e+00
6.795715610176623622e-01
-1.654148389841901823e+00
-2.734603827088899486e-01
2.553151784632230914e+00
-2.033393001599245409e+00
-1.079034766395090106e+00
3.342442457441398673e+00
-2.174004478000097773e+00
-1.033348333147585230e+00
2.558951285162844869e+00
-7.973003526331969848e-01
-1.860303467767733920e+00
1.970567129188287581e+00
7.579883178353213902e-01
-3.087761658708584989e+00
2.154759349334470109e+00
1.070706878127776207e+00
-2.944887566740990170e+00
1.516021189603451447e+00
1.193021496612699739e+00
-1.732440163158223800e+00
-5.146370873249511702e-01
2.556806269430129674e+00
-1.468425474932935515e+00
-1.937723817450495378e+00
3.921439207445272412e+00
-2.187332300001057828e+00
-1.412442600927992453e+00
3.075538956681903358e+00
-1.485918382802716264e+00
-8.343293374024398634e-01
8.105696038810177306e-01
1.330557547640526694e+00
-2.366794595051254113e+00
1.790094047842600844e-01
3.380783230924746974e+00
-4.431477912794794527e+00
1.577567271962300843e+00
2.392053542591202842e+00
-3.668292733066917499e+00
1.684392630218254805e+00
5.613799234418845874e-01
-3.772689181604729214e-01
-1.342044593122985408e+00
1.417952785068696153e+00
1.375511988990116397e+00
-4.409546672830193970e+00
4.091592874770964450e+00
-1.625971384276411746e-01
-3.775170214807875624e+00
4.210035026338164066e+00
-1.513711461557725624e+00
-8.483407811460769166e-01
6.032826813745243433e-01
7.761516324220391061e-01
-2.758893517447065236e-01
-2.519352387920643643e+00
4.544339834858072358e+00
-2.839675333651072275e+00
-1.687312822382532884e+00
4.943935610942157055e+00
-4.102618188983340630e+00
6.167213774445000629e-01
1.699670795357963060e+00
-1.142942946772287138e+00
-2.185659237994375115e-01
-4.429420078713619535e-01
2.863155491512853423e+00
-3.815560279189889048e+00
1.133446853530072129e+00
3.291531748398598634e+00
-5.305447950947462132e+00
3.089900006038063474e+00
8.497469677186846315e-01
-2.639377244946961021e+00
1.390163965530622381e+00
1.930461923600008678e-01
4.872029895943745803e-01
-2.545783657029610403e+00
2.730830327426428283e+00
3.449155455201056153e-01
-4.095708514624456953e+00
4.690002479407086255e+00
-1.455164980967293520e+00
-2.296775891155226734e+00
3.037029998534150899e+00
-9.162994797339534259e-01
-7.876016676969415098e-01
-1.299099596126054301e-01
2.113248179384553893e+00
-1.920632835682432260e+00
-1.133128553103884828e+00
4.023860130654751899e+00
-3.465778636442034433e+00
-1.481825330284354258e-01
3.085797498857881571e+00
-2.546281187964880566e+00
-2.127273872663779652e-01
1.585460093977267171e+00
-3.773666283502952190e-02
-2.119700349525968974e+00
1.706572902784939894e+00
1.277965467343351591e+00
-3.505479690087032196e+00
2.291154458916486725e+00
1.117825278869637673e+00
-2.949906426215300304e+00
1.353866860664010296e+00
1.459670875803921408e+00
-1.948943324550901357e+00
-4.649809158344861970e-01
2.726421346066288276e+00
-1.889180940556638433e+00
-1.272034539992328073e+00
3.160473404769940764e+00
-1.674563056512051062e+00
-1.287733235831680201e+00
2.165332501595711445e+00
-6.701183659159859474e-02
-2.165151902220841862e+00
1.461308063859049655e+00
1.653307364270229618e+00
-3.575922610587402684e+00
1.900769352354161779e+00
1.683438161506287667e+00
-3.359702309042704726e+00
1.643726779349836686e+00
1.014237744178595246e+00
-1.355776813336969422e+00
-6.845102813840885370e-01
1.984095643875777082e+00
-2.225783555299356564e-01
-3.041383534886279882e+00
4.028801733262874052e+00
-1.217413616544646748e+00
-2.734807475934954102e+00
3.964052536755101386e+00
-1.750525836091700205e+00
-9.054686934360323125e-01
1.064356480562240082e+00
6.594338428978452349e-01
-1.110503483758141563e+00
-1.204604585963195751e+00
3.952129485100184247e+00
-3.601193431341580098e+00
-2.544253729622741877e-01
4.122950438603629308e+00
-4.421761821003038051e+00
1.406672570410501866e+00
1.381695409528461038e+00
-1.387281668689370306e+00
-1.480698722160600500e-01
1.368901258977415214e-01
2.162797205952178281e+00
-3.961174913885114890e+00
2.302307921050193773e+00
2.083984254616782827e+00
-5.204722138973107093e+00
4.156929615974659598e+00
-3.176901708822120751e-01
-2.370113277201522095e+00
1.920536109029190808e+00
-2.494000591401399625e-01
3.544295963771244562e-01
-2.329538423289852389e+00
3.171057043011622945e+00
-6.398176690952039891e-01
-3.581269477944074353e+00
5.422627170410941666e+00
-2.981469849874390565e+00
-1.284997716997602790e+00
3.344820818939306495e+00
-2.055241809085355698e+00
5.542452585794133135e-02
-1.870288242118272048e-01
1.915028648470334716e+00
-2.128384882697236691e+00
-7.111785073194528684e-01
4.240658326200961170e+00
-4.678463294531862715e+00
1.246242138214784800e+00
2.775219427734282984e+00
-3.684968856224627221e+00
1.417329716045500287e+00
7.403877373771727832e-01
-2.987793445499329348e-01
-1.493368976869486664e+00
1.441859788383421659e+00
1.348949123086235602e+00
-4.059804052890886972e+00
3.398632647603839541e+00
3.738941281945624695e-01
-3.537902283254713787e+00
3.104853846913989024e+00
-1.477016635062324834e-01
-1.662728506273932538e+00
4.954832169890306393e-01
1.585037890039021402e+00
-1.364363297453923485e+00
-1.393886849499556435e+00
3.516253390760220476e+00
-2.246321372884969136e+00
-1.314889609922089253e+00
3.371954670299330825e+00
-1.859834278512514150e+00
-1.171356408147224748e+00
2.071573107935861913e+00
3.430264891510215186e-02
-2.279269421284993768e+00
1.626612441957418387e+00
1.375750145223686438e+00
-3.219337017126103984e+00
1.678122357296182754e+00
1.480939368298956449e+00
-2.614254386661827301e+00
5.857070410032658714e-01
1.894504947052998212e+00
-1.602373125031834045e+00
-1.234748526082243281e+00
3.157386361538661035e+00
-1.636464256445977483e+00
-1.838671617341702813e+00
3.477879723808954271e+00
-1.649212062662365419e+00
-1.280560063021571438e+00
1.900217612494517372e+00
1.191144125202565629e-01
-1.737768262859540114e+00
4.227694224181928195e-01
2.571622964181806026e+00
-3.570930921307397643e+00
9.061006024117332913e-01
2.937352236726740617e+00
-4.081782973161637074e+00
1.668659677007804376e+00
1.318245508334028981e+00
-1.725907087200617918e+00
-8.268602081045162144e-02
9.584942582509914377e-01
8.711014777989576352e-01
-3.376424350964117416e+00
3.084124953209512743e+00
5.877509396098166139e-01
-4.303874899618357119e+00
4.448038410244164353e+00
-1.165373279314896093e+00
-1.955306939467796212e+00
2.112675982675646935e+00
-3.461162758759677160e-01
-1.681278324899035947e-01
-1.648185362921972263e+00
3.284794190914239298e+00
-1.776799500187265402e+00
-2.359670216373702889e+00
5.278329038246355687e+00
-4.030684892903991567e+00
-8.863745708181092198e-02
3.043196889478860356e+00
-2.604418496235452185e+00
5.612374841682992166e-01
-9.278788025113682281e-02
1.656443869110501677e+00
-2.469237736748555179e+00
1.994561524984553857e-01
3.719466426629877809e+00
-5.346015245262354831e+00
2.712279024230623392e+00
1.790532681502404078e+00
-4.013670987959558012e+00
2.598406346728218352e+00
-1.381975404690825027e-01
-2.751419726060819748e-01
-1.173873260710315503e+00
1.507413625360852105e+00
9.890974448954088505e-01
-4.216947969742502522e+00
4.481609567720421516e+00
-9.067472203139557152e-01
-3.285344655647937540e+00
4.264372147942729008e+00
-1.780987108194081792e+00
-8.551986097319637103e-01
8.691371911801732963e-01
7.942937818613604595e-01
-9.775581603140851561e-01
-1.453224615824115773e+00
3.923487574399375788e+00
-3.164243472659781453e+00
-6.984051525742375199e-01
3.989934632199442888e+00
-3.574851152701737256e+00
3.670770160855461040e-01
1.891075648273848220e+00
-1.073874656697777930e+00
-9.968054973467714852e-01
1.059882590936324753e+00
1.385563571711279085e+00
-3.358464978345937269e+00
2.053304805438051162e+00
1.584838648360380464e+00
-3.772176609567350791e+00
2.266675409466863300e+00
1.022842345794001906e+00
-2.335394216971682368e+00
5.017301070836344135e-01
1.796526510687537881e+00
-1.418270731427517584e+00
-1.346213622806865740e+00
3.112668318245161547e+00
-1.547612787106448895e+00
-1.728389598949070516e+00
3.025831598229283603e+00
-9.968401395049284464e-01
-1.765285963186812301e+00
1.880744366043356708e+00
7.202890020248183811e-01
-2.718195976578691386e+00
1.443436999311408897e+00
1.848265070253580111e+00
-3.428828014013308945e+00
1.530380088938977368e+00
1.584687800214906517e+00
-2.390462110934536533e+00
3.254864866710365234e-01
1.640644938231913930e+00
-7.605761575697813637e-01
-2.015644355008939570e+00
3.111976519455798673e+00
-6.897366189908178402e-01
-2.976442389281470646e+00
4.028569277697386930e+00
-1.474228429925325434e+00
-1.747064269740127074e+00
2.309403515741313306e+00
-3.538320557596357219e-01
-9.660033096564570876e-01
-4.026997048498448528e-01
2.732189232851680583e+00
-2.595168256017712949e+00
-7.957241294513045515e-01
4.302836999017424446e+00
-4.305205053078936750e+00
8.326130113321446036e-01
2.513628993516098920e+00
-2.729729208592595491e+00
6.797340551716112289e-01
3.637067763270247500e-01
1.011935233586436444e+00
-2.569375408883995071e+00
1.316591302249894513e+00
2.479295348790736320e+00
-5.159285268096590826e+00
3.749780241246460477e+00
5.531725580631700057e-01
-3.662610511301260807e+00
3.150075082106011948e+00
-6.997859560558226111e-01
-3.256353260857129950e-01
-8.879503692994027420e-01
1.766493668804842709e+00
1.380774473445207651e-01
-3.679595011642810665e+00
5.080473468768661682e+00
-2.316939116062775028e+00
-2.313090670112064373e+00
4.591511956188247368e+00
-2.982589597793711800e+00
4.856244157308298171e-02
8.732304394324243990e-01
3.719551263125787099e-01
-9.238448228875021373e-01
-1.135255561395443813e+00
4.007650023938701622e+00
-4.114134167140820253e+00
4.781466860309451783e-01
3.772282417747139238e+00
-4.725073502568641892e+00
1.978930048694215849e+00
1.128572945693768759e+00
-1.547075863330874324e+00
-6.872848361395952899e-02
5.808845186411923933e-01
1.409977169303162192e+00
-3.607458091131661160e+00
2.785703717278431135e+00
1.075587331839336969e+00
-4.387595976929193675e+00
3.911760310337455415e+00
-4.259209188025232518e-01
-2.258029887767473376e+00
1.732812264561002902e+00
4.087208525591666253e-01
-8.421626542894680156e-01
-1.224669933653786735e+00
3.033233236685925149e+00
-1.741983572769164379e+00
-1.878612068393174406e+00
4.098113888889318268e+00
-2.535943295954829590e+00
-1.025291995700615244e+00
2.720201963247293797e+00
-1.098512357242221071e+00
-1.331756874944211244e+00
1.308626296585876592e+00
1.162398618081874169e+00
-2.849254931615019082e+00
1.318627392135640175e+00
1.978982180317041095e+00
-3.349926305905303714e+00
1.268013217306185769e+00
1.780803656203143959e+00
-2.269201833263718271e+00
-1.583282719113580650e-01
2.311291044080525658e+00
-1.361463553214659283e+00
-1.698348005975341524e+00
3.228720819291136301e+00
-1.328217636320312423e+00
-1.873810364433038167e+00
2.779037007816354432e+00
-6.232541412215530929e-01
-1.687997860668759342e+00
1.201797283322658227e+00
1.425369208218247641e+00
-2.703788577188143805e+00
6.028335611265385197e-01
2.845916639999495068e+00
-3.828341584695539979e+00
1.213609745218878100e+00
2.137900991977331522e+00
-2.770954905787081035e+00
6.314881810240472459e-01
1.119501656315431415e+00
-1.592696629921068752e-01
-2.074294819294518977e+00
2.183948698453966664e+00
8.504391359153327112e-01
-4.122489627885232544e+00
4.025401937485531434e+00
-4.597130128254086068e-01
-3.002722074970504806e+00
3.199877405554333087e+00
-8.431010311891808939e-01
-7.005813836672262207e-01
-3.020711188121602553e-01
1.871274648212669867e+00
-9.671058311613531799e-01
-2.423356061126327177e+00
4.860030511629730654e+00
-3.354329210571916242e+00
-1.021088049002364162e+00
4.176691381859211738e+00
-3.526436389235531710e+00
6.656180195282570544e-01
8.683794213698226017e-01
7.726724876887000604e-02
-1.118304250394328569e+00
-3.339083593778158221e-01
3.452034508266623725e+00
-4.648314865124259398e+00
1.842177807110972010e+00
2.796698963589895559e+00
-5.031498585396720458e+00
3.186002303618297393e+00
2.023234773297188926e-01
-1.566647523788965213e+00
4.347598414265380073e-01
4.296306549156818644e-01
1.119215452946163314e+00
-3.613488237778307077e+00
3.607121583911664153e+00
-1.152246321092745274e-02
-4.181537134416352330e+00
5.027100399296966948e+00
-1.999380952911669063e+00
-1.539650981052214762e+00
2.286052410288362147e+00
-6.272423388663114219e-01
-2.981608801831008293e-01
-1.198017376301826475e+00
3.122064910005224903e+00
-2.300942899171567024e+00
-1.452422612944470171e+00
4.679929521666770675e+00
-4.083475734335996421e+00
3.220506294916978263e-01
2.734697257806147253e+00
-2.422087230565101112e+00
1.250514089341754342e-01
7.508552000119526060e-01
8.989815187727618895e-01
-2.559121816448789666e+00
1.355171993434815647e+00
2.143058049296900247e+00
-4.303401505951264028e+00
2.643389652740250728e+00
1.172321469917663173e+00
-3.190722132148708923e+00
1.703831048643184909e+00
9.361453074719177092e-01
-1.330548978510944558e+00
-8.202594560090861187e-01
2.454574492267309616e+00
-1.037559750047285068e+00
-2.180321158474170851e+00
3.545019813827642974e+00
-1.382449937427944420e+00
-1.926956358246591172e+00
2.727097104047233600e+00
-3.977312162726340250e-01
-1.984513515184935351e+00
1.416780945092146027e+00
1.392543428700864228e+00
-2.909331287914856734e+00
1.092177202385417489e+00
2.096623776100666525e+00
-3.029423705847472448e+00
7.648729546966057669e-01
1.858179417943041978e+00
-1.700723132922052461e+00
-8.549969303812723354e-01
2.390479466580130996e+00
-6.646831625848133029e-01
-2.557259665560878581e+00
3.519187554441039811e+00
-9.390832773176243098e-01
-2.441068687542053084e+00
3.079777385125886280e+00
-7.491320418477189769e-01
-1.389426570248101012e+00
7.642118066409891997e-01
1.457018354292181961e+00
-1.889801974314273325e+00
-7.405867693076539915e-01
3.782854795080992538e+00
-3.653071526741774822e+00
1.010774411325351396e-01
3.375819171403577013e+00
-3.499561638221979187e+00
8.443407561440245956e-01
1.141033323802479904e+00
-4.267195307093630818e-01
-1.243271562656558915e+00
7.611049943696315268e-01
2.189898564241428147e+00
-4.409569611809403433e+00
2.894443011997348325e+00
1.437504406749060326e+00
-4.543678424756318002e+00
3.718942811766672296e+00
-4.768872933222412236e-01
-1.490190410832530343e+00
7.186419243693979997e-01
5.736030410676038471e-01
3.638542023970992023e-01
-3.045112942770397346e+00
4.087034932234315576e+00
-1.342017242673145816e+00
-3.188437443270200067e+00
5.299137749500050454e+00
-3.204333461016848350e+00
-5.865547876895053081e-01
2.304359027737989063e+00
-1.189626890836273265e+00
-6.740426873516036643e-02
-9.267695308840160351e-01
3.052911729656188289e+00
-3.004924023212652617e+00
-4.377055551891446683e-01
4.464655865480107622e+00
-5.144841567581692310e+00
1.848398756077554328e+00
2.052223259063200356e+00
-3.031753203347306247e+00
1.239907604409729025e+00
1.639791073949505851e-01
8.133486070234405840e-01
-2.494572658831770262e+00
1.758849208064046987e+00
1.774577340250722113e+00
-4.824730206298253776e+00
4.073738902671273365e+00
-7.089863178297695079e-02
-3.278668425479367432e+00
3.086542459928132587e+00
-5.555894876284254158e-01
-8.119156888868348521e-01
-4.138781168597311932e-01
1.970330918503429896e+00
-9.441065035224123214e-01
-2.326645468262787730e+00
4.352773754162523545e+00
-2.581594007704461013e+00
-1.440626172916138703e+00
3.700284688252570842e+00
-2.263358120985120792e+00
-6.530210984163764554e-01
1.501677875058609724e+00
3.333056014487002505e-01
-1.968124768155636195e+00
7.565819039182976047e-01
2.284416099906452224e+00
-3.582689557955474058e+00
1.340755307139526842e+00
2.173778948967032498e+00
-3.204691868006730004e+00
8.951649801365294534e-01
1.775482885565065949e+00
-1.619229778233237438e+00
-9.516058956393484980e-01
2.514573253647843565e+00
-8.747752597278711795e-01
-2.208874774799086005e+00
3.119895674868653490e+00
-7.585981950534239626e-01
-2.115049519813689827e+00
2.205029923367760158e+00
3.552786187719667588e-01
-2.203779608939852253e+00
8.773458753258691623e-01
2.138309696927969128e+00
-3.149188475545648291e+00
7.031839052516452027e-01
2.616464174987508606e+00
-3.221289443678005071e+00
7.230027645465497699e-01
1.733434791757839877e+00
-1.357597243186921432e+00
-9.284199891427384888e-01
1.737736463530024089e+00
4.725568591226398940e-01
-3.319123331999963789e+00
3.240190436356847670e+00
1.915518919178457180e-01
-3.598131093773120348e+00
3.622487611074197922e+00
-7.083383737394008950e-01
-1.636674508347088830e+00
1.118710861572060233e+00
7.292045003396625535e-01
-7.153799762686523511e-01
-1.794668018781010010e+00
3.850412021887845260e+00
-2.424982961659265968e+00
-1.753172524108694397e+00
4.735932914134553862e+00
-3.730891569458828272e+00
1.673483685480335881e-01
2.137668624010419460e+00
-1.444820546206543543e+00
-1.698313719297182001e-01
-2.209016419615315030e-01
2.484287243841170056e+00
-3.445471292731958179e+00
8.721970819775316519e-01
3.443889815344031824e+00
-5.375793226481688336e+00
3.051136514667866173e+00
1.062341780684440407e+00
-3.030043099808278129e+00
1.841047786175863177e+00
-1.338971078958774985e-01
5.615051257364140902e-01
-2.360327679160331371e+00
2.360655166853867115e+00
8.155182209500473345e-01
-4.584283439496764423e+00
5.069730681873764411e+00
-1.549293863315339692e+00
-2.618390147456628014e+00
3.727604568072778068e+00
-1.723447527564910597e+00
-1.975217670954538818e-01
-2.697791730868728255e-01
1.766505565751720130e+00
-1.214236244828437394e+00
-1.992131489443188297e+00
4.793058150319587263e+00
-3.883929903187677724e+00
-2.960164385825762023e-01
3.838358266787364137e+00
-3.671772025594603139e+00
8.443675364219528356e-01
1.034718897847581864e+00
-2.080018279339292953e-01
-1.313241115044685881e+00
5.630354777843319392e-01
2.385022317357685218e+00
-4.225917384574225721e+00
2.360826347088026189e+00
1.792397393358091007e+00
-4.195713461694596802e+00
2.726379552648457771e+00
5.132046562939134304e-01
-1.822397836029721718e+00
2.686779320687773254e-01
1.439271475016281610e+00
-5.280068570528690941e-01
-2.252924848101947486e+00
3.450709475304108764e+00
-1.160839072413671236e+00
-2.478672592238256200e+00
3.648463929667022043e+00
-1.287536550030455862e+00
-1.707556900898563601e+00
1.961134551715301377e+00
4.112497069238102432e-01
-2.095764982134544319e+00
7.258722643183881384e-01
2.178157615505075917e+00
-3.045792568835517855e+00
6.292471519286086945e-01
2.411933567790095712e+00
-2.661367208736996393e+00
3.183339591413036906e-02
2.159712562813043135e+00
-1.225462321697027734e+00
-1.630248914706025509e+00
2.771217210246099238e+00
-5.530428121477328762e-01
-2.637796793612442237e+00
3.198499016664019035e+00
-5.848085927936617079e-01
-2.100992687596401787e+00
1.886690413219003215e+00
5.253906001291588357e-01
-1.735913984251606701e+00
-6.968225151544249485e-02
2.777876915220113041e+00
-2.840731574392504566e+00
-3.745451476242442901e-01
3.650389416969270773e+00
-3.580077857573405797e+00
4.739475805807199515e-01
2.133555779571576050e+00
-1.722856729210161975e+00
-3.595558993406291481e-01
8.291178095915392454e-01
1.269414523454850841e+00
-3.234117451959452882e+00
1.999834386391067254e+00
1.929559712761498513e+00
-4.742686241337256803e+00
3.582926906122846145e+00
2.172434758161489732e-01
-2.754758752452578285e+00
2.053863253701832647e+00
-7.080425238261223164e-02
-8.410555487147175491e-02
-1.809547466275833294e+00
2.778793554908832508e+00
-4.844249554949677794e-01
-3.531712448636826984e+00
5.260548133303419860e+00
-2.756361974679097049e+00
-1.578319632579688880e+00
3.687801966955150057e+00
-2.347674280696658400e+00
1.619854341811730603e-01
-4.451979942817341218e-02
1.582676057786160051e+00
-1.730771838295565246e+00
-1.074897227324369764e+00
4.518074618284944499e+00
-4.811164828614663769e+00
1.140245580668243441e+00
3.183450619837837170e+00
-4.320533943531610355e+00
2.044639730991588689e+00
4.004856368689813095e-01
-4.023237459096286051e-01
-9.894986824663192237e-01
7.221807189690750972e-01
2.064862787208845862e+00
-4.572381691856241659e+00
3.533021358513034116e+00
7.343096717350635627e-01
-4.358324715159331397e+00
4.129761533062044521e+00
-9.673313170454632681e-01
-1.410910346584491215e+00
9.289212595850659948e-01
6.416700924927360994e-01
-2.634793058357243201e-01
-2.285836444022493197e+00
3.919766261422476639e+00
-2.008051223706515565e+00
-2.179276623321953821e+00
4.622919328289919250e+00
-3.051158998046419768e+00
-5.316662178315554321e-01
2.275636531009388008e+00
-9.426313009844304869e-01
-9.220491927408167587e-01
3.986280770442389709e-01
2.061387701657467542e+00
-3.154447209264462870e+00
8.760103377233077193e-01
2.790978094055404313e+00
-4.006823134203624903e+00
1.539647043776640301e+00
1.787302523228232465e+00
-2.418039798409475249e+00
1.816046415323742669e-01
1.706113524324039288e+00
-6.872360359039131339e-01
-1.987459290297310721e+00
2.819992613106297341e+00
-4.154402266962797241e-01
-2.696694374134346539e+00
3.021051255478989006e+00
-2.775985837803152112e-01
-2.256937928930511816e+00
1.677906165947174344e+00
1.083193717685203117e+00
-2.437245052476682883e+00
5.253107784761363863e-01
2.495355904740044206e+00
-3.031538409237679144e+00
3.781821585919202811e-01
2.438820496522112080e+00
-2.306076794085275772e+00
-2.698894174640524835e-01
1.874911499251471936e+00
-4.302946412878270177e-01
-2.212129842250005307e+00
2.504937710129713668e+00
4.169676864803650851e-01
-3.530757300563831080e+00
3.400071331248893269e+00
-1.897434706957507045e-01
-2.577845441399216675e+00
2.198003998542383819e+00
1.484486288757504990e-01
-1.084113902914953798e+00
-6.585346547207631129e-01
2.615914700756964528e+00
-1.666301263692645751e+00
-1.942807484018840070e+00
4.571028826578199755e+00
-3.310728532001843583e+00
-6.239751355039241387e-01
3.288508125150714889e+00
-2.510664493903549399e+00
1.434808676129866178e-01
5.236381642641307899e-01
1.071316753514611309e+00
-2.142847055634324871e+00
2.210550628444085675e-01
3.436843714094679036e+00
-4.970230801474127880e+00
2.363190217405853222e+00
2.078852617633438093e+00
-4.227831555335414215e+00
2.682546502265581445e+00
-2.244292502788902688e-02
-5.876839964082612999e-01
-7.747035074829187185e-01
1.169309335582479514e+00
1.180701180910389780e+00
-4.261053799760194494e+00
4.395560953408298666e+00
-6.703702699703054657e-01
-3.691509955592371384e+00
4.766379614931850028e+00
-2.186261212651919195e+00
-7.568263089108706598e-01
1.159009890254329322e+00
2.200885874510718487e-01
-3.323231403610833468e-01
-1.966531957862127644e+00
4.168019512352787004e+00
-3.055697859037244335e+00
-1.191304855999499424e+00
4.785010746072797971e+00
-4.423878618356285486e+00
9.174683300055939128e-01
1.915115948682539537e+00
-1.699794855312612540e+00
-1.133814035083846594e-02
8.876254100237801481e-02
2.012311829824856790e+00
-3.448995023271400395e+00
1.564176116511338588e+00
2.547433886698041938e+00
-4.932610436062188519e+00
3.209372736111339997e+00
7.058486052276511380e-01
-2.828505173394155747e+00
1.636628196702487603e+00
4.694606960614597924e-01
-4.046309987927805274e-01
-1.702007075556446924e+00
2.716410197623797096e+00
-5.314428499620711399e-01
-3.057412667844880971e+00
4.235636625031721003e+00
-1.631303909580135603e+00
-2.003743474065557528e+00
2.951225363653352751e+00
-7.737716936844554194e-01
-1.394999468008194077e+00
7.879603871294988959e-01
1.637080216329681370e+00
-2.471533784626490871e+00
1.653824895341551859e-01
2.917384513818654046e+00
-3.245266034577501291e+00
3.695005792569434622e-01
2.476935519388002938e+00
-2.191104110028392782e+00
-5.508486854549690115e-01
2.192755921602310032e+00
-6.421968351300899602e-01
-2.197027385583654624e+00
2.755397422735919477e+00
-1.538850584284741640e-01
-2.696618404180584516e+00
2.582408874134722865e+00
1.667649038856995336e-01
-2.128839548744283938e+00
9.792655184594897255e-01
1.675711522994825842e+00
-2.274007161162515889e+00
-3.038171223427341694e-01
3.254909601608257042e+00
-3.123419344465089953e+00
-9.123198396597120841e-02
2.921482284137240981e+00
-2.517055957930454557e+00
-9.236598107493976251e-02
1.446806375512101894e+00
1.440151076672052666e-02
-2.048957532087655853e+00
1.460208005162747291e+00
1.786148040185308039e+00
-4.245038443430885877e+00
2.961141914803179009e+00
9.983535344774686626e-01
-3.694491201742914122e+00
2.795876049636530691e+00
-6.109072107325297374e-02
-1.056389261997350504e+00
-3.252760941554025953e-01
1.588441672160656903e+00
-1.107507308153978798e-01
-3.162019054824760644e+00
4.537602208619476940e+00
-1.923496110398557501e+00
-2.509778980576109042e+00
4.611457065143296674e+00
-2.835734527502840940e+00
-2.619163510923067095e-01
1.286905212827128775e+00
-6.570359225320898666e-03
-7.223724753070372984e-01
-1.113307965311482350e+00
3.826175198689089285e+00
-3.863648377338111839e+00
1.946506944246095827e-01
4.091220636547102885e+00
-5.034383716436765077e+00
2.148830139627136315e+00
1.234351704552163032e+00
-1.947141740346517658e+00
4.860127288509891175e-01
8.372757961015753203e-02
1.687719774763832170e+00
-3.602729360517436419e+00
2.498836172943025957e+00
1.611486762943789897e+00
-5.072308813564918140e+00
4.532690656238810512e+00
-7.056019412003841085e-01
-2.507437573469103231e+00
2.465138747243254436e+00
-5.258786897902218982e-01
-6.939164391121899200e-02
-1.565203859571227651e+00
2.844657934142354794e+00
-1.079830911641800562e+00
-2.843238357878731914e+00
5.085520526267564456e+00
-3.189149815388873321e+00
-1.015831613459911020e+00
3.435612645475453419e+00
-2.295230656784915890e+00
-1.278727695059280745e-01
5.676116898513410280e-01
1.184679131706316557e+00
-2.173986795865668231e+00
1.793813339439287446e-01
3.227799204346619710e+00
-4.302982704024929106e+00
1.559512254464179515e+00
2.329464325053020701e+00
-3.511737478401557588e+00
1.311411269964125603e+00
1.202662855177756285e+00
-1.041221185407839478e+00
-1.144727832477092200e+00
2.042528498211396482e+00
6.837064905790501967e-02
-3.027884702036423903e+00
3.309225195689433185e+00
-3.125425981700620248e-01
-2.786011057653068335e+00
2.713673857012004031e+00
8.478618914233182480e-02
-2.071854938594715811e+00
9.090383354941840022e-01
1.767453009663587649e+00
-2.416093973690515373e+00
-3.573348943034049263e-02
2.832472773452144654e+00
-2.697873382226333216e+00
-2.033861965419516693e-01
2.458198481846340933e+00
-1.523884635145206889e+00
-1.217579568369437260e+00
2.175748864055275344e+00
3.757569998269238987e-02
-2.854275611038924687e+00
2.799805265291974266e+00
3.171796703734874878e-01
-3.127210638816812605e+00
2.669650972107887821e+00
1.707273105925584122e-01
-1.871917199712758162e+00
6.081265455618068971e-01
1.578819241106226068e+00
-1.402220497424416346e+00
-1.470527969958949743e+00
3.803141082322629263e+00
-2.587157087423300084e+00
-1.290034086556087534e+00
3.941333390674339299e+00
-2.907713502607035316e+00
-1.472769530137133520e-01
1.631612780825600684e+00
-3.733446371276775144e-01
-1.156182476656561597e+00
1.655836211446393147e-01
2.727434412794327301e+00
-4.007895486076794356e+00
1.492420240071177684e+00
2.823996026728301523e+00
-4.815008979430043468e+00
2.815208117719266934e+00
6.534769826124545711e-01
-1.998164189610168506e+00
7.076164629441159537e-01
4.234576101830525019e-01
8.706428295486856594e-01
-3.243024765153400324e+00
3.266280085466914507e+00
2.317437421768190342e-01
-4.341056691542025447e+00
5.110299067302657150e+00
-1.950505174478207593e+00
-1.787998747912663111e+00
2.709751952171858935e+00
-1.079562874000153272e+00
-8.381663361698432624e-04
-1.236918114079482933e+00
2.914484906972866440e+00
-1.916713205490347516e+00
-1.942260932362777304e+00
5.186365436540419260e+00
-4.452209408016278402e+00
3.593249769138203709e-01
3.137475076244440775e+00
-3.168702894810408566e+00
9.273063811561264025e-01
2.197634451568368785e-01
9.629267475564260437e-01
-2.151113447082606989e+00
6.101194185097245093e-01
3.018927259219816861e+00
-5.056606661062859942e+00
2.996397308788285585e+00
1.426322600234910087e+00
-4.043707250085145866e+00
2.865229722509771371e+00
-6.790334489194016498e-02
-8.921219146097909558e-01
-5.361670718108864087e-01
1.575617876611340895e+00
1.264085928635447775e-01
-3.260486289527254833e+00
4.192633302150261976e+00
-1.338857532175548259e+00
-2.723456366424537034e+00
4.045513205529825740e+00
-1.745718742817333524e+00
-1.155849033678696847e+00
1.442711788169233955e+00
5.437721884767644509e-01
-1.583695536618624944e+00
-2.346133974714986747e-01
2.992935209649301598e+00
-3.204857360193352989e+00
1.286897557887765053e-01
3.138912568214573096e+00
-3.191892628504181317e+00
2.710471715408397930e-01
2.093585519949235696e+00
-1.313657812138605774e+00
-1.245421407026631844e+00
2.065685332126395046e+00
1.424409865367639583e-01
-2.817374507466406719e+00
2.652016372932588517e+00
3.511224933368323198e-01
-2.814171343516881141e+00
2.011242922285228829e+00
8.766604479760902180e-01
-2.221662271912335562e+00
3.620837845754902862e-01
2.372630340080725375e+00
-2.482259513758676039e+00
-4.431086222461851909e-01
3.172469963793396630e+00
-2.663077253087194673e+00
-3.482568062249726815e-01
2.307316853021889269e+00
-1.157442386721263539e+00
-1.238802300633155218e+00
1.495770574476787962e+00
1.023375531120443993e+00
-3.293982555594628714e+00
2.242263078036997204e+00
1.458099817395125841e+00
-4.013861808608709225e+00
2.861924628876408860e+00
4.395431825537297055e-01
-2.194437836188941393e+00
9.754121600399989767e-01
8.723820831696451616e-01
-3.798717388538723760e-01
-2.168594505605843548e+00
3.434070456293827789e+00
-1.122614917496526976e+00
-2.986301828908267897e+00
4.832135440881156541e+00
-2.645845085082883408e+00
-1.103789900080041297e+00
2.665322089715293608e+00
-1.283787806217954408e+00
-2.900938500032523848e-01
-4.683806112329649274e-01
2.554799574417204955e+00
-2.659200495748690773e+00
-5.591524041117219568e-01
4.413570532148299641e+00
-4.997785444201834792e+00
1.625152875213714987e+00
2.364451234137039837e+00
-3.391803264140503593e+00
1.522763442565851388e+00
9.095526340781345809e-02
6.397599374674323158e-01
-2.152671946141116344e+00
1.365441955675578356e+00
2.139418798307910485e+00
-5.109123020242566149e+00
4.196326937594978546e+00
7.981691602428164778e-02
-3.749455384875854058e+00
3.759197704054960010e+00
-1.163880886242381285e+00
-5.365502113841262855e-01
-2.398376982470951102e-01
1.421554642847824068e+00
-2.088916965304252749e-01
-3.037678971418513285e+00
4.837775438841280362e+00
-2.654270180877461804e+00
-1.890266432430473431e+00
4.597161007992728088e+00
-3.301170681009743646e+00
9.833028157434231531e-02
1.364999952605008726e+00
-2.024994224788422281e-01
-9.757989801814783704e-01
-3.363649160187485165e-01
3.126889431377398054e+00
-3.905898221480067711e+00
1.000037973431854299e+00
3.135407755686237863e+00
-4.499061027722604855e+00
2.038097845267328623e+00
1.264872636668754824e+00
-1.970923694432722639e+00
1.201545919889881742e-01
1.148978058749399622e+00
2.890559894533220042e-01
-2.792030911156099915e+00
2.941731923448726249e+00
1.454834691153100712e-01
-3.483677607774653406e+00
3.575421659166615029e+00
-4.850199218562381009e-01
-2.259842319342754813e+00
1.827574524637110898e+00
6.797647935258301910e-01
-1.756644676449883757e+00
-1.273890386947897913e-01
2.638374712275243006e+00
-2.461735055373497794e+00
-5.685139293552905482e-01
3.143901637523448755e+00
-2.394491570465212327e+00
-6.777592103800398338e-01
2.405747975996925803e+00
-8.604066395160224756e-01
-1.861393371231307770e+00
2.221436094080657675e+00
4.356725237287399910e-01
-3.051731704752014274e+00
2.521329610598244564e+00
5.788949429632268551e-01
-2.699601071405058228e+00
1.590570314347681258e+00
1.046553831429643200e+00
-1.726799918757578878e+00
-4.856424344441064855e-01
2.771244949660691237e+00
-1.974770263155753547e+00
-1.475338492767478860e+00
3.914554583559740397e+00
-2.689925303297698633e+00
-7.651978134155092981e-01
2.691601752587732044e+00
-1.442881458142301510e+00
-7.464810678419704359e-01
7.308762179799241920e-01
1.532572471788550272e+00
-2.871280551291207406e+00
8.587670101162852010e-01
2.976987920215464101e+00
-4.674310697873460541e+00
2.366683615576756772e+00
1.558661446691254060e+00
-3.236812418070098119e+00
1.703776353293415147e+00
3.221535495161507168e-01
-6.169836149665997027e-02
-1.813880674836681361e+00
2.097316573369474302e+00
7.485394267150631276e-01
-4.298187822702965732e+00
4.717949910279974013e+00
-1.218785443065794061e+00
-2.907616528586100646e+00
3.945749566762790206e+00
-1.793044422536991700e+00
-3.434952171397163134e-01
6.353207550356659850e-02
1.373100640385221283e+00
-8.972166022305809729e-01
-2.171736727354769858e+00
4.840228075426017185e+00
-3.795396426325099881e+00
-5.605985592577484855e-01
4.287933182346670868e+00
-4.195516446387180132e+00
1.223144694783564246e+00
9.989317041590113355e-01
-5.571445702216369922e-01
-7.126118251956521377e-01
-7.686365557560503881e-02
2.877558483463722006e+00
-4.438850762089141533e+00
2.200839605870079652e+00
2.353698173723160814e+00
-5.043722926310254095e+00
3.570083969891312048e+00
3.872921008118668240e-02
-1.956559442622286760e+00
9.801281523732678913e-01
4.294358176667004701e-01
4.104276262657591268e-01
-2.814675871299499477e+00
3.461635927348285513e+00
-5.866991333676542242e-01
-3.510988883418100670e+00
4.825101833158512932e+00
-2.164272590509298766e+00
-1.522409271086512028e+00
2.589244757438693867e+00
-7.938593437683822973e-01
-7.898124823987844323e-01
-1.991722330298117960e-01
2.421769642229977926e+00
-2.546127063761618015e+00
-4.626940796544549706e-01
3.767202295997568395e+00
-3.822685156890556435e+00
5.412077936990276061e-01
2.555099937327926618e+00
-2.408944025941052391e+00
-1.241924115392956107e-01
1.536194228594452538e+00
-3.461031662223490457e-02
-2.300045787796347163e+00
2.159437566552172783e+00
8.058000637386022458e-01
-3.396200914229850820e+00
2.637824244452238620e+00
6.289675278632709254e-01
-2.705173350925873521e+00
1.411257322124394697e+00
1.374129732295207962e+00
-2.060152238031558447e+00
-2.767696669819050825e-01
2.777039077358324448e+00
-2.282408869985872890e+00
-8.108404976672151099e-01
2.999793793877922443e+00
-1.877625948258850208e+00
-1.002340579953118649e+00
2.065348599128635332e+00
-9.256816955439378658e-02
-2.287952424927497397e+00
1.822696067851798940e+00
1.331070293179553499e+00
-3.663138678433838002e+00
2.435300459599658573e+00
1.070730215575345090e+00
-3.077001063234174438e+00
1.752612010651367402e+00
7.702447209430691721e-01
-1.181282140932529812e+00
-8.730736765577438163e-01
2.371131745142671221e+00
-7.329704483024468420e-01
-2.793808269556406376e+00
4.369488242584469440e+00
-2.026707680873689466e+00
-1.963830756225380725e+00
3.670885670617407115e+00
-1.952670507895508001e+00
-5.020073037879342337e-01
6.750258795127420663e-01
1.076462527943949476e+00
-1.629071028391218867e+00
-7.754959918404237262e-01
4.002248977366815730e+00
-4.307080061856325415e+00
7.847416358637555600e-01
3.364388857750599815e+00
-4.336317642251128035e+00
1.885263810507193494e+00
7.311109004798290734e-01
-8.222120734401590081e-01
-6.323544356101145070e-01
5.549678672800884005e-01
2.024228128283247052e+00
-4.397105928124513952e+00
3.293105688691631450e+00
1.027399047000757459e+00
-4.703467758071150584e+00
4.450907674622412102e+00
-1.110518200534635458e+00
-1.570651257563940195e+00
1.373234847027944738e+00
7.859084000927141211e-02
2.119204861347045998e-01
-2.533921234588217164e+00
3.886680289034531111e+00
-1.685202292897160170e+00
-2.761331568611921305e+00
5.339939257039377551e+00
-3.654925825553186236e+00
-3.277023163902410552e-01
2.623513841032267813e+00
-1.740543667673365658e+00
1.385611563536404134e-02
-3.223549604116302536e-01
2.329257339061820087e+00
-2.894427769396618721e+00
1.509009773762473861e-01
3.797579374447652256e+00
-4.987578475285872059e+00
2.116905927123308828e+00
1.904143418900781759e+00
-3.249656681688682269e+00
1.422097266299750862e+00
5.496498075489004709e-01
-5.218186933230017921e-02
-1.896405648358823193e+00
2.058336481113363536e+00
7.699907034754758239e-01
-3.940947263070758932e+00
3.905338334898790009e+00
-4.411314829538719451e-01
-2.947986849308257273e+00
3.006917767523762830e+00
-3.683967929930883622e-01
-1.441190818891841197e+00
3.522494969051672697e-01
1.824093826608653934e+00
-1.789564074198456867e+00
-1.010329676125593990e+00
3.527086046743217906e+00
-2.720294405342067456e+00
-7.208421054101024072e-01
3.082722905581017692e+00
-1.962023681905697980e+00
-9.608308589740641725e-01
2.028765014904391428e+00
-3.447160964920947812e-02
-2.376693926596497697e+00
1.994148899202508929e+00
9.921925568161763520e-01
-3.168577301792128154e+00
2.004888465563246847e+00
1.089162977352168937e+00
-2.468820045877625713e+00
6.573276980371027811e-01
1.890864185904487682e+00
-1.809750165463766658e+00
-1.032230643809027182e+00
3.294380281826044587e+00
-2.149038896456295866e+00
-1.305361769729778132e+00
3.316479043370045954e+00
-1.898610307536782615e+00
-9.188181833026853873e-01
1.683201783316824018e+00
2.448215715161077277e-01
-1.976334680486885986e+00
7.614320477216518501e-01
2.452120002596978043e+00
-3.959041544620560682e+00
1.679608166963166394e+00
2.270640926327021525e+00
-3.939819310409653053e+00
2.033295106479590331e+00
7.965055291555204198e-01
-1.318889014928513514e+00
-3.968008010824326526e-01
1.291505490012064605e+00
6.327112487383048656e-01
-3.550189440817455022e+00
3.812808166305278856e+00
-3.781151514045349993e-01
-3.690097016479911396e+00
4.544010695917052089e+00
-1.812093529100860190e+00
-1.212555496831628110e+00
1.580168012529897581e+00
-1.793431729992289725e-02
-3.679868571717661574e-01
-1.699708748327805274e+00
3.813193888691928990e+00
-2.741969888715136250e+00
-1.425944106598652450e+00
4.957683000054950995e+00
-4.515661654272593140e+00
8.487125862163551471e-01
2.203681927491624837e+00
-2.151300304140095765e+00
4.340510566813835513e-01
-1.764964516771474479e-01
2.020022705865374135e+00
-3.222472564422765640e+00
1.162436702728650406e+00
3.062299146048718335e+00
-5.455673425744375749e+00
3.556367729127496435e+00
7.368464973770270099e-01
-3.313332199459155802e+00
2.428300920311654121e+00
-3.149109955683999651e-01
6.260412584539487568e-02
-1.693432286304675127e+00
2.251104963545970783e+00
2.523086310105363550e-01
-3.949836625632898723e+00
4.965508027296718474e+00
-1.906449129201591486e+00
-2.371206486734725338e+00
3.897645759371110685e+00
-1.953312652408886629e+00
-4.593046677492578223e-01
4.647597943661967435e-01
1.246548046139460464e+00
-1.528496115877063577e+00
-1.014404411754159296e+00
3.966181093216678555e+00
-3.811354508592760482e+00
2.036564770890882947e-01
3.394540432436484956e+00
-3.566965729276596608e+00
7.515250147595069485e-01
1.494101854330230683e+00
-8.166304958784973422e-01
-1.247162112457206318e+00
1.403834508728155850e+00
1.132283080057143065e+00
-3.504563884826637832e+00
2.638066405546379389e+00
9.274397582564528619e-01
-3.490775780425164676e+00
2.459209007269465452e+00
6.625767208567210353e-01
-2.141870892062408771e+00
4.815305746005431597e-01
1.892229163222996835e+00
-1.709010559128829598e+00
-1.076599112556102966e+00
3.180500253244709086e+00
-1.976163471330556698e+00
-1.274694940941922372e+00
2.886578503089814340e+00
-1.156602437641671477e+00
-1.615543107346494756e+00
1.942839875370736102e+00
6.025958158269532072e-01
-2.854301242641964720e+00
1.884003294446789489e+00
1.426478332023623397e+00
-3.391348548701244692e+00
1.892465431352313709e+00
1.153527242448679102e+00
-2.183279247156785896e+00
3.021456746051045528e-01
1.716309726934710067e+00
-9.428544210909872714e-01
-1.983182903322306512e+00
3.493314567632447964e+00
-1.378069452127632211e+00
-2.441110329681271729e+00
4.032653797887503444e+00
-1.965695797303834702e+00
-1.160577444619888876e+00
1.937912194844660707e+00
-1.783199534442005962e-01
-1.106529126961174336e+00
-3.306546833903095672e-01
2.980945754764793953e+00
-3.289108336608483008e+00
5.001344000566754211e-02
3.853067454681810666e+00
-4.566968663789850780e+00
1.602552609629107394e+00
1.736989522058614011e+00
-2.281630241533081360e+00
5.362843961101069201e-01
3.489741656205225251e-01
1.218511827510121437e+00
-3.134517567668483995e+00
2.197914458831453643e+00
1.708907044183386459e+00
-5.027182015016411931e+00
4.398030318379066550e+00
-4.753454684723099621e-01
-2.843120191935799568e+00
