0.000000000000000000e+00
1.263936575169429233e+01
-9.562603627612968893e+00
-2.323334406491111448e+00
5.588690115408454950e+00
1.657350315169707766e+00
-6.717361549138560761e+00
5.050096472917035229e+00
-5.337709448053602479e+00
1.059347519478767552e+01
-1.082273792312370375e+01
1.557026984769787958e+00
4.420454377894660780e+00
4.437675982594159407e+00
-1.819365082651837895e+01
1.818524491506585505e+01
-4.789947319917212454e+00
-3.332184639138980664e+00
-2.861366700819976572e+00
1.162439597569468930e+01
-1.123651325634135034e+01
6.875891897084028592e+00
-7.660190854879092015e+00
9.366253469476523819e+00
-3.592273487375716279e+00
-3.841022192071623209e+00
-7.750680996067149664e-02
1.250475500111123850e+01
-1.546114946560369852e+01
2.663598288302490236e+00
9.664471737850384159e+00
-6.388633590333885337e+00
-4.997513448793458046e+00
7.697259972938543804e+00
-7.701529420057254827e-01
-3.472352650110700267e+00
1.786550872985109617e+00
-3.077840190046568836e+00
9.128116738846868472e+00
-9.124281340503447524e+00
-6.566943647261789252e-01
6.428306733316680344e+00
3.094640890378191678e+00
-1.712177238827975145e+01
1.707864387807993367e+01
-4.095552603755705512e+00
-3.259584199466589283e+00
-3.123196027252570950e+00
1.136423912818805348e+01
-1.086060182922125961e+01
7.460835557826107411e+00
-9.351415601591959614e+00
1.112694729002372895e+01
-4.721777957096589873e+00
-2.788037212343539295e+00
-1.849242369048170076e+00
1.484171612245899041e+01
-1.774588928367587215e+01
4.935879460891429815e+00
6.934934519465273617e+00
-3.384794427108672288e+00
-7.547050483565620027e+00
9.777220685512524767e+00
-3.308429081344658407e+00
-4.724826804109127920e-03
-1.772135086924357061e+00
-4.314701850474751410e-01
7.150748261045079879e+00
-6.816663691023045146e+00
-3.516518533394676904e+00
9.123162788174280280e+00
9.586795094045434951e-01
-1.513375925381066978e+01
1.500485665761783594e+01
-2.448556337306774466e+00
-4.148921424110188383e+00
-2.358025174876058561e+00
1.002333445806190326e+01
-9.411020443992281770e+00
6.997384117566557649e+00
-9.988248903793515154e+00
1.182966604909062269e+01
-4.846377563336428551e+00
-2.660291880710500934e+00
-2.728510193410934370e+00
1.628112283569824115e+01
-1.917835420677432978e+01
6.480946325884951342e+00
4.807567033346036744e+00
-9.251671417933335917e-01
-9.587925721956523262e+00
1.143871212412156169e+01
-5.560811010928199849e+00
3.282967775872922545e+00
-5.224879261502289651e+00
2.209983967671847349e+00
5.041098572363360120e+00
-4.269398002364757971e+00
-6.665877943332840339e+00
1.216857219326698569e+01
-1.658510830555218529e+00
-1.251670758842320019e+01
1.222550189257050945e+01
-7.984315022225318970e-02
-5.804494741250644019e+00
-7.275121118129179720e-01
7.731699728430319496e+00
-6.983162997395838900e+00
5.540272314355117800e+00
-9.583732311557618289e+00
1.145058142832722226e+01
-3.908332257385826125e+00
-3.552216032446955829e+00
-2.581485780423860454e+00
1.665263284569576996e+01
-1.955652114691946508e+01
7.065918510841123101e+00
3.547251791673705412e+00
6.965343573641344932e-01
-1.080430226442407005e+01
1.234697483044637245e+01
-7.171967439477931805e+00
6.015561033246624945e+00
-8.183994623472710117e+00
4.454229811933548611e+00
3.194265827167090066e+00
-1.881595229488535637e+00
-9.704949221796962178e+00
1.517152564850647778e+01
-4.375528352820534650e+00
-9.640044379393662766e+00
9.096090108989628220e+00
2.675352765536504140e+00
-7.916546634832278606e+00
1.483655487601130307e+00
4.750170123561259672e+00
-3.809561491070804884e+00
3.286450113162650233e+00
-8.297167716173188268e+00
1.011487980801218178e+01
-2.000042863182579289e+00
-5.408447129201184644e+00
-1.422712053740096572e+00
1.593173801804789136e+01
-1.882013497297862159e+01
6.593987409294848945e+00
3.289671501524285446e+00
1.308106223084688047e+00
-1.099314723026273377e+01
1.227004056686176625e+01
-7.878253255474802152e+00
7.897847390752889218e+00
-1.032947593784710882e+01
5.963591744755611046e+00
1.964512542567546483e+00
-2.553302352973396694e-02
-1.224679814503448050e+01
1.773778236374735684e+01
-6.795269291360811259e+00
-6.903321405195147697e+00
6.016079048843700150e+00
5.424660343349569480e+00
-1.010530231083178521e+01
3.908240716938358617e+00
1.433822867326248529e+00
-2.275568684853948864e-01
5.473187600054224555e-01
-6.411171790744029764e+00
8.078818420335963424e+00
6.487392566621603684e-01
-8.031332073238685254e+00
5.870296453143062365e-01
1.424301520388158693e+01
-1.705929207420498628e+01
5.118262644445813692e+00
4.022306185901419973e+00
8.828370805444727409e-01
-1.009295367175651670e+01
1.111193082983536584e+01
-7.545107346449671404e+00
8.755845648209195531e+00
-1.145374695161418188e+01
6.502809074256949096e+00
1.614839314697280592e+00
1.005964493203075349e+00
-1.397171422753333303e+01
1.952740445371717470e+01
-8.561154511069736017e+00
-4.679787502950528477e+00
3.372749718030171984e+00
7.773863982187622312e+00
-1.197491621693497876e+01
6.148585506127941080e+00
-1.817879190534219092e+00
3.367822588869553435e+00
-2.295202965353817959e+00
-4.291328505259889958e+00
5.693305230547808904e+00
3.703083925698270384e+00
-1.110853903514767183e+01
1.425379536417369586e+00
1.391343710890856844e+00
1.214629634555713933e+00
9.482509790896180846e-01
6.508177549272602391e-01
3.800652094703735884e-01
1.866704884342915705e-01
1.089468394685009223e-01
1.689138253575883653e-01
3.701052306137011527e-01
6.973070457502092978e-01
1.118231968370938523e+00
1.586951594034039292e+00
2.048740072309642279e+00
2.445848956275535890e+00
2.723644636741482383e+00
2.836505237387521472e+00
2.752896280255189954e+00
2.459121673589311552e+00
1.961371422190272051e+00
1.285848309647466881e+00
4.769377127547385076e-01
-4.064292219963400177e-01
-1.295895897255959550e+00
-2.119817318700657260e+00
-2.809846277615063670e+00
-3.307352554085038587e+00
-3.569067656266436739e+00
-3.571412897710406043e+00
-3.313084884907869565e+00
-2.815629347320174336e+00
-2.121917517974551082e+00
-1.292632290716623888e+00
-4.010564803545015877e-01
4.733843451582786521e-01
1.252251668315078836e+00
1.865254488468764515e+00
2.256787175155825054e+00
2.391239521810669011e+00
2.256577425503883738e+00
1.865842823794921390e+00
1.256405112421862258e+00
4.869969376151188634e-01
-3.672329513141430191e-01
-1.221236179635282193e+00
-1.987591293254754810e+00
-2.584384063867291914e+00
-2.942745852632442816e+00
-3.013376534441608801e+00
-2.771460730988814625e+00
-2.219521468980467649e+00
-1.387932176268805051e+00
-3.330107160165818314e-01
8.671698778164347310e-01
2.118918771825353708e+00
3.320505274989978162e+00
4.370540959750395693e+00
5.176455700767630397e+00
5.662345139595539756e+00
5.775517711613007421e+00
5.491178525499327279e+00
4.814845563155738972e+00
3.782287039790861449e+00
2.456980400537948750e+00
9.253048056012687095e-01
-7.101284073830298471e-01
-2.338445688774621889e+00
-3.849112117941891675e+00
-5.140444004607957140e+00
-6.127327028620870308e+00
-6.747507580434633390e+00
-6.965952994942044008e+00
-6.776946952443928751e+00
-6.203784157145889822e+00
-5.296135878276382769e+00
-4.125356693219663917e+00
-2.778175347793060634e+00
-1.349344042712131486e+00
6.610055247569146530e-02
1.380291119277469170e+00
2.519064757739283955e+00
3.427041304364875529e+00
4.070849002023707364e+00
4.440276892647554874e+00
4.547325520905230789e+00
4.423319080922075486e+00
4.114415592082108830e+00
3.675991422164089695e+00
3.166470050411714254e+00
2.641204254935758389e+00
2.147002824588263969e+00
1.717819632207539193e+00
1.372001728202666193e+00
1.111335667385249693e+00
9.219525133813937234e-01
7.769687361553319072e-01
6.405697530234502057e-01
4.731011615040909835e-01
2.366330763053601238e-01
-9.958520533579129363e-02
-5.543551295235316090e-01
-1.130955037300894528e+00
-1.815161238896109808e+00
-2.575110530056134550e+00
-3.363073351956487489e+00
-4.119020834559161237e+00
-4.775691740816806252e+00
-5.264713518276963100e+00
-5.523219691883062943e+00
-5.500344542485442467e+00
-5.162971661532100853e+00
-4.500166615048276419e+00
-3.525831334421224650e+00
-2.279269764418978106e+00
-8.235373790500610802e-01
7.583548949300393804e-01
2.369116839521263174e+00
3.904295375626086084e+00
5.260253774779182656e+00
6.342347940868098277e+00
7.072603732904294560e+00
7.396230216289571224e+00
7.286393743742813456e+00
6.746819440919370692e+00
5.811967906823094054e+00
4.544740035000555345e+00
3.031873903387399594e+00
1.377396129357330690e+00
-3.053415706646114280e-01
-1.902386563313185341e+00
-3.307948878862954523e+00
-4.432477664156394326e+00
-5.209381521357066447e+00
-5.599839092971969912e+00
-5.595309390300742258e+00
-5.217548052356520749e+00
-4.516148769894043014e+00
-3.563839884391354129e+00
-2.449956261865011697e+00
-1.272659383083864171e+00
-1.305809379770286327e-01
8.853916983165968091e-01
1.699489403595977333e+00
2.256976345223321800e+00
2.528121497338159163e+00
2.509916938016945043e+00
2.225433678208993626e+00
1.720913891913486093e+00
1.060895743620197562e+00
3.218361496558272972e-01
-4.151770210999081723e-01
-1.071959472421716297e+00
-1.580335403334280908e+00
-1.888184451371974104e+00
-1.963905873100662891e+00
-1.798924652463912643e+00
-1.408045765999937249e+00
-8.276598284222895785e-01
-1.119979011347863040e-01
6.721921846948094581e-01
1.452036694689254892e+00
2.155391743494598611e+00
2.717526445923243550e+00
3.087019395656952270e+00
3.230333841948631157e+00
3.134664742821141381e+00
2.808815016860779501e+00
2.282043505690115381e+00
1.601016253231850817e+00
8.251682805472800863e-01
2.092896995509696545e-02
-7.446328686674936748e-01
-1.410137539354520797e+00
-1.925596091565851431e+00
-2.256946810018471083e+00
-2.389000806413532185e+00
-2.326523095239020122e+00
-2.093353158732250918e+00
-1.729655583812737873e+00
-1.287569523733641086e+00
-8.256788976500805122e-01
-4.028390771477730059e-01
-7.195960937029610704e-02
1.256498242038488478e-01
1.648124656446570135e-01
3.944104210390086962e-02
-2.363918681925896159e-01
-6.294032352425693588e-01
-1.090011989256556291e+00
-1.556970695041139940e+00
-1.963306381737530470e+00
-2.243030237040495312e+00
-2.337994185534725045e+00
-2.204247147054941180e+00
-1.817277885858236575e+00
-1.175622300468756265e+00
-3.024530643606584412e-01
7.550535128461151047e-01
1.928580335108267763e+00
3.133567274953005466e+00
3.163506197009326115e+00
1.184235808201531626e+01
-1.450183544638439415e+01
2.834454520327412741e+00
5.586378232766952223e+00
-4.570530856075984971e-01
-8.192509579286483046e+00
8.926675715532010003e+00
-6.186218747900757542e+00
8.560951212695609769e+00
-1.149055462079905254e+01
5.972392632474095464e+00
2.279456173443359823e+00
1.040909340517551129e+00
-1.467206810124805472e+01
2.030266085624418082e+01
-9.407643465184502674e+00
-3.263703456374073220e+00
1.486822739043578423e+00
9.382472661619253529e+00
-1.316971112927524956e+01
7.833027613468207306e+00
-4.617189639071450635e+00
6.579127111739243361e+00
-4.842581752469534706e+00
-2.334136345951570490e+00
3.354143691558580276e+00
6.769896220107122886e+00
-1.425688364088683180e+01
5.939260141983021768e+00
9.080698912597844341e+00
-1.148133958128920895e+01
5.342393565458070093e-02
7.699470169460532532e+00
-2.458001108136962820e+00
-5.518476205354585495e+00
5.911172375469482709e+00
-3.961755219674990336e+00
7.433560277366920488e+00
-1.052393421261218975e+01
4.422831249099480999e+00
3.944450137897424824e+00
5.245422011673284146e-02
-1.428136235203181315e+01
1.996154012503080111e+01
-9.197904884740315978e+00
-2.828835466176104596e+00
5.674888797149089115e-01
1.001172379675166013e+01
-1.342477084055738956e+01
8.668642599066789245e+00
-6.642509474121289337e+00
9.062097890538487022e+00
-6.735934359185509201e+00
-9.105988809079912372e-01
1.445965436069519328e+00
9.453139089759345026e+00
-1.707618531977776044e+01
8.515599498151750879e+00
6.354341399541462820e+00
-8.390202743480834613e+00
-2.842527328460187519e+00
9.995622174216627798e+00
-4.771231751969359891e+00
-2.403528549306988449e+00
2.377888713757459804e+00
-1.155903456801524065e+00
5.625658378008544958e+00
-8.775981714620344931e+00
2.047642055369214287e+00
6.449379335827044812e+00
-1.837311046974832607e+00
-1.288337728118549030e+01
1.855214237004346600e+01
-7.943326197768995733e+00
-3.403985331798685898e+00
6.831988759812253065e-01
9.558247418090386915e+00
-1.260374427444142853e+01
8.482865561386093489e+00
-7.683466176249999613e+00
1.057377952176618052e+01
-7.706712736298544364e+00
-3.134221683844806705e-01
2.877646887219578176e-01
1.140947225653098585e+01
-1.920555386855631497e+01
1.051901137128314190e+01
4.048915378242946339e+00
-5.624465939843899420e+00
-5.453458193304687285e+00
1.207724919518185303e+01
-7.002330580912040858e+00
7.604459274463590823e-01
-1.288737529848353880e+00
1.863109916676443101e+00
3.484832678883325041e+00
-6.575160902023010401e+00
-8.437556235627080570e-01
9.509570493629944110e+00
-4.374606687903060731e+00
-1.070012229607105425e+01
1.626591906792211617e+01
-5.802106840678563415e+00
-4.869010854796225196e+00
1.752333407137203203e+00
8.068639980592813288e+00
-1.071852365741246160e+01
7.248116927224286243e+00
-7.670280078276483060e+00
1.100634432097594484e+01
-7.614655957478181136e+00
-7.152734238126647881e-01
8.772198862484348325e-02
1.239645637248733401e+01
-2.037416314931176231e+01
1.165403634550906276e+01
2.484864104616665514e+00
-3.528145401893790556e+00
-7.418089619217708375e+00
1.357154924980150668e+01
-8.767260293647643365e+00
3.577485607122091515e+00
-4.686053050953443488e+00
4.694874753403256662e+00
1.404789129937805470e+00
-4.309619536945445084e+00
-3.869515511757699588e+00
1.275597453774414802e+01
-7.209819151573128693e+00
-8.060294825335272861e+00
1.341071459817526446e+01
-3.057132599922427918e+00
-6.971897945549246245e+00
3.555068236471345067e+00
5.732891308902378746e+00
-7.928017481682143597e+00
5.085955367033385244e+00
-6.683274899398349511e+00
1.040185686452766944e+01
-6.467652222389015826e+00
-2.143994195195446650e+00
9.136936343171750963e-01
1.230652072088198778e+01
-2.043934674024976061e+01
1.174514007356513190e+01
1.872158492355276316e+00
-2.344933932976331903e+00
-8.464660709252182613e+00
1.418344047881303993e+01
-9.746912858221211451e+00
5.703248770580998439e+00
-7.449512373142100685e+00
6.963212953567135877e+00
-2.306397064659986285e-01
-2.372104786977278224e+00
-6.629054121435683733e+00
1.578695687898182598e+01
-9.946905197275919264e+00
-5.352699641430463728e+00
1.036741387394544667e+01
-7.625228324340427299e-02
-9.364474642003669302e+00
5.764758100495732229e+00
2.857592627614087277e+00
-4.516189354910034481e+00
2.250170410508483432e+00
-4.941191750758120449e+00
8.945897049297563797e+00
-4.420707211493716038e+00
-4.478268378843586639e+00
2.683532151764781659e+00
1.118190199115124983e+01
-1.940663950987242714e+01
1.076167129589070726e+01
2.280630273987940271e+00
-2.184086350337421045e+00
-8.449163035470895977e+00
1.373755430897063512e+01
-9.732496440815921801e+00
6.893403810203547089e+00
-9.303623542492175602e+00
8.369191402592544904e+00
-1.102091652410877032e+00
-1.104253468656587245e+00
-8.759378786422173491e+00
1.822471443348489828e+01
-1.219937061352001351e+01
-2.971203997059721047e+00
7.536314023866187206e+00
2.739438333579827578e+00
-1.165172608162619738e+01
7.994408110222748221e+00
-1.772929005909797961e-01
-8.524600573767133760e-01
-9.088002468343119311e-01
-2.769957555742012190e+00
6.940943677604007434e+00
-1.754163786553201820e+00
-7.464358461778216380e+00
2.606705690959900235e+00
3.737061301099747546e+00
4.547519689853088742e+00
5.012387504538974525e+00
5.133762848541931767e+00
4.939750984623961116e+00
4.480566608742680756e+00
3.822924815019828060e+00
3.043264250304237528e+00
2.220436914379193993e+00
1.428532056776230075e+00
7.304743643058682068e-01
1.729522636856732909e-01
-2.169010666898838480e-01
-4.328208809238229815e-01
-4.886551492269430863e-01
-4.156698388228914354e-01
-2.582234378617014880e-01
-6.826648857354933320e-02
1.007746678809766649e-01
2.001205220524480133e-01
1.911652175193676584e-01
4.986896485135394741e-02
-2.304088562676716023e-01
-6.379078451681547968e-01
-1.143390088458981158e+00
-1.702897103039135551e+00
-2.262071415207458358e+00
-2.761622752617890697e+00
-3.143407341872932914e+00
-3.356527466492143841e+00
-3.362853012083204973e+00
-3.141417801585164149e+00
-2.691246470242476985e+00
-2.032313008838558144e+00
-1.204506531926855750e+00
-2.646672014615332191e-01
7.180617963807415238e-01
1.668158772152750657e+00
2.510392074416385011e+00
3.176623480995174997e+00
3.612116337810337363e+00
3.780755514003989237e+00
3.668678541198730603e+00
3.285956689218748394e+00
2.666138801925030499e+00
1.863663831372902369e+00
9.493426869642984656e-01
4.288524784822195235e-03
-8.871794375168844393e-01
-1.645033613084952773e+00
-2.200767915714359368e+00
-2.503706111461827533e+00
-2.525809670599329149e+00
-2.264533680078273825e+00
-1.743448693632323465e+00
-1.010542611327309270e+00
-1.343224103974900441e-01
8.019675414094815658e-01
1.707523417568324486e+00
2.491940337846454412e+00
3.073260431075441890e+00
3.385405243221380811e+00
3.384334856931316970e+00
3.052382044751679846e+00
2.400364919022516919e+00
1.467272376532931411e+00
3.175264683087126727e-01
-9.639637694707680060e-01
-2.278550023174348294e+00
-3.521829384658585305e+00
-4.592192680381727676e+00
-5.399212746160628740e+00
-5.871161413884555813e+00
-5.961018179225719749e+00
-5.650462909587812277e+00
-4.951518120589639693e+00
-3.905708046763558539e+00
-2.580814224900848330e+00
-1.065511959830229394e+00
5.376490317135185215e-01
2.120318848584646254e+00
3.576791002922955265e+00
4.812105522772633925e+00
5.749139236324481317e+00
6.334106588790402448e+00
6.540039243444923045e+00
6.367993625425563131e+00
5.845936149418915484e+00
5.025458164301262798e+00
3.976658665290408567e+00
2.781686177767911161e+00
1.527538573808506772e+00
2.987718472775831025e-01
-8.292380176095570654e-01
-1.795900691439197061e+00
-2.559421335045409585e+00
-3.098907576537909492e+00
-3.414448375147885351e+00
-3.525229933726488518e+00
-3.465935302520295913e+00
-3.281830244789165185e+00
-3.023054146449255519e+00
-2.738700821158158938e+00
-2.471284240043593261e+00
-2.252137939748776851e+00
-2.098198794515376164e+00
-2.010485419253318806e+00
-1.974412044848631087e+00
-1.961896285958931951e+00
-1.935041006870924285e+00
-1.851013288190065609e+00
-1.667622165973045689e+00
-1.349022897494886575e+00
-8.709561597005535116e-01
-2.249679084701692311e-01
5.788535405199413120e-01
1.510950449997642941e+00
2.523336691624018524e+00
3.552578331767113795e+00
4.524498423641860612e+00
5.360221026465361582e+00
5.983032954362825784e+00
6.325451365761726841e+00
6.335849927341254961e+00
5.984019855052387094e+00
5.265123230363951023e+00
4.201627942969134111e+00
2.842985072963198689e+00
1.263005467597775544e+00
-4.449046810357077941e-01
-2.174297450066819959e+00
-3.813510548696093849e+00
-5.254132623953819525e+00
-6.399404759622731476e+00
-7.171851258838167986e+00
-7.519489414249520109e+00
-7.420081854533144394e+00
-6.883056597785138564e+00
-5.948915249551153472e+00
-4.686161909684550153e+00
-3.185995794760113853e+00
-1.555200922178131773e+00
9.218026021553682448e-02
1.643699171110589052e+00
2.997145323875642919e+00
4.068267862455662076e+00
4.796940690305468991e+00
5.151272803235237063e+00
5.129343274819155418e+00
4.758445060931831172e+00
4.091935417797349928e+00
3.203994553498274556e+00
2.182770362601503145e+00
1.122520428825021455e+00
1.154414692760710182e-01
-7.561055642297707102e-01
-1.426310592729925553e+00
-1.851007465652294126e+00
-2.010732934262430049e+00
-1.911524426737170490e+00
-1.583432427406861187e+00
-1.076926008077559338e+00
-4.575545839195321318e-01
2.006210317023251477e-01
8.222128243851405394e-01
1.337643578953936707e+00
1.689591236292296017e+00
1.838164371400567987e+00
1.764356952718369342e+00
1.471493525974719940e+00
9.845634387717840941e-01
3.475374667641050186e-01
-3.810555506850233365e-01
-1.133857416024827591e+00
-1.841164270417821047e+00
-2.437550862920818240e+00
-2.868014059706667229e+00
-3.093064779502757933e+00
-3.092300511328907930e+00
-2.866136228501603433e+00
-2.435546218160566934e+00
-1.839856838085681012e+00
-1.132813106356880706e+00
-3.773034066860091462e-01
3.607484476187940992e-01
1.018737525554250567e+00
1.543370202821619852e+00
1.895721468363983364e+00
2.054872688843635054e+00
2.019779762651912058e+00
1.809189063282540477e+00
1.459603639641459116e+00
1.021487639440299411e+00
5.540656000646497770e-01
1.192093586104188141e-01
-2.250039320769177120e-01
-4.304425009578016770e-01
-4.641802672828423404e-01
-3.123449371734192681e-01
5.176604106328650978e+00
9.208447280944573876e+00
-1.742893697710637468e+01
8.822382548332992513e+00
3.630111557751911633e+00
-3.005302273397963297e+00
-7.375557935459674752e+00
1.220335651307075508e+01
-8.655349677897682170e+00
7.037886945337274547e+00
-1.010032827599280481e+01
8.733250595958748974e+00
-1.000169128115439676e+00
-7.481208283273321769e-01
-9.986105483022253537e+00
1.976835831210919991e+01
-1.364492226402274078e+01
-1.258998482008507835e+00
5.280788217828175313e+00
5.012007734668387116e+00
-1.344774975492687474e+01
9.851672018507702688e+00
-2.971995922875298568e+00
2.659940776221217273e+00
-3.993107937967376841e+00
-5.563174536740289611e-01
4.763276978902302616e+00
1.165753713569033012e+00
-1.075154985133391783e+01
8.064879764961888853e+00
6.689157439976235686e+00
-1.478489135761556561e+01
6.178874177922258681e+00
5.701772748777916178e+00
-4.624738223111389601e+00
-5.395124268938660705e+00
9.699849072394901128e+00
-6.596973715661886395e+00
6.176193476023033924e+00
-9.839402129121243235e+00
8.020503312071348034e+00
1.445923044536536750e-01
-1.411789833577383746e+00
-1.016196742617989912e+01
2.023617156263424732e+01
-1.407107929092062548e+01
-4.600313977957046774e-01
3.876191750819466542e+00
6.439834840557439932e+00
-1.443045304927640871e+01
1.099461324136675699e+01
-5.163283032575982645e+00
5.640386261994111194e+00
-6.613436697247907503e+00
1.307122969777263499e+00
2.809484433358350408e+00
3.938502813627262178e+00
-1.394130271398865872e+01
1.095920671407137803e+01
4.001206173436969493e+00
-1.183959345207609815e+01
3.180296892897669370e+00
8.169058842147451927e+00
-6.741298825591407251e+00
-2.785029448730029777e+00
6.479187488341702661e+00
-3.777864440904306509e+00
4.491545536215902246e+00
-8.667997813386655537e+00
6.345632868978261953e+00
2.251512733816682932e+00
-3.053915566573340179e+00
-9.287380944544903372e+00
1.959107897990406499e+01
-1.340530517964299762e+01
-6.844719144756501450e-01
3.471220489763108930e+00
6.839990685248444890e+00
-1.438727245399628707e+01
1.118035684943231445e+01
-6.475623667165679720e+00
7.784067847823537889e+00
-8.443758776050183101e+00
2.477687360522478066e+00
1.440121493813790288e+00
6.185617391883702965e+00
-1.664317605141089729e+01
1.346423642240584329e+01
1.542502420718137479e+00
-8.993089446416922428e+00
2.242931071586706793e-01
1.064385794665449758e+01
-8.979494743808455581e+00
9.085121943175900050e-02
2.891523844386744369e+00
-5.267194052968886542e-01
2.284760660601832249e+00
-6.859398374298602441e+00
3.956699591582905740e+00
5.100757227062282517e+00
-5.489386774956576787e+00
-7.510167499318205486e+00
1.794573520715410098e+01
-1.172540693579379578e+01
-1.893077220476280687e+00
4.067174190027000868e+00
6.173875346550519616e+00
-1.324546081096011108e+01
1.029976406411772061e+01
-6.759960660387655196e+00
8.904506658041107414e+00
-9.267174952262696053e+00
2.711374463667553414e+00
9.284802351430272438e-01
7.603975070255662772e+00
-1.852963284474402528e+01
1.523425137510492178e+01
-3.246607208645757581e-01
-6.623998443554333093e+00
-2.298900504373641240e+00
1.273138596121634336e+01
-1.094281674547761263e+01
2.833336574499051075e+00
-6.639644805985698284e-01
2.765636185322015717e+00
-6.848951277420822770e-02
-4.773981093915162788e+00
1.200140784330725907e+00
8.363976732300386630e+00
-8.415306134161504303e+00
-5.104472514859557108e+00
1.554651376113644723e+01
-9.248732527865092479e+00
-3.902670757056522000e+00
5.518050059345211977e+00
4.552493094777023686e+00
-1.108266684029432625e+01
8.393233499277489074e+00
-6.014613006764680136e+00
8.959363145056389754e+00
-9.006370721003717605e+00
1.897678553356303865e+00
1.421697938548565077e+00
8.008420671981170358e+00
-1.938199290856276136e+01
1.602201317183504159e+01
-1.324916127457844262e+00
-5.036187839344830941e+00
-4.061301649878478415e+00
1.408604103190490164e+01
-1.227009105624346574e+01
5.064307943974688975e+00
-3.794950950213146879e+00
5.701103307825571065e+00
-2.170996770637269258e+00
-2.807903599702561426e+00
-1.528096359557973294e+00
1.165027803396619355e+01
-1.145362295924199358e+01
-2.431857743931682414e+00
1.273865726440923751e+01
-6.301689965059309451e+00
-6.411959007847683800e+00
7.551451953026813158e+00
2.220622418224821981e+00
-8.116312480229392889e+00
5.645397065819365956e+00
-4.385361269693664354e+00
8.055904783035460426e+00
-7.734390573263961954e+00
7.556813325526423597e-02
2.919695904235905637e+00
7.357731207958456920e+00
-1.912104934197625283e+01
1.571373683671410504e+01
-1.308848953062033971e+00
-4.416031927704940685e+00
-4.843242703500898472e+00
1.446034440393682274e+01
-1.268686032567815758e+01
6.480087909194045537e+00
-6.170856924481908479e+00
7.930202462019095400e+00
-3.660383699025020476e+00
-1.336756408581648792e+00
-3.838392467092889060e+00
1.456103672602882071e+01
-1.420440172342287966e+01
1.099401813103675352e-01
9.917507812021877811e+00
-3.273888602477029508e+00
-9.044043719058715070e+00
9.807362660569019397e+00
-4.778838187849629993e-01
-4.673265815503671483e+00
2.359457167496182173e+00
-2.144704221061288330e+00
6.435362485871380045e+00
-5.664210252816548774e+00
-2.571634179914908280e+00
7.999390537662117495e+00
8.270712701726358418e+00
8.065482432199354790e+00
7.394551306101174504e+00
6.300951370708539834e+00
4.856592807622880592e+00
3.156728367863000262e+00
1.312648027561217567e+00
-5.567873515274028851e-01
-2.334072087059254841e+00
-3.911708358225574944e+00
-5.199883644686305040e+00
-6.132562280148739831e+00
-6.671523287029738292e+00
-6.808058179169439228e+00
-6.562246436248139858e+00
-5.979934769391660687e+00
-5.127740753238357208e+00
-4.086564910381650151e+00
-2.944213795870459283e+00
-1.787800063001608653e+00
-6.965889103334341748e-01
2.640958638639778755e-01
1.047402979254333122e+00
1.627572033267081331e+00
2.000471394188663599e+00
2.182082226923705015e+00
2.205143852260383674e+00
2.114341406222576492e+00
1.960544782557026133e+00
1.794686752739209190e+00
1.661891180515132405e+00
1.596427766117269442e+00
1.617981444244302569e+00
1.729591027600123176e+00
1.917445667713383095e+00
2.152544874756936899e+00
2.394045373275564437e+00
2.593953062411486155e+00
2.702686234158040879e+00
2.674949346131520578e+00
2.475323204063427873e+00
2.083000585008686567e+00
1.495174074594187497e+00
7.287080833703787341e-01
-1.801118858816748158e-01
-1.177777523498502843e+00
-2.197542109087323947e+00
-3.164856557978369622e+00
-4.003779071576545334e+00
-4.643779764437689472e+00
-5.026313749156142485e+00
-5.110545849821502173e+00
-4.877677018237669415e+00
-4.333441026211125369e+00
-3.508499721716323627e+00
-2.456651847335845407e+00
-1.250967343716037572e+00
2.185163302815090747e-02
1.268417329908808844e+00
2.396320597844750822e+00
3.321849849742488203e+00
3.977087841688855541e+00
4.315755679197966543e+00
4.317276582845670063e+00
3.988683095944868029e+00
3.364177435226986645e+00
2.502359223736093874e+00
1.481339802809253037e+00
3.921494622453480794e-01
-6.690034815330463402e-01
-1.608958523981369515e+00
-2.345603964455682533e+00
-2.814958928083334921e+00
-2.976718980090586442e+00
-2.817779082810023539e+00
-2.353421934507807567e+00
-1.626061870067505355e+00
-7.016467484482713513e-01
3.359760705511992684e-01
1.392246382494445101e+00
2.370012081216240851e+00
3.177884965997168187e+00
3.738112017670507381e+00
3.993285584614706174e+00
3.911317717619338552e+00
3.488255598842948224e+00
2.748703175678840260e+00
1.743822093172376686e+00
5.470944683271945497e-01
-7.517774575807256721e-01
-2.054301075457289461e+00
-3.261307797751244131e+00
-4.281053377213741129e+00
-5.036613068439510066e+00
-5.471948631998312607e+00
-5.556146295525692835e+00
-5.285489719232570494e+00
-4.683224810220756318e+00
-3.797076546316468626e+00
-2.694773636432090669e+00
-1.458007499221408043e+00
-1.753826854851017192e-01
1.065004799731154472e+00
2.182703409662050564e+00
3.111136191205659429e+00
3.802398234718797454e+00
4.230233902624496167e+00
4.390978837425358883e+00
4.302441426418371684e+00
4.000887747514697779e+00
3.536465716369392887e+00
2.967542602832125453e+00
2.354522827617120395e+00
1.753751795662959356e+00
1.212093276172211187e+00
7.626945793076140845e-01
4.223326514344165616e-01
1.905767584122419755e-01
5.082452209501031604e-02
-2.691545291863983724e-02
-8.179204370297341042e-02
-1.568711031443000836e-01
-2.934261266673019453e-01
-5.253488900294209785e-01
-8.742612424202880206e-01
-1.345845851401051174e+00
-1.927800214473226248e+00
-2.589665029511488470e+00
-3.284599141823186130e+00
-3.952985301550957509e+00
-4.527571357033564503e+00
-4.939697105266299459e+00
-5.126042443183091990e+00
-5.035268781470676025e+00
-4.633919377283532093e+00
-3.910996589348772812e+00
-2.880740981389735555e+00
-1.583289605687966839e+00
-8.307537633167250135e-02
1.534970159177407867e+00
3.171150048624323148e+00
4.718232271126499455e+00
6.069596243468920349e+00
7.127621888190666333e+00
7.811613161182131115e+00
8.064575291019163927e+00
7.858252363864359324e+00
7.195972118760066927e+00
6.113025979634697293e+00
4.674518824544533047e+00
2.970836839144090025e+00
1.111084345075020741e+00
-7.849860174638716437e-01
-2.595896190910211843e+00
-4.207491636582178174e+00
-5.521377980021817677e+00
-6.462059024222628345e+00
-6.982200530288388052e+00
-7.065603994306386859e+00
-6.727669593901191014e+00
-6.013340498945807688e+00
-4.992733244204736742e+00
-3.754852346758695170e+00
-2.399945048831729100e+00
-1.031160420938937783e+00
2.537730798778521368e-01
1.370150084697103532e+00
2.252542747151573099e+00
2.859206401578041401e+00
3.174305255536756576e+00
3.207823327415887604e+00
2.993231455165000554e+00
2.583177698534226963e+00
2.043638446297033617e+00
1.447096130395060021e+00
8.653855672091834705e-01
3.628683091569255836e-01
-9.447956950907165918e-03
-2.183255544514568491e-01
-2.508726131514626978e-01
-1.150785710435171527e-01
1.616985043809331390e-01
5.361101447241150009e-01
9.537070593437586563e-01
1.354848808268641625e+00
1.681052094290774068e+00
1.881160789268264466e+00
1.916743122159972001e+00
1.766199097667664253e+00
1.427186721321120899e+00
9.171371442858164968e-01
2.718112967713210981e-01
-4.579630451990438500e-01
-1.211061841081355173e+00
-1.921887582729497446e+00
-2.526688142524176506e+00
-2.969766923656333546e+00
-3.208987676689485813e+00
-3.220041474986626184e+00
5.274922195854507834e+00
5.760258999127411350e+00
-1.781802883471862131e+01
1.434525453353869651e+01
-2.742299706969184570e-01
-4.806285303762957817e+00
-4.564143405386522190e+00
1.374005988808124101e+01
-1.204453654167734022e+01
6.894295645986578513e+00
-7.569023941813368239e+00
9.201119396440978093e+00
-4.260564008858652940e+00
-6.621364618013316772e-01
-5.402384176634540403e+00
1.674581904798796117e+01
-1.630220851438757634e+01
2.143351644487160090e+00
7.472700811032913393e+00
-5.633735351533655233e-01
-1.139962999768748375e+01
1.188930553318802907e+01
-3.148769710070515870e+00
-1.144088222983246528e+00
-1.085214838281685079e+00
3.467849352882158565e-01
4.438385944540867989e+00
-3.118579103054908153e+00
-5.741749910482274899e+00
8.212935732502538499e+00
3.458457712341497015e+00
-1.568435011415680513e+01
1.209708658451400431e+01
1.633541903800413309e+00
-6.100257559050116463e+00
-3.293654351997770569e+00
1.196053469373072886e+01
-1.034179798983610254e+01
6.264130320655138640e+00
-7.905646961153466989e+00
9.394982444914260711e+00
-3.821031405625199717e+00
-9.686838614036110684e-01
-5.999231139691844739e+00
1.795152185448545978e+01
-1.746765736428129401e+01
3.364463187273884159e+00
5.733198564845400469e+00
1.479319042044668464e+00
-1.311342104747107129e+01
1.342067303438820502e+01
-5.403148975600715609e+00
2.071688637013364698e+00
-4.286236488406108158e+00
2.691547934503192963e+00
2.456475645837012056e+00
-4.843890697857093919e-01
-9.056024371850066146e+00
1.137092757067570226e+01
7.944764830859027960e-01
-1.304162699466650288e+01
9.269114483585250142e+00
4.141851369781402781e+00
-8.057110400903249925e+00
-1.241599989324660314e+00
9.301954554835717204e+00
-7.725208303431402079e+00
4.696373003515735611e+00
-7.247105093732855607e+00
8.542393795533364198e+00
-2.338430351589950718e+00
-2.297647199231008130e+00
-5.546692650691920079e+00
1.805779706013540320e+01
-1.754684135204354334e+01
3.586103347891069770e+00
4.920921193445164654e+00
2.600391277246755450e+00
-1.390574042502505314e+01
1.409827046962928776e+01
-6.912506643138136120e+00
4.621534459686776231e+00
-6.874627809443970783e+00
4.511364992421891706e+00
8.762484693447820661e-01
1.841989368648960568e+00
-1.211222251482485035e+01
1.434874351814120530e+01
-1.838320716328712301e+00
-1.027615051511776478e+01
6.238429349809364588e+00
6.889252893073398276e+00
-1.033611708152482223e+01
1.271858084635918207e+00
6.064181859870994451e+00
-4.468968111553584421e+00
2.432260088772075335e+00
-5.800092976116709487e+00
6.818882627065402602e+00
4.263734391082163455e-02
-4.540710005155793816e+00
-4.112628699022634393e+00
1.709376254100371284e+01
-1.653308310892873223e+01
2.764442944796064339e+00
5.119518936590560010e+00
2.678351461147701507e+00
-1.362209612543376736e+01
1.373551609939978135e+01
-7.455166323204561962e+00
6.249242910041546750e+00
-8.566520542433114116e+00
5.500962277811460410e+00
2.440513918225839518e-02
3.510689311568613746e+00
-1.454104921701356545e+01
1.676520770435271857e+01
-4.051066840153396242e+00
-7.784275037868567004e+00
3.406303690479830060e+00
9.476414454615319727e+00
-1.254504764783022885e+01
3.861625140721117955e+00
2.624726907558960320e+00
-9.366548959649625417e-01
-1.866367212659496289e-01
-3.881947917645953261e+00
4.519922790694927528e+00
3.049685669632106855e+00
-7.454951180948755862e+00
-1.905303113372352808e+00
1.523364249843618801e+01
-1.456793455794048775e+01
1.005354277525740692e+00
6.262692752940357543e+00
1.740901896693028306e+00
-1.225510249455759393e+01
1.228919860507379269e+01
-6.947664247251455372e+00
6.830646049234669448e+00
-9.202866760893851250e+00
5.471336316397070298e+00
1.211686902504682806e-01
4.267746649589764907e+00
-1.605793302394357625e+01
1.831179843378614436e+01
-5.514470455533976967e+00
-5.916416795053438094e+00
1.141769325642779442e+00
1.152242968433860604e+01
-1.429584975085525045e+01
6.132235252817528348e+00
-6.142172189213841449e-01
2.469651244091188413e+00
-2.766708071302732108e+00
-1.875363024080638485e+00
2.019041749736977032e+00
6.320466036751994920e+00
-1.069682942685816585e+01
7.561416949749232286e-01
1.277195396024980667e+01
-1.192128422779582664e+01
-1.450369517364541228e+00
8.143711028726174916e+00
-3.923504394787347138e-02
-9.945665748276962148e+00
9.866013435292821043e+00
-5.456601510938843269e+00
6.390682069896746142e+00
-8.771544269530659577e+00
4.376679539978050926e+00
1.248767485548488487e+00
3.990944633605976843e+00
-1.650286668266480916e+01
1.879610117985600226e+01
-6.005486477383700894e+00
-4.927569043798608384e+00
-2.702367734491719631e-01
1.271855139296948067e+01
-1.525976497353022410e+01
7.733869289119252421e+00
-3.282202287531219564e+00
5.365677921952463514e+00
-4.917965388925326309e+00
-1.738801745618721029e-01
-2.850662196737503429e-01
9.453758884885136382e+00
-1.387039659480749343e+01
3.486870336778538970e+00
1.008174272193726928e+01
-8.953378988545606987e+00
-4.260850097661498914e+00
1.044477854924527804e+01
-2.368961997414869902e+00
-6.963265363465543700e+00
6.707953402445754776e+00
-3.189301261864096571e+00
5.099409594226790077e+00
-7.408740508816881842e+00
2.321105560303941662e+00
3.339412934797687527e+00
2.707045191954967400e+00
-1.586268335047600431e+01
1.816890622132270039e+01
-5.438990722077017281e+00
-4.941318115726150317e+00
-6.688417482325581531e-01
1.287176332876144258e+01
-1.521410018643894091e+01
8.411921662746202344e+00
-5.092452626625298961e+00
7.438761645919750087e+00
-6.309204276017957191e+00
8.741420035742430983e-01
-2.024957805324124394e+00
1.206566861300725790e+01
-1.658293657185535963e+01
5.890822060898441848e+00
7.561764214618085234e+00
-6.064119424309105000e+00
-7.031240294409538905e+00
1.278211189268561299e+01
-4.876442958101984360e+00
-3.668113764195081394e+00
3.158613248262647666e+00
-4.645890265699508248e-01
3.247533210364816902e+00
-5.379421116750208398e+00
-4.557763677456807550e-01
6.184470598941972597e+00
5.879754708939626262e-01
-1.427262622725522689e+01
1.653112657375621808e+01
-3.879986530437024239e+00
-5.932439044407615825e+00
-3.968167480726858543e-02
1.193204104404521182e+01
-1.407405109564327716e+01
8.043119101798090753e+00
-5.881965675267576188e+00
8.491548703050959546e+00
-6.714886794066107889e+00
1.015174811891228046e+00
-2.916426430310705697e+00
1.384347847206942816e+01
-1.850017815601914961e+01
7.616771971224958193e+00
5.580064907568772270e+00
-3.636784061723543182e+00
-9.369331419442858078e+00
1.476035853712799906e+01
-7.163852985110541916e+00
-4.605341916678176162e-01
-3.848384392468511273e-01
2.332180213261116908e+00
1.204896638440326573e+00
-3.039641077116848056e+00
-3.612403183794805628e+00
9.463532147251109805e+00
-2.073491675520100941e+00
-1.199699169668792109e+01
1.411955976713376160e+01
-1.534619316412735301e+00
-7.730527074510609609e+00
1.483344235415639645e+00
9.999454663526796239e+00
-1.190508469780579581e+01
6.653092744737634234e+00
-5.634127463169875227e+00
8.469430048325660820e+00
-6.047125230215423031e+00
1.267716881721492328e-01
-2.798718668210458560e+00
1.458946642239442326e+01
-1.939329036277920792e+01
8.408072467520453230e+00
4.421927725499037010e+00
-1.984123833709126039e+00
-1.094080437399442474e+01
1.602867810540845994e+01
-8.863794890945870364e+00
2.275299528784146652e+00
-3.527243767329723223e+00
4.803501152218832004e+00
-6.321961928873545133e-01
-7.860189162919346550e-01
-6.753183737078371607e+00
1.278928682791459259e+01
-4.905130305361021570e+00
-9.391579427011077286e+00
1.127350273084847387e+01
1.278734151151155407e+00
-1.004415230704223205e+01
3.637256022620064311e+00
7.310111224527462426e+00
-8.914131075946393423e+00
4.412922520208615751e+00
-4.480652948766333132e+00
7.467840140344396360e+00
-4.368252528086142839e+00
-1.764692709234474854e+00
-1.657305137366329006e+00
1.424849979613930273e+01
-1.917102823115255106e+01
8.139053423971768453e+00
4.249528906107653548e+00
-1.304433523008137641e+00
-1.151632761635520552e+01
1.633056944715112024e+01
-9.691419021250316845e+00
4.225322006072357084e+00
-5.930753883335951215e+00
6.595828809001243798e+00
-1.897395087944681258e+00
1.000493963245583373e+00
-9.484045942299060172e+00
1.576186113937427180e+01
-7.507884474190522184e+00
-6.853250454847431783e+00
8.386931183685454982e+00
4.174222757605132728e+00
-1.250212805253280912e+01
6.067403000995702733e+00
4.202920599429334381e+00
-5.420825620980277648e+00
1.615140589894977330e+00
-2.682579204496694736e+00
5.718391491218560496e+00
-1.882204365111492361e+00
-4.487302295356231596e+00
3.740080015569287042e-01
1.291551594833914862e+01
-1.789249281968040606e+01
6.832942492233757825e+00
5.079000689795759804e+00
-1.653798727728394091e+00
-1.100385564342299105e+01
1.554040980104386449e+01
-9.484888708660518475e+00
5.189619673164252767e+00
-7.362038860593358436e+00
7.449501514636163613e+00
-2.306488319756091698e+00
2.008611686949641317e+00
-1.146776733083402711e+01
1.802495897477054143e+01
-9.512294040763256575e+00
-4.763713683208870009e+00
5.852992124666919871e+00
6.752808873527964550e+00
-1.470606797065368454e+01
8.377819881877003994e+00
1.071875337120951066e+00
-1.812858266532761053e+00
-1.367420243641981115e+00
-5.929958803756000263e-01
3.555803634593636353e+00
1.094071823061502302e+00
-7.747437429297775680e+00
3.031924943271633310e+00
1.082183482465584490e+01
-1.575870493160261532e+01
4.658775031515057563e+00
6.778137520820912698e+00
-2.938433868355171619e+00
-9.461570261077367761e+00
1.368154753686564007e+01
-8.228478851484268830e+00
5.110343689337057071e+00
-7.724748413077600517e+00
7.235430248949633381e+00
-1.697990821357394431e+00
2.040858093206384893e+00
-1.247128155306182862e+01
1.931588027068687197e+01
-1.063075866419641180e+01
-3.435475686682593732e+00
4.008642762866002407e+00
8.658426368465370615e+00
-1.628681368090775550e+01
1.018742029649835246e+01
-1.689420881522358808e+00
1.508270687103409280e+00
-4.134126001801800676e+00
1.393225056158704955e+00
1.370295702892151191e+00
4.175146767283090199e+00
-1.117080852789631074e+01
5.960803595465609561e+00
8.302236874667485722e+00
-1.308418206283603524e+01
1.907728433195885920e+00
9.085069775722995900e+00
-4.928191125952431584e+00
-7.089638785530770093e+00
1.092339328307032176e+01
-6.055046180920028220e+00
4.079554176762465900e+00
-7.072644321902854969e+00
5.973375950344402163e+00
4.275761908951264623e+00
5.258885784680141562e+00
5.992769104691925364e+00
6.401253160636065864e+00
6.429167716016877421e+00
6.047759674555186038e+00
5.258074176582894665e+00
4.091959147766794480e+00
2.610564632376353167e+00
9.004215575672344096e-01
-9.326077521884669208e-01
-2.771031182370111701e+00
-4.494460660459787427e+00
-5.988667279017823475e+00
-7.154216546788600972e+00
-7.913975921975298533e+00
-8.218880800969689204e+00
-8.051491680020042452e+00
-7.427061492122120967e+00
-6.392041889379490804e+00
-5.020172204561171192e+00
-3.406496288280663087e+00
-1.659822930784832229e+00
1.057295210240911665e-01
1.779395032364465390e+00
3.261911981409442163e+00
4.472504180397191220e+00
5.354140964645226930e+00
5.876684154384756553e+00
6.037719213075525282e+00
5.861072251794631427e+00
5.393215427171349496e+00
4.697942970536536755e+00
3.849842832986048347e+00
2.927182441742545382e+00
2.004863569270184609e+00
1.148078245055564661e+00
4.072178125512553315e-01
-1.855414214189470279e-01
-6.177176942923350289e-01
-8.959964352850073865e-01
-1.043814007697704049e+00
-1.097346703756632014e+00
-1.100345461247143497e+00
-1.098359918950471359e+00
-1.132946189001187598e+00
-1.236446752480297562e+00
-1.427869090330339485e+00
-1.710278111838175796e+00
-2.069966789296109777e+00
-2.477493897702953696e+00
-2.890493919392093325e+00
-3.257989287712230730e+00
-3.525785657547565677e+00
-3.642420898928543593e+00
-3.565078458397087147e+00
-3.264871450456967139e+00
-2.730955998146020747e+00
-1.973036376001196635e+00
-1.021971034525694488e+00
7.163575837545499425e-02
1.240783258419251966e+00
2.407106906435157789e+00
3.487173902103999801e+00
4.399495292172026950e+00
5.071630910822294780e+00
5.446742555790123674e+00
5.488988628444565698e+00
5.187247247392670957e+00
4.556796582972424403e+00
3.638758453926817182e+00
2.497308358666121109e+00
1.214854451139147695e+00
-1.144284415029392377e-01
-1.392172487590869423e+00
-2.523856028299334309e+00
-3.426617236571701142e+00
-4.036163254833426528e+00
-4.312168097216236617e+00
-4.241679147939835914e+00
-3.840222002077116059e+00
-3.150491862692935463e+00
-2.238729297779346705e+00
-1.189080372970154009e+00
-9.641809486704022714e-02
9.417620093475003173e-01
1.833676630310181022e+00
2.501102098504466742e+00
2.886057502371809580e+00
2.955746448414157346e+00
2.705330926272518699e+00
2.158298653456139249e+00
1.364394074803309875e+00
3.952945234201429292e-01
-6.615916653679707604e-01
-1.710666206077330997e+00
-2.656367502561405747e+00
-3.411371976952707996e+00
-3.904064143439008649e+00
-4.084636084727607752e+00
-3.929299164852833037e+00
-3.442257585845447831e+00
-2.655289881679774755e+00
-1.624993179738273064e+00
-4.279475742696898788e-01
8.457635890420053260e-01
2.100102936065936454e+00
3.241036108482633793e+00
4.184206855550499426e+00
4.861673369885062712e+00
5.227139674070496511e+00
5.259255571850885325e+00
4.962734603074172135e+00
4.367235550576827663e+00
3.524151605137603394e+00
2.501634471721891906e+00
1.378332178356085347e+00
2.364257858764862164e-01
-8.453975842197820612e-01
-1.798404188129849590e+00
-2.569137843843738445e+00
-3.123155602115065932e+00
-3.446876145485270548e+00
-3.547422182421157366e+00
-3.450526896154889833e+00
-3.196754599865530011e+00
-2.836440565161594485e+00
-2.423870357544560150e+00
-2.011284453990410004e+00
-1.643303603418185155e+00
-1.352323661068356220e+00
-1.155330045634948455e+00
-1.052440892537626738e+00
-1.027317698536213797e+00
-1.049398769328317993e+00
-1.077731324498282017e+00
-1.066019562909157781e+00
-9.683833187194728076e-01
-7.452468260984270731e-01
-3.687568683647848289e-01
1.728335351342882298e-01
8.722887860784509506e-01
1.702357594028755194e+00
2.616748314412954635e+00
3.553089179060516578e+00
4.437660300693380577e+00
5.191511532888886116e+00
5.737440370495021646e+00
6.007210347320364185e+00
5.948351989107220739e+00
5.529909508621429381e+00
4.746575909709848773e+00
3.620790519970374710e+00
2.202544969798091667e+00
5.668412871038126521e-01
-1.191048345871686731e+00
-2.962174834129698286e+00
-4.631844912800777259e+00
-6.088254587222497349e+00
-7.231113512847165303e+00
-7.979540703094086140e+00
-8.278564559351936580e+00
-8.103671118628914982e+00
-7.463004267292552285e+00
-6.397016765274605277e+00
-4.975584394744009487e+00
-3.292808849569648366e+00
-1.459929544858157291e+00
4.030766081336663031e-01
2.176519086793728075e+00
3.749902627825357548e+00
5.029995450132963342e+00
5.947406318551928806e+00
6.461150435062787523e+00
6.560858462676641523e+00
6.266485753596018782e+00
5.625592247085781317e+00
4.708468840691446111e+00
3.601565434017466316e+00
2.399813790353656273e+00
1.198523098714686874e+00
8.555066511487785519e-02
-8.655870883919227765e-01
-1.601093296568718349e+00
-2.090333033099016191e+00
-2.327093099253123576e+00
-2.328611804876986824e+00
-2.132531477162658895e+00
-1.792109903130881587e+00
-1.370177400489018371e+00
-9.324305110878476910e-01
-5.407024814629539655e-01
-2.468408459598760984e-01
-8.775504343573192756e-02
-8.207877279745634524e-02
-2.287339965324601820e-01
-5.075009362558529080e-01
-8.815080397683575653e-01
-1.301375318652170820e+00
-1.710590251315338595e+00
-5.640517615029416731e-02
1.041625636663460419e+00
-1.239828587958416861e+01
1.950236000672321524e+01
-1.069826275483955413e+01
-3.067583284392465082e+00
3.087248416715715038e+00
9.628084170385054819e+00
-1.695676811834986353e+01
1.118409514284052975e+01
-3.743147618367675733e+00
4.183434672198674598e+00
-6.312980031364500810e+00
2.895603398130923267e+00
-4.478367003392369483e-01
6.961294676845266594e+00
-1.435489608766566860e+01
8.762853937089575496e+00
5.747454357921965240e+00
-1.025253014153681086e+01
-1.047780480466652397e+00
1.164526963941953497e+01
-7.289332170236519026e+00
-4.201952872527548344e+00
7.557918186111829861e+00
-3.227521202771843623e+00
2.325890100706422103e+00
-5.601553312269802909e+00
3.829234889566786038e+00
2.485129762770528217e+00
-8.948117379048836639e-01
-1.130254929797398233e+01
1.860102936080878422e+01
-9.695812621748853388e+00
-3.717406122843635252e+00
3.185828493209756473e+00
9.528845168179632452e+00
-1.655074759860879041e+01
1.116907887633957941e+01
-4.854767344394860018e+00
5.946077636313995107e+00
-7.613035671480973932e+00
3.602198408671056118e+00
-1.563636680312155747e+00
9.094687739660297865e+00
-1.692539784461493468e+01
1.105430628881456201e+01
3.548782699262629237e+00
-7.662317532574018486e+00
-3.806463586014387168e+00
1.406166629554434344e+01
-9.631935818235071167e+00
-1.181836984252521372e+00
3.958874308822018406e+00
-1.020326281789619705e-01
1.819476348066071114e-01
-3.621278241356571392e+00
1.091714780086765924e+00
5.663178646139273908e+00
-3.537463183507212339e+00
-9.380044616996666917e+00
1.677489442323479452e+01
-7.753276894342774561e+00
-5.292442584914908821e+00
4.251572178586844331e+00
8.376462531084236218e+00
-1.504958581703474962e+01
1.008532039586507878e+01
-4.925927198878984115e+00
6.659341312654813549e+00
-7.865386295225842872e+00
3.314085929523819196e+00
-1.745070858020348226e+00
1.030967011007595779e+01
-1.858871814907995912e+01
1.251962173080680785e+01
2.042630610454075679e+00
-5.670870128899159646e+00
-5.994605536446011129e+00
1.595079726510516949e+01
-1.156524906490856175e+01
1.572022172939806950e+00
5.294905834692249513e-01
2.922132532395069759e+00
-1.963027355933748996e+00
-1.511433977785797911e+00
-1.868307126099324034e+00
9.120751587712748076e+00
-6.551105431582165295e+00
-6.941016647736639733e+00
1.431018906447628680e+01
-5.131228141053230551e+00
-7.563306227004322757e+00
6.089525728180371189e+00
6.333044217900532402e+00
-1.258315716318256250e+01
8.025852692004939115e+00
-4.008120032299842705e+00
6.334885356612162788e+00
-7.046947954832978311e+00
1.973885483677852548e+00
-8.960666273671247239e-01
1.047001732923129325e+01
-1.917309309694795516e+01
1.295609311137810593e+01
1.462836256275788394e+00
-4.543919601278465059e+00
-7.318618939432997905e+00
1.699707066281446544e+01
-1.275316778762775272e+01
3.701793864617865193e+00
-2.353975851858233881e+00
5.458672018714746166e+00
-3.718454311901695508e+00
3.325569298087884818e-01
-4.650008637828539904e+00
1.245726486516534592e+01
-9.543502760783436401e+00
-4.365930227910888917e+00
1.157586941274512427e+01
-2.184347207280403325e+00
-1.019606050644845396e+01
8.390365083739510510e+00
3.684076216295353312e+00
-9.412391241838175659e+00
5.220978310630469466e+00
-2.295177570874852524e+00
5.130746499020958140e+00
-5.283678308641033716e+00
-3.256909531505263189e-01
9.296620352209226112e-01
9.587923976373982526e+00
-1.865254872150752519e+01
1.230254120123426631e+01
1.907480597944599232e+00
-4.418210640623122742e+00
-7.606294628347395559e+00
1.699747960014149939e+01
-1.296201507875859704e+01
4.940934832866075155e+00
-4.394868230438744305e+00
7.188591873223837858e+00
-4.747931843539996422e+00
1.555684977481673670e+00
-6.879059976558362877e+00
1.528467123403629380e+01
-1.212069823119109557e+01
-2.051516941842601582e+00
8.971467104733372722e+00
6.884461169529330071e-01
-1.279933870931999351e+01
1.077433270520341502e+01
7.980481630056712739e-01
-5.892815429071887934e+00
2.006077534361901282e+00
-9.565617302230278174e-02
3.328541177103892856e+00
-2.832777648591520148e+00
-3.354477211599122377e+00
3.535952585130201609e+00
7.822041167931649497e+00
-1.715031226647974449e+01
1.064805516847862066e+01
3.324882898816174936e+00
-5.282343915238618237e+00
-6.830926503850626830e+00
1.589045734215481609e+01
-1.209387219441568107e+01
5.151716547407372282e+00
-5.417513153273488591e+00
7.905044560573059265e+00
-4.817113716202634066e+00
1.893854279222058956e+00
-8.260309463422370158e+00
1.728183990627376332e+01
-1.394257269477481387e+01
-3.545367715949332421e-01
6.870661289618382739e+00
3.100099156475534912e+00
-1.497959914301242357e+01
1.284513607440341865e+01
-1.925619689807328339e+00
-2.424769202761135389e+00
-1.225418973073183704e+00
2.210986393190651711e+00
1.293231433049590429e+00
-4.638408813514882656e-02
-6.776896691996297406e+00
6.611661050416711483e+00
5.454842343320159159e+00
-1.492119630171838551e+01
8.219542886078492927e+00
5.520756009166256639e+00
-6.978557629628209469e+00
-5.114907377837148772e+00
1.376479996100861847e+01
-1.020075610484805040e+01
4.344552016019938456e+00
-5.391519701994742952e+00
7.542354346025730294e+00
