0.000000000000000000e+00
1.389456816134886807e+01
-1.021221966512323931e+01
-3.324292501469613637e+00
7.038288704698104858e+00
1.448174013190173692e+00
-7.707861093815919773e+00
5.832074184197930222e+00
-5.068362877669058797e+00
9.608542231446762116e+00
-9.708297959068682204e+00
7.137286719911264399e-01
4.373011716935247151e+00
5.791939041265196764e+00
-1.982727795654881220e+01
1.800273354712965101e+01
-2.227379570660605879e+00
-5.836105568682927291e+00
-3.431910855043851960e+00
1.511166227204416046e+01
-1.419945867898903913e+01
6.505546918530582978e+00
-4.820821889054610843e+00
7.282589609203670378e+00
-4.400368201262471857e+00
-5.937889193763323803e-01
-3.757899018226527055e+00
1.450199529411309740e+01
-1.459091722635122323e+01
-1.514813657245035472e-01
1.116641700127807901e+01
-3.542226881630044844e+00
-1.130410215390966400e+01
1.258422445889777030e+01
-2.895412253142739534e-01
-7.744962235757968827e+00
4.244165070861551037e+00
-7.972475790030442155e-02
2.505618639655106783e+00
-3.760174377644081911e+00
-1.551932262473841639e+00
3.438856402500558129e+00
6.670614243024220791e+00
-1.752485418896905145e+01
1.258275572236330042e+01
2.956340449557681715e+00
-7.329105658265174128e+00
-5.860768438227928812e+00
1.835830845632031227e+01
-1.487599199662609806e+01
4.007841751797510454e+00
-1.652414099596288821e+00
6.720732843505753173e+00
-7.719166323129740270e+00
4.832295510098976621e+00
-7.904621869200534334e+00
1.526270327566180285e+01
-1.315502397177483473e+01
-1.840343455046271615e-01
7.123834032705945951e+00
3.640381592944457623e+00
-1.788500064556029301e+01
1.561416736079102208e+01
-3.689054688201967025e-01
-7.225202156845343282e+00
3.739230985267303353e-01
7.029571746230764084e+00
-4.984871114927821978e+00
1.008446292745858841e+00
-2.819978947103860545e+00
3.429477426072307544e+00
4.559509398049578444e+00
-1.176580061531841892e+01
5.135808360879316581e+00
8.262299531060843805e+00
-8.411181332087050322e+00
-7.278502348410070155e+00
1.842977843694270135e+01
-1.137173698363496399e+01
-1.662850928389759453e+00
2.630650501987711998e+00
6.254525222805430218e+00
-1.038613056834936543e+01
7.583412538399718628e+00
-7.932012858318530313e+00
1.238481569537012206e+01
-1.010053743013186889e+01
-4.994686179933705006e-02
2.916065884360246052e+00
9.287330766521302294e+00
-2.118155801738129895e+01
1.527152518591404728e+01
1.148860222697682509e+00
-6.149242242326997676e+00
-4.766744951444792378e+00
1.418878891465899983e+01
-1.063857940062760044e+01
3.261950308656588859e+00
-2.882657564594521382e+00
4.491221869643537090e+00
3.310510352551077062e-02
-4.235858257040388430e+00
-2.197941209453614597e+00
1.220954162852656921e+01
-8.824399404004726222e+00
-7.212805723149449122e+00
1.521856933972266468e+01
-4.639402406393776879e+00
-8.835419029747683339e+00
6.710994223663361069e+00
6.017072900477510089e+00
-1.151375689731639973e+01
6.758016750482299884e+00
-3.856573930611445711e+00
6.811579045269298582e+00
-6.374580228803666593e+00
1.874634930669598631e-01
-2.015550127136194192e-01
1.176972495342190328e+01
-2.026772319260147270e+01
1.169119548376224493e+01
3.750074927044805051e+00
-4.721708078712211432e+00
-9.746325628942708263e+00
1.928776004620831586e+01
-1.277889728115846601e+01
2.428066469457626830e+00
-1.898099798673676730e+00
6.441466432381579565e+00
-5.598869197297869249e+00
2.849772384097458477e+00
-7.333757421651143638e+00
1.375945504994161794e+01
-8.546358375266319030e+00
-5.610343338821333958e+00
9.583062049016568551e+00
3.422700053693168876e+00
-1.542665826344826385e+01
9.387751565832543221e+00
6.011861758836902325e+00
-1.062553013989982098e+01
2.490743437546738992e+00
3.109048355301028188e+00
2.467467459669845375e-01
-3.061109064356538845e+00
3.645810977997463453e-01
-1.241531168578922539e+00
1.036373002249112574e+01
-1.544364830899366581e+01
5.937648662110200704e+00
6.649497771924177236e+00
-3.313774681889397833e+00
-1.312595912596739112e+01
2.079578765722145661e+01
-1.076091932015641817e+01
-1.159038168956734616e+00
-3.077297343320317680e-01
8.789840624986680950e+00
-1.065842712962223260e+01
7.391322147295651845e+00
-8.847032288226476027e+00
1.259921047365762625e+01
-7.761894024133406234e+00
-2.887499453757305545e+00
3.117040236057152747e+00
1.052204403872189253e+01
-1.955111762997152880e+01
9.917157092077749425e+00
6.138061076491274193e+00
-7.826473780363100374e+00
-4.067353666882539187e+00
1.090982245891420277e+01
-5.352941078170423417e+00
-1.060943784358894693e+00
2.778731062841551802e-01
2.054060170077757763e-01
5.476706759158481042e+00
-8.143927822104751968e+00
-3.249119677102529913e-01
9.037576725175160419e+00
-2.358242689038718698e+00
-1.388937510435861711e+01
1.821684849043773369e+01
-5.151586897453753089e+00
-6.382247984854527267e+00
1.322770633162231313e+00
1.086320012703043858e+01
-1.358714629777413485e+01
8.019951719280729918e+00
-6.379570981531684559e+00
9.204949833419682648e+00
-6.772204076682420748e+00
1.626330430704667762e-01
-2.304505638738204354e+00
1.464047019689689222e+01
-2.006458166805792231e+01
8.205475277619648011e+00
6.256608432737762904e+00
-3.805176079410964363e+00
-1.106934930500417202e+01
-2.108309888468968829e-01
-4.060766954278025587e-01
-4.797916347359345579e-01
-4.029524896671774492e-01
-1.653646320442345719e-01
2.231222152999161601e-01
7.334642814055698512e-01
1.320250098597173682e+00
1.926223107440418580e+00
2.488057781166991056e+00
2.942825743427887275e+00
3.234520979109309025e+00
3.320005577452580514e+00
3.173790240750502534e+00
2.791172158816163762e+00
2.189406735473683252e+00
1.406774759671526986e+00
4.996057152125248368e-01
-4.624875429265189464e-01
-1.402735736875231343e+00
-2.244141830022455153e+00
-2.916570054994298999e+00
-3.363331820760137703e+00
-3.546644587343834587e+00
-3.451437775244064809e+00
-3.087127451133204747e+00
-2.487165566818777762e+00
-1.706373175115364349e+00
-8.162716665556927209e-01
1.011871568026363744e-01
9.609397099007146448e-01
1.682523128104378429e+00
2.197483440512276509e+00
2.455801188810368352e+00
2.430738213091940825e+00
2.121646186684125635e+00
1.554457171934656934e+00
7.797829493790764399e-01
-1.312354031289433287e-01
-1.092982614797451957e+00
-2.012809939891286870e+00
-2.799213852818112969e+00
-3.370033757908849736e+00
-3.659942344639376621e+00
-3.626559666874794807e+00
-3.254639423136347798e+00
-2.557942951603898507e+00
-1.578618330048198626e+00
-3.841207313205419194e-01
9.380736679772152531e-01
2.287513677205532225e+00
3.558977407436430429e+00
4.651131361226066296e+00
5.474900869400974202e+00
5.960834167662609318e+00
6.064831330856433667e+00
5.771753365732966046e+00
5.096613032199276638e+00
4.083260699500106838e+00
2.800696795720755361e+00
1.337347705473586279e+00
-2.061839214266801834e-01
-1.725255921831044592e+00
-3.119501977629552947e+00
-4.300610695340163048e+00
-5.198910685958053612e+00
-5.768219046242069936e+00
-5.988572880726581005e+00
-5.866657818369644062e+00
-5.433956016550268942e+00
-4.742839879629425326e+00
-3.861018183123051006e+00
-2.864882265158141372e+00
-1.832388916725516292e+00
-8.361459059937548233e-01
6.266643276447902977e-02
8.189948746708237692e-01
1.406831687601183933e+00
1.820125228635673720e+00
2.071651604093123211e+00
2.190012499228988219e+00
2.215103068575655865e+00
2.192538402216875681e+00
2.167624088903115531e+00
2.179496798397260182e+00
2.256040917285144332e+00
2.410109047007677141e+00
2.637445017570129835e+00
2.916540161783371499e+00
3.210462751802543924e+00
3.470504719345951727e+00
3.641307572351472732e+00
3.666978088732995023e+00
3.497598404939550765e+00
3.095484851835600626e+00
2.440560516804632929e+00
1.534277587501835516e+00
4.016509999015291932e-01
-9.088663721979131083e-01
-2.327740011521883368e+00
-3.768807724158733663e+00
-5.135499521586872618e+00
-6.328320923996715308e+00
-7.252969629219347070e+00
-7.828383243981852146e+00
-7.994006025447826680e+00
-7.715616880424795099e+00
-6.989174961839385247e+00
-5.842303385677983130e+00
-4.333231574109707829e+00
-2.547234903382930682e+00
-5.908273532100922765e-01
1.415840622517658076e+00
3.347768345883217922e+00
5.084358524512970767e+00
6.518377306389991688e+00
7.563881772567241590e+00
8.162462048770132483e+00
8.287288174156349996e+00
7.944639014438148905e+00
7.172805332430882252e+00
6.038482661898393999e+00
4.630982148782904595e+00
3.054770324771048262e+00
1.420985854758729960e+00
-1.613392269624163156e-01
-1.593611100961409566e+00
-2.794865918833419283e+00
-3.707239426592050968e+00
-4.299292503870678850e+00
-4.566966310078282021e+00
-4.532153857909766437e+00
-4.239086186127567935e+00
-3.748921899367256838e+00
-3.133081708310845315e+00
-2.465971297061210432e+00
-1.817777660225074587e+00
-1.248002788981928290e+00
-8.003168116018342104e-01
-4.991784852790202009e-01
-3.484971125222924293e-01
-3.324128861738184781e-01
-4.180707566550385668e-01
-5.600749058010008330e-01
-7.061541618976374668e-01
-8.034575834246318049e-01
-8.048440686520168530e-01
-6.745351028926598325e-01
-3.925648806602528573e-01
4.241927732111783200e-02
6.122923307227230438e-01
1.280620820186827435e+00
1.995766693837696559e+00
2.695638023420913854e+00
3.313637581600890947e+00
3.785240948157710950e+00
4.054569906287786907e+00
4.080320736334837939e+00
3.840461420739728737e+00
3.335221917462231733e+00
2.588057520797700573e+00
1.644452608789542580e+00
5.686335055258047166e-01
-5.615438893334048220e-01
-1.661091953429891133e+00
-2.645199952941818200e+00
-3.436695606386719781e+00
-3.972978654867225679e+00
-4.211784867645211428e+00
-4.135237643422098763e+00
-3.751793831521572198e+00
-3.095877272570635164e+00
-2.225201028742139098e+00
-1.215988550678334557e+00
-1.564960598427458660e-01
8.606043670219024611e-01
1.746313637200053837e+00
2.423150548020939432e+00
2.832052562653656569e+00
2.937711006100282685e+00
2.731854293529802469e+00
2.234172286145856390e+00
1.490782824299165643e+00
5.703593404840006098e-01
-4.417533156937643590e-01
-1.450927810196809720e+00
-2.361505618709018428e+00
-3.085189680779758525e+00
-3.548842713077739131e+00
-3.701006100261500009e+00
-3.516565768617706311e+00
-2.999153883955491651e+00
-2.181074110664467103e+00
-1.120755765795628189e+00
1.020409225539987697e-01
1.392849426978757021e+00
2.650373129826350649e+00
3.774927285683022049e+00
4.676714436806120645e+00
5.283219566886886653e+00
1.724810492249452309e+01
-8.348977439270655054e+00
-8.431934552938136207e-01
-2.273978709626272021e-01
3.820715287589722564e+00
-1.456718688011708229e+00
-5.153167192121657081e-01
-5.328197406041604189e+00
1.031643029000139400e+01
-2.206847643084377530e+00
-1.176173022926228739e+01
1.224538663909009806e+01
2.444392647810145203e+00
-1.168792045767814258e+01
2.483660160190818367e+00
1.200299745466591439e+01
-1.341254996466957650e+01
4.502882378629275983e+00
-7.312481098803411683e-01
4.674337187778751179e+00
-5.878668472883850527e+00
2.588032784843249168e+00
-5.073470573156708241e+00
1.462434698198224226e+01
-1.688402691895277741e+01
4.804765640501803325e+00
6.267136386167479145e+00
3.427313108611773629e-01
-1.650436625150871350e+01
2.025382618804644252e+01
-7.888731654527211035e+00
-2.336720647031025777e+00
-1.174559463132117898e+00
8.621775038581571238e+00
-8.382547328953847909e+00
5.211400967383511329e+00
-7.713290581634231202e+00
1.025554827644694456e+01
-2.996315146469139101e+00
-7.317567727964967794e+00
4.573899606665936091e+00
9.859385873277549450e+00
-1.554792551838190562e+01
2.865389130110127525e+00
1.177699756055016778e+01
-1.005317228077882952e+01
-2.182078186409809106e+00
6.386086142590690962e+00
3.857179960529601992e-01
-5.283550686829938670e+00
3.560497734585741814e+00
-4.329898056638443293e+00
1.052317892975998959e+01
-1.099441263367703847e+01
7.218551919454272436e-01
6.162718692418207134e+00
3.425012597524855984e+00
-1.878717772968350630e+01
1.902898681555526395e+01
-4.135655072886109451e+00
-4.985229004054289703e+00
-2.414010054656626103e+00
1.322870811552753167e+01
-1.322296824641023605e+01
7.371029122866262995e+00
-6.912332327867519055e+00
9.027047063830014650e+00
-4.571421196618179472e+00
-1.838269800004227683e+00
-2.594307219944122167e+00
1.499752077227000768e+01
-1.689954081300716382e+01
2.425981104842569902e+00
1.013771297340598565e+01
-4.366861200809369237e+00
-1.012633319648894314e+01
1.285675137515005950e+01
-2.410411294650232961e+00
-5.039932535324378016e+00
2.639170316368407487e+00
-2.320599245490606588e-01
3.576961041413170950e+00
-4.145353235388935076e+00
-2.894906348088357007e+00
6.039052383090558251e+00
4.508979187128513644e+00
-1.723207462858795225e+01
1.390742196430194966e+01
1.799960978237334253e+00
-7.939934533325320842e+00
-3.644966651097043098e+00
1.626194339360118235e+01
-1.448635361204363292e+01
5.345284551239521065e+00
-3.290985098081665505e+00
7.119399478746559318e+00
-6.498286491686144473e+00
3.046527657497658303e+00
-7.186475820797894265e+00
1.644279338539336521e+01
-1.543616967257700345e+01
1.368457672442375817e+00
7.471845029416290807e+00
2.078898701539241500e+00
-1.704430392656064441e+01
1.678019828692713844e+01
-2.946212011864160374e+00
-5.062955815308538554e+00
-6.860742130912766967e-02
6.069239782147491269e+00
-4.144547448716789262e+00
1.668937248930823403e+00
-5.093784632665778744e+00
6.053315795094724727e+00
3.216704199523067409e+00
-1.226901240849088914e+01
6.354454494286849275e+00
8.203174148813465294e+00
-1.032465747203776729e+01
-4.500433037130084912e+00
1.675560490347526610e+01
-1.171206590159373206e+01
-2.637435279413384848e-01
1.983324489015580561e+00
5.165300543644149478e+00
-8.173262606142094100e+00
5.833021809653534007e+00
-7.868565269924089556e+00
1.386357543454705166e+01
-1.166938006441412412e+01
4.498238768025597523e-02
4.515977737999208763e+00
7.453364594463729453e+00
-2.094002743864943383e+01
1.701913952329756086e+01
-1.136646599092919985e+00
-5.191363223354476197e+00
-3.905493022683557580e+00
1.275053503838273983e+01
-1.034536165147326869e+01
4.791443514536115167e+00
-5.382819185925312944e+00
6.348560776754125889e+00
-1.337855887409880040e-01
-5.334120866049624432e+00
-1.463335699994709582e+00
1.326409113722170474e+01
-1.149070618947802558e+01
-4.671315848892561462e+00
1.446258854375244063e+01
-5.617118232731646899e+00
-7.816764955590623565e+00
7.301584571015204084e+00
3.742602878918641629e+00
-9.000660381728168957e+00
5.594474251454840008e+00
-4.441237172309339343e+00
8.097610734614983485e+00
-6.752027369560299697e+00
-1.173631044411885149e+00
2.154959824963184722e+00
1.019811924359348154e+01
-2.069150339248433568e+01
1.351826486177384368e+01
2.426718250177803959e+00
-5.270704451068403351e+00
-7.831484471410927739e+00
1.784071125133238667e+01
-1.317307640681754144e+01
4.375612660361020367e+00
-3.845164251702469560e+00
6.974360266141392373e+00
-4.591608533907513667e+00
1.537990837395494914e+00
-7.311513197972678846e+00
1.560318582271499466e+01
-1.118717077710654806e+01
-4.028429243313896180e+00
9.955310104705155538e+00
2.101773108277617208e+00
-1.512130769129843344e+01
1.109073105653907199e+01
3.210761796970512005e+00
-8.586842749938497832e+00
2.273916110234786014e+00
2.094203588051236409e+00
8.960118149938236520e-01
-2.122213029320616062e+00
-2.016828505883592193e+00
1.158146825449045458e+00
9.494673367690069199e+00
-1.638117350399148364e+01
7.304046950405266969e+00
6.677470808731002627e+00
-5.223412873080606644e+00
-1.071847790246644117e+01
1.979951995031473544e+01
-1.175892112556570979e+01
6.145061396899977879e-01
-1.080989277235678614e+00
2.118255272361877495e-01
-1.064857511411143598e-01
-5.321183326762601862e-01
-1.007868942394815726e+00
-1.467071008579060365e+00
-1.840251177587483689e+00
-2.062264805617356700e+00
-2.079236682811491210e+00
-1.854640710693899797e+00
-1.373921648213866309e+00
-6.471874969304858283e-01
2.903284342311196475e-01
1.380136496560590675e+00
2.544579441502956563e+00
3.692825211781500805e+00
4.728269780249860332e+00
5.556720329522208068e+00
6.094648571982547836e+00
6.276786427289845705e+00
6.062383656620319528e+00
5.439555599922258011e+00
4.427309545708170369e+00
3.075036450857727921e+00
1.459473239945527245e+00
-3.206396119234999897e-01
-2.151779574096391201e+00
-3.914152486961155475e+00
-5.490788354944161398e+00
-6.776466724844095069e+00
-7.685729512388791207e+00
-8.159317424257032769e+00
-8.168502063796985624e+00
-7.716967290259717061e+00
-6.840104269702654172e+00
-5.601806176870034903e+00
-4.089061055732294392e+00
-2.404826170830048238e+00
-6.598080890863629033e-01
1.036142463859609064e+00
2.582290323909818941e+00
3.894242518263035358e+00
4.909557282850984805e+00
5.591304446803428974e+00
5.929335741035478335e+00
5.939231806801912761e+00
5.659100545661149617e+00
5.144590145746982479e+00
4.462632708319452135e+00
3.684537371244979376e+00
2.879096306444525410e+00
2.106349504837601749e+00
1.412577116885102679e+00
8.269590304603484654e-01
3.601728242226203136e-01
5.009291491948619779e-03
-2.611124759148540919e-01
-4.720323868027763714e-01
-6.675944153259354419e-01
-8.878134473192258458e-01
-1.167081662422372990e+00
-1.529026113313234347e+00
-1.982563907888349686e+00
-2.519583188844725985e+00
-3.114518105358781597e+00
-3.725899276182616404e+00
-4.299765471946955131e+00
-4.774635910050418097e+00
-5.087583348117161286e+00
-5.180831304603913168e+00
-5.008235565091590402e+00
-4.541007038840615628e+00
-3.772090843148632633e+00
-2.718730387295745565e+00
-1.422905143130346328e+00
5.047766444618817516e-02
1.617551451087306802e+00
3.181331626541449076e+00
4.638964853597706828e+00
5.889782996332833420e+00
6.843473199830592435e+00
7.427651341573092481e+00
7.594165838146194503e+00
7.323559488564628239e+00
6.627270144383746953e+00
5.547343173397857541e+00
4.153642974861003978e+00
2.538768168899210309e+00
8.110761086604458825e-01
-9.136109789946389448e-01
-2.520928643853610929e+00
-3.906774816287085450e+00
-4.985257574037996520e+00
-5.695120082213191992e+00
-6.004107926866719680e+00
-5.910922104229083374e+00
-5.444610028737294272e+00
-4.661468533123883873e+00
-3.639747292223121988e+00
-2.472629406077607950e+00
-1.260111390874210979e+00
-1.004947716571256144e-01
9.177719239878125990e-01
1.723200785132186663e+00
2.266722203057645046e+00
2.525045836851274039e+00
2.501669186865654648e+00
2.225490218025063527e+00
1.747194425409712260e+00
1.133783285413307640e+00
4.617726189213271493e-01
-1.902983076452129385e-01
-7.493528810699010556e-01
-1.154574576688139675e+00
-1.362904092967758718e+00
-1.352751760819252747e+00
-1.125610996440375766e+00
-7.054558805809785227e-01
-1.360121312383993919e-01
5.238131747473254718e-01
1.205889727088832686e+00
1.839631825615107186e+00
2.358927645668139395e+00
2.708572184630630098e+00
2.849597976458746018e+00
2.763005658578788992e+00
2.451550374800215870e+00
1.939425322844898325e+00
1.269883164316901514e+00
5.010309058718207531e-01
-2.997939128846245360e-01
-1.062524341908516856e+00
-1.721118611170125545e+00
-2.219920632533691762e+00
-2.519016090016512166e+00
-2.598068519278725397e+00
-2.458263193777834754e+00
-2.122165415978706893e+00
-1.631497326514710355e+00
-1.043035192005493883e+00
-4.230088412851475965e-01
1.594703474427805467e-01
6.393303942186021604e-01
9.621477793050232652e-01
1.089807164291832997e+00
1.004657528117332443e+00
7.117461646836753530e-01
2.388879125500720235e-01
-3.654728745515418709e-01
-1.036444086579599855e+00
-1.698554882233485497e+00
-2.272793542864948169e+00
-2.684179833688650429e+00
-2.869178749923063876e+00
-2.782266642305578408e+00
-2.401027871662333890e+00
-1.729284708908770618e+00
-7.979342897937473644e-01
3.366311206773375808e-01
1.596428599960062922e+00
2.887812260783628737e+00
4.108938158376355787e+00
5.158137736232284887e+00
5.942483340640293044e+00
6.385804577708109164e+00
6.435455089381011184e+00
6.067232328445859579e+00
5.288009169406929111e+00
4.135831963630616670e+00
2.677457634165792300e+00
1.003523302286337016e+00
-7.782538331091253259e-01
-2.551279169063914498e+00
-4.198998988396754228e+00
-5.613787934156107440e+00
-6.705065109357608577e+00
-7.405968752775310193e+00
-7.678048087838567071e+00
-7.513606048599939413e+00
-6.935532369228816663e+00
-5.994684520698080554e+00
-4.765084725891959749e+00
-3.337386073072366344e+00
-1.811203309079830293e+00
-2.869918594607194784e-01
1.141815374100941805e+00
2.395741570137656318e+00
3.414695343051660448e+00
4.161468862194929841e+00
4.623061500359492371e+00
4.809788740521092620e+00
4.752339448546837986e+00
4.497129767915097887e+00
4.100451968534563285e+00
3.622018084111883418e+00
3.118542164863239208e+00
2.637987885751945427e+00
2.215032190642618470e+00
1.868168185332131692e+00
1.598703926038281597e+00
1.391723984614950504e+00
7.837801174639233537e+00
-8.830533691368813720e+00
6.304077838482879947e+00
-9.538592433473843002e+00
1.465926252369591865e+01
-9.602266303007381154e+00
-2.697476299781355280e+00
4.484359510231079149e+00
9.256047384669207290e+00
-2.007325592989149143e+01
1.226643624091915896e+01
3.629200836470437785e+00
-6.888016078134874043e+00
-3.273787000320435236e+00
9.821465598293464438e+00
-5.595474859065816986e+00
9.220220858327468072e-01
-2.383733313256323427e+00
1.932318191091652482e+00
5.523482757430210555e+00
-9.274898705079060335e+00
1.704197252406620677e-01
1.040419134896914599e+01
-5.078020585629840156e+00
-1.168838344246290362e+01
1.797928237175507959e+01
-6.470119444255264973e+00
-5.336077425444750943e+00
1.997288373426666652e+00
8.709143422021615066e+00
-1.153128695995969544e+01
7.512705076483326749e+00
-7.554077379558740368e+00
1.083070056780175605e+01
-7.272833501479140317e+00
-1.054279386192244594e+00
-3.709807837804941499e-01
1.380234149626755347e+01
-2.126759458246651846e+01
1.053041569774318553e+01
4.774773046527420739e+00
-4.258951980709000829e+00
-9.510166375659309779e+00
1.646479356292824292e+01
-9.463851560611200142e+00
1.591129631658924737e+00
-2.345495579615147541e+00
4.370121359184846455e+00
-5.672803177768361849e-01
-1.454708274844061400e+00
-5.853377318582227318e+00
1.260641803561223284e+01
-4.947063991766076363e+00
-1.039323358942980313e+01
1.283108866366045753e+01
1.198979900159871326e+00
-1.171207073014892330e+01
4.447944087828867410e+00
9.286682886278825322e+00
-1.177810674686086578e+01
4.738309595339170066e+00
-1.994908371995998131e+00
5.335129359433095075e+00
-4.898769774671507093e+00
3.675701437568825725e-01
-3.162507975307993213e+00
1.444268106683285779e+01
-1.840050944373069086e+01
6.430747713462920956e+00
6.243149790009677957e+00
-1.378001572373384498e+00
-1.465099025250665932e+01
2.005279739653740734e+01
-9.580891045000928585e+00
-1.892569103874901515e-01
-2.087700929816524997e+00
7.847898578659472157e+00
-6.980257998516366413e+00
4.787791038132274579e+00
-9.094494083616456948e+00
1.277181916374560267e+01
-4.964130395932647488e+00
-7.148381785381025644e+00
5.790164631157498576e+00
9.064628258393167215e+00
-1.666446375473547903e+01
5.573419890717289604e+00
9.302456839727010873e+00
-9.350124427097895818e+00
-1.281221808597810430e+00
5.466721675542437708e+00
-1.644403398819747064e-01
-3.125069847517195409e+00
1.034618754628408244e+00
-3.008877483802913755e+00
1.101097977461346034e+01
-1.234741152984516432e+01
1.175274345529031095e+00
7.593975191572606143e+00
9.378833150303078625e-01
-1.718873883135082536e+01
1.949633738533370675e+01
-5.919999458547685833e+00
-3.787036180403389629e+00
-1.820327343588565405e+00
1.138320864138534461e+01
-1.178627234394501500e+01
7.620053933068692942e+00
-8.714615272855285255e+00
1.099769355724806985e+01
-5.207178766621292532e+00
-2.870646745188046189e+00
-1.130943025463480467e+00
1.489163047735168277e+01
-1.879581812641067629e+01
5.104667462007164147e+00
8.632742843981517922e+00
-4.815302150539881865e+00
-8.847598421956185177e+00
1.261610293857125420e+01
-4.052230097050022906e+00
-2.359249625636978820e+00
5.901609859190857232e-01
1.239906252459920533e-01
4.530459105547362419e+00
-4.897114436353215972e+00
-3.739580544816987207e+00
8.489442496915460268e+00
1.977710649208550109e+00
-1.634623304662919452e+01
1.491054470794112063e+01
4.512590640913343165e-01
-8.076422499423490109e+00
-1.691966960046507040e+00
1.391299775642240810e+01
-1.349113679307533431e+01
6.203569901957791899e+00
-4.937466936705914300e+00
7.929314293999293106e+00
-5.641476425667150352e+00
1.169210832455702231e+00
-5.925733788832622473e+00
1.704455682291100160e+01
-1.755379048669294662e+01
3.247953276910076958e+00
7.371670427355789812e+00
6.090805163665278243e-01
-1.578989672110188991e+01
1.734368005869505325e+01
-5.224733358971440644e+00
-2.675976165653106698e+00
-1.008189312726565756e+00
5.386673101731430435e+00
-3.077415583027657942e+00
1.777023955853529458e+00
-6.970500047765703755e+00
8.782811241809405089e+00
1.367209404677728113e+00
-1.232465251712698873e+01
7.585501104145995654e+00
7.696379324296483304e+00
-1.178432821559059285e+01
-1.740493246985931997e+00
1.461344717475517285e+01
-1.148487865877501868e+01
9.385019321743683918e-01
1.035978274419953493e+00
4.542768040740002178e+00
-6.108774004271953828e+00
3.713006898500645470e+00
-7.184024069905832199e+00
1.496186911971933142e+01
-1.337058529782879646e+01
5.895908772076321469e-01
5.835560442666642089e+00
5.396116430873734160e+00
-2.009651681592320216e+01
1.825766232910650189e+01
-3.393917306252325794e+00
-3.830025495292967541e+00
-3.439902526862944843e+00
1.127237827632230704e+01
-9.549457702852119922e+00
5.752194759023000259e+00
-7.708711676523270384e+00
8.533854476305297254e+00
-7.884953948028474713e-01
-6.267199784033209653e+00
-3.870687968493182751e-01
1.375370698657279789e+01
-1.386378663456898686e+01
-1.896331871247215251e+00
1.316508135679947067e+01
-6.238061354466089448e+00
-6.653609157358508774e+00
7.394146758797809582e+00
1.844194056327172593e+00
-6.371948108380928844e+00
3.894602549514230905e+00
-4.514948057382153657e+00
-1.841703595584983644e+00
-3.210297541514945507e+00
-4.318023695058453626e+00
-5.094241555294914292e+00
-5.494600756256675211e+00
-5.504356369042477937e+00
-5.139215505324660427e+00
-4.443646074507667798e+00
-3.486799008368379305e+00
-2.356402496440695327e+00
-1.151162335179916729e+00
2.766922419113937437e-02
1.084824113119634337e+00
1.938911685947453112e+00
2.528997885291490721e+00
2.819313407345369171e+00
2.801702390917453211e+00
2.495625106463722265e+00
1.945745417583355064e+00
1.217346943942562376e+00
3.900118239302795553e-01
-4.498541363811803251e-01
-1.216969555252240820e+00
-1.834883515873198867e+00
-2.242753776474104122e+00
-2.400602253917987650e+00
-2.292596541673328048e+00
-1.928089324273547955e+00
-1.340353259068709058e+00
-5.831584101754260230e-01
2.744664117531407377e-01
1.154785592230739510e+00
1.978604964510189301e+00
2.672542627588637032e+00
3.175654015952595444e+00
3.444809621436473179e+00
3.458345252210611509e+00
3.217669458256314563e+00
2.746705326629867550e+00
2.089246331262023304e+00
1.304499550206951186e+00
4.612564653813087112e-01
-3.687436070313601100e-01
-1.117621049888233964e+00
-1.727686582531942294e+00
-2.156696457994726757e+00
-2.381538992225153972e+00
-2.400010562113692014e+00
-2.230522406264127344e+00
-1.909777431879052134e+00
-1.488650254394618733e+00
-1.026675709564359051e+00
-5.856849510074852994e-01
-2.232113782329863128e-01
1.368687319126316027e-02
9.357777486716178927e-02
4.264013716670955745e-03
-2.455223534018435849e-01
-6.265309566572705435e-01
-1.091502175168184152e+00
-1.579566015007845436e+00
-2.022139783255121337e+00
-2.349785489306785102e+00
-2.499388649330290590e+00
-2.420979297612654513e+00
-2.083537788857397821e+00
-1.479210942246319549e+00
-6.255011394728557939e-01
4.348299486807620795e-01
1.636196281467216185e+00
2.894801733540459221e+00
4.115073696590426877e+00
5.197385292508403865e+00
6.046410662479758891e+00
6.579390435947930271e+00
6.733581106084464807e+00
6.472223414219307358e+00
5.788485912646846643e+00
4.707010178321714200e+00
3.282888769663727224e+00
1.598127905176464525e+00
-2.441355648620888719e-01
-2.127198337130413730e+00
-3.929516378395952358e+00
-5.533871257055305470e+00
-6.836217535340627371e+00
-7.753479185769073467e+00
-8.229654136916309426e+00
-8.239732662821875664e+00
-7.791124315091868979e+00
-6.922502618560513632e+00
-5.700197745652491932e+00
-4.212475279124436867e+00
-2.562215648938543033e+00
-8.586384651796230560e-01
7.912123807861706215e-01
2.290499193239674547e+00
3.559469072204119122e+00
4.540627716529520796e+00
5.201817518283533559e+00
5.537003448193996036e+00
5.564779154787182769e+00
5.324810061970915775e+00
4.872611539146505244e+00
4.273202166774378696e+00
3.594262178306553146e+00
2.899457621890157100e+00
2.242559474788808238e+00
1.662897383009789287e+00
1.182548761801890169e+00
8.054890644186660786e-01
5.187347516128917313e-01
2.953152296630160434e-01
9.873213771995270616e-02
-1.115794654498480920e-01
-3.743697903666602933e-01
-7.208944966830825862e-01
-1.170037652465178546e+00
-1.724760219791379612e+00
-2.370267461107633533e+00
-3.074120666796713586e+00
-3.788327777010384700e+00
-4.453251793418663951e+00
-5.002993842213361297e+00
-5.371756646116010003e+00
-5.500588465991212317e+00
-5.343857595424874596e+00
-4.874818416112736585e+00
-4.089701399316413521e+00
-3.009885207690710551e+00
-1.681878073425282949e+00
-1.750326890328617324e-01
1.422873961686794919e+00
3.011866052774427871e+00
4.487298648763893283e+00
5.748062586263331220e+00
6.704762430963669750e+00
7.287154868366330973e+00
7.450188233659075898e+00
7.178096899705487921e+00
6.486167239402000462e+00
5.419990599605515769e+00
4.052235605180507960e+00
2.477187865676338419e+00
8.035005100625263186e-01
-8.542435906404102219e-01
-2.384451711907025206e+00
-3.687173372033618612e+00
-4.681756714527436358e+00
-5.312867092688367876e+00
-5.554367921712138667e+00
-5.410749736106502894e+00
-4.916006484268096166e+00
-4.130079476149020934e+00
-3.133199415646524155e+00
-2.018636980187782370e+00
-8.845065548417374579e-01
1.746557711910736721e-01
1.075806545798734026e+00
1.754120938222067938e+00
2.167962329625857887e+00
2.301689675200922824e+00
2.166093730069029277e+00
1.796467005049354304e+00
1.248523626196623271e+00
5.925751180312497368e-01
-9.348044654366693962e-02
-7.316988837572140358e-01
-1.251463727495269129e+00
-1.596021656225834917e+00
-1.727592995676304088e+00
-1.630608699883513202e+00
-1.312802830106386542e+00
-8.040903435567636759e-01
-1.533654250578690981e-01
5.764532309710338476e-01
1.314644329845985560e+00
1.989573973455728284e+00
2.535597771758848484e+00
2.899323543971985551e+00
3.044648121786087902e+00
2.956101081292100918e+00
2.640190519705168271e+00
2.124636018354745026e+00
1.455573930846973951e+00
6.930114585335087618e-01
-9.502918271377225334e-02
-8.391121652939743658e-01
-1.475100885465649991e+00
-1.950338017193804063e+00
-2.228699148340350877e+00
-2.294032901949309089e+00
-2.151653046994989715e+00
-1.827732580750714320e+00
-1.366648949585544948e+00
-8.265248972827633489e-01
-2.733826345255332413e-01
2.255361446982602214e-01
6.086481627986231047e-01
8.264436037875264596e-01
9.315054574651433938e+00
-7.513790424790975031e+00
-2.103370352714013514e+00
4.487532773756564453e+00
8.154172108189577273e+00
-2.050676546728837124e+01
1.508310379164939974e+01
8.547323860611486523e-01
-5.363743295294633562e+00
-6.086594256301205874e+00
1.604553564458767667e+01
-1.294103971038436640e+01
5.911293106506120054e+00
-5.892551745052067247e+00
7.954617441843438108e+00
-3.901732599570696181e+00
5.741948099673699346e-02
-6.722714605720483405e+00
1.693733131518315105e+01
-1.378454692083212940e+01
-2.033232231958304936e+00
9.878391730026159223e+00
8.175501403246459020e-01
-1.437458378957145477e+01
1.225135966363964535e+01
5.780642733676160105e-01
-6.202492917385903581e+00
1.517685201445943433e+00
1.324465522175976906e+00
1.807539970401589091e+00
-1.698919392559982366e+00
-4.119993651919866551e+00
3.799566109925514468e+00
8.046943497721454008e+00
-1.688755865432748848e+01
8.732671785756226157e+00
6.258797957874898010e+00
-6.767184997167134064e+00
-8.199914244086041748e+00
1.825058520461903200e+01
-1.219688885853913085e+01
2.257334253097058152e+00
-2.195693491591854674e+00
7.311992637983016685e+00
-7.049360209880857653e+00
4.763980380698514594e+00
-9.610950278394696511e+00
1.641937296475574115e+01
-1.166008499187397973e+01
-2.042867425580362273e+00
5.633843456482724221e+00
7.694231521306082122e+00
-1.999137733925172355e+01
1.419486171021899068e+01
1.029354744158194279e+00
-5.479969787118744051e+00
-2.856679624355686897e+00
8.636978259311419492e+00
-5.326271333795091323e+00
2.417840176859460843e+00
-5.006737092847865611e+00
4.093197418117913600e+00
5.061657182560344026e+00
-1.028241601883950374e+01
1.031127617674854946e+00
1.126515840894344223e+01
-7.636379733334706543e+00
-9.126736037735053486e+00
1.715135184628779541e+01
-7.464348525235643628e+00
-4.101570757333898420e+00
2.196925571255902376e+00
6.825896698960044695e+00
-9.234070254626740137e+00
6.405254551784156369e+00
-8.244525035312339156e+00
1.245526958462381373e+01
-8.181859982947855769e+00
-1.900509272461129662e+00
1.644986547438189284e+00
1.242443767783419695e+01
-2.188691972623752591e+01
1.268318659001161741e+01
2.971908312701699195e+00
-4.264843047198784376e+00
-8.047091567708502424e+00
1.527211470628809842e+01
-9.974072641892693269e+00
3.716256546245815251e+00
-4.676021342783342583e+00
5.411725181865128853e+00
3.991678013217825338e-02
-2.615466436885591328e+00
-5.823162010974771263e+00
1.448763596432450207e+01
-7.780661377645584409e+00
-8.523749424312978107e+00
1.296815953105806152e+01
-5.587182233192519720e-02
-1.128819609376260225e+01
5.951950426058418842e+00
6.599769624801309575e+00
-9.685769327206706691e+00
4.408465774685408789e+00
-3.056054434420080401e+00
6.290809421002341750e+00
-4.389491023061451891e+00
-1.692704974918533445e+00
-8.917688971134056786e-01
1.364029573073846180e+01
-1.952971845380023552e+01
8.183261367301348344e+00
5.768995641713203781e+00
-2.812499768603951900e+00
-1.258103594347976717e+01
1.925226749552714622e+01
-1.075936004878696650e+01
1.920455341205563826e+00
-3.397161040904453699e+00
7.471138982801397432e+00
-5.545677110985922198e+00
3.865348488788005632e+00
-9.900303252506576612e+00
1.510080280067147562e+01
-7.250699726725851946e+00
-6.491694710295977444e+00
6.836836494522294139e+00
7.929850139708443990e+00
-1.721113746284429524e+01
7.978087116443999705e+00
6.605278305572403141e+00
-8.111824704306373590e+00
-7.381624159877022695e-01
4.407574479949784241e+00
-2.165562826510238903e-01
-1.352238739797495981e+00
-1.592935053500043718e+00
-1.159313716622723422e+00
1.098525899107754711e+01
-1.362540835873977230e+01
2.012159113788567488e+00
8.586647762491804059e+00
-1.515210091859086283e+00
-1.512438286731990189e+01
1.935506462532661587e+01
-7.436898134180962572e+00
-2.345849763274068245e+00
-1.682307400836373645e+00
9.714664192119684571e+00
-1.001016412902008490e+01
7.244231805463011042e+00
-1.009640746374102704e+01
1.305774790509073036e+01
-6.287005793176209778e+00
-3.580099429689758139e+00
4.948859655050803497e-01
1.421839424167562171e+01
-2.017418829190769358e+01
7.729510389251705860e+00
6.721399505444708211e+00
-4.815553647811117166e+00
-7.608977826830134461e+00
1.193645026970510692e+01
-5.146894210072758824e+00
1.405856700038516927e-01
-1.792106547919380066e+00
1.015849541091194741e+00
5.233796011755779354e+00
-5.906905927485071928e+00
-4.063813749464962655e+00
1.064935341808767433e+01
-7.842640369139308731e-01
-1.488548319822270294e+01
1.547999539165738447e+01
-9.559781970449936495e-01
-7.766168059034181503e+00
-1.110278643364894791e-01
1.146313777161210368e+01
-1.195077576764313321e+01
6.500630928941014020e+00
-6.444983719935557076e+00
9.074722078625971022e+00
-5.214594837470052369e+00
-6.512641000101337951e-01
-4.218392029998547343e+00
1.702356959269019043e+01
-1.936203171756146801e+01
5.337734205056909431e+00
6.807538150792312948e+00
-6.387173486150983237e-01
-1.424386893846434887e+01
1.730248761622362963e+01
-7.074634451152518544e+00
-2.096485854826211082e-01
-2.409675371235895813e+00
5.081994995155557859e+00
-1.920450874348648806e+00
1.374265994423502057e+00
-8.350535097821591535e+00
1.145970083927778127e+01
-9.077758563412019477e-01
-1.187128957796283402e+01
8.689106608948033994e+00
6.824643020351730982e+00
-1.273238016011618434e+01
8.476317065302747533e-01
1.212068799931956065e+01
-1.067180720526303617e+01
1.813469933292231495e+00
-9.412678167359445069e-02
4.395540208291145667e+00
-4.324803517566496502e+00
1.363724715693273914e+00
-5.903552408761767012e+00
1.557038555047785522e+01
-1.506274720888020013e+01
1.541266198266471932e+00
6.778355134715196684e+00
3.264093827269062054e+00
-1.871643187214929327e+01
1.890912040715888764e+01
-5.471060550748443774e+00
-2.155054138514843842e+00
-3.420988804137341965e+00
9.896103417892140541e+00
-8.350120418365737152e+00
6.105709278410257568e+00
-9.713610297820160611e+00
1.091958599161484500e+01
-1.932195451925879048e+00
-6.913266575889243093e+00
9.065778432221334171e-01
1.368434256381493519e+01
-1.581788834563345958e+01
9.609750869866808820e-01
1.137334293362060222e+01
-6.410954596514529591e+00
-5.484400083421490990e+00
7.040064365737147334e+00
4.123849366630640834e-01
-3.785605948345130756e+00
1.747743147083945736e+00
-4.024440031709643151e+00
1.032341851104600039e+01
-8.566447538884066404e+00
-2.557118224037378873e+00
6.648634505473135725e+00
5.758911611732417946e+00
-1.970210630940306729e+01
1.625579214745811640e+01
-8.385261894371165425e-01
-5.007588975750048910e+00
-4.633028266128597750e+00
1.404194799300729457e+01
-1.211362899992601960e+01
6.928186793323255266e+00
-7.891278157384963521e+00
9.324416750249147512e+00
-3.612161053042820313e+00
-1.447429125478441492e+00
-5.637613691253149817e+00
1.768895546630972859e+01
-1.618313917810993985e+01
2.727374982760428779e-01
9.315284677418729231e+00
-2.941311318436721223e-01
-1.329012024817924420e+01
1.283904860341262122e+01
-1.741296298017088962e+00
-3.608037669545137938e+00
2.331839754901019468e-01
9.149037505460161368e-01
2.853076606782860569e+00
-1.774717220666328199e+00
-5.826554634181556835e+00
6.529287431864919000e+00
6.077056794783743499e+00
-1.687822874269567208e+01
1.008168048691998209e+01
5.457089340826739132e+00
-7.866660267321026190e+00
-5.724730239970591938e+00
1.624368656975398295e+01
-1.202773753789825051e+01
3.626898876152892193e+00
-3.546305202731297790e+00
7.241949704518941822e+00
-5.453950510647943339e+00
2.893652148933426815e+00
-9.058561161557296515e+00
1.774993173208774522e+01
-1.379792020627024307e+01
-9.462678891294755701e-01
6.455786148608501307e+00
5.974986190042676171e+00
-1.934217161771416471e+01
1.559897403866070142e+01
-1.506384251949609343e+00
-3.674102974587894366e+00
-2.886227572991422186e+00
7.497562252657241189e+00
-4.621625368981661097e+00
3.360741660018658816e+00
-7.435146189522441773e+00
6.575569620973757523e+00
4.066139833010709914e+00
-1.103497804056291365e+01
2.147265476404117468e+00
1.160058139991882520e+01
-9.893595758422890185e+00
-6.344696698534317392e+00
1.575379410819410708e+01
-8.023852228867244918e+00
-2.812993525424741570e+00
1.951257795849515198e+00
5.321324278888545756e+00
-6.847949157805222953e+00
4.760638718233909827e+00
-8.371247475192342691e+00
1.393214754035283676e+01
-9.421913744566866811e+00
-2.311913311933685655e+00
3.594858242458135678e+00
1.060501606052801904e+01
-2.188084343773093465e+01
1.451903882240136312e+01
9.658331265556494571e-01
-3.809011281496641033e+00
-6.809824135466342909e+00
1.379373305040006414e+01
-9.880239435163371553e+00
5.404059137402275503e+00
-7.072996038904542537e+00
6.908278784767854397e+00
2.661985819150505250e-01
-3.859881775137335325e+00
-5.281518177500768019e+00
1.586250386494879194e+01
-1.054926812016516990e+01
-6.236522099696982124e+00
1.259725982130369104e+01
-1.180580700694288776e+00
-1.050078545605798297e+01
6.939982839015789828e+00
4.095499602875740663e+00
-7.254715191065422175e+00
3.497578213580978979e+00
-3.785509535620155575e+00
7.423096383703477130e+00
-4.357367648826736328e+00
-3.461584275535390276e+00
1.597004616463135740e+00
1.224511751625160194e+01
-2.016431953145518108e+01
9.920679616316384397e+00
4.889105891206648735e+00
-3.865682949453670858e+00
-1.044371102471405521e+01
1.792019103200969710e+01
-1.134866314802441600e+01
3.841096946698981274e+00
-5.011613243791902761e+00
7.540675731669924886e+00
-4.220471354689041554e+00
2.545394606241081270e+00
-1.009491484005849671e+01
1.709693309103398917e+01
-9.727368464035880180e+00
-5.348459464175500777e+00
7.593037423292928523e+00
6.580600568039758791e+00
-1.719639292773002737e+01
9.955236613589855565e+00
3.837276984340563413e+00
-6.387820309115253892e+00
-6.423772951460622327e-01
3.347380847178158092e+00
1.759029007648824361e-01
-5.369824666174860539e-02
-4.164026887111755393e+00
1.127235109002469482e+00
1.039518303453905901e+01
-1.468855474756671420e+01
3.137616752481945603e+00
9.098061008533365523e+00
-3.787116470101325127e+00
-1.271699218872528903e+01
1.859651254824491318e+01
-8.557949145103632915e+00
-7.897432679350826490e-01
-1.991254620151378774e+00
8.343448491256140187e+00
-8.035615906363638317e+00
6.277188482231557565e+00
-1.095295411504995187e+01
1.505818499675964439e+01
-7.751266446964715229e+00
-3.885249570211675163e+00
2.138170015510175048e+00
1.305047707392964718e+01
5.545092982341978782e+00
5.440026143338991815e+00
4.974305876635648715e+00
4.181939221750953450e+00
3.121455900381654658e+00
1.870698741045508262e+00
5.200861474719606914e-01
-8.350405489624375122e-01
-2.102299527357645470e+00
-3.199685261227885213e+00
-4.061876853517525809e+00
-4.644905243130741823e+00
-4.928803679536337690e+00
-4.918055175631717013e+00
-4.639854620399001206e+00
-4.140403045732472087e+00
-3.479628871860560579e+00
-2.724869648953494927e+00
-1.944135359997614554e+00
-1.199603025164944103e+00
-5.419599013938980470e-01
-6.122421188607951592e-03
3.912810830171613574e-01
6.524505977454597705e-01
7.969582224438129803e-01
8.584709090844404589e-01
8.800047536347572752e-01
9.082064921440966554e-01
9.872532242373908140e-01
1.153000043058895141e+00
1.427983446743170237e+00
1.817808039918622054e+00
2.309312478909780086e+00
2.870740049357367152e+00
3.453945554796163719e+00
3.998471431733880976e+00
4.437140843285278358e+00
4.702661428387465925e+00
4.734625101955902693e+00
4.486237364684615869e+00
3.930119396282749200e+00
3.062597512455236703e+00
1.906021432478715028e+00
5.088241442441852058e-01
-1.056763284699834937e+00
-2.699216860999170464e+00
-4.314115974950368582e+00
-5.791924966504447880e+00
-7.026519912122172862e+00
-7.923741953099138868e+00
-8.409242935741824354e+00
-8.434938627173613312e+00
-7.983495407277467315e+00
-7.070438696383259725e+00
-5.743671349366761270e+00
-4.080410287475769948e+00
-2.181770345841076431e+00
-1.654261642398168197e-01
1.843051946133270169e+00
3.719478508459896915e+00
5.350187853858139775e+00
6.640275478301900236e+00
7.520276316743403910e+00
7.950746841084697536e+00
7.924399841989554716e+00
7.465652082779037357e+00
6.627666940863229605e+00
5.487187023436349342e+00
4.137636793328496765e+00
2.681116274600708671e+00
1.219991753140918789e+00
-1.511890256159791335e-01
-1.352772683833312284e+00
-2.325485756523996361e+00
-3.033902116403074167e+00
-3.467653885125185909e+00
-3.640355389495268490e+00
-3.586417159227477836e+00
-3.356115053034245843e+00
-3.009431407776475442e+00
-2.609287130151422218e+00
-2.214827039970553635e+00
-1.875402112401379551e+00
-1.625813860637895125e+00
-1.483255743209416888e+00
-1.446216711152721768e+00
-1.495418943711599002e+00
-1.596663648743144925e+00
-1.705274110489152450e+00
-1.771671214357956714e+00
-1.747507812548801276e+00
-1.591734627095661159e+00
-1.275976865734894217e+00
-7.886666829497723796e-01
-1.374958366021399314e-01
6.500858182751056979e-01
1.528412115184730746e+00
2.437071223175957257e+00
3.306005467534392395e+00
4.061779373946972527e+00
4.634436009808405643e+00
4.964296404918409067e+00
5.008051679852181692e+00
4.743553390646810364e+00
4.172819754221071875e+00
3.322933855776028178e+00
2.244700330346939499e+00
1.009131999579454542e+00
-2.979612685795941518e-01
-1.582831147574883524e+00
-2.751507763151359587e+00
-3.717699314928587295e+00
-4.410172939013520477e+00
-4.778952947142997232e+00
-4.799770700156614112e+00
-4.476350537639217642e+00
-3.840305135911875389e+00
-2.948624556448534495e+00
-1.878957157165449754e+00
-7.230781901265462830e-01
4.208945904617815703e-01
1.456864512929937572e+00
2.298970026989452187e+00
2.878930218346671843e+00
3.151876637032945183e+00
3.100157734934834597e+00
2.734779690704221000e+00
2.094355131400762460e+00
1.241650720770993699e+00
2.580361802725015807e-01
-7.636778614834103251e-01
-1.727384238699375185e+00
-2.542091224568767682e+00
-3.129865336353703675e+00
-3.432611422495123410e+00
-3.417101136932691574e+00
-3.077817500017474561e+00
-2.437377657446567980e+00
-1.544510690157856914e+00
-4.697831300737996818e-01
7.005376085416603615e-01
1.871929967851278187e+00
2.949711700847250651e+00
3.847064951517582543e+00
4.492290440828192288e+00
4.834663502749485531e+00
4.848395507178045349e+00
4.534378376618195539e+00
3.919591435433399162e+00
3.054260313209762767e+00
2.007057933145422357e+00
8.588096578663435565e-01
-3.047069824434316399e-01
-1.400204243740253318e+00
-2.353892062422041853e+00
-3.107426072754567503e+00
-3.622276730769502961e+00
-3.882153962705800154e+00
-3.893307348884602170e+00
-3.682722240265918323e+00
-3.294428737369856197e+00
-2.784314929298353114e+00
-2.213972097166782671e+00
-1.644185226736792682e+00
-1.128709383511219411e+00
-7.089389614208472246e-01
-4.099858583976421222e-01
-2.385429321383156775e-01
-1.827338526353652348e-01
-2.139562075766472393e-01
-2.905297235494075370e-01
-3.627841153473254088e-01
-3.790781241709222371e-01
-2.921463360244362928e-01
-6.513252907021360727e-02
3.233085669250348460e-01
8.753769200378642701e-01
1.572361948146732580e+00
2.374974293736469289e+00
3.225805056270671933e+00
4.053739945184218207e+00
4.779966207432323699e+00
5.325051675400700901e+00
5.616462865739335619e+00
5.595833592860973482e+00
5.225302745726217779e+00
4.492309716323859448e+00
3.412362737218112230e+00
2.029468123189682061e+00
4.141118964612244824e-01
-1.341098612265565260e+00
-3.127816235897050934e+00
-4.829857853099115417e+00
-6.331988642364306585e+00
-7.528858600142920743e+00
-8.333340512697235525e+00
-8.683561647753919033e+00
-8.548026815013184176e+00
-7.928389075866149938e+00
-6.859622421245497037e+00
-2.096417224672838131e+01
1.014575003693473398e+01
4.507718913272718453e+00
-4.332604120388228175e+00
-6.545853944465865659e+00
1.092314453529584384e+01
-5.666320525222483084e+00
2.315776749164474069e+00
-4.370884777940188926e+00
2.430002974757391243e+00
5.573268262163781017e+00
-7.045589044496731290e+00
-3.886380688468687339e+00
1.240190980946725219e+01
-3.622748962094536118e+00
-1.290879048090886982e+01
1.553330623909000963e+01
-2.279993768008634625e+00
-7.074546017345990201e+00
1.021170436881301491e+00
9.066977818287444535e+00
-9.962230647517955617e+00
6.192046093337965296e+00
-7.671983972927684192e+00
1.044886899512972889e+01
-5.245249399036899796e+00
-2.276324297774138472e+00
-2.188885068964802727e+00
1.637711772285850742e+01
-2.073295388702324971e+01
7.499773776500926026e+00
5.803967268532431056e+00
-1.555926581786293283e+00
-1.254564319156282437e+01
1.669592921607343428e+01
-8.394619610703493606e+00
2.180973085940413725e+00
-4.199436294765837019e+00
5.223582388347598915e+00
-8.149721346329288352e-01
5.391024107633444196e-01
-9.170483776364388717e+00
1.392853552109311721e+01
-3.494106455637117747e+00
-1.088612916027479471e+01
9.534590003398717428e+00
5.699275565914306618e+00
-1.315116958444975559e+01
3.125236051519406644e+00
9.418854039910835141e+00
-9.296159795415714910e+00
2.252481227485784387e+00
-1.272264253193180483e+00
4.692034178112359122e+00
-2.927775798225211723e+00
-1.061612129624215584e+00
-4.092781023181710331e+00
1.561185295305706333e+01
-1.659973502981291560e+01
2.821051150367141602e+00
7.281930169229871019e+00
1.205938671030423848e+00
-1.690024231523363341e+01
1.893452018210727061e+01
-7.224496872685526760e+00
-2.853223898388694835e-01
-3.860639697369753431e+00
8.750712249628193717e+00
-6.872582681142778149e+00
5.855342998736021265e+00
-1.127113202405805836e+01
1.335920970676241382e+01
-3.525561514970485533e+00
-7.175081173624064057e+00
2.279170388555845861e+00
1.310235701736320379e+01
-1.725746922565840791e+01
3.742200183796905222e+00
9.172602372977394225e+00
-6.078556407947878881e+00
-4.448419940416103557e+00
6.325587146490518009e+00
-4.993021792047961926e-01
-1.394370203542548481e+00
-7.251567043852633621e-01
-2.956535873740963272e+00
1.099476322829814023e+01
-9.790695003550252906e+00
-2.530418730303353847e+00
8.508009859214986648e+00
3.155413089838409846e+00
-1.830817528551548889e+01
1.693098934616859097e+01
-2.511262879246524804e+00
-4.248475879521320664e+00
-3.564441309866196228e+00
1.197980070849617107e+01
-1.076134608339313381e+01
7.353359020965627657e+00
-9.690631191345733697e+00
1.099093523058226651e+01
-3.770232780225558411e+00
-2.835009189440206079e+00
-4.159592529377613701e+00
1.782494591546995366e+01
-1.823857578689224468e+01
2.759751660739824253e+00
8.269030279488497115e+00
-1.113368373713512050e+00
-1.199469556112105195e+01
1.286475591616013858e+01
-3.624838269243721101e+00
-9.558737458398542941e-01
-1.527797190938642746e+00
9.531799947643109228e-01
3.893594811820210388e+00
-2.294032056545960430e+00
-7.049796109800640309e+00
9.189058688521264173e+00
3.678741742582925411e+00
-1.630475543456688570e+01
1.121188639827585476e+01
4.368675231962850347e+00
-8.481138482452021066e+00
-3.439629110987330929e+00
1.390350280744362621e+01
-1.124556684478837809e+01
4.596362560190749846e+00
-5.004052050579902655e+00
7.617019700342662070e+00
-4.163646599822047101e+00
8.353106703341488526e-01
-7.917834206883001436e+00
1.854835766255810370e+01
-1.586673407384944667e+01
5.309104960461032974e-01
6.870344003792612675e+00
4.243779660000854825e+00
-1.820068581740800084e+01
1.641078477875537089e+01
-3.823921113464543886e+00
-1.575932162718040708e+00
-3.395415483645185972e+00
6.538115512825008580e+00
-3.588615505458735200e+00
3.725192081896939289e+00
-9.526343417159846894e+00
9.241528236664267482e+00
2.552796213593661712e+00
-1.142023281875175478e+01
3.388822867715262088e+00
1.143148910677590102e+01
-1.173431668371216219e+01
-3.497140152513244615e+00
1.384797567396805107e+01
-8.068290421342656060e+00
-1.611975613775099792e+00
1.327431241437412535e+00
4.270299507208420664e+00
-4.527640800316810044e+00
2.678063986847131872e+00
-7.892495477047984487e+00
1.512078529721549813e+01
-1.088503223710532808e+01
-2.262803970148268284e+00
5.340550564428480307e+00
8.470279619291968487e+00
-2.124946132960300815e+01
1.591174311022655274e+01
-1.104893053967802352e+00
-2.917883623406158478e+00
-5.905751912589589203e+00
1.217006701531640189e+01
-9.224299223414961446e+00
6.555460898331864072e+00
-9.381443810945780726e+00
8.784303086369675384e+00
4.500192260495783358e-02
-5.046513502987739486e+00
-4.309027418638745388e+00
1.666998883550453314e+01
-1.309802764368696693e+01
-3.647298734636234219e+00
1.169786219746760025e+01
-2.045316668848776054e+00
-9.462483481052665013e+00
7.396683241730455549e+00
1.911482795702703630e+00
-4.627682157814394515e+00
2.031527546736171086e+00
-4.076354301991536033e+00
8.596799506332070351e+00
-4.768790355137101145e+00
-4.834104443930657524e+00
4.149871842594217597e+00
1.032533041840054722e+01
-2.022942378253930684e+01
1.149728509279491995e+01
3.683986185423806070e+00
-4.476847651987761800e+00
