0.000000000000000000e+00
6.896309314922579148e+00
-4.214345416534684752e+00
1.012571189935232319e+00
-6.216571149726676460e+00
1.032256220822742776e+01
-4.464930009010386058e+00
-1.527772341851775906e+00
-1.524529675820546881e+00
4.273713527799428036e+00
1.684502794963644190e+00
-6.302598529887287526e+00
8.878988341162021847e-01
4.576060856352461848e+00
-1.432608458521373640e+00
-5.739374657052214168e-01
-6.535315365236223251e+00
1.226156306187765743e+01
-8.128668792134895682e+00
4.236663964825244655e+00
-8.632712843055045937e+00
1.108128100017058415e+01
-3.912155005955599840e+00
-2.066935699360771039e+00
-1.289330915753631235e+00
3.721522489243160869e+00
2.201685479016818547e+00
-5.722333119393399059e+00
-6.015043891620430738e-01
5.791513217892987342e+00
-2.175355419733694173e+00
2.708785171266629987e-01
-6.962851371314840776e+00
1.102079078308838689e+01
-5.222814795063993820e+00
6.320578877844056365e-01
-4.331417158484545560e+00
5.439993968145502734e+00
2.485090263871536642e+00
-7.846823169975028378e+00
3.699461343262994806e+00
-1.165795588203270228e+00
6.667795348326934324e+00
-8.874882119577126360e+00
1.666177489189187400e+00
3.147699665061353347e+00
9.746736051486124541e-01
-2.787617193261558324e+00
-3.490973513805589068e+00
6.076009498688220489e+00
8.927121246226921158e-01
-5.514923372899252385e+00
1.784080432974715524e+00
-1.164014510142295400e+00
8.872292988712347395e+00
-1.272771445762178999e+01
7.127465024144482797e+00
-3.979228761490272603e+00
8.640752869169793016e+00
-9.320110173695935529e+00
1.242995563870480602e+00
3.141180485901915009e+00
1.434559846573606468e+00
-3.055052408338216896e+00
-2.944936167232413915e+00
4.380828395261113783e+00
3.186937336492325912e+00
-7.188853398088298263e+00
2.820912121978330411e+00
-2.075675056117288975e+00
8.961563234003174117e+00
-1.091076024557767532e+01
3.765403917165238923e+00
-9.632732542117405927e-02
4.116949983624686560e+00
-3.656901801998030166e+00
-4.725495621087583586e+00
8.154414766945468074e+00
-2.764194351118908877e+00
1.057921246886204258e+00
-6.556458000688937915e+00
6.804800616544810055e+00
1.202100562947346019e+00
-4.423196229631328080e+00
-6.192828004638917250e-01
1.467288569019598476e+00
4.690759516216898461e+00
-5.073316346441721691e+00
-2.982744781292388847e+00
6.410196391806562310e+00
-2.240408311800304642e+00
2.958304107742267597e+00
-1.071149679029593393e+01
1.241003716457458772e+01
-5.682748972995963044e+00
3.504682334555993428e+00
-8.205211431940375277e+00
7.160206973540619302e+00
1.226432953288705718e+00
-3.656928897247605281e+00
-1.913308969641184909e+00
2.644903167811798461e+00
3.075691289287656449e+00
-2.395280181331846059e+00
-5.855082865682950555e+00
8.312372344816038705e+00
-3.357229019044351670e+00
3.725812683945141757e+00
-1.031397249303966746e+01
1.000860689860524744e+01
-1.976686412291307704e+00
-4.926616732010726807e-01
-3.670159171245134466e+00
1.748577185097590858e+00
6.500167258879919530e+00
-7.739490992197135100e+00
1.435619031618949659e+00
-6.967170930471127122e-01
5.920305422112987159e+00
-4.294251852355824184e+00
-3.897682977694517881e+00
5.214159095541148758e+00
5.255487078941234458e-01
-4.146366841657807001e-01
-5.220259928592643206e+00
3.398860734654143734e+00
5.185145377479951634e+00
-7.124629086297293412e+00
2.689959003827878004e+00
-4.625529018745758947e+00
1.188992322970244686e+01
-1.131086464523877844e+01
3.900382747920964732e+00
-2.888398667244125306e+00
7.420718213915700190e+00
-4.813477927895850605e+00
-3.268628037802757902e+00
3.524822714007213253e+00
2.727044243090040787e+00
-2.517261374039490462e+00
-2.615150390726781460e+00
-5.736355724797226330e-02
8.373172339736449032e+00
-9.025378894289863396e+00
3.697201547590210691e+00
-5.088779993596741491e+00
1.093716729837857571e+01
-8.404698750329753665e+00
3.103285260729560235e-02
1.015551376623542668e+00
3.109017355129529037e+00
8.195257101573227843e-02
-7.632938198061774315e+00
6.590102512740596552e+00
2.092853147367494948e-01
1.294554839932455792e-01
-4.847663970953306034e+00
1.561474565458043307e+00
6.190886325206979457e+00
-5.422816003488643233e+00
-7.239481852567859477e-01
-3.102913293907825221e-01
5.083275053989961378e+00
-1.220506464785962253e+00
-7.281890446446848131e+00
7.528299589412686288e+00
-3.028168739871897053e+00
6.006164069179648735e+00
-1.230810657900264360e+01
9.505923931092079116e+00
-1.929808861283455634e+00
2.230886586567831564e+00
-6.410728724740301310e+00
2.499933665785584846e+00
4.696404899123951537e+00
-2.717449451474228450e+00
-3.830568231327144524e+00
2.655083850714768268e+00
1.642473255630623186e+00
2.758037154497289922e+00
-1.051505734744783283e+01
9.224659836644786282e+00
-3.782969704064696792e+00
6.073006022387637870e+00
-1.081863281542600319e+01
6.255517099454872110e+00
1.871620248824696908e+00
-1.350738879731797626e+00
-2.554405743140969687e+00
-1.650628180245228060e+00
8.009238193885501289e+00
-4.765359858562392859e+00
-2.049283147977377872e+00
5.642457080424368998e-01
3.465107856071711012e+00
1.160828822614000666e+00
-7.887073771372435260e+00
5.006517708196352778e+00
1.202321721850851510e+00
6.936882470452663263e-01
-4.347897074809518259e+00
-1.246708644751256534e+00
9.055444852412758650e+00
-7.515186708144918626e+00
3.171659051577090160e+00
-6.979901011554686008e+00
1.193856755969810024e+01
-7.138322858473901356e+00
-4.986671783960794357e-02
-1.644426107240365198e+00
5.311479100839276768e+00
-4.258384806361446007e-01
-5.381056621034729481e+00
1.274757738245167804e+00
5.134563786219542791e+00
-3.002363387325122090e+00
-2.837280014516014859e-01
-5.467169048007534116e+00
1.208369911787648476e+01
-8.854262435947907406e+00
3.594536621279771360e+00
-6.635359829092249306e+00
1.001527980974313436e+01
-3.768906840465755970e+00
-3.525600553123200420e+00
1.390406899673367169e+00
2.114518630995951831e+00
2.810096324449180560e+00
-7.586610379646896440e+00
2.391647888990255488e+00
3.929988283600471366e+00
-1.283748737783313221e+00
-1.921515493228386440e+00
-3.648321734677933303e+00
8.845910199765985027e+00
-3.985057032159214696e+00
-1.905256692878197544e+00
-7.666890334602808332e-01
3.136943364899262843e+00
3.761537301742781114e+00
-1.031079691277036936e+01
7.017685229194529306e+00
-3.069391855117665990e+00
7.476117539572836534e+00
-1.082698856212330796e+01
4.405681177939215765e+00
1.847699094437267320e+00
1.237871288184418050e+00
-4.255196393697477042e+00
-1.236087270210298739e+00
5.264738375111337021e+00
6.974176128214379933e-01
-6.513667453330086232e+00
3.473204060927148618e+00
-1.303649766796326936e+00
7.948046043878076006e+00
-1.293114369830752963e+01
7.914581221476870709e+00
-3.153535173856218954e+00
6.782834055815273544e+00
-8.645535279850220078e+00
1.184160117550876912e+00
4.740661368384419205e+00
-1.055507320747591127e+00
-1.871375263634636354e+00
-3.462944783738300281e+00
6.398008035356733458e+00
3.481090660078428600e-01
-5.679338675812815040e+00
1.921477960540475038e+00
3.703996696632785302e-01
5.706507522775239316e+00
-8.995374631918640063e+00
2.441540604606029952e+00
2.738970200920787690e+00
5.987112051166829652e-01
-1.613109965356137376e+00
-6.079969278720143144e+00
1.089576848041119561e+01
-6.017293585375721676e+00
2.709515963079488721e+00
-7.478499119045392440e+00
9.086103857281784713e+00
-1.541644132295502567e+00
-3.280791092606924586e+00
-1.101470218576684257e+00
3.354524711813172910e+00
2.362413933932478116e+00
-4.365823945918712923e+00
-3.035740212162421514e+00
7.819292805704757043e+00
-3.964524674827354378e+00
2.949071013850240952e+00
-9.989544022172466953e+00
1.297388889301449666e+01
-6.465563666236922913e+00
2.521627284180946837e+00
-6.568414601954049914e+00
6.875464228060094385e+00
1.251063617306798159e+00
-5.362242141338686707e+00
3.078589738913501961e-01
1.871016999220802557e+00
3.569169232741045583e+00
-4.547599600662417529e+00
-3.231142774785924487e+00
7.125826753986263640e+00
-2.378015817024860645e+00
1.047458658306402945e+00
-7.188680244843961731e+00
8.339072088190553345e+00
-5.165221379330362517e-01
-3.581234913503408279e+00
-2.863628832646476496e-01
-3.944270985774878113e-02
7.978777684751801935e+00
-1.071744091195600390e+01
4.550099130066342923e+00
-2.121078428247805903e+00
7.023504547329805447e+00
-6.883047335848381465e+00
-1.206388254050490660e+00
4.194122003394960885e+00
1.293573608160964561e+00
-2.689945810726395159e+00
-2.889168332651283588e+00
2.776707773399747836e+00
5.533947004549300885e+00
-8.895852734803368023e+00
4.370788812040293791e+00
-4.487619512593321147e+00
1.142592896013923109e+01
-1.220200685584227429e+01
4.623476843774626310e+00
-1.793660462304979220e+00
6.081797092903160618e+00
-4.900498750600549513e+00
-3.304648291195053655e+00
5.288644924244978895e+00
8.421789565415438439e-01
-2.118512180406963985e+00
-3.147257775885610176e+00
2.199584018445838396e+00
6.015869231707485554e+00
-8.117517988277269225e+00
2.576343330397369513e+00
-2.219127236344926146e+00
8.008586857466212905e+00
-6.956073330192557691e+00
-1.604166793375228606e+00
4.295285352127712564e+00
-6.065059085920943005e-02
1.635018612086461154e+00
-9.276784649645762215e+00
9.752913721054904173e+00
-2.706246386553272654e+00
1.370390707672871411e+00
-6.193055032799643200e+00
4.421568343461644623e+00
3.601077476983625125e+00
-4.478152900301808792e+00
-1.830905850221885345e+00
2.301591204767085230e+00
2.815511938399402947e+00
-6.543047282609721904e-01
-7.962221844700087203e+00
9.598603460156942546e+00
-4.598928871009801078e+00
5.777414255438522162e+00
-1.215176191074784739e+01
1.068102073695510157e+01
-2.551378817631659413e+00
1.086335500406642840e+00
-5.436183842040316350e+00
2.924781245356478543e+00
4.782343773373156637e+00
-4.483230364822901493e+00
-2.333514389646182075e+00
2.578309358382093741e+00
2.268985473414314225e+00
4.387653241510260926e-01
-8.465147790856541121e+00
8.539750743964830804e+00
-2.473447151563892721e+00
3.070744753467764987e+00
-8.146619300739082803e+00
4.993280079770494595e+00
3.706760277064098386e+00
-4.746151179429878297e+00
3.348598817350256773e-01
-3.005662253355304792e+00
9.851716800199497470e+00
-8.053183268139580520e+00
6.232365376188195860e-01
-5.524806676094229374e-01
5.102460512201248299e+00
-1.921037854992007965e+00
-5.438097416389207517e+00
4.082234726926391666e+00
2.683677460133268244e+00
-2.186306824678326155e+00
-2.200734962235836534e+00
-1.795749548730976475e+00
1.008944373031126673e+01
-9.811101815748932253e+00
4.581615173214783177e+00
-6.713645757372273870e+00
1.213047445200893293e+01
-8.546278366401867999e+00
4.441375918402732381e-01
-5.236856296493910268e-01
4.752819058495449944e+00
-1.140338584729373439e+00
-5.546248334798066892e+00
2.980232411347238930e+00
4.058055585809667853e+00
-3.179838846052224000e+00
-1.048693928760080052e+00
-3.138026897599001330e+00
1.036941436740175604e+01
-8.329503599247194856e+00
2.067815527551974952e+00
-3.573683478039248573e+00
7.649055521378574696e+00
-2.651083996548194044e+00
-5.570366436838670054e+00
4.817545481036289878e+00
-4.457193595008144271e-01
4.017738514166213193e+00
-9.650992797926654987e+00
5.739634598502100893e+00
1.526400891649720926e+00
-2.213469002774577365e-01
-3.885106251068958017e+00
-4.055304514385422721e-01
6.565888626854802901e+00
-3.022256567371103930e+00
-3.776269109847512517e+00
2.300202941042279292e+00
1.155088615189602930e+00
4.339551983685534076e+00
-1.170605205904557877e+01
9.460259959514072392e+00
-4.287221280794351941e+00
7.237839600137411011e+00
-1.139585885001440246e+01
5.990341974711733464e+00
1.490540381419847016e+00
2.210674439919755319e-01
-4.145148936426906516e+00
-2.917262578704972187e-01
5.527600947855466629e+00
-8.834443535518788915e-01
-5.870141871687001078e+00
3.827636741719123936e+00
-3.715840827036833716e-01
5.669337692293557218e+00
-1.156732311481691156e+01
7.484735143766665821e+00
-1.401821005068641490e+00
3.745091479974896220e+00
-6.620609494000841977e+00
1.637783455693763712e-01
6.989125610018410484e+00
-4.427328107501740106e+00
3.318599214721160706e-01
-4.584115412354450747e+00
8.695427199303370713e+00
-2.993406051291769288e+00
-3.551877812063161777e+00
8.383445882435788254e-01
2.675752378030210821e+00
2.372156791143173571e+00
-6.900209207913532872e+00
1.381560095989274872e+00
4.993576444387139546e+00
-2.566273784126791746e+00
1.743728512126434538e-01
-6.737925688528513035e+00
1.264517417851885384e+01
-8.527201962361079524e+00
3.725229905910589778e+00
-7.341469273921742200e+00
1.004646635300813884e+01
-3.244638108305185842e+00
-3.053140205139614594e+00
-2.695704251534398743e-01
3.704503035568644354e+00
1.256103014654823324e+00
-4.732627391852187060e+00
-1.642228824240166585e+00
7.600784101861466802e+00
-4.414726437172038942e+00
1.839370953197587255e+00
-7.826535574780610460e+00
1.196177142014958505e+01
-6.067513746194592272e+00
5.585844661919256993e-01
-3.642912208665359142e+00
5.211251711355290084e+00
2.223281145546248005e+00
-7.793419503870054221e+00
3.539681626836167272e+00
3.057874176916541842e-02
4.670771765560820299e+00
-7.075577956278153557e+00
3.863207051033412665e-02
5.263647008286174156e+00
-1.199753517389377633e+00
-1.594414296407028253e+00
-3.837162771005007578e+00
6.432010117517907410e+00
6.951497741114363027e-01
-6.192443755747331302e+00
2.886077134523500565e+00
-1.621258424175144874e+00
8.769596809910128243e+00
-1.279981243318444939e+01
7.052553269926146839e+00
-2.946365110077653782e+00
7.063696865726118546e+00
-8.233647121542679415e+00
5.572091064877793265e-01
4.073228047139122232e+00
7.227395731937082957e-01
-3.488984915251349683e+00
-1.692747910546724688e+00
3.240906891622076902e+00
4.385604576988986203e+00
-9.075255992071753042e+00
4.837602110693930868e+00
-3.209359032963059910e+00
9.445486292876143608e+00
-1.152964822809219214e+01
4.200407031056086815e+00
3.464345679713112247e-01
3.356117219123011530e+00
-3.598848417981632686e+00
-4.277441920333655112e+00
7.867892957057895487e+00
-2.172469863335801943e+00
-6.245464183607811748e-01
-4.297293738217186743e+00
4.941229507560277234e+00
2.878784909625700550e+00
-6.493574024104399989e+00
1.234940180574158664e+00
7.326825375357204351e-01
4.715325002607351657e+00
-5.227851454017258703e+00
-3.014423724429430962e+00
7.217008526606150554e+00
-3.153991773455616432e+00
3.018615519063073016e+00
-1.025220244743799647e+01
1.213427460929004731e+01
-5.135382068579550818e+00
2.037363848868355642e+00
-6.483690022969444300e+00
6.144617378837480715e+00
1.831186801711909506e+00
-4.427968857979328376e+00
-1.587273710527536075e+00
3.516858808894599786e+00
1.600122510524719655e+00
-1.196500585776980596e+00
-7.109014851184443984e+00
1.013216013571400076e+01
-5.010961773397448304e+00
4.359399712896188106e+00
-1.041867384383908046e+01
1.032428709519390431e+01
-2.056323007307719664e+00
-1.178246780403595206e+00
-2.991433213524632428e+00
1.969578213555956081e+00
5.801038532481811671e+00
-7.164350705813568254e+00
3.987616141101080203e-01
1.394028556991856238e+00
3.531413367529951053e+00
-2.485208282030966664e+00
-5.514746820123519910e+00
7.113599730419548628e+00
-9.124748397849420378e-01
-1.440214383485667327e-01
-4.983787445177026321e+00
3.422845932317419848e+00
5.352037700023337230e+00
-7.916297399904117960e+00
3.272273641452970505e+00
-4.216921978196388920e+00
1.105902881974260232e+01
-1.068861351366648904e+01
2.925697954353038366e+00
-1.110941351822713141e+00
5.708571699153647927e+00
-3.982434652289348342e+00
-3.710208736588853196e+00
4.056250016551629756e+00
2.818934594222358481e+00
-3.765172358839490752e+00
-1.032053020581639835e+00
-1.207172707013629775e+00
9.571090613015206472e+00
-1.064187793144599681e+01
4.880357041839404886e+00
-5.203103915655839629e+00
1.070366128779140169e+01
-8.470355487145260653e+00
-1.572913064926630966e-01
1.798129860647551759e+00
2.658236120987228723e+00
-4.982765019446659949e-01
-6.649954893474099293e+00
5.708102669994227440e+00
1.657860372766392087e+00
-2.251116530339630550e+00
-2.478401450884863522e+00
-7.670186639554987806e-02
7.650495031996846329e+00
-7.050824975753322121e+00
2.467214593741080542e-01
-1.609046753296614618e-01
4.681293466057789843e+00
-1.206885013442562604e+00
-7.474547028243399893e+00
8.162113441651154488e+00
-3.165043375924835534e+00
5.099341901698304369e+00
-1.112984819755800103e+01
8.575557590653772877e+00
-6.111232349879864856e-01
2.920865455508341313e-01
-4.858537854703340209e+00
1.945049209823549674e+00
4.919963563902910231e+00
-2.966819194014925110e+00
-4.324325445866991302e+00
4.173726476686146825e+00
8.876344957833293137e-02
3.747092801007378515e+00
-1.155023956026078480e+01
1.052232767669088886e+01
-4.431161289256222879e+00
5.697716588394889925e+00
-1.032469748117134145e+01
6.151691410739229759e+00
2.218360449840484527e+00
-2.080620842879973509e+00
-2.453479229893363645e+00
-6.691862131212606979e-01
6.746626249639277262e+00
-3.596999787176162755e+00
-3.833892565096414184e+00
3.087362202096395336e+00
1.266683877480494935e+00
2.527599741352019258e+00
-9.113720614032903455e+00
6.297290447808351566e+00
7.009862005190345968e-01
2.134340498963727129e-01
-3.901022109661148818e+00
-1.194409417706775001e+00
9.162252052023820426e+00
-7.865171028781310802e+00
2.789468301726842014e+00
-5.592644661589597277e+00
1.047485885268348049e+01
-5.970189492332917069e+00
-1.600992486210307320e+00
2.977215739144707385e-01
4.050974989101168156e+00
-2.056506720161901391e-01
-5.365923135527900456e+00
1.239452777715434717e+00
5.968535520548083895e+00
-4.653864746900856275e+00
1.096739800659958242e+00
-6.192946364957330196e+00
1.286642391784384643e+01
-9.750201355161108197e+00
3.692681054009633534e+00
-5.846497372763512779e+00
9.367480457231248892e+00
-3.593325025937803119e+00
-3.912195392456949694e+00
1.929730903678138265e+00
2.448498497221728964e+00
1.429658823326208417e+00
-6.086233292449064081e+00
9.931580433172524369e-01
5.941422575358927816e+00
-3.788057342325022780e+00
-3.144393869952466503e-02
-4.670772723095033108e+00
9.795106336843439010e+00
-4.913260808091918008e+00
-1.826888740814511802e+00
-8.084443640595834202e-02
2.777992814081986950e+00
3.542031707412393260e+00
-1.023122247201197510e+01
6.987580711899842534e+00
-2.142735785573901985e+00
5.672710020729096136e+00
-9.171465289356710571e+00
3.093381289843159632e+00
3.504216075380635509e+00
-5.565112386696644542e-01
-3.385492403244219073e+00
-1.103659131016481831e+00
5.027253044728102083e+00
9.811070207238813401e-01
-7.587973730322309152e+00
5.100979855103111582e+00
-2.375271663553070844e+00
8.329670376258745179e+00
-1.339900286445709909e+01
8.366304180480700126e+00
-2.736799859160711890e+00
5.695487554217871562e+00
-7.967810572809206349e+00
1.039519555187099709e+00
5.053345232360410222e+00
-1.292452414984461395e+00
-2.679299972290604348e+00
-1.731231298499387838e+00
4.735557629167056248e+00
1.891869029049946693e+00
-7.787002536200573033e+00
4.247715219677220766e+00
-1.101838558530666923e+00
6.348278588440878778e+00
-9.658625758856988597e+00
3.023496310415436650e+00
2.994708207534629629e+00
-1.441505589833884660e-01
-1.472565512937506593e+00
-5.606938019400152129e+00
1.055209572101232673e+01
-5.550148825693958621e+00
1.263913835978528688e+00
-5.364176590412848000e+00
7.354387289842447828e+00
-1.906437108914506018e-01
-4.914294196994277719e+00
4.161022953866819751e-01
2.931645982927838734e+00
1.903239184553600083e+00
-3.957764526421052587e+00
-3.497949338936999553e+00
9.007104982769298829e+00
-5.409189337756337146e+00
3.599110300290190523e+00
-9.977923928869781633e+00
1.309879772705351542e+01
-6.474234590826063673e+00
1.671184971397652319e+00
-5.325195664296683340e+00
6.295498496275850009e+00
1.269930363604802270e+00
-5.504995466929416992e+00
1.678923873851378978e-01
3.141509967123373492e+00
1.575766732581467267e+00
-2.824733645640890245e+00
-4.817020785996791510e+00
9.191914720299774189e+00
-4.384867488024456250e+00
2.031996063009355424e+00
-7.454944387331047473e+00
8.744568709877366786e+00
-8.067358341836770030e-01
-4.049927447257843482e+00
3.570018462177610985e-01
1.519489757984331391e-01
7.192011207470082823e+00
-1.006367553689597116e+01
3.633498014256747233e+00
-2.304017959811970329e-01
4.734463714055442196e+00
-5.200275435938605639e+00
-2.491476579035787342e+00
5.688784068312503273e+00
1.470877413860578464e-01
-2.720788585737344167e+00
-2.171272120818972695e+00
2.279466855141699000e+00
6.080314255106030075e+00
-1.005732723044027210e+01
5.486368755366391348e+00
-4.638659357793151194e+00
1.101043431213596335e+01
-1.199312676255440913e+01
4.232350801504221494e+00
-6.277330514802255124e-01
4.838316800885706925e+00
-4.535367614014351290e+00
-3.122736049164899885e+00
5.193844672260901518e+00
1.389174742021005660e+00
-3.790607433599913367e+00
-1.015367688628660670e+00
5.328649186852674191e-01
7.534773912849145105e+00
-1.001165829912657301e+01
4.154344338009062554e+00
-2.693267381096547286e+00
7.946447584842527334e+00
-7.165013496707091534e+00
-1.520657019650757613e+00
4.836920525992240982e+00
-4.563188434859908327e-01
1.028200362004883850e+00
-8.150435104686394538e+00
8.779879004668485365e+00
-1.372677452848792168e+00
-8.506806155967501226e-01
-3.883032453368123527e+00
2.908564738779733982e+00
4.729063766146589742e+00
-5.742928500356656585e+00
-1.106113900548038043e+00
2.742977241212649187e+00
1.942736605968102381e+00
-1.694606943905028196e-01
-8.485629202833107954e+00
1.059594047075242074e+01
-5.267677844242370178e+00
5.396271940754307828e+00
-1.136262970712070697e+01
1.018327827982369982e+01
-1.839696785791288480e+00
-2.524938350181127333e-01
-4.345048259292861204e+00
2.867458241418001208e+00
4.354164626381073155e+00
-4.118836926095286621e+00
-3.270937808866702046e+00
4.547424712719278617e+00
1.433772638971686497e-01
1.930903857596209861e+00
-9.814977744817833027e+00
1.015251946767692814e+01
-3.555475042620010573e+00
3.061653695801251907e+00
-7.840802798167606724e+00
5.092244636868008101e+00
3.725297277123223338e+00
-5.217046691599127151e+00
3.583950023944697527e-01
-1.940069485420512052e+00
8.398668358439758563e+00
-6.789259378641123277e+00
-1.054356446980965423e+00
1.855207947599587293e+00
2.927278716514423174e+00
-6.806590158856842265e-01
-6.342171699840919885e+00
5.060012402698791156e+00
2.383313823143184518e+00
-2.949258055338936479e+00
-1.302313618221679015e+00
-2.158407445686462367e+00
1.048304844299134864e+01
-1.052309583102232438e+01
4.725880907096579264e+00
-5.815742872673341779e+00
1.103659881159370926e+01
-7.834669825345880412e+00
-4.827735522340579344e-01
8.361513125074964137e-01
3.947826496656235307e+00
-1.448575907904930737e+00
-4.862104107510180739e+00
2.352750448539203454e+00
5.325282196560912951e+00
-5.308270330661294167e+00
9.188874902203183481e-01
-4.348821244225431037e+00
1.146706551947608155e+01
-9.583355327656386535e+00
2.635100358675677157e+00
-3.155887027223509111e+00
7.213296799566224493e+00
-2.741338506422103194e+00
-5.579569480232713374e+00
5.085661872408090645e+00
-9.461888796133521851e-03
2.496134736520277286e+00
-7.922793846528199069e+00
4.247096552412382486e+00
3.443324736384029805e+00
-2.657405740254951798e+00
-1.986812460685674964e+00
-1.300329724520802088e+00
7.211688498081906928e+00
-3.694993219314627098e+00
-3.856078747596787260e+00
3.259006285041054163e+00
3.722066899357479031e-01
4.475184659985973923e+00
-1.187610407066675933e+01
9.794783666171959169e+00
-3.877128434242391286e+00
5.886503639445328950e+00
-1.009813815257649949e+01
5.160694761667618202e+00
2.513803570965976508e+00
-1.014373355779826458e+00
-3.727359036470673903e+00
3.971274054672762066e-01
4.615679181231707062e+00
-3.637845082234147931e-02
-7.369856943551865491e+00
5.958468712540745393e+00
-2.038019667387999334e+00
6.516205815213025332e+00
-1.235838756722790066e+01
8.341198703261913039e+00
-1.484877424138533186e+00
3.033003963264028879e+00
-6.185616260277244649e+00
3.487316343868662738e-01
6.884283859099590508e+00
-4.386071751027088794e+00
-6.058609250554378711e-01
-2.656499369815704448e+00
6.777727573730922828e+00
-1.360816258498516618e+00
-5.583633012757858616e+00
3.146048823448242882e+00
1.168032219071641453e+00
2.887171634106511675e+00
-7.290050120797428868e+00
1.770890167341460764e+00
5.368127122020551312e+00
-3.571395534184048426e+00
7.036083433622604133e-01
-6.559484605726646045e+00
1.252215002569263547e+01
-8.430308702474741622e+00
2.781391652762091660e+00
-5.642183552656760526e+00
8.667382366638648250e+00
-2.401906079759653423e+00
-4.054063939436414188e+00
7.174368190332754969e-01
3.731655252572933179e+00
2.172187440541722969e-01
-3.656634996962828676e+00
-2.634191700141990111e+00
9.210091716957130359e+00
-6.387691183102422343e+00
3.085114950469828976e+00
-8.261118873780320726e+00
1.242680957342543024e+01
-6.529927110352201858e+00
2.330158454911668287e-01
-2.779154403621315161e+00
4.910520949679981761e+00
1.851014607182495775e+00
-7.488859106948179800e+00
3.118744384661568336e+00
1.461002545040395617e+00
2.430463675218658803e+00
-5.079524197881226222e+00
-1.629808654897152875e+00
7.279748420033328671e+00
-3.239566812939965512e+00
-5.508382426623512629e-01
-3.981658495688858324e+00
6.604768850628603971e+00
5.318265403062792940e-01
-6.745182599081255503e+00
3.779575770208251306e+00
-1.776830749869213300e+00
8.218859316413087868e+00
-1.234659782361417513e+01
6.513267780035092436e+00
-1.537366070273421315e+00
5.153859028647819862e+00
-6.904182128566059617e+00
-1.973377776334632738e-01
4.946691421312244152e+00
7.445078754012035560e-02
-3.969392414946481207e+00
-3.780786297668752294e-01
2.093463849784337416e+00
5.425972103652453526e+00
-1.065930653160782526e+01
6.505219466624145852e+00
-3.951124317131357699e+00
9.460042719848893000e+00
-1.168631049513916764e+01
4.311967162133082176e+00
9.687636777483046302e-01
2.496833803693781384e+00
-3.553864771579370530e+00
-3.647874702984799544e+00
7.306924339935625845e+00
-1.344588476258598675e+00
-2.489267457579511511e+00
-1.872336046831202472e+00
2.991734113118802885e+00
4.475679768961337679e+00
-8.371701209290378642e+00
2.898210890192820521e+00
1.790496543388400141e-01
4.542032621044164387e+00
-5.254490150015136862e+00
-2.991865785996167038e+00
7.813430170241910666e+00
-3.785811739485754224e+00
2.711963189008426589e+00
-9.307707861996904697e+00
1.135047154431946481e+01
-4.185731672041591800e+00
2.723131678577415116e-01
-4.518925616745041118e+00
4.989927321684100470e+00
2.412388825384995439e+00
-5.093963061577547080e+00
-1.325621486139969551e+00
4.408430716830226359e+00
1.208012655652819234e-01
-8.900211569014349067e-02
-8.091313616495183325e+00
1.155878046797305458e+01
-6.253264986885938015e+00
4.559201999473280864e+00
-1.004803823159597620e+01
1.022503787797764829e+01
-1.893747853234487355e+00
-1.961683892179516109e+00
-2.290144352311776377e+00
2.276011162873066596e+00
4.876152931794932144e+00
-6.325688876067971478e+00
-8.182658863342320288e-01
3.590914426892104494e+00
1.072148569424573150e+00
-7.073729569848579146e-01
-6.942288707122076019e+00
8.752513025911047961e+00
-2.131738995945593906e+00
-5.563441638410493439e-02
-4.584093418172251688e+00
3.398064094023830251e+00
5.368140968320776807e+00
-8.418768952149720874e+00
3.515709346048022876e+00
-3.401189516871847118e+00
9.739958532776828548e+00
-9.610494581417704296e+00
1.636063126531330791e+00
8.720834302764517432e-01
3.847025344264817459e+00
-3.107853638405646546e+00
-4.059608838032829681e+00
4.468306958188295042e+00
2.945492707576147673e+00
-4.979673586301981203e+00
4.748006665998723008e-01
-2.157107858650494148e+00
1.039175424798998826e+01
-1.179559887237530802e+01
5.616668152241874878e+00
-4.872665697729061662e+00
1.002247523374364135e+01
-8.196056561446845024e+00
-4.937077328041445945e-01
2.597987131615245637e+00
2.249918332189168702e+00
-1.214704108584293341e+00
-5.429444086520154755e+00
4.608062123585565217e+00
3.204041921616827437e+00
-4.644719744058123823e+00
-1.425102221290250881e-01
-1.571505133520934017e+00
8.832107913903293195e+00
-8.380639837910571543e+00
1.001562117187851264e+00
1.432789083736398794e-01
4.176072312748953408e+00
-1.237833567577744542e+00
-7.423089319620196136e+00
8.444739824813416007e+00
-2.929752439885048076e+00
3.775371061720729671e+00
-9.495340995871709211e+00
7.271689526365902267e+00
9.185006422857937558e-01
-1.756279662221419180e+00
-3.244789273541121233e+00
1.423984752804823284e+00
5.013320266775609824e+00
-3.116421002136056995e+00
-4.795340067251924410e+00
5.585828518968234846e+00
-1.296426835425057433e+00
4.429184181562515477e+00
-1.212106361150002343e+01
1.131628995066198939e+01
-4.627700199338003806e+00
4.897721750311758271e+00
-9.440135424680814680e+00
5.801777678711314223e+00
2.617126360206906810e+00
-2.758610161044663389e+00
-2.440549845710576538e+00
4.712429570836764725e-01
5.269323379582807831e+00
-2.287250657092178230e+00
-5.614401317225492072e+00
5.522710777543991867e+00
-7.967485557510194383e-01
3.654428314615889573e+00
-1.000320046086132564e+01
7.286013221815341723e+00
3.830905498337462411e-01
-3.701838065001363809e-01
-3.428045944449267246e+00
-1.001074832915458845e+00
8.945924215740262753e+00
-7.827099459523812364e+00
2.030676138794675012e+00
-3.810009709844575987e+00
8.618761642466232331e+00
-4.533244035776475833e+00
-3.252787622178658467e+00
2.259964843513210031e+00
2.801275663785424364e+00
-7.074027852348496737e-02
-5.216744908430820615e+00
1.155977421081826551e+00
6.700751928839667748e+00
-6.114032785025009353e+00
2.214455251648187684e+00
-6.517289761688940253e+00
1.312514625099835541e+01
-1.013467353398262283e+01
3.365242223035548541e+00
-4.680735117292497804e+00
8.408202866061714076e+00
-3.273699132613152152e+00
-4.264000727180367711e+00
2.368428165496065496e+00
2.890177856730685058e+00
-1.013950919025985442e-01
-4.427001949108158030e+00
-4.456631670771673548e-01
7.837572030486457564e+00
-6.106356769198949763e+00
1.634260440823307015e+00
-5.381148289557902586e+00
1.038219081891002915e+01
-5.568918314432155015e+00
-1.874753152050783189e+00
6.403484552364121507e-01
2.477239256125916889e+00
3.093280689315528686e+00
-9.773447070884774490e+00
6.563332265987983583e+00
-8.656813852198741444e-01
3.525628595793719899e+00
-7.213032980063463384e+00
1.629087986195680404e+00
5.156030144976762486e+00
-2.297695162750189812e+00
-2.575885154554474088e+00
-8.651014284000264620e-01
4.685904905524014730e+00
1.234840828674575786e+00
-8.468571816788006856e+00
6.450835897726669543e+00
-3.098454761527328571e+00
8.237759068164747234e+00
-1.331678731173288988e+01
8.332934991482717990e+00
-1.948260175151021123e+00
4.300470448270142576e+00
-7.070303378604312350e+00
8.495586612023872108e-01
5.263913519100397842e+00
-1.407260247037639855e+00
-3.585467413116963264e+00
1.119140518523803751e-01
2.997930386739886988e+00
3.359929320107315043e+00
-9.669577565199187319e+00
6.302299045446841497e+00
-2.281248352390516487e+00
6.636390278714877411e+00
-9.970329249068463184e+00
3.391691202556387896e+00
3.302154491648948031e+00
-8.470688226489972994e-01
-1.470991451236518088e+00
-4.835166462800620124e+00
9.806282489748799236e+00
-4.715906279831215464e+00
-4.769050162545349636e-01
-2.982677390408323248e+00
5.425906588425726262e+00
1.194832508290861739e+00
-6.453293782186515060e+00
1.831193954417927428e+00
2.590228225910593540e+00
1.348916423384211027e+00
-3.506200821012746438e+00
-3.833977365612721400e+00
9.906606271462301549e+00
-6.497731608053181063e+00
3.833087616774371043e+00
-9.450369486876352809e+00
1.268375573471253226e+01
-6.055643759091122291e+00
5.241584070466887013e-01
-3.856322174915262746e+00
5.589262155157951106e+00
1.249752648360537011e+00
-5.505954178478882355e+00
-8.474228173609765769e-02
4.471692258673476417e+00
-4.628770306553386948e-01
-1.130070370435216631e+00
-6.207292936574279274e+00
1.093535663880451558e+01
-6.055717570963986773e+00
2.682419064216167826e+00
-7.359263475994878512e+00
8.842102671609126219e+00
-9.639736728460568393e-01
-4.488028456878095263e+00
8.879862226342027931e-01
5.493743772989256868e-01
6.064137291530784957e+00
-9.018862886182308358e+00
2.408734044859924595e+00
1.876268081324810044e+00
2.271704307953457569e+00
-3.432944011045821142e+00
-3.704267402236391504e+00
7.023744139048622159e+00
-8.767809776224375629e-01
-2.824942624047128703e+00
-1.398693918856171337e+00
1.822144112822128736e+00
6.396670143703390821e+00
-1.084402793898375350e+01
6.185341804475497085e+00
-4.331556698338266287e+00
1.007045793275569245e+01
-1.128946665309280561e+01
3.497183440038496904e+00
7.467975309201504430e-01
3.454021002736837431e+00
-4.128564900333769216e+00
-2.841169762520501241e+00
4.950397630939161076e+00
2.008112448644826742e+00
-5.458192984650949597e+00
1.075389050354696341e+00
-9.927949697719844480e-01
8.745870511180440232e+00
-1.150752774453090410e+01
5.359665677379560123e+00
-2.822349776132924593e+00
7.546495745257914223e+00
-7.136617809939017398e+00
-1.477051828207609940e+00
5.268413726200209979e+00
-6.798300903664658001e-01
1.705565993511006795e-01
-6.673206138061473780e+00
7.462128439121578971e+00
1.829748748133401826e-01
-3.192152065174079567e+00
-1.500079091622829264e+00
1.418169259599466159e+00
5.698956768062775069e+00
-6.813798728301705410e+00
-4.930912336121244799e-01
3.221864676666572613e+00
1.079595840111907679e+00
1.785748800286404148e-01
-8.679026759864758134e+00
1.115027753196866023e+01
-5.484484856550745135e+00
4.545071981575938835e+00
-1.007485697898727572e+01
9.266173187524520571e+00
-8.837684635387024201e-01
-1.709315331581795938e+00
-3.190597971564309798e+00
2.834599877557452352e+00
3.796226725126540025e+00
-3.633394782068497531e+00
-4.211586791551200193e+00
6.428642474878360602e+00
-1.843596478464391897e+00
3.170846597586438609e+00
-1.076332305074823381e+01
1.132076090096809651e+01
-4.259135575017098496e+00
2.726641469859878875e+00
-7.249347900991915949e+00
5.042725967743527882e+00
3.689483335831142519e+00
-5.511337256364425841e+00
1.710209965166167301e-01
-6.071307087928068391e-01
6.619510933750773596e+00
-5.258657660931059574e+00
-2.848565446579704563e+00
4.280892279175443349e+00
7.769394041694264175e-01
4.453616348636417754e-01
-7.031266073919876902e+00
5.843721459467348112e+00
2.154574841499896642e+00
-3.691316851493088969e+00
-4.934281014672037280e-01
-2.284931688136504491e+00
1.046162543741349005e+01
-1.075038076267165721e+01
4.412698457664795626e+00
-4.467301528493009322e+00
9.501209288012832488e+00
-6.801426947727437167e+00
-1.548185987061562408e+00
2.231192930506079364e+00
3.140472078207429352e+00
-1.821619411839656699e+00
-4.051989283365039718e+00
1.664140550775771832e+00
6.505511234531796916e+00
-7.254968519861065168e+00
2.649477351915938250e+00
-5.208958004192085767e+00
1.209698748173041061e+01
-1.038014920553080245e+01
2.849197305249406842e+00
-2.457741600968732953e+00
6.564757269058985933e+00
-2.779494397802158012e+00
-5.450274963053669985e+00
5.132790936394643566e+00
6.494620676074993604e-01
7.217252506440852144e-01
-5.926034863805879738e+00
2.590723796103940213e+00
5.361957091776033302e+00
-5.012624812972147126e+00
-1.982239975426041134e-01
-2.012982219241916670e+00
7.619319525079789379e+00
-4.206886070031227831e+00
-3.943122716571042741e+00
4.123658395651288444e+00
-2.356122424882247657e-01
4.284195458407061174e+00
-1.157074968760693778e+01
9.634938348043352363e+00
-3.035295088222079940e+00
4.133376402185314547e+00
-8.440938979554093891e+00
4.119234922385481390e+00
3.575163508419485936e+00
-2.219660234378734387e+00
-3.344393778526085992e+00
1.161008232825435860e+00
3.615144965387129705e+00
7.852389397986250241e-01
-8.679858663924793660e+00
7.813329435569650094e+00
-3.378582531312877002e+00
6.936161244739121656e+00
-1.264894949257424805e+01
8.762581626291522596e+00
-1.267219275551032531e+00
2.105976307568138584e+00
-5.621881005218458682e+00
5.740902302481150077e-01
6.577167516481503995e+00
-4.108157840773277059e+00
-1.748119626841012852e+00
-5.209689741510634686e-01
4.676532620952762898e+00
3.174997656663081091e-01
-7.503820886686128233e+00
5.287687948505092272e+00
-1.663709649297056004e-01
3.182007483968620765e+00
-7.453375543280049698e+00
2.061691754392928289e+00
5.669153366961794838e+00
-4.403727433639240907e+00
9.771594757322352720e-01
-5.983062929662436247e+00
1.189510492639428385e+01
-7.863584357878456998e+00
1.460650440149890095e+00
-3.613666692079811948e+00
7.026835088363833748e+00
-1.457875597487261032e+00
-5.008754570764341274e+00
1.634035038708656185e+00
3.802639842851919472e+00
-8.759244229712429552e-01
-2.558978069311079295e+00
-3.496084763843251064e+00
1.052505192144562152e+01
-8.000265497533259662e+00
3.934821568213005882e+00
-8.221830976306929273e+00
1.239457242485876520e+01
-6.610841995304119756e+00
-3.201446173685251750e-01
-1.776905503203017211e+00
4.565689442207981230e+00
1.360618196597202179e+00
-6.946728760016274151e+00
2.477699730953980328e+00
3.048477156350402950e+00
5.337572452051045357e-02
-3.004384831177712378e+00
-3.221762841764042928e+00
9.083636891183752837e+00
-5.050273662071695924e+00
2.829169494771317517e-01
-3.900140417818409144e+00
6.594902107500415944e+00
3.831208676790613943e-01
-7.137118011090846537e+00
4.426441620829332457e+00
-1.610931135415703430e+00
7.226118917791122698e+00
-1.139633081498624634e+01
5.561384470642271260e+00
1.699082322942766510e-01
3.003163011941511584e+00
-5.416762348025600637e+00
-9.533367807801087501e-01
5.714677129358573637e+00
-4.931471089371789462e-01
-4.473353499168549519e+00
9.417470273262033009e-01
1.013705550336677419e+00
6.224242492285476658e+00
-1.185344241450497194e+01
7.747089968265855831e+00
-4.252527616241597919e+00
8.986967177800675444e+00
-1.138368091312804786e+01
4.120920700124218961e+00
1.733904103046144840e+00
1.576557026439047160e+00
-3.539547393620264160e+00
-2.846444444542417518e+00
6.506648598421854501e+00
-3.453335836649407131e-01
-4.438096452052228358e+00
5.990517106746600096e-01
1.076732528177044568e+00
5.881361367016907593e+00
-9.959328797661861188e+00
4.297654406640960545e+00
-1.580904195931811529e-01
4.167943416799247736e+00
-5.168573084030912312e+00
-2.888313898423736870e+00
8.165988461248069541e+00
-4.111662787459915869e+00
2.041106606262368395e+00
-7.909771370821513159e+00
1.011226455663334178e+01
-2.908389348189613255e+00
-1.696611189352666305e+00
-2.407813871350181323e+00
3.775398603323327773e+00
2.915967178246239744e+00
-5.626622006584266700e+00
-1.123471409464212645e+00
5.276314849201754420e+00
-1.292094617403987789e+00
8.486629783301768981e-01
-8.723611605874422636e+00
1.251917875276556558e+01
-7.030747424370437315e+00
4.304379096368482038e+00
-9.209525626515988606e+00
9.734361683249211694e+00
-1.523743737723723513e+00
-2.801842866162909562e+00
-1.596357338606521958e+00
2.668787516865413600e+00
3.756202519550893015e+00
-5.281021028455241684e+00
-2.129363496071572381e+00
5.780364118779980132e+00
-1.333128042409877700e+00
9.242833620466877065e-01
-8.082158233545985837e+00
1.005239308406386201e+01
-3.083772225640663223e+00
-1.612838692001017371e-01
-4.035302056351609323e+00
3.348138321961962482e+00
5.207172865449848587e+00
-8.608980637486439491e+00
3.416488882570380525e+00
-2.207183558295819914e+00
7.990329404262444868e+00
-8.152659806717927893e+00
1.232895872064174725e-01
2.958617856954295355e+00
1.929525418537575643e+00
-2.256066565904148558e+00
-4.280847241136401138e+00
4.753455749706660960e+00
3.080965129143574899e+00
-6.101779852961447759e+00
1.829546896403140277e+00
-2.833224898567009653e+00
1.076982243427293717e+01
-1.243432721622481374e+01
5.879737797980084224e+00
-4.104261612771583856e+00
8.923417359486425227e+00
-7.620105997438558987e+00
-9.368786356944645011e-01
3.377726895824256115e+00
1.899625598834515650e+00
-2.047120063533524270e+00
-4.024374351662594052e+00
3.368065515330970872e+00
4.745251209502121092e+00
-6.929791753230894358e+00
2.039138513136970143e+00
-2.821085235940700375e+00
9.656679951335046752e+00
-9.356884192772778164e+00
1.516584912807076968e+00
5.939560488336583788e-01
3.592481639287195438e+00
-1.337742628599868810e+00
-7.109382169226136305e+00
8.370360785805784687e+00
-2.343409011288670740e+00
2.090102873762515578e+00
-7.485546996958303723e+00
5.687843786485371922e+00
2.557241540395204460e+00
-3.812349039247763027e+00
-1.651685709064849572e+00
9.846648924734968666e-01
4.961124456049421205e+00
-3.178992071520013951e+00
-5.200724290691034923e+00
6.823415966507012875e+00
-2.439677544532943276e+00
4.742766617639824211e+00
-1.218164771979270355e+01
1.157946552703055509e+01
-4.374242368016910021e+00
3.704763045421054724e+00
-8.211499229482136286e+00
5.251697964490094961e+00
3.027869164295629911e+00
-3.358484025823547103e+00
-2.511328877663558057e+00
1.727358358084110979e+00
3.651163724897019236e+00
-9.305193599698025064e-01
-7.278485287197407061e+00
7.749123067079981553e+00
-2.616015779072147662e+00
4.458897083340861656e+00
-1.049928890438781792e+01
7.941240257454875717e+00
2.507486699080523351e-01
-1.034580800027491643e+00
-2.956970616557474063e+00
-6.492834801860332128e-01
8.403337487314511023e+00
-7.417449514410687783e+00
9.432151314697412303e-01
-1.713006160006893541e+00
6.469670616777112748e+00
-2.931519291510267244e+00
-4.901452898177062423e+00
4.148719219168455652e+00
1.627013213848953921e+00
-4.741984811462351956e-02
-4.938744135943941238e+00
1.054307963473395393e+00
7.277076415668400244e+00
-7.313859199048911464e+00
3.006648971556861838e+00
-6.397818067741598114e+00
1.283799763773050273e+01
-1.000752704984891039e+01
2.640234012922059392e+00
-3.189637478071317478e+00
7.193529892594805020e+00
-2.855778824357578571e+00
-4.549670442873509302e+00
2.697399029699790063e+00
3.412427214799634179e+00
-1.717412601135593908e+00
-2.699690897713017179e+00
-1.820312768576185514e+00
9.504263864020987995e+00
-8.126292775485445929e+00
2.985172543038734361e+00
-5.720727381455247951e+00
1.057495980037377947e+01
-5.942670322186817344e+00
-2.034070535845536654e+00
1.367435595214654187e+00
2.257754201787855131e+00
2.411911101870392926e+00
-8.954634329327603837e+00
5.786416397230071951e+00
6.878434922269844876e-01
1.136630974179552389e+00
-5.062727430895696656e+00
1.195121821674860474e-01
6.705338936006484118e+00
-3.907279439185909808e+00
-1.869255906772762987e+00
-5.162913774345161411e-01
4.263839620734356295e+00
1.416648748384015555e+00
-9.097451204730651497e+00
7.461079583400705317e+00
-3.428467381900659028e+00
7.654076869014315498e+00
-1.268881275662054264e+01
7.840366316372157307e+00
-8.380367743288941185e-01
2.662175680641110098e+00
-6.010597929580938192e+00
6.523347599426289056e-01
5.355874254076614882e+00
-1.411759066946506547e+00
-4.539609425395396691e+00
1.981877281888873688e+00
1.286813420313527523e+00
4.645215447352219584e+00
-1.121924415452664370e+01
7.989251337043816292e+00
-3.101294397124079616e+00
6.537571046214346815e+00
-9.920867300150895574e+00
3.554596015366315864e+00
3.636420585374256387e+00
-1.481890768117534396e+00
-1.618917731445474129e+00
-3.780943281835755343e+00
8.698865537539976600e+00
-3.581095736256380224e+00
-2.416515854804232255e+00
-4.499838168133407090e-01
3.415396115854429038e+00
2.513333571420326429e+00
-7.813032948887962625e+00
3.085576959475334835e+00
2.349814142611380774e+00
7.153964665482787089e-01
-3.047256308126462088e+00
-3.996718954531229606e+00
1.046395637518915223e+01
-7.183610067907422625e+00
3.630065095191081781e+00
-8.415431341220603656e+00
1.175880902169296149e+01
-5.258275372106871792e+00
-8.535572374741260404e-01
-2.230911986425405669e+00
4.807884077927484512e+00
1.166567130547814690e+00
-5.367680308565162761e+00
-4.160460168753369326e-01
5.790593504968120087e+00
-2.448881595855018745e+00
4.312745360931256045e-01
-7.300310772125626180e+00
1.226230382169617883e+01
-7.316864888904161646e+00
2.958767283949246263e+00
-6.892869943009817035e+00
8.640746706493564133e+00
-1.008366207639693979e+00
-4.868360412424268091e+00
1.287763808382854647e+00
1.144516022745415196e+00
4.634606236353383757e+00
-7.647449134140184235e+00
9.647847728021710090e-01
4.085812326301040187e+00
-2.425128765694000155e-01
-1.691249780479975318e+00
-4.755743534203383582e+00
8.132649712405985554e+00
-1.742528557794198907e+00
-2.999779343241287144e+00
-6.028781740963029545e-01
1.447150661124793736e+00
6.438472514775279265e+00
-1.121410650989996860e+01
6.442784842375560928e+00
-3.572656917804845733e+00
8.641329245951697047e+00
-1.014377400257189166e+01
2.483423045836897103e+00
2.255975097975666532e+00
1.994422838096939987e+00
-3.717760695354259237e+00
-2.454639253509693031e+00
4.581697662866373477e+00
2.644275183582005084e+00
-7.034510281227560391e+00
3.021262483634020946e+00
-2.276980884409492312e+00
9.560528787911634296e+00
-1.253145978272118199e+01
6.144501956788428032e+00
-2.592938408231271197e+00
6.820932120541995047e+00
-6.892740179958208202e+00
-1.448935123278204173e+00
5.568276742396367496e+00
-7.286752157409885911e-01
-9.064604217474068193e-01
-4.908679942653721540e+00
5.885929107800640381e+00
1.854268884872746881e+00
-5.531697932197718437e+00
8.357895785291171720e-01
4.840331525268615209e-02
6.439795701351502366e+00
-7.645911088538401401e+00
-4.761799109307407463e-03
3.717237657535346074e+00
2.664861372005007389e-01
3.487900610765648501e-01
-8.508105377384751478e+00
1.123849255189060869e+01
-5.250439214374901908e+00
3.258275192262314324e+00
-8.347883496562589656e+00
7.999884950836136710e+00
2.411638040522072757e-01
-3.210358993120527415e+00
-2.027093196917294282e+00
2.845145686748209002e+00
3.124069737623110576e+00
-3.070285527964515371e+00
-5.084011981946084724e+00
8.126280377485834094e+00
-3.590625239525905510e+00
4.070769174102171206e+00
-1.124092453084661436e+01
1.199513016023193224e+01
-4.563485323934944660e+00
2.076027876409105577e+00
-6.399691692496090489e+00
4.872107429921620714e+00
3.578354206676683802e+00
-5.620469122059020606e+00
-2.082726426259497998e-01
9.367925442378255418e-01
4.600262471230728956e+00
-3.564969007832093695e+00
-4.642303954236911778e+00
6.601409960361777962e+00
-1.238979639914997044e+00
1.377388238865215886e+00
-7.455932879101592192e+00
6.410520800509170058e+00
1.990601313882594425e+00
-4.379056906537712734e+00
1.843564262119339325e-01
-2.143531504237254914e+00
1.000787548344413658e+01
-1.049346428318854763e+01
3.671012106657979945e+00
-2.728970603216865243e+00
7.602804805032615576e+00
-5.527234809501146984e+00
-2.674976536942625494e+00
3.595734110790469451e+00
2.367628803924993086e+00
-2.256727695369232567e+00
-3.151869661537846756e+00
9.743985642701464833e-01
7.516637190235422317e+00
-8.923402618352987758e+00
4.052532697488857139e+00
-5.649989763087119421e+00
1.221370857114420616e+01
-1.069649473551640995e+01
2.714257560566341709e+00
-1.508149648560657585e+00
5.738818076366367649e+00
-2.790692005005494192e+00
-5.172191726326354377e+00
4.969017392143022960e+00
1.487770417192339600e+00
-1.225178155031084959e+00
-3.764964922310892526e+00
8.850092276784320422e-01
7.162479217700838063e+00
-7.171362382832926485e+00
1.388506100005217903e+00
-2.486346327870810669e+00
7.761763613368360737e+00
-4.554999366333648325e+00
-4.015876492919217000e+00
4.855828894315226130e+00
-6.338006298439946562e-01
3.751092004688544534e+00
-1.079481799268862829e+01
9.007393882325912315e+00
-1.817610900447716560e+00
2.060805564064032147e+00
-6.514926863594579842e+00
2.949336724811988386e+00
4.603394357433385764e+00
-3.343805154426320314e+00
-3.011785236460443826e+00
1.975200705770294718e+00
2.579379438814954462e+00
1.510326182471200873e+00
-9.714881797036358790e+00
9.303254125793102958e+00
-4.320946816652633693e+00
6.885072298544734792e+00
-1.241932184820882945e+01
8.750416205692483018e+00
-7.738087210867661270e-01
1.004490704912224475e+00
-4.964685889628285054e+00
8.553391241805625711e-01
6.074043542273914298e+00
-3.625836801907641682e+00
-3.027251675747957282e+00
1.721828431150289829e+00
2.508045487577541088e+00
1.923795715514401206e+00
-9.198035682113944844e+00
7.162593480360046172e+00
-1.257767524732764208e+00
3.223579374254423868e+00
-7.383880966279461333e+00
2.266468516044833681e+00
5.867318156412457242e+00
-5.028240956689612240e+00
9.751013895804776510e-01
-5.014998174764301098e+00
1.079387453067892366e+01
-6.879744219054941823e+00
-1.577215383136181259e-01
-1.353390364330508300e+00
5.219668070650240743e+00
-4.907698270997842283e-01
-5.858666779128779645e+00
2.448659084532206265e+00
3.910302908219969176e+00
-1.979045279585055717e+00
-1.505176681876825295e+00
-4.152809475775995907e+00
1.146533071616326183e+01
-9.178896773378545149e+00
4.340148514739167851e+00
-7.691402496227523145e+00
1.187052039456096253e+01
-6.333154274179809917e+00
-1.061432930021515286e+00
-6.801684525378193236e-01
4.204040468317208123e+00
7.524718392067283323e-01
-6.193732343589553935e+00
1.671920249896556410e+00
4.703591717541281803e+00
-2.345411140268468309e+00
-9.706343855192982595e-01
-4.624271548999994152e+00
1.057381415263217761e+01
-6.551936416526197959e+00
8.621840964519362771e-01
-3.582430361812377839e+00
6.412671170363352324e+00
2.273961419680768925e-01
-7.338913593188046036e+00
4.802947429000637314e+00
-1.124551094003173546e+00
5.822895482125800548e+00
-1.000415844601777593e+01
4.272911947802402466e+00
2.078632058804910976e+00
7.162474958958625626e-01
-3.862192396416683771e+00
-1.644710948961808139e+00
6.336361984729957264e+00
-9.701680420977704111e-01
-4.972434735437717634e+00
2.207739664174811711e+00
7.232365842042742798e-02
6.709123172486973097e+00
-1.259005721576892967e+01
8.511506076748368343e+00
-4.092670376697062906e+00
8.035723504538552220e+00
-1.064917268769045577e+01
3.665855465125879231e+00
2.595514687792533692e+00
6.345834710104151233e-01
-3.568304457802394580e+00
-1.893691969222359939e+00
5.515633258566410291e+00
7.485240510730507557e-01
-6.364962590718509894e+00
2.994924937742078797e+00
-6.872930830097034871e-01
6.995212218661772674e+00
-1.117390100374431583e+01
5.377523679257195433e+00
-2.589113208705375868e-01
3.602055730939394351e+00
-4.990819281704923505e+00
-2.680422264699847013e+00
8.253243203647235404e+00
-4.126028760587362676e+00
1.032152870299543501e+00
-6.115873522212893043e+00
8.497795567046424026e+00
-1.397573402588425884e+00
-3.762492650100713654e+00
-2.536750114928898459e-01
2.580246465565286584e+00
3.293365273549764716e+00
-6.005593888743268494e+00
-9.694559066651806667e-01
6.074798264984801577e+00
-2.571651656794910146e+00
1.548524806390761732e+00
-8.946128024681355484e+00
1.296512315957228978e+01
-7.317876316965536532e+00
3.602256470057915827e+00
-7.936537869593633943e+00
8.896232735044051765e+00
-9.934535593557447530e-01
-3.653594834686824999e+00
-9.371724370466993914e-01
3.140358131140228881e+00
2.483771348875566165e+00
-4.099580611413257358e+00
-3.440580626793453778e+00
7.846641219146690105e+00
-3.564043396491796578e+00
2.305223800644555787e+00
-8.852321091698556188e+00
1.095355703833377170e+01
-3.737830308456918438e+00
-4.588403456886847032e-01
-3.359693296745899893e+00
3.296867787236261282e+00
4.851772841146894777e+00
-8.480482268418120029e+00
2.992363779405070368e+00
-6.877729257753291137e-01
5.891674210839338954e+00
-6.411551068951764520e+00
-1.507050308684717788e+00
5.039942822376658249e+00
4.997071954074527866e-02
-1.488639124129132352e+00
-4.346044592547380958e+00
4.911978456346674626e+00
3.195773691249293780e+00
-7.074651156990814371e+00
2.965323124346951555e+00
-3.178224057514945411e+00
1.066375584018013534e+01
-1.253397727056855437e+01
5.671974675537382105e+00
-2.931458607269748828e+00
7.458668257239294164e+00
-6.796054511487425565e+00
-1.438900988725435148e+00
4.101088936375194116e+00
1.616332814516043825e+00
-2.965305062572225925e+00
