4.913608509685056802e+00
1.262905549534698579e+00
-2.148346797847763057e+00
-5.023012640120728456e+00
-7.109124134014497720e+00
-8.221022602695200021e+00
-8.255487840583159098e+00
-7.201473495231720534e+00
-5.142556608607629087e+00
-2.251779069356474761e+00
1.220836994127793229e+00
4.967227196356136076e+00
8.645274257190243006e+00
1.190602209895360275e+01
1.442200341921392948e+01
1.591444938346747762e+01
1.617720601275631509e+01
1.509541129310428076e+01
1.265737356455124996e+01
8.958606189853139057e+00
4.197576209966626948e+00
-1.336631352662933203e+00
-7.283897349192184123e+00
-1.323848949325116919e+01
-1.877844019672053477e+01
-2.349667503149411374e+01
-2.703152958592998090e+01
-2.909431965564216682e+01
-2.949183886936840082e+01
-2.814203340551298282e+01
-2.508161660071316135e+01
-2.046499723768932100e+01
-1.455455656669067821e+01
-7.702969064281440126e+00
-3.288690218605789806e-01
7.112328110701213291e+00
1.416027360862845796e+01
2.038182766132047874e+01
2.540110539642969911e+01
2.892520478168690090e+01
3.076373324718061752e+01
3.084073183413090646e+01
2.919818252894001276e+01
2.599092983964058590e+01
2.147350091603610878e+01
1.597991859571356876e+01
9.898121409487441014e+00
3.640994010637483846e+00
-2.383758499857627555e+00
-7.802604661749296788e+00
-1.230188536535843724e+01
-1.564834362035326798e+01
-1.770304354828468618e+01
-1.842777420565398572e+01
-1.788363323260953663e+01
-1.622209848393874765e+01
-1.366947405901725077e+01
-1.050609523684114777e+01
-7.042056473603184763e+00
-3.591459561334202188e+00
-4.472491556795514800e-01
2.141392662671497860e+00
3.987371788767301695e+00
4.978389362023224685e+00
5.083174786417716362e+00
4.350928770864663342e+00
2.904214717723793804e+00
9.260594182409924713e-01
-1.357526572746101223e+00
-3.698057421934288769e+00
-5.846350788940215537e+00
-7.573759405474411288e+00
-8.691129103127543942e+00
-9.063987516366838193e+00
-8.622815871137898824e+00
-7.367690858260977471e+00
-5.367066800051777165e+00
-2.750959016751981068e+00
3.007535125286633360e-01
3.573801866311814734e+00
6.837388480047842165e+00
9.862886231800873205e+00
1.244179888261604461e+01
1.440151352469141166e+01
1.561760453410591154e+01
1.602177703751434734e+01
1.560493589592921104e+01
1.441529809004445717e+01
1.255189428195540202e+01
1.015419234226226841e+01
7.388889032865746387e+00
4.435130001567650027e+00
1.469516007304024541e+00
-1.347771517978014089e+00
-3.884535400465392030e+00
-6.044874268745942913e+00
-7.773622791804122301e+00
-9.056677882060562013e+00
-9.917358093125397289e+00
-1.040931274718230171e+01
-1.060681272940774633e+01
-1.059348823062453349e+01
-1.045070940596460574e+01
-1.024682269702784332e+01
-1.002835750345286847e+01
-9.814114425626117466e+00
-9.592756391377774250e+00
-9.324174412370386023e+00
-8.944522724859421459e+00
-8.374448473950847571e+00
-7.529713207894857874e+00
-6.333147994117641844e+00
-4.726725355352281888e+00
-2.682485311383651538e+00
-2.111254388593462039e-01
2.632748755024126197e+00
5.749431790786934116e+00
8.997343567618798943e+00
1.220062823597919177e+01
1.516067198477879074e+01
1.767070342455277654e+01
1.953232245560377223e+01
2.057257951047578359e+01
2.066011901983409516e+01
1.971892128021029933e+01
1.773832702454472354e+01
1.477829905193640947e+01
1.096924478906790412e+01
6.506163140625536911e+00
1.637352316447669764e+00
-3.351617267432001057e+00
-8.157539497602549261e+00
-1.248135449645730688e+01
-1.605038712867039763e+01
-1.863926361006130250e+01
-2.008778402349872039e+01
-2.031422929394010524e+01
-1.932291281918814008e+01
-1.720522471089075367e+01
-1.413392637480025726e+01
-1.035099424172783600e+01
-6.149839820628711706e+00
-1.853205141633386788e+00
2.211591728454060046e+00
5.738139622507908655e+00
8.465128681969449786e+00
1.019730544566835384e+01
1.082146301491486540e+01
1.031610915013540364e+01
8.753939227312038440e+00
6.296803202575516956e+00
3.183451764334202849e+00
-2.890709746396105118e-01
-3.788999733565304950e+00
-6.976579411286103038e+00
-9.531871054624879491e+00
-1.118143221731886072e+01
-1.172172983420892933e+01
-1.103737356848816908e+01
-9.112642451531204557e+00
-6.035288466487839010e+00
-1.992198096038796606e+00
2.742869953804611072e+00
7.828625925167465915e+00
1.288125776844267811e+01
1.750323557255128648e+01
2.131372222112890569e+01
2.397825256796883053e+01
2.523537730418909675e+01
2.491818219459420192e+01
2.296897263743105100e+01
1.944592856471609110e+01
1.452114569683653933e+01
8.470138516831347886e+00
1.653536500572203582e+00
-5.507693272899022219e+00
-1.256166418157583742e+01
-1.905743698495884075e+01
-2.457695402926318096e+01
-2.876465323884939806e+01
-3.135255265018488302e+01
-3.217894445440390427e+01
-3.119932813264710347e+01
-2.848880661170380790e+01
-2.423582071914900382e+01
-1.872775455903256159e+01
-1.232955650571958550e+01
-5.457039900106536834e+00
1.453085619398307493e+00
7.974176059014724594e+00
1.371928492130709110e+01
1.836727426695046006e+01
2.168351471755172355e+01
2.353372701836167380e+01
2.389006679714143644e+01
2.282916494542380903e+01
2.052245983630381687e+01
1.721974512291959769e+01
1.322736233955579799e+01
8.882852248552747909e+00
8.682445692667119630e+00
-2.825748455486339239e+01
2.376195280856892822e+01
-8.988801282480963550e+00
9.762152773248192972e+00
-1.391106536391485982e+01
-7.610995450389257400e-01
1.758166699164122093e+01
-1.018144472720501348e+01
-6.533282221946527635e+00
4.227623557255713038e+00
6.574168471021767601e+00
-1.665182894133639735e+00
-6.087961091550329940e+00
-7.658105149561457381e+00
2.749402093591707086e+01
-2.420577941528710042e+01
8.394314799361954016e+00
-7.284248492905472716e+00
1.167025226795229997e+01
2.137995853936546453e+00
-2.040481798912274414e+01
1.506590003192705751e+01
2.294881839008109381e+00
-2.021764186675791386e+00
-8.562165614705739003e+00
4.083622514564426709e+00
5.494778552934436178e+00
5.707026067517444901e+00
-2.557898154378624156e+01
2.361848821703424761e+01
-7.071971894474306630e+00
4.184634449454073923e+00
-8.855776489230226645e+00
-3.753618783850439122e+00
2.302633995656307064e+01
-1.959802520613658317e+01
1.590586679436427175e+00
3.981599737809116135e-01
9.647241138420387330e+00
-5.565873949780376861e+00
-5.714234993971826881e+00
-2.852411715406674819e+00
2.259869932964248562e+01
-2.212986227283231244e+01
5.216848037595450904e+00
-7.263935826879475144e-01
5.754521644602972330e+00
5.327352384266344387e+00
-2.515833441980123553e+01
2.348523274174497288e+01
-4.873736028626787231e+00
4.688478796509736313e-01
-9.713039514403046581e+00
6.045539943227277391e+00
6.730329503636496291e+00
-7.932524102895062157e-01
-1.872532360709067945e+01
1.994333405236709211e+01
-3.079143617467201999e+00
-2.790801190664642384e+00
-2.671024765954951530e+00
-6.584296080959039621e+00
2.654347042713188642e+01
-2.648503797516433167e+01
7.369728010944737839e+00
-4.833110148388302107e-01
8.732783794927179599e+00
-5.548392651269750786e+00
-8.439833405500507979e+00
5.037126266003134845e+00
1.420178324103279266e+01
-1.731598637824180997e+01
9.400398058119563416e-01
6.057761640203031206e+00
-1.005144259597759437e-01
7.282244873744044611e+00
-2.697971557571200307e+01
2.842630136225510995e+01
-8.974360847214555292e+00
-3.626312529601682932e-01
-6.772360201485687625e+00
4.188922429470640196e+00
1.066243870702721352e+01
-9.622513715054290984e+00
-9.320308400493116707e+00
1.453367510493824710e+01
9.154351852464994721e-01
-8.783823089514610771e+00
2.303135789781209475e+00
-7.235550452194760673e+00
2.634007401604699794e+01
-2.922394890840236314e+01
9.672532636801864925e+00
1.987365304279039568e+00
3.984877912893886709e+00
-2.158701217352907875e+00
-1.315822506051138951e+01
1.425141289688578006e+01
4.396497277142560556e+00
-1.188360370875708938e+01
-2.225991112884850409e+00
1.072325020839370069e+01
-3.740438015840331865e+00
6.333625914126435497e+00
-2.458548145142979990e+01
2.888581562864369090e+01
-9.538307324552217636e+00
-4.226866025120350479e+00
-5.971990296084035421e-01
-2.923423992244238434e-01
1.565080758109601078e+01
-1.861103479022873586e+01
2.586728428383082701e-01
9.626915578865750334e+00
2.779530111321131258e+00
-1.169756307573480392e+01
4.294155494781926485e+00
-4.552356850288204804e+00
2.176964244851836838e+01
-2.751098854717703546e+01
8.726592825025427658e+00
6.849562081454301676e+00
-3.110320207282910587e+00
2.879980929163862058e+00
-1.785399736060762166e+01
2.240183517081367626e+01
-4.366300960203075121e+00
-7.973866369407251575e+00
-2.434085647560058518e+00
1.161171508314358469e+01
-3.934369474818976808e+00
1.957343555087574849e+00
-1.803534395000654911e+01
2.527981524237222288e+01
-7.457223144051813080e+00
-9.577628536704132500e+00
6.829005111288844354e+00
-5.312828163978105422e+00
1.949947804938211959e+01
-2.536446243914469534e+01
7.703946027774444261e+00
7.063896639641182418e+00
1.132280420992399783e+00
-1.046262488230696519e+01
2.721417146804328446e+00
1.301338614698343221e+00
1.360257106237718361e+01
-2.243651782853707033e+01
5.992944587381379584e+00
1.211273142225376809e+01
-1.024962662627355492e+01
7.320026262921285110e+00
-2.036290604947418359e+01
2.730312273442642379e+01
-1.012468781400520612e+01
-6.952466740430164549e+00
1.092059937774562783e+00
8.339274523374658799e+00
-7.993362189210335700e-01
-5.002382172019198769e+00
-8.749513249712130403e+00
1.926603852093710145e+01
-4.613374504895763728e+00
-1.416383239065183730e+01
1.309018509830210775e+01
-8.676895162763269553e+00
2.028598760946130852e+01
-2.810319517290198021e+01
1.156911028347123960e+01
7.605884191875150080e+00
-4.115770912793670355e+00
-5.414369120790796686e+00
-1.618528641685379910e+00
8.873268060855812323e+00
3.788210068790895058e+00
-1.606727769699937625e+01
3.587376562564062787e+00
1.547446768879797041e+01
-1.512114380510450928e+01
9.226151422241271050e+00
-1.919245987749188487e+01
2.774146312771807033e+01
-1.206911231083248914e+01
-8.904607477470282362e+00
7.736535607577469165e+00
1.928336934333955810e+00
4.270400860651164976e+00
-1.261520510416781526e+01
9.629159945022935929e-01
1.312521889022258392e+01
-3.146444292148721900e+00
-1.584696246418675258e+01
1.618578005520750196e+01
-8.892718126072423956e+00
1.709646996910580441e+01
-2.628801260577033361e+01
1.174321173283439990e+01
1.065471876419735331e+01
-1.169046379393020985e+01
1.832840249511185959e+00
-6.871468144516350129e+00
1.593066950113280100e+01
-5.207102575775818920e+00
-1.068453641514770780e+01
3.461590879376608143e+00
1.516132453652653211e+01
-1.621377628513655011e+01
7.690746201342241406e+00
-1.410255356038784491e+01
2.389962222239652334e+01
-1.078380075234190372e+01
-1.260649525403568560e+01
1.567544527251352449e+01
-5.563904267843819085e+00
9.141418482985784522e+00
-1.855098129102150750e+01
8.695275822383958797e+00
8.927140926687481937e+00
-4.625916544273029452e+00
-1.338705490374143814e+01
1.522680274062158290e+01
-5.722194671086894502e+00
1.039719656673596759e+01
-2.080525905437314549e+01
9.437559806260894746e+00
1.447834572545450627e+01
-1.937812138658851779e+01
8.968262773776537244e+00
-1.083153562070439691e+01
2.026134907422701659e+01
-1.124766094011523876e+01
-7.955749266803680442e+00
6.644495849963160339e+00
1.058676952678920813e+01
-1.333558845682814464e+01
3.167105259216936197e+00
-6.232747306235514095e+00
1.728502727176170595e+01
-7.980873459975549977e+00
-1.598387710068812240e+01
2.250198107785605117e+01
-1.178500099762683817e+01
1.174881509886186848e+01
-2.092104782674329400e+01
1.276898253793142857e+01
7.785001825053447178e+00
-9.432545102782693647e+00
-6.911287193190800870e+00
1.072876899011846774e+01
-2.664819889690885901e-01
1.905159197721641107e+00
-1.364452373707592336e+01
6.692556450472125995e+00
1.685956231499651636e+01
-2.479398231704760036e+01
1.381245616990797132e+01
-1.177484001438476113e+01
2.047684565107228849e+01
-1.325585845899529147e+01
-8.340945792114601076e+00
1.282205819346741293e+01
2.586630747400946007e+00
-7.654564001788201288e+00
-2.700623215513447306e+00
2.272380846140730881e+00
1.018698021002553489e+01
-5.826447429838367498e+00
-1.689042272616785567e+01
2.606723591980784605e+01
-1.492616954260696716e+01
1.087764439925276427e+01
-1.896842181584439402e+01
1.279571657611415780e+01
9.468921764662429297e+00
-1.657630964111347893e+01
2.105860051681078815e+00
4.397004179232773424e+00
5.443676705806592686e+00
-5.997499153017292528e+00
-7.185775829451033658e+00
5.586439053236252228e+00
1.593132121756780251e+01
-2.621765400720611083e+01
1.508955607647819441e+01
-9.115446069907207516e+00
1.652526215105248042e+01
-1.155735200918377714e+01
-1.094910689402912674e+01
2.041088976138216537e+01
-6.854466215421330944e+00
-1.248933080506220428e+00
-7.688397205140541146e+00
9.005760815252438434e+00
4.859867192830501281e+00
-6.106284794177849307e+00
-1.392186901390485509e+01
2.523302570399688705e+01
-1.435631136878495262e+01
6.631889041142589925e+00
-1.335530957461698165e+01
9.774019050995018887e+00
1.251825319786256685e+01
-2.401932712416316917e+01
1.134477126981535022e+01
-1.515691793443797231e+00
9.203063722266371371e+00
-1.109436201532372301e+01
-3.354410027700431840e+00
7.436076525203330512e+00
1.089354219221185893e+01
-2.319368594264842542e+01
1.286434599611661689e+01
-3.643227531044738399e+00
9.726413548040110157e+00
-7.720645466787264155e+00
-1.389558132010118996e+01
2.710092458073979671e+01
-1.528752645074907868e+01
3.667610846158352089e+00
-9.820934622518976198e+00
1.214019518662899522e+01
2.728361616176780302e+00
-9.536664048604791333e+00
-6.968327750917459262e+00
2.026472400800728124e+01
-1.082182738090681795e+01
4.186354566112377995e-01
-5.942291302034907297e+00
5.687302234437898285e+00
1.481040179240339327e+01
-2.938822707808632018e+01
1.844412277966725711e+01
-5.043776814173297929e+00
9.456676101356654485e+00
-1.211061515971311309e+01
-2.950201949394455347e+00
1.228254640954535404e+01
2.349006525973959203e+00
-1.668046405576997415e+01
8.486645000929419425e+00
2.744532887148912081e+00
2.315223470371938319e+00
-3.951408466836943134e+00
-1.502887387952338827e+01
3.067157163416569432e+01
-2.064731712096770266e+01
5.562563463174620360e+00
-8.115255094703130112e+00
1.106591207081998363e+01
3.902154692339348863e+00
-1.547297401624441449e+01
2.698042075248124672e+00
1.272266715923904634e+01
-6.141227742767005893e+00
-5.548233332635948756e+00
8.619901228026227713e-01
2.751266958995358891e+00
1.437739147637406134e+01
-3.081843925779881488e+01
2.181530179234960798e+01
-5.231249320280395132e+00
5.892452511095140899e+00
-9.153266890949840473e+00
-5.392496908787444809e+00
1.885023397831676562e+01
-7.865933000446402978e+00
-8.694486732410300789e+00
4.065075375590556206e+00
7.721417775787111637e+00
-3.342220566256065339e+00
-2.263399787227877713e+00
-1.276039888677154011e+01
2.978581020867728313e+01
-2.195782736462022910e+01
4.145078479580107889e+00
-2.966932346660765329e+00
6.592756306563673618e+00
7.174792885022009514e+00
-2.212342005297473690e+01
1.283413694043693809e+01
4.892602264492085240e+00
-2.507579156238172402e+00
-9.045339543595078524e+00
4.945924926725314918e+00
2.585797417459642311e+00
1.017095748846352521e+01
-2.762437300226999071e+01
2.117382821719415631e+01
-2.477986797121674911e+00
-4.154118327105782438e-01
-3.656711750827864371e+00
-8.972242464372675030e+00
2.499547565999223053e+01
-1.729663025148923339e+01
-1.580123617573927053e+00
1.663679633362599830e+00
9.374121739055631508e+00
-5.576763499043458694e+00
-3.728642024619072792e+00
-6.693059040867237464e+00
2.447419358236356501e+01
-1.964079132217564450e+01
4.658598512444234174e-01
3.963392550059409825e+00
6.443539660395289914e-01
1.050485810563152356e+01
-2.719099137269399691e+01
2.098873335391063222e+01
-1.037215859923511507e+00
-1.654645305413225742e+00
-8.648671037243591542e+00
5.229482673713192753e+00
5.613367674551911435e+00
2.495449905424769188e+00
-2.055224376038063383e+01
1.759687698486144214e+01
1.616113579707183945e+00
-7.366720570352788044e+00
2.145937796992926749e+00
-1.151692173818660514e+01
2.848216573087720960e+01
-2.371015920150837530e+01
2.829367546083293661e+00
2.515778522166918663e+00
6.902636883828309422e+00
-3.989346549451946444e+00
-8.080141690866380344e+00
2.182478824499001213e+00
1.613294359254120991e+01
-1.531747435502691523e+01
-3.479877030533643278e+00
1.032403107920488061e+01
-4.444144688518248287e+00
1.180214689919140447e+01
-2.871050693849571189e+01
2.534214553320165919e+01
-3.753081276218716233e+00
-4.192209341057822058e+00
-4.259854620272328418e+00
2.023186604429522362e+00
1.090306541049447553e+01
-7.051440966358879514e+00
-1.152352052338100385e+01
1.308839169516020462e+01
4.852260652099689153e+00
-1.257014987938868167e+01
6.033359732167050460e+00
-1.122418597686198538e+01
2.780224732822937739e+01
-2.585709442703085870e+01
3.854800602192077541e+00
6.543184076746731748e+00
9.235019986393933067e-01
4.370817637075408157e-01
-1.381167183726134695e+01
1.179773126886925638e+01
7.036468556528158835e+00
-1.117819351417913332e+01
-5.501459474010871986e+00
1.390007532157846626e+01
-6.769475828561814623e+00
9.730556684724943395e+00
-2.577602571612170834e+01
2.531983900652922159e+01
-3.265082607707470164e+00
-9.354463220373380850e+00
2.842031752051259019e+00
-3.116926767880785931e+00
1.651670955403367458e+01
-1.611107322828460653e+01
-2.961658723171577634e+00
9.812274705829615584e+00
5.259757877972768725e+00
-1.418745619718626472e+01
6.593987394187787565e+00
-7.358675708007111460e+00
2.274211066299591266e+01
-2.388043519031784001e+01
2.185076089370828534e+00
1.235768700756905503e+01
-6.734888316745417214e+00
5.725546938847587697e+00
-1.873780143118094799e+01
1.971226191200245381e+01
-4.593172193221075617e-01
-9.151098523790473394e+00
-4.040370448149518623e+00
1.339585678827551618e+01
-5.538725423987267860e+00
4.233423634629144949e+00
-1.889322339824331820e+01
2.175916371523988602e+01
-8.663328177030824584e-01
-1.525491661847511615e+01
1.044289717817073893e+01
-7.983632431780338656e+00
2.023039051177631009e+01
-2.237804247958186821e+01
3.054197441213199582e+00
9.274635804544299589e+00
1.846815748535306057e+00
-1.158177014466494015e+01
3.722098145594027407e+00
-5.564552547582541919e-01
1.448779962031539625e+01
-1.922515102494558903e+01
-4.141513770634315250e-01
1.774607536003305341e+01
-1.367163339143243661e+01
9.649946279174935526e+00
-2.080945038269573644e+01
2.396092065162324403e+01
-4.734552795735523567e+00
-1.017446359151321644e+01
1.226066417351203697e+00
8.889107100861991739e+00
-1.337201445169970748e+00
-3.411760481316012061e+00
-9.827231930281273620e+00
1.657060968307917292e+01
1.381323721431479079e+00
-1.955674226002231819e+01
1.617077980386839187e+01
-1.054424255785201048e+01
2.036773733098591066e+01
-2.440207125125470000e+01
5.502410176886799675e+00
1.175426617160836429e+01
-4.999566673113229776e+00
-5.535680229310930400e+00
-1.367078861661246592e+00
7.375507844464016749e+00
5.229193894348146188e+00
-1.408310464996274547e+01
-1.789320883119160044e+00
2.046371563402670191e+01
-1.775635592304563204e+01
1.056438133730908646e+01
-1.888686872439354403e+01
2.373615141546276774e+01
-5.448399444703794003e+00
-1.383869711315144535e+01
9.226351330001488549e+00
1.792945175006154912e+00
4.110197634756592500e+00
-1.103081203748050498e+01
-9.995106199471521791e-01
1.201843331631533296e+01
1.446018136962177181e+00
-2.031596964603857103e+01
1.832676099394634406e+01
-9.696042504812774965e+00
1.644017914424022919e+01
-2.208757654778776569e+01
4.741616670978956449e+00
1.618978024695056561e+01
-1.361210078607003737e+01
2.039112533808281391e+00
-6.607050916236441473e+00
1.409333973528923423e+01
-2.594824596777488779e+00
-1.057664774437871991e+01
-2.325755337472319439e-01
1.904905357186402526e+01
-1.787115503047114018e+01
8.014131612052512565e+00
-1.318707074501380916e+01
1.965860963008100626e+01
-3.612168036440371655e+00
-1.852932336625901399e+01
1.784154560389264077e+01
-5.659607270134609180e+00
8.595506589242393858e+00
-1.632461784627384560e+01
5.348995067263512482e+00
9.883452690931122220e+00
-1.883859072904883192e+00
-1.669159170065923448e+01
1.646941491130223767e+01
-5.675746395223054463e+00
9.359365910192313009e+00
-1.671037437816606541e+01
2.328040242213759381e+00
2.056525632159577555e+01
-2.160649530782198724e+01
8.794329587429160711e+00
-9.861785353612194882e+00
1.755413030088604742e+01
-7.137913311809873207e+00
-9.978710161352417174e+00
4.845493072125766965e+00
1.336327498032958339e+01
-1.428368678226354049e+01
2.905360359203691623e+00
-5.240914827284765209e+00
1.353855920490769904e+01
-1.168471335453112436e+00
-2.201943751405699601e+01
2.463326907174405989e+01
-1.122070596818464594e+01
1.026131252008995531e+01
-1.769523426475590000e+01
7.926366901590494507e+00
1.081311731112049301e+01
-8.507731673524276061e+00
-9.264525404393987529e+00
1.154233791026923761e+01
2.639357841833067653e-02
1.142338800391735631e+00
-1.044607096004586921e+01
3.963212353974772117e-01
2.265433380581687572e+01
-2.670699253434344911e+01
1.278782464904418781e+01
-9.733083230227528304e+00
1.675341044876471486e+01
-7.770832097294688268e+00
-1.225336131204829115e+01
1.265118152586185651e+01
4.658787245184472070e+00
-8.517818020440621751e+00
-2.828358589339893925e+00
2.626756530764987829e+00
7.715179176910025305e+00
-2.320336954522619344e-01
-2.229608153799982873e+01
2.769051586206620641e+01
-1.342967142334303077e+01
8.306188280330164986e+00
-1.482607380668463115e+01
6.812804859314649519e+00
1.409526341587699427e+01
-1.700071619098400788e+01
1.509163812450902142e-01
5.500506220108396960e+00
5.216514478386601539e+00
-5.785527603750098891e+00
-5.581736870811151441e+00
8.316323527703035623e-01
2.085177114701481216e+01
-2.753620781107800042e+01
1.317035330364989321e+01
-6.097878471333927131e+00
1.209395465364208455e+01
-5.264287581837744590e+00
-1.608367858187538957e+01
2.124984567803024760e+01
-4.848991164446687208e+00
-2.770992183469143111e+00
-6.941078848115172839e+00
8.107031291624311464e+00
4.213868612220688092e+00
-2.270816790072435865e+00
-1.831933365914299117e+01
2.628954241918683010e+01
-1.212083554868662816e+01
3.303334280521289301e+00
-8.804843169567705630e+00
3.386799020473167943e+00
1.793728615220753397e+01
-2.508813704834734182e+01
9.135342948978774302e+00
5.733846710012149295e-01
7.810514882813786031e+00
-9.438429118658794081e+00
-3.697098851250596674e+00
4.536655254358283429e+00
1.478909426827458162e+01
-2.408415748663062317e+01
1.046750919588365036e+01
-1.780811972909628338e-01
5.251199508852764986e+00
-1.465876480791172831e+00
-1.937594991838546221e+01
2.822914744015095323e+01
-1.275191482052271041e+01
9.078567376126196464e-01
-7.710198237864219095e+00
9.714389195061514215e+00
4.027292212975316588e+00
-7.527661858622244573e+00
-1.043683233657630360e+01
2.112885621246813272e+01
-8.453668170973909213e+00
-2.985322748123381942e+00
-1.743701316650083655e+00
-2.165425746789360062e-01
2.014808510460183300e+01
-3.043628134932167484e+01
1.550523617696437206e+01
-1.565400538169485101e+00
6.613991425389529333e+00
-8.962449419074886237e+00
-5.112048713094592856e+00
1.106226374752375996e+01
5.508976457717038144e+00
-1.768777151378129275e+01
6.355636318066833823e+00
5.884165811787136491e+00
-1.416822652899388579e+00
1.409276658777468327e+00
-2.005546774058383619e+01
3.154417527230893370e+01
-1.728290245958046256e+01
1.379198191638609128e+00
-4.587633263167905540e+00
7.299852135834495215e+00
6.780408425708566611e+00
-1.489488069169788176e+01
-3.012942241603696614e-01
1.405554704212909733e+01
-4.455783726380630583e+00
-8.233532431191489920e+00
3.966474977079712083e+00
-1.916056204570954602e+00
1.897315881689323191e+01
-3.147362708831676059e+01
1.806247017369542718e+01
-4.183641996186358014e-01
1.783612050493901258e+00
-4.922152553093383176e+00
-8.799945484695905762e+00
1.873812881148539944e+01
-4.866958991210205809e+00
-1.052985068551959102e+01
3.014962053377069573e+00
9.792727255953582954e+00
-5.701882703214320891e+00
1.614422701118723769e+00
-1.686266946776498088e+01
3.023868629289804844e+01
-1.791195860852898747e+01
-1.165397011339285527e+00
1.572016689794753397e+00
2.084667080455758992e+00
1.089964254714420910e+01
-2.228908781552877372e+01
9.681045873560080395e+00
7.383782444389370703e+00
-2.246943116258651507e+00
-1.038771641970672022e+01
6.498121303090969469e+00
-4.676058792725404922e-01
1.377712197265584670e+01
-2.794524868315325250e+01
1.698193146340272364e+01
3.152206671677745931e+00
-5.199657547157396920e+00
9.215077042651333983e-01
-1.279639812322820802e+01
2.525719058367119985e+01
-1.385832109887258312e+01
-4.840746115505410785e+00
2.297258759356025415e+00
9.927497869941449338e+00
-6.319317731375631020e+00
-1.471730324013431179e+00
-9.857906098983464815e+00
2.478128764128262418e+01
-1.548991561439987663e+01
-5.274926712055857614e+00
8.791200194371860732e+00
-3.796671385184722247e+00
1.422268063968078167e+01
-2.739114058497697357e+01
1.717282719789899659e+01
3.054122537732625986e+00
-3.228430236771802520e+00
-8.412875663896111078e+00
5.220962561605428043e+00
4.066223122426475101e+00
5.323121901021262481e+00
-2.099963038932813930e+01
1.369862751871370143e+01
7.244624008193614628e+00
-1.203772920019756931e+01
6.260361882557633706e+00
-1.495273627538439598e+01
2.850235080728028692e+01
-1.947464331493596745e+01
-2.093632847026015043e+00
5.012980227197145311e+00
5.936818216280867588e+00
-3.343732912422207271e+00
-7.106585892148064687e+00
-4.488648492162692349e-01
1.689487926215106839e+01
-1.189005385245316759e+01
-8.778207900096420602e+00
1.465735559980637426e+01
-8.077274107562882222e+00
1.482489243089849396e+01
-2.848271940638782240e+01
2.070220591725597714e+01
1.939655115192621793e+00
-7.534895525023602048e+00
-2.676361941307082049e+00
8.994178244427146751e-01
1.033123055200172224e+01
-4.454924106635451686e+00
-1.277662080764439168e+01
1.033781828409204806e+01
9.625660638535558533e+00
-1.642059521239002962e+01
9.078846834301415925e+00
-1.375786261502260288e+01
2.731508225813851709e+01
-2.088647413557951182e+01
-2.486015130176851606e+00
1.059942093757658910e+01
-1.123193154828085127e+00
1.849727629472290857e+00
-1.345090545988357178e+01
9.071814314560052495e+00
8.941408875243642029e+00
-9.280424936622488019e+00
-9.594316296662935173e+00
1.717094625287649379e+01
-9.178514749872096701e+00
1.175951766266862109e+01
-2.507536217333058559e+01
2.014657073113524888e+01
3.550981078554358739e+00
-1.395028828575058455e+01
5.170333665331854789e+00
-4.616262301493750719e+00
1.617604803360369914e+01
-1.310691846918680703e+01
-5.646119861154865305e+00
8.897886330097779961e+00
8.567916565766457992e+00
-1.683876465095302066e+01
8.379214237494451822e+00
-8.927290477316386585e+00
2.192620547688544974e+01
-1.867732210876649646e+01
-4.895426181590915249e+00
1.729279096913130687e+01
-9.153586789225581555e+00
7.115105446523632082e+00
-1.824429667337018302e+01
1.631301018269687830e+01
3.085148542342122546e+00
-9.293927139916021929e+00
-6.518656351001254734e+00
1.544715817357657706e+01
-6.772454311221406620e+00
5.440161523433082458e+00
-1.810268721559556582e+01
1.672987357063096781e+01
6.246454224215478135e+00
-2.032056888907300518e+01
1.276954642975465148e+01
-9.090772439529748894e+00
1.944558997338321404e+01
-1.851231029825668983e+01
-1.373553555932216064e+00
1.048543443606198622e+01
3.511083119212083048e+00
-1.310936199479759168e+01
4.529050933237293464e+00
-1.542957446032231061e+00
1.389140287048550348e+01
-1.458719907255179749e+01
-7.324272719466120130e+00
2.274362144309854017e+01
-1.575007611641797745e+01
1.034175284064423650e+01
-1.964250422900482107e+01
1.961192783412065666e+01
5.377060465157255109e-01
-1.240014867504730134e+01
3.025290618569034251e-01
1.001784975457448112e+01
-1.882400434807430134e+00
-2.475587649039638904e+00
-9.604878559143177341e+00
1.253679825736334408e+01
7.869794687077540374e+00
-2.431495014448167780e+01
1.788617135123755730e+01
-1.073975157626624899e+01
1.878392213439146374e+01
-1.961153043794147166e+01
-5.142950510952992715e-01
1.488282059407929658e+01
-4.694917365043390411e+00
-6.426201744102192137e+00
-8.941364707226218123e-01
6.308976345898576810e+00
5.553666169281660459e+00
-1.084313344121208367e+01
-7.670380994018811904e+00
2.485335802193912258e+01
-1.904627599428751239e+01
1.024199399430008484e+01
-1.691074520378911927e+01
1.860254074029357696e+01
1.157764000565521201e+00
-1.770926893257210466e+01
9.383512269849433096e+00
2.625424214152912050e+00
3.513619340868195273e+00
-9.660872240748998863e+00
-2.018704240219753032e+00
9.722381348447454386e+00
6.581307349740198376e+00
-2.426028864771903315e+01
1.918736440165204016e+01
-8.895443160986049591e+00
1.415310216892312134e+01
-1.675894187921563727e+01
-2.255466844596991649e+00
2.060703617400690035e+01
-1.405525042873230035e+01
1.083071641769911331e+00
-5.703208986659777047e+00
1.227221149328670435e+01
-7.735002395178369738e-01
-9.321856699341457997e+00
-4.540937356118392110e+00
2.252914034525835518e+01
-1.835777505869435799e+01
6.832532678154524142e+00
-1.071929655312019136e+01
1.432055449804403580e+01
3.549112924675668967e+00
-2.328072297046617223e+01
1.839422770901048665e+01
-4.415313599614458795e+00
7.230551258478646659e+00
-1.394498229116339871e+01
2.670577223235582665e+00
9.706027546137613982e+00
1.578168506335737575e+00
-1.974618941331441846e+01
1.669154965467411245e+01
-4.258810205754616440e+00
6.877505176284465449e+00
-1.157034620169661743e+01
-4.760483811729193881e+00
2.543964400912079071e+01
-2.210963757125384177e+01
7.130843308326495489e+00
-7.926390609855232583e+00
1.456046101991696062e+01
-3.607070670204315377e+00
-1.085042626196777249e+01
2.188562795294245245e+00
1.608303509724196090e+01
-1.439482240005198399e+01
1.433642022944665584e+00
-2.931913959725133800e+00
8.807887777430584819e+00
5.619007437585427311e+00
-2.682522960363299802e+01
2.496141330922772994e+01
-9.054597112372757550e+00
7.701291394433702031e+00
-1.409020786927514735e+01
3.609116901504567210e+00
1.264402268935518237e+01
-6.560645205512511069e+00
-1.178126605796719950e+01
1.172554426796400406e+01
1.354222979904454505e+00
-8.045047232997664111e-01
-6.321426966011634008e+00
-5.888602030162017442e+00
2.723561861319333843e+01
-2.678120609929452911e+01
1.009256029737124472e+01
-6.554893635301717758e+00
1.259879655980026492e+01
-2.790607693751468332e+00
-1.489983583204613282e+01
1.127617393583302352e+01
7.130769999354630073e+00
-8.968446868916510439e+00
-3.813950876458214623e+00
4.038055981995224641e+00
4.361177049724753729e+00
5.391270694964783949e+00
-2.654514745651994900e+01
2.748676442312357793e+01
-1.023974400650860694e+01
4.576825501095411752e+00
-1.023802031567936766e+01
1.341213904308434124e+00
1.737279121266397297e+01
-1.603279781469348109e+01
-2.443697738620874471e+00
6.407593126336950995e+00
5.680234459168151062e+00
-6.520631622155727669e+00
-3.116302263592267252e+00
-4.025230605662893701e+00
2.471691289933155389e+01
-2.708839387641517504e+01
9.579750798254949018e+00
-1.939172175856389124e+00
7.233107724757324775e+00
4.925974700700717079e-01
-1.978315426601944438e+01
2.051442370403167104e+01
-1.973504519103888910e+00
-4.299085627838680423e+00
-6.738640635922052979e+00
8.071831235657660031e+00
2.697735792701799085e+00
1.775870443299355506e+00
-2.180722895743164713e+01
2.568691255858354339e+01
-8.275979766850252162e+00
-1.118812168896114123e+00
-3.862224056879497436e+00
-2.431768501703465368e+00
2.184334892454929999e+01
-2.441930981394046540e+01
5.847403051618897507e+00
2.846487669961455858e+00
6.846323946786178283e+00
-8.594850672081273402e+00
-3.128421156093244448e+00
1.281501500836998098e+00
1.796155087261963601e+01
-2.346330763393761032e+01
6.555302221574634380e+00
4.312339282146414376e+00
4.311569144288525113e-01
4.191808451896325671e+00
-2.328565343083229067e+01
2.748694878758562155e+01
-8.961696217591931912e+00
-2.181258083478390120e+00
-5.946166426204747779e+00
8.084672429223921597e+00
4.341874855474058492e+00
-4.987390548821169389e+00
-1.340223164627574093e+01
2.066106969736221544e+01
-4.685741474220822766e+00
-7.337066360008432042e+00
2.754468238669565583e+00
-5.510361870211427870e+00
2.388818192930746420e+01
-2.952125251077934109e+01
1.117591580416020847e+01
2.350032581549291955e+00
4.073014532851793490e+00
-6.627807761691254740e+00
-6.189191818383275034e+00
9.111811051379440585e+00
8.409235301240530092e+00
-1.756286150758433706e+01
2.950249886651823417e+00
9.897011907877645953e+00
-5.416868638496132426e+00
6.172607094113444326e+00
-2.349671834329579312e+01
3.040789311676399365e+01
-1.243698599113053405e+01
-3.309945235551013276e+00
-1.351418301538446443e+00
4.393625233677497022e+00
8.453827687901171117e+00
-1.337468187888160109e+01
-3.295585276674891428e+00
1.446370319252050507e+01
-1.619040865752683800e+00
-1.173181767299798040e+01
7.331117798462859270e+00
-6.032109243327721693e+00
2.204035374839733663e+01
-3.012419674362831401e+01
1.278258193350574601e+01
4.932433278275576427e+00
-2.014932112796448571e+00
-1.618081983681728175e+00
-1.087276673430392826e+01
1.747103422649716009e+01
-1.620184741656212957e+00
-1.164317828381775222e+01
9.230690074294667369e-01
1.264082541043346453e+01
-8.345178383314499015e+00
5.025176808340795276e+00
-1.953945411621599249e+01
2.874067781979132974e+01
-1.233599435909490438e+01
-7.015176647081196926e+00
5.761105261383343112e+00
-1.418620607444315951e+00
1.316208862663815538e+01
-2.109869393235467783e+01
6.042032191860096546e+00
9.339253928727421439e+00
-1.031145451345075514e+00
-1.250173181072130113e+01
8.393105190211628042e+00
-3.177377680496096701e+00
1.610519834446558107e+01
-2.641407768037323578e+01
1.129299805603523765e+01
9.301064249074931567e+00
-9.584513103970898840e+00
4.418371493376528569e+00
-1.504453695790333967e+01
2.398586800031361221e+01
-9.722272488736948048e+00
-7.726156100764311141e+00
2.032837587313888861e+00
1.128208762818774069e+01
-7.500205490167212830e+00
6.016024447834169564e-01
-1.193071054416746435e+01
2.337255993944607724e+01
-9.901966994565126967e+00
-1.150242258734303036e+01
1.317200315158599722e+01
-7.093019980530030466e+00
1.627650548077827253e+01
-2.591607171713589608e+01
1.248292383541775408e+01
6.898360816502672854e+00
-3.928763999494796266e+00
-9.042571132203791606e+00
5.779693083286360888e+00
2.512148213933028007e+00
7.274592636779360078e+00
-1.989444287307676262e+01
8.439107733949224865e+00
1.332825026127931878e+01
-1.622795322542578589e+01
9.191185506540515249e+00
-1.667191188844304861e+01
2.674807806608563965e+01
-1.423056366209017476e+01
-6.862190653803327933e+00
6.629207052997819538e+00
5.931729667430882813e+00
-3.421164434030627532e+00
-5.914302542860998102e+00
-2.438370622313676961e+00
1.628244837934344957e+01
-7.181137162026147713e+00
-1.451191979487528094e+01
1.850077055218644873e+01
-1.052151227843261161e+01
1.612071865826441552e+01
-2.642903225746896112e+01
1.496333433688151082e+01
7.535795512768794779e+00
-9.961190911439491202e+00
-2.172675289074270211e+00
6.719864453581063657e-01
9.318949530829554462e+00
-2.260065434339688650e+00
-1.283586211361732410e+01
6.377968193173201072e+00
1.483676253914213028e+01
-1.980534509682485833e+01
1.097020689838324436e+01
-1.460035899346148724e+01
2.499950822569861231e+01
-1.476946632797938719e+01
-8.757513726442086366e+00
1.368338413973125967e+01
-1.957032582117880892e+00
2.186655059856481120e+00
-1.243059773789120825e+01
6.514574342631170190e+00
9.823191542056527226e+00
-6.227965704054207130e+00
-1.415714732882143068e+01
2.003938305881516513e+01
-1.051123134507067292e+01
1.217898683809439042e+01
-2.259003188671609053e+01
1.381747608398037386e+01
1.030182722348960667e+01
-1.750745681856806613e+01
6.150452274364837990e+00
-4.866800645419351312e+00
1.497196496979587899e+01
-1.005783112560773418e+01
-7.457860059635587291e+00
6.858094841087743809e+00
1.241308102850985051e+01
-1.919211532933557507e+01
9.208209368890177160e+00
-9.010231765028921203e+00
1.940938820996841230e+01
-1.233897008757720926e+01
-1.190141533852067646e+01
2.112392017319167081e+01
-1.009894881627850793e+01
7.101323696745360792e+00
-1.671020467446965441e+01
1.268484672495677401e+01
5.879190531970453826e+00
-8.310827263221082006e+00
-9.636960246402399122e+00
1.734458447718415641e+01
-7.207877634484168183e+00
5.319931311713785860e+00
-1.572579200783318853e+01
1.060567376678003981e+01
1.327324210029275164e+01
-2.423005814891701348e+01
1.351994029349744508e+01
-8.669514170288401544e+00
1.747911860570438947e+01
-1.427076722181813295e+01
-5.140437186422259330e+00
1.053904040220399452e+01
5.951832388683733654e+00
-1.466149653049199131e+01
4.725701790597799601e+00
-1.386061340372171102e+00
1.184266479314222842e+01
-8.902840251874316380e+00
-1.414623447454748018e+01
2.655736413285620756e+01
-1.618213145115125684e+01
9.418245437138974552e+00
-1.719527723445445133e+01
1.478131096926932386e+01
5.204966751860661489e+00
-1.340939914660360444e+01
-1.561313041690028491e+00
1.137540760257940065e+01
-2.025008601787589235e+00
-2.486280425493170299e+00
-8.071260455747863105e+00
7.501529440341460742e+00
1.428795925068714823e+01
-2.789594041319199746e+01
1.792589975066417907e+01
-9.276742672466427919e+00
1.586653498905962500e+01
-1.427488590303340388e+01
-5.950929412998942070e+00
1.671391792251570507e+01
-3.267918008468280178e+00
-7.764727327140752422e+00
-6.084097320172467960e-01
5.992520483450540780e+00
4.702674302035003251e+00
-6.632351262074774212e+00
-1.352779800837779334e+01
2.811359887389719958e+01
-1.867695161980535445e+01
8.263568554008621447e+00
-1.359213403920636409e+01
1.289620214912181062e+01
7.183968309670223817e+00
-2.018863765711603975e+01
8.229430137190215433e+00
4.127594866571891785e+00
2.893840255584834154e+00
-8.856321555519198085e+00
-1.981826040587478133e+00
6.463128821076727704e+00
1.177444435895159636e+01
-2.716789271718036147e+01
1.845199417995530666e+01
-6.485168352706980777e+00
1.055437223867066976e+01
-1.086198495449868950e+01
-8.656766709469874144e+00
2.353768767263812833e+01
-1.300401280861911069e+01
-7.540655459606537825e-01
-4.582763111414938528e+00
1.085478885397982651e+01
8.582238668455488551e-02
-7.082570119820212007e+00
-9.026075212357026700e+00
2.510996497768664071e+01
-1.735591185840660344e+01
4.126104184275992459e+00
-7.002595234286958181e+00
8.440126420925022188e+00
1.009359441491292486e+01
-2.646049905298962557e+01
1.728781249950994692e+01
-2.100798618937046225e+00
5.482994124627719401e+00
-1.183883028956774552e+01
8.913036755972747471e-01
8.491475539610807033e+00
5.372229071836980729e+00
-2.207985920220292897e+01
1.557072870739317416e+01
-1.431883884299979925e+00
3.230986621507939915e+00
-5.924223267071880628e+00
-1.121754880076731453e+01
2.867964035488913765e+01
-2.081903599535596072e+01
4.240427510005352119e+00
-5.477591808541438567e+00
1.174677943254571666e+01
-9.460742367394683328e-01
-1.060230446084498368e+01
-9.871958971543337569e-01
1.829373022964451678e+01
-1.333740227127129252e+01
-1.314018570903650485e+00
4.477930673815100349e-01
3.605875240050085750e+00
1.177793452164694266e+01
-2.996668625868005620e+01
2.340075412786179498e+01
-5.544643331508537720e+00
4.536751654413516022e+00
-1.061001517543854433e+01
1.645903094513663234e-01
1.324714391059797691e+01
-3.884486919743397326e+00
-1.402414476488787720e+01
1.093216224167371209e+01
3.816811351447601197e+00
-3.730681519845771454e+00
-1.747325084116035043e+00
-1.157521278934649800e+01
3.016371051020739458e+01
-2.491770301681834709e+01
5.980298940047817702e+00
-2.721563438613341823e+00
8.550055025813371401e+00
1.286792415631074604e+00
-1.619333761410976535e+01
8.949102995311587705e+00
9.575302443960676868e+00
-8.639614784986211049e+00
-5.798218399138530543e+00
6.351407309180877370e+00
5.569869793851258688e-01
1.048117742026725452e+01
-2.919839950228768188e+01
2.534553837889441752e+01
-5.603668382509230383e+00
1.792650662036824327e-01
-5.767390639840346722e+00
-3.178249442884386156e+00
1.916531836663043720e+01
-1.388944890881727190e+01
-5.255478691393645541e+00
6.725134059219780802e+00
7.022902617209309639e+00
-8.104285305167330478e+00
-1.701392812417537037e-01
-8.452459526121367972e+00
2.709137440686101428e+01
-2.475170048015236546e+01
4.554373894136859668e+00
2.869581377786799337e+00
2.523100920325899388e+00
5.239154233660768156e+00
-2.187060687063186037e+01
1.839277775868860942e+01
1.349247095970329546e+00
-5.409128075398760949e+00
-7.321012161927956896e+00
8.862415802117286745e+00
6.365744898357554860e-01
5.536084363264399677e+00
-2.395503285923464887e+01
2.328782749197915436e+01
-3.041423563977743605e+00
-6.150812932996881699e+00
8.850516007016571152e-01
-7.184498251509609190e+00
2.402755010547145531e+01
-2.217841195273340205e+01
1.907942565507338317e+00
4.845590601301788425e+00
6.604742388728039870e+00
-8.588608555437414083e+00
-1.916349642897651417e+00
-1.866544588030130125e+00
1.998400852524116544e+01
-2.117444073843005725e+01
1.322670265500051734e+00
9.361466697720430830e+00
-4.149823678734162691e+00
8.742588131398989049e+00
-2.539220825526029301e+01
2.502247256770195349e+01
-4.350475828084309882e+00
-5.106950598433699362e+00
-4.877361331520752685e+00
7.338029199196428820e+00
3.884024271174557619e+00
-2.345354985156950178e+00
-1.543812518457624350e+01
1.867934346495126618e+01
3.203833041435171225e-01
-1.219736275361311861e+01
6.982470769279332856e+00
-9.681426006409342477e+00
2.578187651756866217e+01
-2.677743972353271928e+01
5.896660111408426275e+00
6.176643000241133663e+00
2.233846557002120647e+00
-5.252334916655918562e+00
-6.340981095356827524e+00
6.830858698369677739e+00
1.061941880796602433e+01
-1.609175847314596908e+01
-1.610073744991701972e+00
1.438091304190749753e+01
-9.138909459534376722e+00
9.831302917551237641e+00
-2.509303957817336084e+01
2.738473808722523017e+01
-6.554890344612929631e+00
-7.950104209443352943e+00
1.146939302272585337e+00
2.545857144774258174e+00
9.034670529898830793e+00
-1.128713266055932962e+01
-5.845351645956185394e+00
1.369462493401911019e+01
2.299785478512722747e+00
-1.568657752714628728e+01
1.044164003917718553e+01
-9.101489268323959436e+00
2.331207319676336454e+01
-2.687918921490935986e+01
6.421336510009964194e+00
1.024410960603241350e+01
-5.017820614560850601e+00
5.148720988659718500e-01
-1.168297401878773378e+01
1.540443911372087982e+01
1.420695350586690608e+00
-1.173764416573773950e+01
-2.198328800204278011e+00
1.596160626189639586e+01
-1.079540229514866567e+01
7.489457487145593007e+00
-2.051768112538194799e+01
2.538492769474963495e+01
-5.669386508221563759e+00
-1.281359181890911358e+01
9.085194512920864440e+00
-3.636335727639337989e+00
1.400140342594587395e+01
-1.889409378779225790e+01
2.389317222594033119e+00
1.041359238771411277e+01
1.189200070065799864e+00
-1.514014294396086946e+01
1.019512206658325049e+01
-5.081769086362184495e+00
1.687482377049467885e+01
-2.310317068178279243e+01
4.531846320687470175e+00
1.537438002947791382e+01
-1.303520953938452820e+01
6.525634807145090477e+00
-1.573058863531625029e+01
2.151461259849799745e+01
-5.382091037649566090e+00
-9.840112153072595902e+00
7.570876773870889309e-01
1.324938158099168994e+01
-8.725424609682837840e+00
2.046536242206900447e+00
-1.262068611057371470e+01
2.029298665727361239e+01
-3.277574488276153275e+00
-1.762974719631950649e+01
1.656181732954382113e+01
-8.917905025291705812e+00
1.666147787430097793e+01
-2.309362051276432481e+01
7.434888055081959379e+00
1.004868185737725561e+01
-3.578770837694539964e+00
-1.040720562631336676e+01
6.551776496160843344e+00
1.381845585762497386e+00
8.043972758727482741e+00
-1.724685872506190165e+01
2.184746586357661169e+00
1.929829536525051381e+01
-1.939410350443199249e+01
1.060099135923278979e+01
-1.665588764260186139e+01
2.354348775439425623e+01
-8.514583809881729692e+00
-1.098179214988181052e+01
7.127111690183898673e+00
6.811529771301944258e+00
-3.904097451389576534e+00
-4.924275863102143269e+00
-3.459438797213145733e+00
1.426332004433001543e+01
-1.513259359637199708e+00
-2.014058239668725747e+01
2.132037116479328631e+01
-1.143508320128439770e+01
1.566047174337069059e+01
-2.286924025646572289e+01
8.679073634750318789e+00
1.249859169037319617e+01
-1.117880656450829058e+01
-2.722334882703015602e+00
1.054384639533595625e+00
8.282830258532143830e+00
-8.199916748361939511e-01
-1.161920922173497495e+01
1.478864256208065164e+00
1.998200834126784287e+01
-2.220675256988734247e+01
1.136548343973291075e+01
-1.371279150335844399e+01
2.116800825695858634e+01
-8.070218144880135114e+00
-1.438847387971150127e+01
1.545538979628690157e+01
-1.561935324251480850e+00
1.709550847055054668e+00
-1.116853451895622129e+01
4.510942716623846493e+00
9.544126524888902452e+00
-2.231458807747342732e+00
-1.872982566050414732e+01
2.200863359885846648e+01
-1.042732624527429586e+01
1.093890480524480324e+01
-1.862006246537558951e+01
6.899004978970935120e+00
1.639133459801769988e+01
-1.964784574731140765e+01
5.731424480717924652e+00
-4.111774014997310545e+00
1.332844218629332644e+01
-7.384577861859828118e+00
-8.199464585053300780e+00
3.839576667422343270e+00
1.638268234343753704e+01
-2.077384405318973748e+01
8.741809860232818252e+00
-7.542681558217795512e+00
1.547226820031239036e+01
-5.424327876917455882e+00
-1.822260768094754013e+01
2.344415553702854282e+01
-9.492850365979016658e+00
5.914749088777901953e+00
-1.456949017743746388e+01
9.286557192670066740e+00
7.663959153472859498e+00
-6.282539228367870265e+00
-1.303180002122287640e+01
1.863733254258455574e+01
-6.504302532609488097e+00
3.787824150581661442e+00
-1.201549163732514991e+01
3.927377570056791001e+00
1.960073791008482758e+01
-2.655723089493152500e+01
1.259583278323441036e+01
-6.942211822116726161e+00
1.477690426906916166e+01
-1.015011963874284362e+01
-7.927096344209576984e+00
9.451017415276766087e+00
8.853665936572229000e+00
-1.580783633179620296e+01
3.965438133632566142e+00
2.574851991960080966e-02
8.558053325537795075e+00
-2.684046430338745459e+00
-2.027452232490914596e+01
2.875065024134276825e+01
-1.485512321227514221e+01
7.096248089135595016e+00
-1.392543207671542760e+01
1.000108893169135982e+01
8.890979374913925426e+00
-1.315596798509797694e+01
-4.094905801289062452e+00
1.254780043103002640e+01
-1.406972317033742925e+00
-3.588968979387271219e+00
-5.397690230902024489e+00
1.937932454294033491e+00
2.004776102639760893e+01
-2.985981522608203420e+01
1.616668011085196710e+01
-6.366976530437415072e+00
1.208234715399804315e+01
0.000000000000000000e+00
7.473334696323862048e+00
1.448541498292985708e+01
2.060717033943238619e+01
2.547150426097632447e+01
2.879848123052950370e+01
3.041405537973128048e+01
3.026098191120900083e+01
2.840115159215071117e+01
2.500924386538037680e+01
2.035825408343919207e+01
1.479806358566781554e+01
8.728740233468613496e+00
2.570641673602532151e+00
-3.266385118737682891e+00
-8.412372638762271038e+00
-1.256297406848935694e+01
-1.549968922755919287e+01
-1.710313887647345155e+01
-1.735850852848175307e+01
-1.635290179659683929e+01
-1.426497415940773728e+01
-1.134781106087347702e+01
-7.906523166021099946e+00
-4.272417258759152681e+00
-7.758348143074307313e-01
2.280184715898196046e+00
4.643365187040563669e+00
6.130995598310413186e+00
6.642691945541482568e+00
6.166244529440715105e+00
4.776242629648299598e+00
2.625749129414261418e+00
-6.815420775567382350e-02
-3.043657999517423107e+00
-6.016700793250398860e+00
-8.704756862604057233e+00
-1.084999932630346287e+01
-1.223999411336331278e+01
-1.272431968896818333e+01
-1.222587159303710891e+01
-1.074606772946237498e+01
-8.363680941981757044e+00
-5.227546963176425088e+00
-1.543885420730569891e+00
2.440610279695082596e+00
6.458444602918985922e+00
1.024209773022781178e+01
1.354420917561770565e+01
1.615556299128618889e+01
1.791949686566537281e+01
1.874169236153930385e+01
1.859471648835735280e+01
1.751713931345891595e+01
1.560750913909144266e+01
1.301388720130237431e+01
9.919992998368872605e+00
6.529261071791309767e+00
3.048241207500067773e+00
-3.292220104486283105e-01
-3.435715076129680412e+00
-6.140803806708897916e+00
-8.357641807340893791e+00
-1.004525663042408645e+01
-1.120653473201782369e+01
-1.188231767208235468e+01
-1.214236637481345582e+01
-1.207421758874900597e+01
-1.177112410147446653e+01
-1.132032406373914313e+01
-1.079282154468248400e+01
-1.023568727283053903e+01
-9.667622339662163000e+00
-9.078193649890298644e+00
-8.430779292861487306e+00
-7.668889189756386671e+00
-6.725185888808372425e+00
-5.532253844232855045e+00
-4.033978774311343329e+00
-2.196319527089184653e+00
-1.629138414418918046e-02
2.471870441011327912e+00
5.194147831248653091e+00
8.038228672281753973e+00
1.085911995934726448e+01
1.348856273009591433e+01
1.574755190886275891e+01
1.746094425594172606e+01
1.847290247273867081e+01
1.866179611599213928e+01
1.795317410123731250e+01
1.632954245996694453e+01
1.383591691643767874e+01
1.058045457960544589e+01
6.729875401312423122e+00
2.499828052768664932e+00
-1.859201394971117693e+00
-6.079434756769010129e+00
-9.895467808856025727e+00
-1.306449917772249592e+01
-1.538546621387942892e+01
-1.671547246271161669e+01
-1.698206982934475207e+01
-1.619026305039683677e+01
-1.442351168507549630e+01
-1.183848340577347003e+01
-8.653823187610100831e+00
-5.133703909327961057e+00
-1.567372778007914746e+00
1.753733641887677663e+00
4.559496827194767121e+00
6.623345173883022241e+00
7.781366051231731085e+00
7.946677772185827493e+00
7.117790778049561951e+00
5.380150925143126983e+00
2.900596318054094791e+00
-8.497014162854554797e-02
-3.289833533936878052e+00
-6.399288875997316772e+00
-9.096279965791310929e+00
-1.108784155291973406e+01
-1.213022816546495442e+01
-1.205067873000649215e+01
-1.076399803290778401e+01
-8.282517774788502152e+00
-4.718502835627805148e+00
-2.786536344181507197e-01
4.749022720421862687e+00
1.001509074579134229e+01
1.513388515097811471e+01
1.971215893100431416e+01
2.337901102662497976e+01
2.581479191986711896e+01
2.677673354704291597e+01
2.611927550120246622e+01
2.380744639587802425e+01
1.992217825649827745e+01
1.465704299140883116e+01
8.306555909260950443e+00
1.246840625019288717e+00
-6.089958470402126345e+00
-1.324564238466116706e+01
-1.976808375994221834e+01
-2.524312007805833247e+01
-2.932383060203302350e+01
-3.175500762913779340e+01
-3.239099547087717923e+01
-3.120557421388123487e+01
-2.829317043635792572e+01
-2.386133638517906519e+01
-1.821510118713938198e+01
-1.173441089248726321e+01
-4.846390928438815138e+00
2.005454979997725928e+00
8.392780157298474819e+00
1.393230122451910624e+01
1.831186036747939028e+01
2.131074692808655868e+01
2.281284330008341854e+01
2.281172796271111025e+01
2.140749709036462534e+01
1.879570568575195111e+01
1.524942932415640584e+01
1.109596167467298500e+01
6.690051563279223679e+00
2.385817402164722711e+00
-1.490460146294136035e+00
-4.664577069482195526e+00
-6.933859481273786152e+00
-8.180426466422074938e+00
-8.377372684464553743e+00
-7.587557962216740393e+00
-5.955282261200265381e+00
-3.691682468781788629e+00
-1.055168346652550326e+00
1.671418553698194920e+00
4.205014587560618189e+00
6.285936742745235506e+00
7.698995707570800207e+00
8.290479146944115030e+00
7.979734880384847351e+00
6.764548393925125858e+00
4.720029206709829062e+00
1.991252644331430233e+00
-1.219596095125822899e+00
-4.670400340070607115e+00
-8.099114843616698423e+00
-1.124490247896594575e+01
-1.386866446532474839e+01
-1.577131856121769360e+01
-1.680840774141893945e+01
-1.689996154450883736e+01
-1.603495285456684982e+01
-1.427015748406284956e+01
-1.172369267525133552e+01
-8.563944052802417772e+00
-4.994952880432596665e+00
-1.239597623600850795e+00
2.477954230411114622e+00
