-1.097909081793225816e+01
-1.008048759414640294e+01
-8.681341787708483082e+00
-6.744805143848491724e+00
-4.274636809672054838e+00
-1.320968057302238208e+00
2.018009202126559209e+00
5.598844599459416038e+00
9.240131681433684463e+00
1.273390124213776531e+01
1.586030151859927173e+01
1.840442638957205546e+01
2.017390962290263801e+01
2.101577588591496593e+01
2.083104201472867345e+01
1.958569811726888688e+01
1.731695900849759084e+01
1.413404268749904347e+01
1.021317490497631653e+01
5.787000931911252977e+00
1.129066793724229356e+00
-3.465528952072627789e+00
-7.701854024623834505e+00
-1.130752873841885453e+01
-1.405396968519599277e+01
-1.577472306314511741e+01
-1.637931179655739911e+01
-1.586134915125025202e+01
-1.430011229379738680e+01
-1.185528771189872543e+01
-8.755154956489041851e+00
-5.279020311904263352e+00
-1.735202208848559025e+00
1.563736331068167118e+00
4.326550693325279084e+00
6.307608800599325605e+00
7.327912486130120584e+00
7.291067973607046504e+00
6.192802855649106597e+00
4.123124122060359831e+00
1.260791982793411758e+00
-2.139598550996837378e+00
-5.767031860520803299e+00
-9.278542862655491774e+00
-1.232687113210948482e+01
-1.458913304985789239e+01
-1.579422592628024091e+01
-1.574673908143623713e+01
-1.434538765966379614e+01
-1.159438854622203863e+01
-7.606733804544564492e+00
-2.598944181960242350e+00
3.122445743370266147e+00
9.181761356795480111e+00
1.516091737208635593e+01
2.063001742068540878e+01
2.517950806403791830e+01
2.845142023911961715e+01
3.016727285360281741e+01
3.015044616610094153e+01
2.834123976213614071e+01
2.480338040722438109e+01
1.972139626577930471e+01
1.338897511319745171e+01
6.189120217178437855e+00
-1.432446329573136889e+00
-8.998657177951098873e+00
-1.603490063257335763e+01
-2.210270715719389756e+01
-2.683078470369724045e+01
-2.994106807269259463e+01
-3.126783074967129750e+01
-3.076844205886631300e+01
-2.852499599786483486e+01
-2.473674013088873380e+01
-1.970393825236292429e+01
-1.380445386593776114e+01
-7.464891801738611221e+00
-1.128539780070320520e+00
4.777420614448042002e+00
9.872930165482426190e+00
1.385195338636058437e+01
1.650326547875867789e+01
1.772362088685555648e+01
1.752240775599739209e+01
1.601756483155744348e+01
1.342321990475372040e+01
1.003014786316114382e+01
6.180691694211882137e+00
2.240199276806810857e+00
-1.432728457313042991e+00
-4.514823752075521668e+00
-6.743346323432257705e+00
-7.935961467510022516e+00
-8.003827733777477249e+00
-6.956980135816706934e+00
-4.901719196921226818e+00
-2.030353885105565581e+00
1.395753421758440638e+00
5.068376791980297114e+00
8.657998263518777549e+00
1.184067218593313342e+01
1.432402859791378447e+01
1.587037011557688260e+01
1.631508665809706571e+01
1.557901928960960802e+01
1.367391329893894891e+01
1.070066846686440165e+01
6.840674301098829346e+00
2.341062692256125288e+00
-2.504823512002106511e+00
-7.380096379372345083e+00
-1.196826355996531710e+01
-1.597652936131461665e+01
-1.915664352813030291e+01
-2.132173136222216314e+01
-2.235790634289949708e+01
-2.222992209363860994e+01
-2.098062471836797727e+01
-1.872447631335473517e+01
-1.563589338458715261e+01
-1.193354147635006512e+01
-7.862018191793497479e+00
-3.672519258232851413e+00
3.958940338358996058e-01
4.132921213913568259e+00
7.370275527156135098e+00
9.990633963373717563e+00
1.193176176577402359e+01
1.318572739290190121e+01
1.379355555494872831e+01
1.383605313601622910e+01
1.342185269476481047e+01
1.267392536138427950e+01
1.171590338312702428e+01
1.065951713954080482e+01
9.594298039784396437e+00
8.580443609414363237e+00
7.645409377799586181e+00
6.784415490753442413e+00
5.964669516406953420e+00
5.132746355174399255e+00
4.224264440507488949e+00
3.174781802959062205e+00
1.930725284149694687e+00
4.591707143218233256e-01
-1.244589845313097243e+00
-3.152537100692221372e+00
-5.203010965482749661e+00
-7.303580281931461471e+00
-9.337506184449249957e+00
-1.117324894474450403e+01
-1.267615638007254120e+01
-1.372123842627857115e+01
-1.420579980183029356e+01
-1.406068429372934858e+01
-1.325898323514241994e+01
-1.182126969233176261e+01
-9.816721119490608771e+00
-7.359860559681496994e+00
-4.603047319654967495e+00
-1.725246389314506246e+00
1.082034631003685021e+00
3.630465103899630730e+00
5.750903943453240963e+00
7.308272980551345555e+00
8.213917593386863558e+00
8.434264845715446768e+00
7.994884561203432938e+00
6.979441664103111620e+00
5.523466821189380482e+00
3.803329478987160783e+00
2.021233001693154563e+00
3.874270536109900576e-01
-8.988866263967132397e-01
-1.668319090692257589e+00
-1.798071873761173833e+00
-1.225191024202573420e+00
4.498152838817826016e-02
1.936063536056088275e+00
4.304036510561287443e+00
6.946726739577489873e+00
9.618770544493578711e+00
1.205098608789563031e+01
1.397266708640895061e+01
1.513502104910198476e+01
1.533382341815156913e+01
1.442936516230327726e+01
1.236193800857338232e+01
9.161418282314899741e+00
4.949954232947315624e+00
-6.270127928771684900e-02
-5.591083153126094274e+00
-1.129241081922343071e+01
-1.679022279050062849e+01
-2.170152708000252062e+01
-2.566541989221521902e+01
-2.837095784174017155e+01
-2.958207676646988560e+01
-2.915753539483531753e+01
-2.742919237895323548e+00
-1.556150896308125375e+01
2.567046654300077435e+01
-9.682211885506594840e+00
-4.877054656868601512e+00
-3.068543726559747498e+00
1.040257366807057871e+01
-5.316023196514763072e-02
-3.317348515272855014e+00
-1.554094961964214860e+01
2.788069025325430417e+01
-1.405949102533996431e+01
-3.664601809484535622e-01
-3.404099255217460929e+00
2.117503819493263606e+00
1.819205196726656126e+01
-2.914845868531572748e+01
1.361691402666620476e+01
3.957778794179264703e-01
6.509004165281684351e+00
-1.058037187463893147e+01
-2.907768329091132031e+00
7.430731896514166657e+00
1.124651608595957875e+01
-2.344177681112070744e+01
1.067396971944727824e+01
1.251522519680966283e+00
4.110824830379035788e+00
-2.074143433387580338e+00
-1.967259263454934626e+01
3.126319406653421140e+01
-1.641207847762981231e+01
3.395088927882564889e+00
-9.670881444966109797e+00
1.074652429677282228e+01
5.819238315559291053e+00
-1.172347608465695146e+01
-6.334884514048220616e+00
1.804287403644229926e+01
-6.324452782074954982e+00
-2.778424380171214736e+00
-4.712623798961031341e+00
2.600172976751720988e+00
1.994420124352884116e+01
-3.185328488944523428e+01
1.782287537168704361e+01
-6.232967503799168973e+00
1.236842504442137347e+01
-1.087545970236312520e+01
-8.516506059579645793e+00
1.587522831840227511e+01
1.202016976682445559e+00
-1.205816306417000661e+01
1.277674155423017766e+00
4.828445538265013326e+00
5.204529794053831537e+00
-3.639652936069028399e+00
-1.903399403933939027e+01
3.086420153946748357e+01
-1.770441012908618106e+01
7.925691009631295358e+00
-1.444740503160992162e+01
1.094037631084215079e+01
1.085069596742441256e+01
-1.957413538900107852e+01
3.741480526581910215e+00
5.901496034644530653e+00
4.148049703439190772e+00
-7.241839869172439492e+00
-5.589424052588372938e+00
5.097780260593702373e+00
1.705277164799236189e+01
-2.835212686199237453e+01
1.602233483095638178e+01
-8.365431164652559204e+00
1.579626982432712268e+01
-1.091544016660792771e+01
-1.269918344329674831e+01
2.253921597697427970e+01
-8.099966183629009109e+00
3.220646068884391866e-03
-9.605406415358558547e+00
9.829148889754419471e+00
5.877965433336258982e+00
-6.848058583121074960e+00
-1.418667109293187600e+01
2.447987730624967284e+01
-1.285552983402129712e+01
7.536590853843497584e+00
-1.635429968276620016e+01
1.077800086498756293e+01
1.397401453273976557e+01
-2.454046124911240057e+01
1.152126460216556225e+01
-5.252372750510857280e+00
1.474281639973284719e+01
-1.238473709445951698e+01
-6.087885609997116809e+00
8.741690793217818722e+00
1.068344861451491923e+01
-1.950519107190410395e+01
8.390657977070485884e+00
-5.517080551050739246e+00
1.611614979527591984e+01
-1.051064387266986166e+01
-1.462777493193350686e+01
2.541522982533007280e+01
-1.372201979532189142e+01
9.491537233791083494e+00
-1.922953262887902071e+01
1.470158639667685208e+01
6.242685561503945380e+00
-1.061850180634199425e+01
-6.834393460678082732e+00
1.376223048067081756e+01
-2.908976938644372456e+00
2.472870974607554118e+00
-1.513243354085913062e+01
1.010290636524976904e+01
1.465650883458888742e+01
-2.507977322053558211e+01
1.450808345919334386e+01
-1.244085930532515327e+01
2.277930933332077501e+01
-1.658629018709192238e+01
-6.369819269946982665e+00
1.231859517127554682e+01
2.953182904267174891e+00
-7.637631572468855268e+00
-3.233648820363069554e+00
1.353802650098627325e+00
1.350628002521153448e+01
-9.552505437951232636e+00
-1.409950307509108924e+01
2.353508047606553433e+01
-1.378848097020507701e+01
1.391508468729994519e+01
-2.517093602719837264e+01
1.787316658850442508e+01
6.498494741165434796e+00
-1.369390099253286230e+01
6.467960613866878816e-01
1.542823610417953795e+00
9.632106473134490088e+00
-5.661752198960939175e+00
-1.138608998831132268e+01
8.865962314073925654e+00
1.303597850920563062e+01
-2.086664038193678650e+01
1.158195960340825614e+01
-1.383680677163348705e+01
2.626415435205195337e+01
-1.843646739606943896e+01
-6.657257379621584370e+00
1.461878736031419024e+01
-3.675027729705584001e+00
4.115393083809590458e+00
-1.586094728860353165e+01
1.011243319031023447e+01
8.954989775279944553e+00
-8.058551297551050041e+00
-1.157895218472487286e+01
1.723815690329198702e+01
-8.015656480931991013e+00
1.224197457265559130e+01
-2.600980344467495442e+01
1.819979030758175753e+01
6.871543336513109779e+00
-1.499898152420290032e+01
5.884732834902827392e+00
-8.963899689263330472e+00
2.150478071571777861e+01
-1.435428441537004574e+01
-6.417724268207106064e+00
7.153554323514132562e+00
9.866734711921681722e+00
-1.287968672808830384e+01
3.315989398687350764e+00
-9.277262309737535517e+00
2.445345148654657663e+01
-1.714199835443390185e+01
-7.161398586199448246e+00
1.477817461227371254e+01
-7.090527361381082194e+00
1.268985926141452936e+01
-2.618797016405319766e+01
1.804806797700453913e+01
3.985918875906866887e+00
-6.180857050667796670e+00
-8.052693083921678152e+00
8.071066191085879638e+00
2.207568657135076773e+00
5.189485346410437572e+00
-2.173223737906168651e+01
1.529919816331626947e+01
7.539552157338433425e+00
-1.394185517760024240e+01
7.181619039872847665e+00
-1.506296038000912851e+01
2.960149945519576420e+01
-2.089139098442575104e+01
-1.862763902778228786e+00
5.174976178915353664e+00
6.294028393290107104e+00
-3.121829748913265590e+00
-8.184660796733666643e+00
-3.078181633360976832e-01
1.806513372438706000e+01
-1.276261024033199476e+01
-8.010009348683508890e+00
1.251811956413797411e+01
-6.129609395155030782e+00
1.595171397165251292e+01
-3.152508079934295537e+01
2.264064461151006924e+01
2.282225778365043201e-01
-4.172655741843649402e+00
-4.740382263883315517e+00
-1.650930134124639181e+00
1.421056759230650712e+01
-4.979912938456053872e+00
-1.373731550528157364e+01
9.672459752392967403e+00
8.567294313913667025e+00
-1.057542619714984689e+01
3.990358854122761478e+00
-1.533264137344358602e+01
3.184291560268415822e+01
-2.312877761245373165e+01
7.741671894508108664e-01
3.210208545447432726e+00
3.523091197178354506e+00
5.945168865643209344e+00
-1.987517247220863226e+01
1.025516376173016653e+01
9.079744002977133022e+00
-6.208304056547948591e+00
-9.196423656528676105e+00
8.217480536879348207e+00
-8.997997327692515146e-01
1.329170275427007830e+01
-3.055197406934913573e+01
2.227761696351500831e+01
-1.047935866205299327e+00
-2.320804406128019082e+00
-2.745854526824549779e+00
-9.495340224364248627e+00
2.479229179714601727e+01
-1.509882987215600103e+01
-4.445421899061215321e+00
2.576472681800611397e+00
9.873637141517107807e+00
-5.575641799247309294e+00
-2.935983862351626339e+00
-1.001787220360266772e+01
2.776219585203864071e+01
-2.010383708755561827e+01
5.509873234157183219e-01
1.531917037252866098e+00
2.477473624376483663e+00
1.209115832172327742e+01
-2.862726629232379238e+01
1.912146444886283803e+01
1.840180927697869784e-01
1.004492291272041982e+00
-1.056785250945141819e+01
2.799417085568659758e+00
7.255680214551736285e+00
5.789329118428469201e+00
-2.368859347538911919e+01
1.671813339371624352e+01
7.009808579090428537e-01
-8.631351541258460713e-01
-2.747165629460600389e+00
-1.359233549076942893e+01
3.112083740829809031e+01
-2.199138733676026902e+01
3.383318149642700945e+00
-4.319358074772654987e+00
1.124275325493800537e+01
-4.574098245337410162e-02
-1.176159285564400037e+01
-9.532645548245108902e-01
1.863582133399586738e+01
-1.231764313017986190e+01
-2.635211512631949304e+00
3.245206963349094309e-01
3.542765777218713108e+00
1.393825330364499848e+01
-3.210760069798469374e+01
2.345866654033882526e+01
-5.987143497634770384e+00
7.171572389598318331e+00
-1.185936571589141408e+01
-2.532180165409297246e+00
1.614103925142200069e+01
-4.099241948333408381e+00
-1.297631404400770272e+01
7.172141858549293758e+00
5.126748099810004788e+00
8.434061823922078815e-02
-4.811922260542618623e+00
-1.315189047658942201e+01
3.152771901611481908e+01
-2.337324859888212814e+01
7.429236609738360642e+00
-9.397375565232456651e+00
1.237893918793429293e+01
4.795655637528664528e+00
-2.008876360885700052e+01
8.961467610862829503e+00
7.123559952452239941e+00
-1.604992329106034177e+00
-8.007094889013284700e+00
-3.745013010344369064e-01
6.466171778103690926e+00
1.133774528044672714e+01
-2.943106311365367134e+01
2.169593333755169695e+01
-7.597033137491765231e+00
1.087762938540508273e+01
-1.276591362533508978e+01
-6.630159177279031368e+00
2.332875434825495731e+01
-1.324038431720234144e+01
-1.502425478945434545e+00
-4.029798151206871459e+00
1.107607505804251780e+01
5.669904595508068468e-01
-8.387578041067804691e+00
-8.673921408671088074e+00
2.597349114018535232e+01
-1.850140137936960372e+01
6.471930766325895590e+00
-1.154649725569465168e+01
1.299074643700218701e+01
7.953157603528227426e+00
-2.563390463484447679e+01
1.658498364294162286e+01
-3.481341487780981403e+00
9.372773032759775802e+00
-1.411605050538809891e+01
-6.913556230591542118e-01
1.043743425553537918e+01
5.398964079287173590e+00
-2.140554260226859995e+01
1.397307276116068842e+01
-4.130853475633070815e+00
1.139633232340749736e+01
-1.303237435215527107e+01
-8.719574218760802964e+00
2.684211401406234287e+01
-1.871155841206410742e+01
7.470241014476945551e+00
-1.408467008108713259e+01
1.690749201621159159e+01
7.834979837981652651e-01
-1.246638677985550991e+01
-1.794407547028525229e+00
1.605436597669181253e+01
-8.390161138675233943e+00
7.409471935496068085e-01
-1.047839991697580331e+01
1.288010839732540447e+01
8.924516698274363335e+00
-2.686768883382755035e+01
1.942413070338571757e+01
-1.018069236124036259e+01
1.787067241945354468e+01
-1.924478519927925291e+01
-8.829485022710894526e-01
1.432524078851358951e+01
-1.835700527970118401e+00
-1.030018347246642030e+01
2.107848327714630710e+00
3.452227698270030842e+00
8.899358902877027688e+00
-1.253479840236056475e+01
-8.603098866185614924e+00
2.570723982369960225e+01
-1.862856631021963238e+01
1.142340326319403943e+01
-2.050152217149449640e+01
2.095113419222241191e+01
1.029779840533716850e+00
-1.587566636876426429e+01
5.186819856220939329e+00
4.548986703397376097e+00
4.468001916796158213e+00
-8.142173417438277383e+00
-6.813731928376905778e+00
1.200915554734102386e+01
7.827395967470454963e+00
-2.343967224232511626e+01
1.633937006468579511e+01
-1.111697316993103080e+01
2.182997329904807415e+01
-2.189148365816047104e+01
-1.261382685881155652e+00
1.700003760572966627e+01
-7.975899547782558940e+00
7.965746133734707968e-01
-1.090977943423284380e+01
1.298335850565407057e+01
4.412885037427767720e+00
-1.132718355603186033e+01
-6.700778524789823720e+00
2.022028874806953880e+01
-1.267868245800809746e+01
9.293751293795565971e+00
-2.180139168147110240e+01
2.198251631039220655e+01
1.609351763106342981e+00
-1.760970635944606144e+01
9.961745510915328339e+00
-5.366021489500150565e+00
1.679863833611234014e+01
-1.761598444006166986e+01
-1.911291771673656825e+00
1.052273665601370034e+01
5.350055893146057784e+00
-1.626944704685677578e+01
7.867557809690367776e+00
-6.097525748842434368e+00
2.045772833122035195e+01
-2.119898868272733949e+01
-2.096725003337464699e+00
1.765113114161898622e+01
-1.096231829919222989e+01
8.847525255438664971e+00
-2.175439468727159920e+01
2.169184209951765752e+01
-4.689429730885388281e-01
-9.637290258575774260e+00
-3.916013991713322540e+00
1.185660318403034275e+01
-2.210157669576263473e+00
1.773206151223985394e+00
-1.793456605063396836e+01
1.957592767430312364e+01
2.735798639332849724e+00
-1.710944078182365757e+01
1.086773135451025851e+01
-1.101014200853116343e+01
2.546266606874867477e+01
-2.489940275031735695e+01
2.514193117303482605e+00
8.717073221541228989e+00
2.543041666142926260e+00
-7.280899304558534624e+00
-3.927999510609719636e+00
3.350763255615675007e+00
1.445143683735333973e+01
-1.720650610214739373e+01
-3.526702583841492711e+00
1.600920061411006401e+01
-9.648031901163513169e+00
1.172021266866654798e+01
-2.769730489352548375e+01
2.698633905243283237e+01
-4.034897474918122562e+00
-7.809763568656894250e+00
-1.368599199011223178e+00
2.849698494132658411e+00
1.014616646369233877e+01
-8.886000845427115991e+00
-1.029609127342035890e+01
1.423572596134354740e+01
4.456866866186354414e+00
-1.441235193318631858e+01
7.355223808424187659e+00
-1.095075966587154781e+01
2.833651424033672228e+01
-2.777785220648410203e+01
4.879494944559043645e+00
6.960988327274551857e+00
5.132868547620041966e-01
1.143388266787567886e+00
-1.603699484306986989e+01
1.441210421966348854e+01
5.803837177883647058e+00
-1.085034100874341156e+01
-5.501444927735464674e+00
1.241349872901676044e+01
-4.119406304328340873e+00
8.783214908666625576e+00
-2.737148764430745729e+01
2.718947907019131449e+01
-4.945694780489682252e+00
-6.210889391376801072e+00
-7.222120260248754420e-02
-4.439406826595878819e+00
2.121560742178247239e+01
-1.950688446422817890e+01
-1.333421522333452014e+00
7.265723759702487072e+00
6.624687945747378848e+00
-1.013290458904190849e+01
1.393246394863592030e-01
-5.401364436013328607e+00
2.490695029453750564e+01
-2.523344673418761630e+01
4.188254417224096748e+00
5.591018977556415415e+00
1.083264114225270802e-01
6.832401981462962404e+00
-2.534703009174112509e+01
2.377674915148970314e+01
-2.758818807182521482e+00
-3.710606130248765844e+00
-7.782191419422913370e+00
7.707723706643889727e+00
4.331971632297719310e+00
1.077953480939973341e+00
-2.115355999971743373e+01
2.201810358064089712e+01
-2.622684532001461122e+00
-5.121809737753872049e+00
-6.480044506008315608e-01
-8.183891483882057116e+00
2.817001906583991655e+01
-2.688505359914550752e+01
6.144683680770064882e+00
4.107813308863677015e-01
8.923866581511166629e+00
-5.282111825408293271e+00
-9.005318744394561037e+00
3.845078484697356025e+00
1.641271041672362685e+01
-1.774045223466676902e+01
3.245914452377540727e-01
4.810826881545777312e+00
1.679472858595592921e+00
8.432448164515255584e+00
-2.951557950622051152e+01
2.857638479891392436e+01
-8.547864893290210375e+00
2.427064559855502957e+00
-9.997430155945551178e+00
2.996937277386123810e+00
1.357616084781129118e+01
-8.981307475086168779e+00
-1.105482446905062233e+01
1.267230546162343963e+01
2.575320129848181594e+00
-4.651955194973860230e+00
-3.153864362247496445e+00
-7.597720557790028195e+00
2.931885450265448867e+01
-2.869503348058676906e+01
9.764018552309240206e+00
-4.630225897362443277e+00
1.095216130628444162e+01
-9.798341361606492939e-01
-1.774631082693022677e+01
1.392770131818616441e+01
5.492693448040953719e+00
-7.141045342047918076e+00
-5.900248016538810703e+00
4.625606410536923008e+00
4.988983305230375365e+00
5.778623384277589814e+00
-2.762354031134212207e+01
2.719632614844289265e+01
-9.675704327350162615e+00
6.072477231874115589e+00
-1.174264805191967298e+01
-6.636921792673735609e-01
2.124518708558794344e+01
-1.829365945401226057e+01
-1.517734004423783034e-01
1.506355886893693707e+00
9.439670771326316157e+00
-4.699956847553448114e+00
-7.075423958667727220e+00
-3.145848091849666961e+00
2.457852071201475752e+01
-2.415000078089141766e+01
8.261106903048009542e+00
-6.683286364711773508e+00
1.233223940360674575e+01
1.857478962583059889e+00
-2.384900649782218451e+01
2.172913203980624530e+01
-4.560430541672881866e+00
3.865408525729430167e+00
-1.296422988658229691e+01
4.833147188304502961e+00
9.284588913069500293e+00
-7.074970150671511249e-02
-2.042697166482193794e+01
1.973538051944751359e+01
-5.595899404245956887e+00
6.453059517599980310e+00
-1.269593490353835463e+01
-2.559738853821377447e+00
2.539656543455689786e+01
-2.394980273933921922e+01
8.283695012541855363e+00
-8.627383113515715962e+00
1.624205751400140940e+01
-4.976301579181205526e+00
-1.147801367566292008e+01
3.598963702648471319e+00
1.548872707747536204e+01
-1.422868815486006611e+01
1.848099942634235049e+00
-5.434019772214072397e+00
1.282247944519700766e+01
2.765571570642018084e+00
-2.580049005000959994e+01
2.475753258832216375e+01
-1.073101899186207753e+01
1.247700341216073738e+01
-1.905538131522693845e+01
5.077157709300255561e+00
1.351731549208815153e+01
-7.144031273586866071e+00
-1.013717874499593918e+01
7.983408315435499780e+00
2.733724439615372148e+00
3.736632543685152186e+00
-1.271548589474405766e+01
-2.506799714470819840e+00
2.505316562880756948e+01
-2.405460436237661170e+01
1.170931121786743923e+01
-1.517768207873896102e+01
2.121621178112408401e+01
-5.084048306750841739e+00
-1.527404619463433555e+01
1.040997905857161854e+01
4.772373881300779885e+00
-1.405103479398174038e+00
-7.838073413925004118e+00
-1.521812343935890155e+00
1.239347738565805912e+01
1.849167438546472475e+00
-2.322693891959238499e+01
2.185075323698870520e+01
-1.113333788452810325e+01
1.657578849025482981e+01
-2.257997708005236959e+01
4.949941806676779521e+00
1.663874282051013864e+01
-1.312098415009791452e+01
2.077557618988663535e-01
-5.077511584491326779e+00
1.311269568244116890e+01
-1.010549600200963738e+00
-1.188882026109155099e+01
-8.871298929048689885e-01
2.046859927756106501e+01
-1.826248807656425299e+01
9.031927236307350171e+00
-1.661170203540642021e+01
2.305611234805203225e+01
-4.636238666746329784e+00
-1.752853433445517339e+01
1.504121928954025833e+01
-4.435967654821143746e+00
1.104316323141554079e+01
-1.818975429312404302e+01
3.635929279019476823e+00
1.124560170257059610e+01
-2.633677572320944904e-01
-1.698855447553833287e+01
1.350476114065282118e+01
-5.545983015514697634e+00
1.532413319563286436e+01
-2.261482452652876418e+01
4.116031244197033701e+00
1.789277289043732821e+01
-1.599176463474136867e+01
7.602036355519761202e+00
-1.610808611098143928e+01
2.271217361223176212e+01
-6.121366559986294753e+00
-1.051658689636968624e+01
1.473582429760739387e+00
1.304549582655867468e+01
-7.875592609528408339e+00
9.184464038091721960e-01
-1.284738850062198878e+01
2.128952532191294011e+01
-3.376568922519150195e+00
-1.771630530635832557e+01
1.586338388456987403e+01
-9.474950382007653715e+00
1.995340703271800820e+01
-2.635927792065740860e+01
8.242356858056918867e+00
9.759462984927646190e+00
-2.611496697935045574e+00
-8.927667741038442628e+00
1.734760767482814714e+00
4.523076038671447918e+00
9.401761709459480088e+00
-1.917473433470471633e+01
2.420724194908614457e+00
1.702017384389858279e+01
-1.462426323844187692e+01
9.919391650298431173e+00
-2.234788031850803947e+01
2.886987852359483142e+01
-9.799223929344663020e+00
-9.032635376375914404e+00
3.551480869989839917e+00
4.932096242822270327e+00
4.521907185449084210e+00
-1.038977437308031249e+01
-5.277727783717665488e+00
1.641957976648217254e+01
-1.267326017376335656e+00
-1.585972223821013216e+01
1.232217592586474453e+01
-8.905323093275116619e+00
2.316434238313414795e+01
-3.006114571071747577e+01
1.063179093898525984e+01
8.390881540738647004e+00
-4.183397664663596416e+00
-1.343272413555832046e+00
-1.049079521028824757e+01
1.625950570867935241e+01
8.150628437743518973e-01
-1.321734198851589781e+01
-4.969105566128462215e-02
1.432026962971115935e+01
-9.080936523108668723e+00
6.510005826697341291e+00
-2.238870347808854078e+01
2.984190125726360776e+01
-1.063128341617744610e+01
-7.881184833114674326e+00
4.420500716986805578e+00
-1.587179572344362910e+00
1.578928036622792952e+01
-2.170707463273365079e+01
3.621619857324590352e+00
9.791772686015963956e+00
1.483285611072540533e+00
-1.251068816922002469e+01
5.091419061554147696e+00
-2.912311013325906917e+00
2.012082969883884687e+01
-2.821936515046088445e+01
9.748591640180316986e+00
7.539064384529918783e+00
-4.205571488368957667e+00
3.658396250772015357e+00
-2.008297277828028626e+01
2.633475162739730990e+01
-7.669167370744656154e+00
-6.381158399559766714e+00
-2.976332697730526888e+00
1.055536727580506451e+01
-5.978016122009499611e-01
-1.620255670551776550e+00
-1.656725010868944281e+01
2.529885846518116921e+01
-7.998277820889844847e+00
-7.385686696054495570e+00
3.514871504124959856e+00
-4.734456964088518127e+00
2.310946305789861555e+01
-2.980083968771904779e+01
1.099213203642899650e+01
3.221264781361872664e+00
4.465468930274901993e+00
-8.585158483311236211e+00
-4.119960191080282996e+00
6.750876996321357737e+00
1.202621043358871944e+01
-2.127646929530776987e+01
5.458016886090818254e+00
7.425992066656586843e+00
-2.359648275156919883e+00
4.753851387163161135e+00
-2.469687958865984712e+01
3.184423873129064120e+01
-1.330707808279793980e+01
-5.283843431624550835e-01
-5.885490654395907129e+00
6.727961898743737734e+00
8.766161538416419319e+00
-1.209770062838334326e+01
-6.866144133125663629e+00
1.642519416093598750e+01
-2.263487124270826101e+00
-7.647997892209955850e+00
7.851118602738091923e-01
-3.733571220732944784e+00
2.477593249033462541e+01
-3.230324395417062533e+01
1.440319934264291390e+01
-1.516290754166583099e+00
7.173989339690921341e+00
-5.099634128542195555e+00
-1.305043485019167804e+01
1.726132169996421695e+01
1.499104314262376558e+00
-1.107553703491350205e+01
-1.400945127908157062e+00
8.023356164205743823e+00
1.133018247699635772e+00
1.767552560616325374e+00
-2.338458987442383119e+01
3.112722751735142879e+01
-1.415775906402742024e+01
2.779838589477761523e+00
-8.275883976518715102e+00
3.795867247371313979e+00
1.670837971867737792e+01
-2.185349653413440052e+01
3.648938018038651698e+00
5.591948239477764204e+00
5.315097756142774799e+00
-8.509150271920884023e+00
-3.294122573357308070e+00
9.803985803689663214e-01
2.066506145566035713e+01
-2.838036321987765831e+01
1.254523178464499900e+01
-3.187359094419100813e+00
9.147510863940834014e+00
-2.885611676159850703e+00
-1.952026013775673619e+01
2.552502683245766235e+01
-8.168798500203648061e+00
-3.467870665213962367e-01
-9.238493516304968622e+00
9.050823243324087386e+00
5.580021940956086723e+00
-4.288670130261288627e+00
-1.685331663308749484e+01
2.423712453469893902e+01
-9.639477439638660883e+00
2.727587882696042243e+00
-9.759957228893659575e+00
2.406498706959555367e+00
2.132643670347740894e+01
-2.799081585865651434e+01
1.169758334794091681e+01
-4.306326796429248205e+00
1.292742505805293263e+01
-9.586042810023839067e+00
-7.863503133455806093e+00
7.894013998179679525e+00
1.226189917678385655e+01
-1.896987660658180275e+01
5.608777102254657088e+00
-1.453947303142173908e+00
1.010137514827162164e+01
-2.362569721956727431e+00
-2.203844038389330962e+01
2.905030358755466580e+01
-1.394487488987500967e+01
8.057860359646619841e+00
-1.615234347647078650e+01
1.004923477044384228e+01
1.001740505317545704e+01
-1.151064799359575730e+01
-7.257280302626399227e+00
1.292945018357448994e+01
-7.040722382147190928e-01
-5.190636539819557527e-01
-1.017808296966820869e+01
2.724449942351980347e+00
2.164491088045947720e+01
-2.860182154465115900e+01
1.471371848819288530e+01
-1.066458999802013885e+01
1.871432008703818184e+01
-1.037646083533589092e+01
-1.192360690714586724e+01
1.485090947639072922e+01
2.233381860533328656e+00
-6.520089248352895162e+00
-4.758761707494781668e+00
3.023903621629710159e+00
1.001434793802946821e+01
-3.431927217344379777e+00
-2.021199355997077163e+01
2.664984601832185263e+01
-1.391490322409448765e+01
1.196709762025002277e+01
-2.045939161248751503e+01
1.051028496144543212e+01
1.348127409509839225e+01
-1.764597445124318753e+01
2.416826244285307013e+00
1.705681605743345486e-01
1.042134635724958613e+01
-5.851890374280632301e+00
-9.650839863282318021e+00
4.398723785754360627e+00
1.787818762659100358e+01
-2.330463893259508978e+01
1.157350959863935991e+01
-1.190127467851965903e+01
2.128974550106419628e+01
-1.040426595555307365e+01
-1.461377786191740924e+01
1.966515663063628949e+01
-6.329614809695317312e+00
5.696450606906325653e+00
-1.590833458167363723e+01
8.768131281564700785e+00
9.141844397250833865e+00
-5.519093494713523285e+00
-1.484403593639116714e+01
1.877431220445919280e+01
-7.827252172751396841e+00
1.050299635603104420e+01
-2.117092452900354971e+01
1.002673480960118724e+01
1.527380654335079946e+01
-2.073240829620135983e+01
9.196641674321995197e+00
-1.069462034270205564e+01
2.085422023896415666e+01
-1.152842199298181569e+01
-8.551418500850308746e+00
6.675749661683008540e+00
1.135741511770428147e+01
-1.334989462728739262e+01
2.916733753703518950e+00
-7.905617285004014505e+00
2.013451252034754191e+01
-9.363561765528629621e+00
-1.544632160736733617e+01
2.073885049743894271e+01
-1.078708348756332214e+01
1.450150876383581533e+01
-2.492950067747063159e+01
1.389690559692138194e+01
7.948752864905969773e+00
-7.748538484311267460e+00
-7.695497152184781697e+00
7.384481266911007147e+00
2.831691812362460148e+00
4.330455162575514549e+00
-1.827608586638837451e+01
8.419687502513902189e+00
1.514917055288299963e+01
-1.965044912296115953e+01
1.096417126299129841e+01
-1.688161113446602357e+01
2.786431193958465968e+01
-1.566322374746265922e+01
-7.403070052428692094e+00
8.623225745594677250e+00
4.144688096440425795e+00
-1.267968157951082198e+00
-9.029220620967892685e+00
-7.093269147684111431e-02
1.574855547429101676e+01
-7.219280334740078686e+00
-1.443133937023774394e+01
1.751030462767598195e+01
-9.694951588108505547e+00
1.770312612725787460e+01
-2.946783448806454331e+01
1.665792160662944354e+01
6.978427851287216654e+00
-9.199763455519580191e+00
-9.799896578316396045e-01
-4.600810468155231980e+00
1.525239326043093691e+01
-4.528494860038632552e+00
-1.275135640441753537e+01
5.804480703424462540e+00
1.336899726380237041e+01
-1.443541127978937055e+01
7.052582811579764410e+00
-1.694728994864696148e+01
2.964206778945315079e+01
-1.676498816405227643e+01
-6.728811310920788102e+00
9.399447591471126628e+00
-1.554734804293698147e+00
9.842541508314903709e+00
-2.107338991106410120e+01
9.097122427504841014e+00
9.516243759139891623e+00
-4.232798355217287423e+00
-1.205964344150098277e+01
1.060813873845439836e+01
-3.211011824821422778e+00
1.470959800681301743e+01
-2.838897387643127956e+01
1.593061437927440238e+01
6.693882662451874133e+00
-9.170464534679759083e+00
3.264178776421184480e+00
-1.412444801570879349e+01
2.609065310496783141e+01
-1.326471477233543439e+01
-6.290701498560153482e+00
2.573328746895018782e+00
1.061479880443009449e+01
-6.263066089260141744e+00
-1.567576332628713320e+00
-1.119282539747791638e+01
2.581046439869967202e+01
-1.416751955759627890e+01
-6.895716352443738373e+00
8.491445452902908642e+00
-4.015455903879018074e+00
1.718392555712980396e+01
-2.995764128640061230e+01
1.668824695230117783e+01
3.320147641566486119e+00
-9.020458265382256258e-01
-9.151785000035474127e+00
1.670129170030850929e+00
6.951626104637526282e+00
6.692345958661171323e+00
-2.210121871384445313e+01
1.155451243564666264e+01
7.336779387430232724e+00
-7.372795586973252213e+00
3.747428048067943607e+00
-1.884711056945837981e+01
3.240764998372738148e+01
-1.907674448513776966e+01
-8.302116818809309740e-01
-7.034985139717644387e-01
7.785192724749521176e+00
2.884697421788112948e+00
-1.256403462821183759e+01
-1.574802369809220615e+00
1.753483547900358275e+01
-8.231295068156825323e+00
-7.999329640137995412e+00
5.855728216752751791e+00
-2.474846899608740713e+00
1.904105722464745298e+01
-3.327291915637635356e+01
2.021243490884446459e+01
-9.896390539956101406e-01
2.169688081661999668e+00
-6.618656543115347901e+00
-7.119790252375817197e+00
1.800921543868046371e+01
-3.748342931474921258e+00
-1.244429998835167339e+01
4.388860281837765775e+00
8.846302855907056895e+00
-4.009099099947300182e+00
2.870322631719309792e-01
-1.779865953584278060e+01
3.249665491995246214e+01
-1.996668402330626435e+01
1.999938458743209857e+00
-3.432166267673085969e+00
5.737524220797252994e+00
1.077787407542737697e+01
-2.290145766430040197e+01
8.850478637779559676e+00
7.198159624630457998e+00
-2.561525053467228474e-01
-9.823650146557696416e+00
1.924294384459569685e+00
2.658797159376220520e+00
1.525597690359176895e+01
-3.013710200560417007e+01
1.830956185195635300e+01
-2.121517387427213741e+00
4.440574170522537223e+00
-5.202937266989632548e+00
-1.364419497631806166e+01
2.689254559520092869e+01
-1.332060837865708613e+01
-2.174110657158407456e+00
-3.916065904929745933e+00
1.086397973431255437e+01
2.914378462319167085e-01
-6.149041773220663920e+00
-1.164216652008646413e+01
2.636337352391901589e+01
-1.531233878390584380e+01
1.341497813629363378e+00
-5.162343263786183023e+00
5.047731672334025532e+00
1.556157496088878389e+01
-2.969665947636455883e+01
1.679299978299205165e+01
-2.268111294852949378e+00
7.872994988342949974e+00
-1.189125764667143059e+01
-2.522714788923385854e+00
9.929243521262925753e+00
7.262755886615978262e+00
-2.144333596814072251e+01
1.114271888380627296e+01
2.854666293705037106e-01
5.585246489589732910e+00
-5.274431901317687021e+00
-1.644128190530544131e+01
3.111077618729400029e+01
-1.897359076851846282e+01
5.812591318379410232e+00
-1.137395227774864104e+01
1.282623946068719256e+01
4.654236966099892570e+00
-1.372248461453524371e+01
-2.477465174226809452e+00
1.572441746971490595e+01
-6.053138690611509887e+00
-2.640815489104152647e+00
-5.718498245902154942e+00
5.855457185946798759e+00
1.626895290927210880e+01
-3.102911373797697792e+01
1.966125738636893772e+01
-8.209986154583424067e+00
1.420959781148516754e+01
-1.359224545319349531e+01
-6.578900606992151623e+00
1.724933265758401291e+01
-2.325821820591523093e+00
-9.608715196247974433e+00
3.629585401510251330e-01
5.550333573265557874e+00
5.592297293709697747e+00
-6.735498395119956960e+00
-1.510516665507640965e+01
2.945059271660115741e+01
-1.876241597385887161e+01
9.295526349131318256e+00
-1.621698505364388865e+01
1.412085943870650162e+01
8.205222644176995317e+00
-2.024789662232572596e+01
6.759065579886852859e+00
3.524187000751791476e+00
5.564186332574961646e+00
-8.796457728165650636e+00
-5.255819753803535832e+00
7.835867900901718031e+00
1.308064551850682378e+01
-2.647879003401621745e+01
1.629791044343237871e+01
-9.000968046895707175e+00
1.729134446428921024e+01
-1.435713000041733878e+01
-9.463553140345311476e+00
2.249255581551120287e+01
-1.046204598012055520e+01
2.106006390849278986e+00
-1.134625766093494370e+01
1.213377106254918303e+01
4.773783865738387533e+00
-9.060485120809032011e+00
-1.038645318070317103e+01
2.231439939710598708e+01
-1.240168896630747852e+01
7.359625122809580589e+00
-1.739373665843995553e+01
1.426388235895994150e+01
1.031064368072252435e+01
-2.381002477001634077e+01
1.312829833884046771e+01
-6.893809424256744478e+00
1.661005727640300478e+01
-1.530658374728214000e+01
-4.221815593310414449e+00
1.030304667733586577e+01
7.259910745777270691e+00
-1.724075019010512122e+01
7.311363388280740949e+00
-4.504107824366952784e+00
1.655400552541920334e+01
-1.382480809635444530e+01
-1.073226396718137821e+01
2.409161323376411090e+01
-1.452715334603063724e+01
1.051405561839449021e+01
-2.101788792656611093e+01
1.806734411977256727e+01
3.680936417830595886e+00
-1.145485028495093083e+01
-3.967258369057539369e+00
1.160343332263730609e+01
-1.351327173189764252e+00
6.569173370729028960e-01
-1.486879749696936415e+01
1.304608447230120127e+01
1.074370323994626197e+01
-2.330081768236261297e+01
1.452030601739156346e+01
-1.272773383517044188e+01
2.429171649149261469e+01
-2.019455819120596374e+01
-3.231564696454711338e+00
1.241270090477492083e+01
7.843185589560128790e-01
-5.785503539747553603e+00
-5.090358294998932109e+00
3.885440869000121644e+00
1.249476735853299658e+01
-1.195637929609573646e+01
-1.038814756045769627e+01
2.147571883946572768e+01
-1.307173350233857079e+01
1.339906738500232919e+01
-2.623310024418233510e+01
2.150892493617606149e+01
2.947464246139436028e+00
-1.308632885525970480e+01
2.023444502904302666e+00
1.800426098166294508e-01
1.158965193743716426e+01
-8.773695300643840511e+00
-9.637438156212665419e+00
1.060521385804425876e+01
9.733077140211143785e+00
-1.872603406928944736e+01
1.025026030820066580e+01
-1.250518022957863273e+01
2.673743799738606697e+01
-2.188651726337223380e+01
-2.890084779477371413e+00
1.340479184239847754e+01
-4.220037617776745797e+00
4.837945714541824316e+00
-1.771681019618129227e+01
1.363088225753432248e+01
6.536497822526657231e+00
-9.059776866372379445e+00
-8.864968754656503691e+00
1.522505721676224866e+01
-6.224597803505259819e+00
1.013765633906609587e+01
-2.580151302004615488e+01
2.126804592337550304e+01
3.103717165988874704e+00
-1.332141272043752878e+01
5.615856354113391014e+00
-8.938293208029616466e+00
2.306708172434145254e+01
-1.807946092360485579e+01
-3.448575281835128514e+00
7.400397842274802684e+00
7.882706811396992919e+00
-1.119708396180602428e+01
1.251224772589442313e+00
-6.495879904253700765e+00
2.352377458030125723e+01
-1.966352125093271752e+01
-3.611833308912193452e+00
1.281691598319683223e+01
-6.081204001244777224e+00
1.185916116092969474e+01
-2.728961785654123418e+01
2.176852562574052996e+01
6.287250117349705292e-01
-5.714990395724459660e+00
-6.890194565738447352e+00
6.901241888901866517e+00
4.344011428448343537e+00
1.872633858628346637e+00
-2.009732552799068728e+01
1.715195588633544332e+01
4.414899152888454026e+00
-1.190056009833580042e+01
5.555456279570146094e+00
-1.342559185115782405e+01
3.011252497239700077e+01
-2.439916071111827733e+01
1.688052418460152415e+00
4.092856502151528630e+00
5.988708318366624539e+00
-2.612898404821208942e+00
-1.018924465120994327e+01
3.367010290968565300e+00
1.579610714324080689e+01
-1.387610705200583716e+01
-5.489845532798897310e+00
1.060920985477413758e+01
-4.051232427185923690e+00
1.356179554123284348e+01
-3.136226149660621587e+01
2.574611343820735243e+01
-3.303922932174687688e+00
-2.618296047039029517e+00
-5.269548939599397741e+00
-1.396011570316407102e+00
1.589320925448215505e+01
-8.811996863420425541e+00
-1.095526192413863242e+01
1.003261409900162882e+01
6.791262555356077257e+00
-9.004442112214224636e+00
1.653293865922718098e+00
-1.229630231742271462e+01
3.097598789638640682e+01
-2.567422151551297560e+01
4.072726210404920444e+00
1.364487163062795494e+00
4.807516409543431735e+00
4.876324317413407883e+00
-2.107321568115578003e+01
1.403489734649260257e+01
5.947074842767895220e+00
-5.858220162428304789e+00
-8.254257511519188739e+00
7.167918905199824664e+00
1.487729254997531836e+00
9.759621092709579671e+00
-2.900598354118510258e+01
2.414840591835322314e+01
-3.910821256871738427e+00
-3.880902031266146857e-01
-4.655666823558882506e+00
-7.619268375482887379e+00
2.538247480356463370e+01
-1.862270397378487630e+01
-1.154213583270833565e+00
1.613051773393091359e+00
9.798793118343764874e+00
-5.195383717796422829e+00
-5.166312992781185720e+00
-6.174585941384509447e+00
2.561581341192161432e+01
-2.123649969733136800e+01
2.803472838201972905e+00
-2.750180013923992917e-01
4.841712754026987753e+00
9.471112741575041127e+00
-2.853481336884657793e+01
2.220659585051348017e+01
-3.057814774871153940e+00
2.437853576662485366e+00
-1.133521129369298919e+01
3.189731332582129042e+00
9.136910298924359353e+00
1.840094007566518641e+00
-2.106851955007753929e+01
1.710469675820101543e+01
-8.062989074070898710e-01
6.125497535046573461e-01
-5.366304521961925644e+00
-1.034380533193900931e+01
3.032501301977905683e+01
-2.448854152170109444e+01
6.367013609168566290e+00
-6.043450510198699277e+00
1.277055607050330721e+01
-1.253662485354746892e+00
-1.313163581136130631e+01
2.890588028977785218e+00
1.570768434639549227e+01
-1.200593426284179444e+01
-1.958347378236034331e+00
-6.369243418163392789e-01
6.203291052853428411e+00
1.022085657119321844e+01
-3.064332195691185490e+01
2.526282874065700668e+01
-8.518158477500035630e+00
8.984661229303991803e+00
-1.401524469742881607e+01
-5.175423404234766878e-01
1.687948586679232577e+01
-7.635384363223216120e+00
-9.932724220235588319e+00
6.262030351828729025e+00
5.309823267082666831e+00
3.845909677718406527e-01
-7.301914816824393917e+00
-9.158066930660169191e+00
2.948310843707873374e+01
-2.443097606972602875e+01
9.341294638456169253e+00
-1.109012593377239497e+01
1.498960359755722749e+01
2.042611446370180772e+00
-2.012571012464851350e+01
1.201099801691013269e+01
4.170186230111495362e+00
-2.408487868235504870e-01
-9.021883224306169069e+00
8.642028839825854902e-02
8.590756377958518542e+00
7.279068514122021938e+00
-2.694111867662469351e+01
2.200895572526566468e+01
-8.764133651561911265e+00
1.224858525443289636e+01
-1.562978851795055135e+01
-3.259767298190610507e+00
2.264994610312475132e+01
-1.566054457350982254e+01
1.156893030583233895e+00
-5.669878562516542431e+00
1.283871256731616128e+01
-7.005661480452225476e-01
-9.983120291530314105e+00
-4.766022653273111587e+00
2.321033284361968896e+01
-1.812620869687653169e+01
6.817448289305447773e+00
-1.241698924440617091e+01
1.589264621015984247e+01
4.130729245416488560e+00
-2.428182241876946534e+01
1.827924985373655176e+01
-5.659367845344425163e+00
1.109019767383772503e+01
-1.649316865356943396e+01
1.370202154472837108e+00
1.138345424158883468e+01
1.846161255375500687e+00
-1.856594353227796290e+01
1.301652204495432485e+01
-3.633066381641874010e+00
1.162373118474310729e+01
-1.575914604812786735e+01
-4.642966315082337481e+00
2.491292340067846567e+01
-1.963637172623472082e+01
9.009923377359696062e+00
-1.567506444306450319e+01
1.972592642312256928e+01
-2.001962123259350079e+00
-1.269432431598420763e+01
1.224845341721902514e+00
1.334547335373908261e+01
-7.001422153977191698e+00
-5.654048673524698643e-01
-9.966752823509409609e+00
1.523610936405436433e+01
4.810062843880896111e+00
-2.450427322864364754e+01
1.959177998530797993e+01
-1.096657064367560253e+01
1.913901413508845906e+01
-2.230415429819827011e+01
2.503651700589803575e+00
1.382343574937461561e+01
-4.181487948893230389e+00
-7.924466812620258871e+00
4.672746921035890733e-01
5.478470189714775174e+00
7.606635782551331104e+00
-1.435608505932320611e+01
-4.670197882900540165e+00
2.308882245187745497e+01
-1.810601382040224294e+01
1.139001078033056302e+01
-2.127659309649329344e+01
2.403837427095818313e+01
-2.791158471139654651e+00
-1.469019228119207554e+01
6.767643597371688635e+00
2.689506572262482464e+00
6.162266433464560933e+00
-1.075212302584761304e+01
-4.755155307376131901e+00
1.317535365937807867e+01
4.282875507031995710e+00
-2.076878014682548468e+01
1.524310601372404506e+01
-1.025362281534254727e+01
2.197707902124874124e+01
-2.479628488778286766e+01
2.794872697942774487e+00
1.523132769065762382e+01
-8.755045067495837330e+00
1.989506871668558219e+00
-1.245648513392414714e+01
1.600318171589516680e+01
1.660101244106308549e+00
-1.177017878930151262e+01
-3.724167549135236399e+00
1.770800507093339959e+01
-1.116598281547223692e+01
7.645358453706384338e+00
-2.123242381869306428e+01
2.451253918904189533e+01
-2.465141405995113555e+00
-1.540521665868307011e+01
9.959673929298844541e+00
-5.785823529822932798e+00
1.800833629922562196e+01
-2.084677214611044604e+01
1.412556709760556473e+00
1.023155505420794675e+01
3.080834012585031090e+00
-1.412002238630832807e+01
6.124781099194319900e+00
-3.761408074938296764e+00
1.913783812620238933e+01
-2.319375650001015643e+01
1.776342552745589387e+00
1.519457308123573824e+01
-1.025491068826769236e+01
8.439164811720765158e+00
-2.246348178888150926e+01
2.492398671290015955e+01
-4.197886659029766321e+00
-8.658814875483681561e+00
-2.443762264929551620e+00
1.025254360254927732e+01
-4.389316719861335869e-01
-1.107907422268389119e+00
-1.588496402490049242e+01
2.091838694899124818e+01
-7.292612439837462546e-01
-1.460736462577023609e+01
9.580513129670338301e+00
-9.774230398868569480e+00
2.554554677956600273e+01
-2.792773354409873221e+01
6.451217282555393950e+00
7.152545402603623259e+00
1.901208970856696823e+00
-6.369614199420418288e+00
-5.525696832074482145e+00
6.599006491677307018e+00
1.174811473151201469e+01
-1.783141645546060516e+01
-6.484302021720331766e-01
1.367590366586585837e+01
-7.946797028531143781e+00
9.713072533431821753e+00
-2.707578521600838428e+01
2.962491661989023939e+01
-7.965981728293888509e+00
-5.807323351947038859e+00
-1.532335942033968834e+00
2.732678512986591812e+00
1.138294706063306627e+01
-1.230118094709099275e+01
-7.064558730022794109e+00
1.413427124312972261e+01
2.303650530924384654e+00
-1.245420707798008841e+01
5.433740021079878524e+00
-8.280461130653627322e+00
2.698574428474615416e+01
-2.987334789464778595e+01
8.588892046983026773e+00
4.704795927323889515e+00
1.401502640934922717e+00
4.180765815995890478e-01
-1.675393530653627394e+01
1.778611885231016743e+01
2.210255097049308226e+00
-1.007062796228712820e+01
-4.161265930529301826e+00
1.101384113471399573e+01
-2.185094573849280852e+00
5.601867206631908402e+00
-2.532202016676414047e+01
2.863216824272525685e+01
-8.231340304287993348e+00
-3.907617874215510767e+00
-1.553716543663093752e+00
-2.880763637505519448e+00
2.129404923197012067e+01
-2.263869793524944996e+01
2.427224285473998489e+00
5.909133160954580966e+00
6.129105804405737601e+00
-9.438574026060255306e+00
-1.602046629536546085e+00
-1.894222051541673446e+00
2.224276477349791747e+01
-2.596501823399426456e+01
6.876189492216410848e+00
3.454699025375102650e+00
2.011552876139728330e+00
4.506008318924673794e+00
-2.471744690844838743e+01
2.648684007117504891e+01
-6.476645135625243910e+00
-1.924262484322947664e+00
-8.104294895123624443e+00
7.818239930586997843e+00
5.691465528374052951e+00
-2.549872678090306266e+00
-1.800619500939112783e+01
2.203571918604734492e+01
-4.579445713464037837e+00
-3.358126993277372740e+00
-2.773744297784852986e+00
-5.207328981304732984e+00
2.681730558505900319e+01
-2.902828482268618160e+01
9.609927549467345287e+00
-1.623311008878182804e+00
9.980457838553190797e+00
-6.242269492779559670e+00
-9.824778801262249672e+00
7.383340333182592197e+00
1.295192986352836151e+01
0.000000000000000000e+00
7.605146047987273228e+00
1.473392354937281112e+01
2.094373675088668563e+01
2.585699448395892830e+01
2.918745714425182314e+01
3.075973383468612354e+01
3.052049507850745158e+01
2.854060669134746675e+01
2.500808984777398081e+01
2.021251604818730030e+01
1.452209838838722789e+01
8.355291299247619818e+00
2.149117085482326051e+00
-3.673331869290710650e+00
-8.733728396364577762e+00
-1.272535269656998125e+01
-1.543394727587503823e+01
-1.675107949519785677e+01
-1.667910795223343001e+01
-1.532751427652053167e+01
-1.290103809835400739e+01
-9.680686402609122609e+00
-5.999229562032123653e+00
-2.213203272151236245e+00
1.326322279010495819e+00
4.301884556272943527e+00
6.454485012049690162e+00
7.603258921963549355e+00
7.658500625676854412e+00
6.627137481124521834e+00
4.610360461710455660e+00
1.793747098702375808e+00
-1.569197045523152312e+00
-5.178645724473481593e+00
-8.713392367592060594e+00
-1.185707654465371164e+01
-1.432358660761884828e+01
-1.587963582283327035e+01
-1.636277514551027323e+01
-1.569350588521722578e+01
-1.388065501573678873e+01
-1.101973244491228243e+01
-7.284556912997302902e+00
-2.912969004961674102e+00
1.812096535083682625e+00
6.584566795776742865e+00
1.109840129256062013e+01
1.507011450431213540e+01
1.825889172244306380e+01
2.048278455426061484e+01
2.162983484534556666e+01
2.166342287909827391e+01
2.062162830953849380e+01
1.861088823046460305e+01
1.579469453042535854e+01
1.237845477415910977e+01
8.591917018779184900e+00
4.670708570376133295e+00
8.385522716433548851e-01
-2.708396148222651512e+00
-5.813886065357502630e+00
-8.369717720282217499e+00
-1.031922868454860875e+01
-1.165608244554660189e+01
-1.241873870697204296e+01
-1.268135631576842215e+01
-1.254217238687619584e+01
-1.211059094299111649e+01
-1.149428649299628979e+01
-1.078757841720820387e+01
-1.006216770636745927e+01
-9.361065587345633432e+00
-8.696209482304229965e+00
-8.049887390387819863e+00
-7.379712239824575803e+00
-6.626538245280039874e+00
-5.724424001946147200e+00
-4.611548236960568481e+00
-3.240891872685503827e+00
-1.589522565014583222e+00
3.345471433189626254e-01
2.488722087279281681e+00
4.795888302848792861e+00
7.148297586674797088e+00
9.415014531078368165e+00
1.145231003992496355e+01
1.311608089738301075e+01
1.427515279962359429e+01
1.482420607662556122e+01
1.469506156391897278e+01
1.386518070306691364e+01
1.236246018759323029e+01
1.026571850153139387e+01
7.700652212432277821e+00
4.831450431809290791e+00
1.848659764892740753e+00
-1.045747347872560518e+00
-3.654864177183249296e+00
-5.803484535745006667e+00
-7.353406757678380146e+00
-8.216005408376332753e+00
-8.360868800736101392e+00
-7.819611938016124419e+00
-6.684373227248050497e+00
-5.100956198641341643e+00
-3.257046113678418564e+00
-1.366375182448789971e+00
3.499100979817466595e-01
1.683144719215755813e+00
2.456613256928070754e+00
2.542885131271108712e+00
1.877443796208777993e+00
4.673069902522061225e-01
-1.606275821768949008e+00
-4.191485397167297400e+00
-7.075863513388966020e+00
-1.000188858286102800e+01
-1.268707706719539097e+01
-1.484707772393850256e+01
-1.621992936341613500e+01
-1.658950144637843493e+01
-1.580614633541092218e+01
-1.380276503411566225e+01
-1.060481396585562308e+01
-6.333235048405732925e+00
-1.199840199536626573e+00
4.504718741283872063e+00
1.042966101558830161e+01
1.618817890671761717e+01
2.138517695229242221e+01
2.564656289442590165e+01
2.864783418759988365e+01
3.013971088218944061e+01
2.996875268571035278e+01
2.809125272714899069e+01
2.457919701828699743e+01
1.961767903327314144e+01
1.349381657204565421e+01
6.577881325511433452e+00
-7.020325123936066447e-01
-7.889955232183780254e+00
-1.453437907046895106e+01
-2.022055204900230052e+01
-2.460027410007281645e+01
-2.741691359189803734e+01
-2.852371467063634469e+01
-2.789397168181277209e+01
-2.562226735553167600e+01
-2.191665811069721670e+01
-1.708238889414350226e+01
-1.149837631685526773e+01
-5.588260539196698851e+00
2.117512210953336194e-01
5.485777218338013128e+00
9.869360935797391932e+00
1.307639054440078219e+01
1.491977864456643132e+01
1.532433203086250373e+01
1.433085286267798431e+01
1.209119846390891695e+01
8.854732854462689318e+00
4.947273337404102023e+00
7.442172336111163577e-01
-3.360018508967839601e+00
-6.983833534043471403e+00
-9.789056740627964714e+00
-1.150794464044885856e+01
-1.196447060233073323e+01
-1.108826919514835829e+01
-8.920184855014849035e+00
-5.609038210015265591e+00
-1.399913664121317680e+00
3.385066432710396533e+00
8.371934611785491143e+00
1.316403657404999272e+01
1.737285924657045655e+01
2.064812164467004507e+01
2.270480039188330323e+01
2.334502265491551043e+01
2.247317982670706371e+01
2.010316061260956033e+01
1.635722772579237017e+01
1.145671773222385248e+01
5.705376436579554955e+00
-5.332972999480976029e-01
-6.862881756542164702e+00
-1.288292386098903997e+01
-1.821765493464246788e+01
-2.254234729976102969e+01
-2.560535305211643831e+01
-2.724424123464067904e+01
-2.739494234721392374e+01
-2.609337813204587064e+01
-2.346965294172830241e+01
-1.973546220115802186e+01
-1.516588737726409875e+01
-1.007715544818933751e+01
-4.802213379998467424e+00
3.339145087620156716e-01
