-1.319221963138459586e+01
-7.713814576908001541e+00
-2.286871415104553940e+00
2.709043941848077175e+00
6.942115922481211676e+00
1.015130085285070294e+01
1.216364744113063878e+01
1.290472337016931270e+01
1.240148433101120773e+01
1.077749442152277481e+01
8.240979347885588169e+00
5.066723221678847366e+00
1.573266564363577480e+00
-1.902805300853619652e+00
-5.033501602309202738e+00
-7.524970382505051347e+00
-9.140036767539722717e+00
-9.716078738798575642e+00
-9.176959634163399215e+00
-7.538203582992285767e+00
-4.905121658998392142e+00
-1.464132402878680850e+00
2.531970335458735732e+00
6.783604821471563184e+00
1.096729985725051648e+01
1.476013552145681729e+01
1.786387070225332252e+01
2.002695696797156444e+01
2.106282873251819154e+01
2.086316858411875330e+01
1.940524840129003792e+01
1.675290912598267212e+01
1.305122835558970529e+01
8.515397600960953994e+00
3.414754213962257978e+00
-1.946744820668870446e+00
-7.252083392894858704e+00
-1.219314208615685757e+01
-1.649142286342311436e+01
-1.991605258229685305e+01
-2.229782217604328665e+01
-2.353835396037201022e+01
-2.361388570839373102e+01
-2.257358456478209519e+01
-2.053272273283821647e+01
-1.766142755490683669e+01
-1.417003226695115004e+01
-1.029227746479666727e+01
-6.267731966784316100e+00
-2.324808816461260363e+00
1.334349774759843399e+00
4.546044436449055759e+00
7.193452092059366088e+00
9.210858116035570475e+00
1.058358286660657299e+01
1.134385241245686693e+01
1.156318432420888875e+01
1.134212194351494318e+01
1.079833458325826712e+01
1.005419362369976000e+01
9.224930322652298287e+00
8.408383395029568774e+00
7.677163843388156828e+00
7.073818659559409028e+00
6.609286523070910135e+00
6.264633290981858948e+00
5.995759619358340231e+00
5.740512838966203013e+00
5.427432106761793662e+00
4.985226462423700156e+00
4.352039699330207512e+00
3.483596482205145506e+00
2.359445954383765809e+00
9.867102050098779387e-01
-5.990124767776530135e-01
-2.335667855157822270e+00
-4.139491378065094374e+00
-5.912024783129931294e+00
-7.548736033976080506e+00
-8.948423698036009455e+00
-1.002251106872460085e+01
-1.070334170577868882e+01
-1.095067609187171520e+01
-1.075575103227425267e+01
-1.014248495365678515e+01
-9.165673762343482522e+00
-7.906300146928794348e+00
-6.464349282447283684e+00
-4.949761480070502095e+00
-3.472335755665288737e+00
-2.131510457048321427e+00
-1.006976979821557983e+00
-1.510263076000590843e-01
4.166107547823081347e-01
7.108793245697562213e-01
7.801866994189516902e-01
7.018705046800892688e-01
5.746633733833856894e-01
5.087519576484531569e-01
6.142658067943651545e-01
9.892020953174673892e-01
1.707878832685260750e+00
2.811002386646246798e+00
4.298333056495989624e+00
6.124741300989024140e+00
8.200181043613991250e+00
1.039378592890692765e+01
1.254194525845873009e+01
1.445986739241574881e+01
1.595581913818606878e+01
1.684696777195499706e+01
1.697557145003074197e+01
1.622418131184301160e+01
1.452854427419796934e+01
1.188703039556586383e+01
8.365644818656793547e+00
4.098005249660422677e+00
-7.199520608983833725e-01
-5.840361122787077086e+00
-1.097832019262730796e+01
-1.583032261254918893e+01
-2.009494294558623295e+01
-2.349427592632307338e+01
-2.579451713126209000e+01
-2.682408945768279906e+01
-2.648786035455705701e+01
-2.477625319669468240e+01
-2.176841465991486402e+01
-1.762903258925872763e+01
-1.259887342327584037e+01
-6.979588570561524818e+00
-1.113787899193781072e+00
4.638239868151231349e+00
9.923496529151451639e+00
1.442110865504846373e+01
1.786517699893363798e+01
2.006390762085959523e+01
2.091354217794648918e+01
2.040597325018681829e+01
1.862939009030256798e+01
1.576181690642983924e+01
1.205794089657992885e+01
7.830139966955507624e+00
3.425070758433260920e+00
-8.024691000415842268e-01
-4.516463035897575473e+00
-7.425357609563994821e+00
-9.304550471731866779e+00
-1.001394956563836836e+01
-9.509222855358833826e+00
-7.845820711292909699e+00
-5.175390786631679063e+00
-1.734777612096602972e+00
2.171636995302296480e+00
6.194984252962969506e+00
9.968659605152961234e+00
1.313678735657648033e+01
1.538226128676429738e+01
1.645223397416669542e+01
1.617909855040984723e+01
1.449532675915203939e+01
1.144097345119757136e+01
7.163197213721761436e+00
1.907739616734471788e+00
-3.997092810602284718e+00
-1.016283459304122516e+01
-1.616806011907352314e+01
-2.158841041845242259e+01
-2.602725812276053574e+01
-2.914475814992416502e+01
-3.068313668003464301e+01
-3.048633650542831219e+01
-2.851254350911916191e+01
-2.483863683110136122e+01
-1.965619576351383557e+01
-1.325931557414758544e+01
-6.025086075358476734e+00
1.611874111136229359e+00
9.188998263531161115e+00
1.624733683885219193e+01
2.236283352331161822e+01
2.717506305845773795e+01
3.041137272095490118e+01
3.190471169163068765e+01
3.160390046865138913e+01
2.957565068598831814e+01
2.599825225483756341e+01
2.114745424147022845e+01
1.537563288725271349e+01
9.085822623031614143e+00
2.702548350718083192e+00
-3.358386608705840715e+00
-8.718947788329657556e+00
-1.306465254549375388e+01
-1.616525360748059370e+01
-1.788888622072458290e+01
-1.820874285392387293e+01
-1.720190463476806642e+01
-1.504054524906165469e+01
-1.197628668461644885e+01
1.872668912424048671e+01
-4.124883471263799173e+00
-8.544665079798186014e-02
-9.972443304065162550e+00
1.659681340737940047e+00
2.480328775698861321e+01
-3.150583003719489739e+01
1.441369169860797328e+01
-8.365757854327746657e+00
1.662951940243454985e+01
-7.707108883826485624e+00
-1.552672275167219418e+01
1.661107098029040685e+01
3.395520498380954599e+00
-7.569885544122277210e+00
-5.483458395697116572e+00
3.646410152183472420e+00
9.504227018546064443e+00
-3.847930489019391054e-01
-2.479065698246021299e+01
2.820670584596700081e+01
-1.179595793336528686e+01
9.299042664765199362e+00
-1.681084474217968250e+01
3.084082758054395690e+00
2.218472776928395973e+01
-2.241354665935828905e+01
4.215267080683335443e+00
-2.995045475064538110e+00
1.353265689770063851e+01
-5.160536818009674676e+00
-1.121912888143393872e+01
2.182663747838676116e+00
2.041508507082882673e+01
-2.032797257833911075e+01
5.485056462092149587e+00
-7.348676639517129239e+00
1.488058677669388885e+01
1.992845266901859258e+00
-2.729219322541557347e+01
2.575959071223642738e+01
-9.406539355815592529e+00
1.085866075273364295e+01
-1.837814802339404352e+01
3.722897605981900782e+00
1.532963525129258819e+01
-6.687956505168108023e+00
-1.264017572429498415e+01
9.357261552350475853e+00
2.803892985263811255e+00
4.251148199315997189e+00
-1.266023931404230041e+01
-5.581263403824784142e+00
2.897171491418010447e+01
-2.499158087386186011e+01
1.072590574870010549e+01
-1.486793992810594389e+01
1.947793372765627495e+01
4.110102036383276314e-01
-2.090164018062070284e+01
1.243356145896774123e+01
3.436680040195927432e+00
2.403993013715049365e+00
-1.082279335108943563e+01
-1.958421852578993594e+00
1.184326751629899199e+01
6.239212663857700569e+00
-2.619006069390276537e+01
1.953405018384068015e+01
-7.928209866020296204e+00
1.512269060048490843e+01
-1.750180378214667343e+01
-5.919697673178075270e+00
2.614408961404894427e+01
-1.731145296916712084e+01
4.816700645473034115e+00
-1.253068296652023150e+01
1.651186300986200806e+01
1.940601099506597649e+00
-1.336348484131522518e+01
-3.554289577775723075e+00
1.914946429116997706e+01
-1.012343879655282208e+01
2.034271546972583167e+00
-1.285752448305373719e+01
1.403317490558224634e+01
1.088140268520611897e+01
-2.900897016724045585e+01
1.926405885814982000e+01
-1.006877638934858510e+01
1.919600313647747925e+01
-1.864496948102535612e+01
-4.667809670811815081e+00
1.703500597182148368e+01
-1.674390371115695331e+00
-9.280295435678761251e+00
-1.382069723093001912e+00
5.019877015302974144e+00
9.954530041509581650e+00
-1.096885915874875117e+01
-1.345241614222654469e+01
2.790059651169983823e+01
-1.697689512362254760e+01
1.122642699151984047e+01
-2.168968458890118001e+01
1.718632689773466637e+01
9.445701233083770632e+00
-2.158783326396899938e+01
7.666714026094804346e+00
-1.167279817429150768e+00
1.255237813472491659e+01
-1.102508052183885923e+01
-8.254495669201475039e+00
9.823057032807506417e+00
1.252725086698848678e+01
-2.225494397979063166e+01
1.034139787282841638e+01
-8.473634056373388290e+00
2.056532951798113373e+01
-1.324341269919814401e+01
-1.465917676693715777e+01
2.508929898212978671e+01
-1.223134822008691813e+01
9.801435132833274722e+00
-2.111559675766034161e+01
1.421817109417745861e+01
8.900760168172464404e+00
-1.117339949358854057e+01
-8.155349961511930701e+00
1.279177545561253382e+01
-5.322918536116025834e-01
3.175706197253862939e+00
-1.737360981802785886e+01
8.636690956324454049e+00
1.834086677596204851e+01
-2.561085378576311200e+01
1.348713361779564934e+01
-1.481528807108405488e+01
2.562965417564525694e+01
-1.383933618136608246e+01
-1.193741738928149942e+01
1.443842118428124088e+01
1.570263984261181633e+00
-1.350578365298559902e+00
-1.032864407208533386e+01
2.596946332872484220e+00
1.407603727640510627e+01
-5.235187158607688573e+00
-1.887101815582301612e+01
2.191592894353232879e+01
-1.049655974168886807e+01
1.552416219293389332e+01
-2.587667931116033770e+01
1.034425924753883663e+01
1.629692254695424225e+01
-1.806370832475174737e+01
5.182935595541595220e+00
-9.640280489498657346e+00
1.981347475475942943e+01
-6.765158412005921384e+00
-1.233987648975849183e+01
4.285133020333614873e+00
1.557048881342183222e+01
-1.393595828507368317e+01
3.599866645019026201e+00
-1.253838990621717819e+01
2.285426967952569299e+01
-5.203972662317928766e+00
-2.018026368248887081e+01
2.005574391390039324e+01
-9.901257553025835989e+00
1.788950391952547392e+01
-2.592385557626745296e+01
7.924882816346900505e+00
1.295320507944385113e+01
-5.960639279051782147e+00
-8.983706071033514817e+00
2.871136100221370668e+00
5.662913708085890896e+00
7.517486299952947704e+00
-1.837226996304714177e+01
3.638966849376989998e-01
2.170002420028637147e+01
-1.868453063585161544e+01
1.094274635093319681e+01
-2.192697312276445132e+01
2.768081105175228984e+01
-5.791501550993910286e+00
-1.555736953700623815e+01
9.290117598958332223e+00
7.519684825416099727e-01
9.123039700675608543e+00
-1.501814353602793162e+01
-2.590338485571793470e+00
1.439488644896857039e+01
2.452222983203819595e+00
-1.956743239524492850e+01
1.311799433997388675e+01
-7.772123552597442142e+00
2.152265372610802174e+01
-2.537690844580075122e+01
1.258818506490350320e+00
1.878622796767914593e+01
-1.248520465862981865e+01
6.885264094641698307e+00
-1.956450341810366567e+01
2.216045832154648210e+01
-3.636107213313923836e-01
-1.235201109133771880e+01
-2.356069705857469998e+00
1.358882278331464910e+01
-3.772513516317394622e+00
1.151135810561749295e+00
-1.770485709875504199e+01
2.041206458029078874e+01
3.943181025931102646e+00
-2.076382759298924086e+01
1.356282166683303814e+01
-1.179839267815076376e+01
2.638448747642927827e+01
-2.545988657529094112e+01
3.321572744576481995e-01
1.265248502513602702e+01
-3.830763018604130821e-01
-4.800134068923593844e+00
-7.742345323441806926e+00
7.090845009697305912e+00
1.237532130656505913e+01
-1.477302430794653709e+01
-7.872884506015696005e+00
1.979074762249134878e+01
-1.105138944061983608e+01
1.265136702260284629e+01
-2.853701576160482389e+01
2.444261609580840755e+01
2.517724322685142901e+00
-1.456283857405965776e+01
4.418535072562216115e+00
-4.810969879578346209e+00
1.907194874763369441e+01
-1.463127598234558135e+01
-7.652086993589076513e+00
1.033486376336542634e+01
9.070339559255154782e+00
-1.498498466237597881e+01
4.542563671633577549e+00
-9.334371104768310445e+00
2.627954060172904605e+01
-1.988977411360784942e+01
-6.935077071776306390e+00
1.649107648406900850e+01
-7.783729043992659413e+00
1.290751714278399476e+01
-2.781370912891356895e+01
1.938493951455772546e+01
5.160693191996619689e+00
-8.221175233848301289e+00
-7.082896798322952492e+00
6.657591059983974269e+00
5.099802247103380815e+00
3.001504952945651006e+00
-2.103528308383360113e+01
1.352621156647338729e+01
1.105141002059002986e+01
-1.657793977248103090e+01
8.574303875182117451e+00
-1.753308989237540416e+01
3.223609573143914986e+01
-2.015013820872351857e+01
-5.509960377009782917e+00
8.438464914692819008e+00
2.643507519265789085e+00
3.708437609248372624e+00
-1.594815702925718526e+01
4.299735264534990442e+00
1.488649271013530040e+01
-7.407869634378975832e+00
-1.305770745781470588e+01
1.339377698862933741e+01
-5.625582313672677692e+00
1.772839921169040878e+01
-3.178476203712698833e+01
1.695900059791791747e+01
8.125414238318404259e+00
-9.906919263624956784e+00
2.560885523627488780e+00
-1.387480287994451444e+01
2.557296717499607297e+01
-1.028509321828960132e+01
-9.869814232595366832e+00
3.216195769975463747e+00
1.186066021643497947e+01
-6.502702696315208364e+00
-1.043758972505886007e+00
-1.383050204349620671e+01
2.721145557818972449e+01
-1.101948323988042056e+01
-1.149249596909282900e+01
1.087543645694262295e+01
-6.455097840918164742e+00
2.152609671653942414e+01
-3.177555851928475761e+01
1.315961526679769733e+01
7.309538325859137764e+00
-1.697912490268821628e+00
-7.493946058936156618e+00
-3.300609755240692778e+00
1.017389541015636567e+01
7.355387509912961086e+00
-2.028644586293570384e+01
4.273041543447030577e+00
1.372365353836885404e+01
-9.578724788053955663e+00
7.286692608575821239e+00
-2.498725374327963422e+01
3.325264466912335592e+01
-1.217409034809464430e+01
-7.410228439356309593e+00
2.438336027228668712e+00
1.142944415764425514e+00
1.416691978446226585e+01
-1.961588253910539947e+01
-5.026396981784859719e-01
1.319313058733845700e+01
1.280080783792065802e+00
-1.325447544760694107e+01
4.911986398815389343e+00
-4.243334567431198856e+00
2.374370136952881793e+01
-2.997543994642457932e+01
7.830109850859901854e+00
9.241958614761676571e+00
-4.043271490248818267e+00
5.228456060351743595e+00
-2.372834590050565495e+01
2.698092249506052553e+01
-4.554009616299858898e+00
-7.808214419190875333e+00
-4.259203458831997580e+00
9.430702494268517810e+00
3.108136266597459674e+00
-2.232344954512925472e+00
-1.859229728968579565e+01
2.316083699712062938e+01
-1.669720941531410929e+00
-1.111880739597030932e+01
4.666265144825199940e+00
-9.525981026982950794e+00
2.982035590939951675e+01
-3.037503566136560096e+01
6.355947054221535275e+00
5.107472009464503415e+00
4.356480811536181719e+00
-2.784736720503767415e+00
-1.325671013771024498e+01
1.053914410615917241e+01
1.137318716972234078e+01
-1.484737411519148509e+01
-4.275593099574308553e+00
1.123878676649560759e+01
-2.701051127502145377e+00
1.023173052498122715e+01
-3.115271817344611094e+01
2.897851506371976171e+01
-4.602113206718274618e+00
-4.893478758777064286e+00
-2.413095688904064673e+00
-5.095176346960396785e+00
2.342305042475119592e+01
-1.839697276946888493e+01
-4.371431156130613616e+00
7.219460597018789727e+00
8.188495349094838005e+00
-8.365429912282664304e+00
-2.597370914997427782e+00
-6.932298152176471717e+00
2.770810294812793373e+01
-2.328085576586095229e+01
2.010938067783190064e-01
5.932536979368437713e+00
9.402613890180155920e-02
1.206263081467042753e+01
-3.124061388230129666e+01
2.355411673918398208e+01
-4.136633072716881521e-01
-1.905931601863908753e+00
-9.083725619700251386e+00
2.317279544732194552e+00
1.077648700914271984e+01
4.894590308326687289e-01
-2.073665334628131518e+01
1.489614137148749151e+01
5.079877903784064230e+00
-6.449971761508142443e+00
7.272264761462685634e-01
-1.611315599860251169e+01
3.481859848407907521e+01
-2.449036121193535109e+01
1.890498001624951296e+00
-5.140520673117361383e-01
7.132020685658586601e+00
5.903814760426820740e+00
-2.025336779701070355e+01
7.206870438594739525e+00
1.234843736482026344e+01
-6.022962776936367391e+00
-9.247115607989798036e+00
4.812297771836448135e+00
1.335736542753826139e+00
1.605316610597798999e+01
-3.333443116024896113e+01
2.088536447887153713e+01
-1.847009949210756119e-01
6.356597148444012024e-01
-3.581396848797355759e+00
-1.439304098538841359e+01
2.876859290541096925e+01
-1.382475636127952257e+01
-4.838664820828954660e+00
-1.269607017279184902e+00
1.077850472647913094e+01
-1.618987705439653979e-01
-6.643775514647348501e+00
-1.191322321368433812e+01
2.729145096945893201e+01
-1.369956160051853900e+01
-3.462445654004019602e+00
5.356673468678563310e-02
3.032896363478387869e-01
2.094121617551992287e+01
-3.408052526687093575e+01
1.732384222471534230e+01
-3.147010725466137249e-02
5.691842104142183167e+00
-9.150903770061590947e+00
-7.214128935461593173e+00
1.433653160769143575e+01
4.965310126185684680e+00
-1.835652318292601848e+01
4.843526524067460315e+00
7.167632945397100386e+00
2.375909037670353996e-01
8.821041339972754969e-01
-2.375339660105775863e+01
3.467211454650792035e+01
-1.659556721520944222e+01
1.561810105995346198e+00
-7.103897601912253279e+00
5.018744927562407199e+00
1.590980951835443413e+01
-2.255058567290248561e+01
2.664813911185833550e+00
8.831218391173951687e+00
3.451843329885592837e+00
-9.087957932243188708e+00
-2.911690468930739684e+00
1.128085798469784962e+00
2.204764736557111959e+01
-3.023695685357799334e+01
1.180012132270051239e+01
-2.767660451420423939e-01
6.486817140547008087e+00
1.630225872490864703e-02
-2.381662732651731318e+01
2.898384531737880110e+01
-8.664456860364820656e+00
-9.312054702669059214e-01
-9.353289963058319501e+00
8.079705948567191598e+00
8.424571901202568824e+00
-6.289247919144965060e+00
-1.633273167662635927e+01
2.178369567706254628e+01
-4.291068368528494048e+00
-2.323895331876538961e+00
-5.528624447030121125e+00
-3.966543823387718604e+00
2.879427429543482475e+01
-3.162205765591641438e+01
1.126139339808602990e+01
-3.888737277679890525e+00
1.199228206413026854e+01
-4.109923567677306266e+00
-1.605425305885281517e+01
1.336399279678401086e+01
8.269543168785634890e+00
-1.132391532526036926e+01
-3.844441629307775443e+00
4.338105179113084020e+00
5.969714067843018945e+00
5.160295216100395876e+00
-2.937310254379541874e+01
2.938808217769338071e+01
-9.773026139885431007e+00
5.343087150378619476e+00
-1.169413241004262716e+01
-1.718833169865606081e+00
2.407930627437283277e+01
-2.028197501778630496e+01
-1.592276096677185393e-01
1.246390687742157333e+00
1.047454827907613506e+01
-4.161500319712773788e+00
-8.932691144393945848e+00
-2.846468552775213379e+00
2.525339491183167695e+01
-2.249908811612397841e+01
4.797874412331180949e+00
-4.326295867479279522e+00
9.796410925397461611e+00
7.539394007435622491e+00
-3.031110770064248072e+01
2.478923274901688245e+01
-5.775006614021980234e+00
6.416042110732420589e+00
-1.411004298902494725e+01
1.075780962621038839e+00
1.446695992653026330e+01
-2.504758173004646871e+00
-1.743299831693756374e+01
1.241305216633612396e+01
2.011011251256443089e+00
2.528243730193844740e+00
-8.122340306575551949e+00
-1.136156109300633510e+01
3.280453486358133830e+01
-2.517387178098735134e+01
8.076852920906512523e+00
-1.058612517199068037e+01
1.436153677558314357e+01
4.474740006416810800e+00
-2.146600283587127223e+01
9.310427881685468421e+00
7.917802338259944506e+00
-1.381744604630910978e+00
-8.512181789948426669e+00
-1.788974152100228920e+00
8.290943953103294461e+00
1.176756573760446756e+01
-3.051038869173838464e+01
2.082833380083197383e+01
-6.490987872759612642e+00
1.141313200889835855e+01
-1.201611664403183433e+01
-1.101290125865529212e+01
2.798967326671091271e+01
-1.536084780849011366e+01
8.920425856542459897e-01
-8.242519044594992295e+00
1.279052482090032505e+01
3.413964576323685662e+00
-1.110056208434146896e+01
-8.425453491431678543e+00
2.365066569082312853e+01
-1.246186075432080109e+01
2.001596906302829382e+00
-1.013053039043572134e+01
8.711647762608023982e+00
1.652187585807558889e+01
-3.188704621123398653e+01
1.852492764757711186e+01
-6.939615467726699016e+00
1.471812772401527880e+01
-1.378126911052875059e+01
-7.683478245947149787e+00
1.619758578737758725e+01
2.244570983918541707e+00
-1.368895447602082172e+01
1.892338221320401637e+00
3.533643647642486840e+00
8.554212099585750906e+00
-6.322377680360022012e+00
-1.913582354037699318e+01
3.151329230789232128e+01
-1.744246932153825469e+01
9.130932980170634039e+00
-1.741034973649570361e+01
1.159564637112966068e+01
1.372336956297530719e+01
-2.214617818988991615e+01
4.883370947697493136e+00
2.902296590532023934e+00
8.514088069330636444e+00
-8.028737965747991367e+00
-8.395134240515005786e+00
6.266607873081795788e+00
1.779464639706885265e+01
-2.630093190092973643e+01
1.197440745307932275e+01
-7.634834732498084975e+00
1.691215603707806636e+01
-7.441702002436241692e+00
-1.978232374230397284e+01
2.687955100931375085e+01
-1.067557991285781860e+01
6.306922723607627290e+00
-1.657084074857068146e+01
9.876114463970074198e+00
1.062160317430549838e+01
-8.973376059674860628e+00
-1.264036693251046017e+01
1.699288725485481066e+01
-3.261726566029669705e+00
3.767646200176899995e+00
-1.475543220502255615e+01
3.170294592687819879e+00
2.382296697276788677e+01
-2.838435765213490924e+01
1.318820078933591056e+01
-1.213426594487996368e+01
2.092666833441677809e+01
-8.478104313877587117e+00
-1.508873202832268134e+01
1.369156568701188803e+01
5.018279548449799066e+00
-5.456359075277049442e+00
-6.626685513507393210e+00
4.945952195457241629e-01
1.281535259064997945e+01
-6.025340837222499246e-01
-2.422773113548705837e+01
2.539021673660618816e+01
-1.144434844618083247e+01
1.389550850216686584e+01
-2.143494735849890986e+01
4.426326736180211441e+00
2.056182233664834769e+01
-1.870955641283228843e+01
2.922185775571866984e+00
-5.864522667165665837e+00
1.534088070510959412e+01
-3.210011011108155898e+00
-1.261288560400664593e+01
8.684798004137288530e-01
2.038056875390584466e+01
-1.783302490065330659e+01
5.752559791678713452e+00
-1.217885078095432405e+01
1.911865031034772855e+01
7.287645608923301044e-01
-2.512704169631673778e+01
2.191508415079655236e+01
-8.898071163762557134e+00
1.467947174371334818e+01
-2.097776889913755483e+01
3.136839224768509737e+00
1.475359424231921146e+01
-3.983193647164230633e+00
-1.292600844497282253e+01
6.934800174216796620e+00
2.389564759392039051e+00
8.581365187261209115e+00
-1.574863271801361364e+01
-5.037716097697686912e+00
2.685154197772881801e+01
-2.150979620991110153e+01
1.121498290978348145e+01
-1.952769098125346403e+01
2.265052278501535454e+01
-1.482209657926176760e-01
-1.869404839527823015e+01
8.806459104709972507e+00
3.614187182447651914e+00
5.130351224315413461e+00
-1.077431125389855993e+01
-5.122196893778885318e+00
1.318207635620336404e+01
6.849842020553689181e+00
-2.447012060112358256e+01
1.663970931412249854e+01
-9.302755996669054284e+00
2.017847429007215254e+01
-2.071379311547924473e+01
-4.741981162343698486e+00
2.291604315353695398e+01
-1.340335489343781461e+01
5.221401119465478580e+00
-1.587726754272211949e+01
1.718652275932815954e+01
3.532001299628984015e+00
-1.268754396959064934e+01
-5.410901470333740804e+00
1.786524496247678684e+01
-7.729348548512837702e+00
3.888158180364817973e+00
-1.762862396249206398e+01
1.657473615238479425e+01
9.748669933473275151e+00
-2.545071522401041619e+01
1.568767487247726322e+01
-1.138382481774652177e+01
2.324901608223640181e+01
-2.009753213658600401e+01
-4.658103905600304628e+00
1.448655581524004177e+01
1.156125577007115268e+00
-8.175281295771426926e+00
-3.595006933176771113e+00
3.251670044880752286e+00
1.370276731960404248e+01
-1.215854434402560713e+01
-1.295327811719401367e+01
2.457590144395099330e+01
-1.413423399289095883e+01
1.349415766374982617e+01
-2.621324818214819530e+01
1.912189293826128633e+01
8.184635491107387750e+00
-1.766780730580842018e+01
4.403660788062905951e+00
-2.510585890149568122e+00
1.497137852824028137e+01
-9.872392552673412425e+00
-1.039447394548240311e+01
9.212449691444740907e+00
1.299222569097481816e+01
-1.945054841247147692e+01
8.321602851617489804e+00
-1.141042076234794855e+01
2.502226430959562720e+01
-1.508859337692943114e+01
-1.276000832848724187e+01
2.050390003976417574e+01
-9.168190602302733083e+00
1.177431010326080774e+01
-2.400662429452591340e+01
1.398833633203940252e+01
9.171457593011417941e+00
-8.685481485024549642e+00
-9.561097710008004569e+00
1.046969774417921428e+01
8.779183000783721269e-01
6.246774583979210149e+00
-2.105550316901487662e+01
9.707855129565540864e+00
1.648643992816190362e+01
-2.106411527196395284e+01
1.114594289085685652e+01
-1.760526991855342871e+01
2.898951171069916199e+01
-1.450059749081779437e+01
-1.047862870454770956e+01
1.039481797322977208e+01
3.561204372257547490e+00
7.839608026187088186e-01
-1.152761807818567164e+01
1.180153103237913115e-02
1.630202718867457534e+01
-4.949958957783829661e+00
-1.760396686882835127e+01
1.791606571795901459e+01
-9.131921177560093028e+00
1.900958623460140373e+01
-2.937977800338867951e+01
1.152070644201789307e+01
1.360495441522096804e+01
-1.309230252778018055e+01
3.164785788054970794e+00
-1.198162286882465288e+01
2.120239554037285856e+01
-5.170135367785839264e+00
-1.265981950733089434e+01
2.348508077016367324e+00
1.513551856927862715e+01
-1.067783432686709233e+01
3.138026174537785984e+00
-1.629278240599189331e+01
2.591539449537140882e+01
-6.285776865663032176e+00
-1.695679491552348850e+01
1.490924878376940477e+01
-8.423219997287526795e+00
2.074131798813564842e+01
-2.772376582703726910e+01
7.538848403987822522e+00
1.128852496148215145e+01
-2.465050275956254922e+00
-9.272239366957663265e+00
2.310078512027704534e-01
5.569574340695032433e+00
1.092423060925645828e+01
-2.030737916189090697e+01
6.981429909186740446e-01
1.864298936988564037e+01
-1.402947512408827180e+01
1.039081085852088648e+01
-2.534623467605446834e+01
2.981344376935435747e+01
-6.468501713462727842e+00
-1.223275419890898341e+01
4.696885722753826542e+00
1.365161510714479220e+00
1.148239834850362051e+01
-1.484145168678479720e+01
-5.030389202389208947e+00
1.462849570347579053e+01
3.351866528828670866e+00
-1.717153904775988593e+01
9.362601332538249110e+00
-8.226865555303039201e+00
2.525322973931517367e+01
-2.745243896339494682e+01
2.526596929051166285e+00
1.444087715566779906e+01
-7.493707644058313022e+00
6.478547285012724366e+00
-2.201735824180031642e+01
2.230409213083468245e+01
6.865734972043968654e-01
-1.060327066135803697e+01
-4.649207289443374691e+00
1.201963794541355668e+01
-9.881964282931965382e-01
2.371465042536510026e+00
-2.122550540798727781e+01
2.183080003173679984e+01
2.737618138826275249e+00
-1.617033261865649152e+01
8.910436742388847975e+00
-1.206345823645658832e+01
2.915727957959214933e+01
-2.609137811654964167e+01
7.570369826471488039e-01
9.038222759331123513e+00
3.078075049285052600e+00
-3.880832588200128441e+00
-9.783025520441562151e+00
5.571594849070253375e+00
1.504787818137052824e+01
-1.490937326244846517e+01
-7.357277635917185421e+00
1.563979540880369257e+01
-7.309605920643529764e+00
1.381713331159277125e+01
-3.158049621226408732e+01
2.540871636304828840e+01
9.077744536940832720e-01
-9.582617905764280408e+00
3.376814177540961026e-01
-5.498791098293444257e+00
2.075732171764379785e+01
-1.333057370005650455e+01
-8.921230911375481298e+00
8.743658946687787648e+00
9.647639592588932445e+00
-1.170490061313786256e+01
1.975196123770187162e+00
-1.130822622885926876e+01
2.924371765820990277e+01
-2.074614786893493346e+01
-4.723397873119305146e+00
1.089781867148720806e+01
-3.792277390626887623e+00
1.384548555863120534e+01
-2.950501992755836156e+01
1.867803257964456165e+01
4.738517414462680044e+00
-4.798066052557907746e+00
-8.803142484413305269e+00
4.325688327868373761e+00
6.571752709558070116e+00
5.398165335917656904e+00
-2.335785859771384310e+01
1.367381356209899934e+01
8.939042712532797808e+00
-1.117507014540120203e+01
5.333795482045852410e+00
-1.907219696401198306e+01
3.409605123670166194e+01
-2.012559626708254257e+01
-3.482802044150823839e+00
3.480511777956046160e+00
5.188594187313332995e+00
5.336596174206162502e+00
-1.666654312677957250e+01
2.025598335899104985e+00
1.596660882604147957e+01
-6.292096467344896027e+00
-1.165037968194599394e+01
8.823720101985234265e+00
-3.563567398581851897e+00
1.994625322072742080e+01
-3.368316135333807182e+01
1.737347158658977975e+01
4.945627162456768922e+00
-4.051953259074373648e+00
-2.247103130024807882e-01
-1.523146770200253819e+01
2.597768329925479946e+01
-8.648015364686242989e+00
-9.269423818916727953e+00
5.231799685332401140e-01
1.148734514271599139e+01
-3.093936015981483045e+00
-1.837946667007608337e+00
-1.648850053259036841e+01
2.874200581659171405e+01
-1.136897830454914171e+01
-7.855728096517252013e+00
4.938413536994548991e+00
-4.094785977925504916e+00
2.304063216048524154e+01
-3.221344843193821106e+01
1.245980126214296391e+01
4.914496290480842688e+00
2.517550548195480076e+00
-8.115577045420296898e+00
-5.580592515117496433e+00
9.938883768651560757e+00
9.970422194453464115e+00
-2.089081643329541293e+01
3.958737665510222214e+00
1.037006786142207204e+01
-4.336996635057721150e+00
5.892644833857375808e+00
-2.690502430232832154e+01
3.382717908131597540e+01
-1.238455863323627426e+01
-3.495764616010102355e+00
-2.860070037122527609e+00
2.380090167416492264e+00
1.564082421753292707e+01
-1.879985813986096588e+01
-2.508877778448337370e+00
1.235145462957009954e+01
2.745674487351161375e+00
-1.075758764296372760e+01
9.079137266044963184e-01
-4.071818525685301893e+00
2.601696401927961944e+01
-3.049002374337629107e+01
8.594370175689487468e+00
4.418396901975528479e+00
1.616640132521256490e+00
3.959421411291621951e+00
-2.484772422918583601e+01
2.605768430686215709e+01
-3.608534464556877097e+00
-5.232002235689235725e+00
-7.074034343537295655e+00
8.041665477511779514e+00
5.684966105391224822e+00
-1.271504014425582252e+00
-2.088060325254346594e+01
2.317653172317553256e+01
-2.412767586149358934e+00
-6.172853485642042060e+00
-5.413394929208130701e-01
-8.814350552295692864e+00
3.097074417419003822e+01
-2.965889377126185167e+01
6.645390051915206264e+00
8.691077815858667677e-01
8.338410317982436482e+00
-2.381582246132774472e+00
-1.457214035334259705e+01
8.827613594468390446e+00
1.315329117532449033e+01
-1.383664676766496981e+01
-4.158385730362057942e+00
6.920255462329839347e+00
1.363957414087794806e+00
1.047791134958654702e+01
-3.249283289382654516e+01
2.850243266387758823e+01
-5.948423664815729595e+00
5.532015551552246224e-01
-7.028186328589806742e+00
-4.938521299814294885e+00
2.388872682117274948e+01
-1.645707426241484228e+01
-5.119229566805946874e+00
4.764465676915072834e+00
9.126506701580431979e+00
-5.187385778951252746e+00
-5.126439827270303340e+00
-8.221582234665257616e+00
2.909842041571656779e+01
-2.278048762657955706e+01
2.116283095449118079e+00
1.469324249225900658e-02
4.595806574873773975e+00
1.191223163328471024e+01
-3.133206659929611604e+01
2.185502920266532811e+01
-1.031489242327406686e+00
2.126053831443357467e+00
-1.117811460087053632e+01
4.331691303864761977e-01
1.174976701713049998e+01
2.575031061030749413e+00
-2.178185164454027856e+01
1.390623741669871727e+01
3.246762996790558020e+00
-8.939836442315556297e-01
-2.908152803003949849e+00
-1.647167714059859733e+01
3.488457349481004144e+01
-2.327850936478342447e+01
3.881302957429811684e+00
-5.878703906749651154e+00
1.010581233297025250e+01
6.707897272789454135e+00
-1.998215024610262702e+01
4.807772754711194807e+00
1.253913104652393073e+01
-4.054141937455638001e+00
-8.105540985575018453e+00
3.292799837701085863e-01
3.551444964132100424e+00
1.718542874681533661e+01
-3.346311404537232193e+01
2.009767315600292292e+01
-3.198846779304190591e+00
6.736716252625653212e+00
-6.850012223820390211e+00
-1.459080948001840738e+01
2.775150933559752531e+01
-1.165575338136084227e+01
-3.743740870891866912e+00
-4.533516586097805501e+00
1.070138844598835881e+01
2.837918185328939913e+00
-7.227347331628057425e+00
-1.375854949771185254e+01
2.727924063741809846e+01
-1.298997496467983481e+01
-4.543493755796745859e-02
-5.972821432653328877e+00
3.143264466019436654e+00
2.108111260052184832e+01
-3.280916158295153195e+01
1.579611087175396023e+01
-2.588317226462838239e+00
1.024348192689840253e+01
-1.015322205462712546e+01
-8.705227637701632659e+00
1.344783672264757612e+01
7.164818494688944384e+00
-1.778969602364301394e+01
3.714593099546091182e+00
4.061934307183763693e+00
5.370462423467088797e+00
-8.792518765392596247e-01
-2.425887654211720346e+01
3.345308574202442031e+01
-1.584301441014762979e+01
5.403066383409805162e+00
-1.256174491692946482e+01
6.750065955590807576e+00
1.621507554774142790e+01
-2.063639085008405516e+01
6.367637486938804159e-01
7.252063052650591146e+00
5.456464552606158591e+00
-6.890215233300969189e+00
-6.536004269211867168e+00
1.421642152069818366e+00
2.306980585982305243e+01
-2.909108674479015733e+01
1.163318029769596684e+01
-4.885785555245504064e+00
1.216421877894985926e+01
-1.837449710292330174e+00
-2.346544561502867765e+01
2.660664000170649501e+01
-7.310652370431725444e+00
1.968955246034361117e+00
-1.246075161373066642e+01
7.092415628640763359e+00
1.027820746244203676e+01
-5.088791368984436403e+00
-1.770393418498820992e+01
2.045616313119055363e+01
-4.265774441145357088e+00
2.323787572084173192e+00
-1.060290759968737007e+01
-2.662685899132721801e+00
2.832409516450893250e+01
-2.926247000331969872e+01
1.087957346084593624e+01
-8.116966327535704906e+00
1.608155110722587011e+01
-4.257144197383341933e+00
-1.626815490755731375e+01
1.099174937832834154e+01
9.572221866412865765e+00
-9.401095686484325142e+00
-4.264636011885595934e+00
3.939082152642665591e-01
9.698530159027983544e+00
4.935109356342834097e+00
-2.914155502051597324e+01
2.728827732767718928e+01
-1.034413326694970081e+01
1.054703861159553568e+01
-1.628829757925963406e+01
-8.559715632774871352e-01
2.309800590945805610e+01
-1.728468878845968959e+01
-8.849023419520269940e-01
-1.661530126148703879e+00
1.171849438395427256e+01
-1.467764642966399080e+00
-1.084892106058837591e+01
-3.925088044141152643e+00
2.532357543073743855e+01
-2.059993742348056145e+01
5.983949206738977900e+00
-9.854142430149037679e+00
1.417180706402659496e+01
6.579290645254686432e+00
-2.872219589271121265e+01
2.174836214113325994e+01
-6.031995734603965431e+00
1.049044096641667778e+01
-1.632802295563235617e+01
-1.653716418864537019e-01
1.449039995636738887e+01
-2.603323334678346868e-01
-1.756920642416649869e+01
1.040553915257665629e+01
7.572231765582575491e-01
7.589925438136805980e+00
-1.150124477072775875e+01
-1.091819010895573250e+01
3.113519661435608299e+01
-2.251487215334855563e+01
9.458202977663939137e+00
-1.567838546862574134e+01
1.734251226630077625e+01
4.448747471974319190e+00
-1.989737205415378796e+01
6.342507432206320850e+00
7.691279266162457162e+00
1.146084533307432984e+00
-7.761788532511914696e+00
-5.668263348209276131e+00
1.005673553038237245e+01
1.225297015868930472e+01
-2.905914772790816158e+01
1.869356667151592788e+01
-8.802234745635850288e+00
1.703055994344841650e+01
-1.522291253001482225e+01
-1.021510732180667702e+01
2.539112762497043363e+01
-1.226065943504990940e+01
1.925217905212447178e+00
-1.161457359597319261e+01
1.293911440105211241e+01
5.663402788458446580e+00
-1.096657047885500980e+01
-9.923071506686486742e+00
2.240972826267191920e+01
-1.068955300938303665e+01
4.755204259817920942e+00
-1.553835196476011049e+01
1.142485504169436084e+01
1.558561780192893131e+01
-2.889047173514695288e+01
1.583432337796390321e+01
-9.050850409113547101e+00
1.900221055724638930e+01
-1.490283861114453146e+01
-8.239338802830442177e+00
1.427596814344666498e+01
4.493786455304083383e+00
-1.238133157267239071e+01
1.076714747006306538e-01
9.725700793378031506e-01
1.296331846186525638e+01
-7.847621725617623945e+00
-1.862314716339781029e+01
2.862083193799462322e+01
-1.548025349335157941e+01
1.228747347359753128e+01
-2.233280220795034055e+01
1.339986834714730612e+01
1.290378011726818741e+01
-1.889600584928104610e+01
2.388374281345878813e+00
1.118725869243671678e+00
1.072801968451839905e+01
-6.241679941739731063e+00
-1.117619439605534737e+01
6.138647547800098359e+00
1.801837202670181171e+01
-2.374379009334262847e+01
1.074589102614561931e+01
-1.147113049137227136e+01
2.188758787552368545e+01
-9.350525477596825397e+00
-1.816991315861733369e+01
2.295292358467033367e+01
-8.507721307072888095e+00
8.920184612532338519e+00
-1.948191217780213336e+01
9.201960239654965790e+00
1.147675411718132743e+01
-7.091354511120456117e+00
-1.357521312805635105e+01
1.469399320655026031e+01
-2.481532280424181280e+00
7.671947844841836783e+00
-1.902541096575874491e+01
4.490344812290334886e+00
2.207115506648801784e+01
-2.442257440882089981e+01
1.179143864244652917e+01
-1.570305653649205269e+01
2.450946058099665947e+01
-8.899006844266704519e+00
-1.412547930214517677e+01
1.034234750015879456e+01
6.328604192987601351e+00
-3.106869024364287135e+00
-7.407194638195189640e+00
-2.794767111534049775e+00
1.565320997298542238e+01
-7.379363974355390710e-01
-2.285449094942496018e+01
2.183777778174406947e+01
-1.098647075567993880e+01
1.822197352272768356e+01
-2.532503359920180941e+01
5.567592036730298233e+00
1.824560456645590278e+01
-1.447291778510697924e+01
1.749632511722744255e+00
-8.643668790096000976e+00
1.654589571236269308e+01
-1.083359278187343122e+00
-1.352916963385517590e+01
-4.947808152231392143e-01
1.961695233831157736e+01
-1.483030865132914400e+01
6.076709398457241562e+00
-1.675764692442069048e+01
2.268426724714948151e+01
-5.166377787511277075e-01
-2.212854911048769679e+01
1.748329048154019461e+01
-8.363058912073817908e+00
1.814863549813332710e+01
-2.282417217454162994e+01
2.416016928373633021e+00
1.363576351805588693e+01
-1.185447951634122532e+00
-1.266783240826542212e+01
4.323056350521548019e+00
1.698455381966025968e+00
1.272536002814403844e+01
-1.825916043413624834e+01
-4.351994545346526522e+00
2.383913826460401353e+01
-1.748188756279165545e+01
1.162030801978070649e+01
-2.367931153280459711e+01
2.503381318032839076e+01
-6.957719392454571050e-01
-1.583512967663200044e+01
4.994401287131781331e+00
3.490384799947120698e+00
7.696373584009497115e+00
-1.023113492754182374e+01
-8.157933724190346680e+00
1.401997454191097070e+01
7.225508332314038107e+00
-2.191520445146756657e+01
1.335838442451013108e+01
-1.064129223851770334e+01
2.468123738542918133e+01
-2.320397146006252243e+01
-3.400376749941731447e+00
1.892314986162508461e+01
-9.221012029945493182e+00
5.689441675786302888e+00
-1.875029272344914588e+01
1.721002859730324630e+01
5.001106499353771717e+00
-1.153524474837274738e+01
-7.030168453876148860e+00
1.592331299244665743e+01
-5.213226569931144638e+00
5.839224500587090638e+00
-2.188715219754146091e+01
1.852654801433514109e+01
8.274176672628438922e+00
-2.106351610042123212e+01
1.180552105032649557e+01
-1.258798422820350105e+01
2.660756886252472952e+01
-2.084425250724363110e+01
-4.457995695549032966e+00
1.142740244920361903e+01
3.827372187874345855e+00
-6.679566819721394211e+00
-5.603638475571314892e+00
1.215080406337445851e+00
1.701575172909925726e+01
-1.290199496078191288e+01
-1.198599139840241712e+01
2.045429297796440338e+01
-1.105225822032884686e+01
1.557781923571714700e+01
-2.994201256840592862e+01
2.040782881484271272e+01
6.601354018082663089e+00
-1.316796884664925571e+01
1.180600861685075387e+00
-3.944025050672782307e+00
1.686245953550491095e+01
-8.301743738552564977e+00
-1.216048645373685844e+01
8.262204128753067423e+00
1.295284026026453894e+01
-1.600023109231117147e+01
6.237644802618395268e+00
-1.419530997168744335e+01
2.869816619419797732e+01
-1.642735264532858253e+01
-1.038128127574180048e+01
1.528103321949855165e+01
-6.040054690616416977e+00
1.356856226711940572e+01
-2.611361971598199361e+01
1.326487138923064180e+01
9.074857667438090303e+00
-5.900804418403107654e+00
-1.052632288068630118e+01
7.760983818480410079e+00
2.092351352582420443e+00
9.274238410569061841e+00
-2.404735418255434709e+01
1.045495788441682095e+01
1.402247551796826031e+01
-1.588545980317805295e+01
8.702050612355003878e+00
-2.003435788432254583e+01
3.142293583328916640e+01
-1.469450136316622668e+01
-8.593701182637211389e+00
6.037463852276722776e+00
5.252512014580181798e+00
2.980449587796507593e+00
-1.223843359816633836e+01
-2.661768069055797881e+00
1.795287318249283004e+01
-4.507268855210901037e+00
-1.567380153075480820e+01
1.339136572331883102e+01
-7.726208725262301513e+00
2.206585865694846404e+01
-3.194221874614436985e+01
1.235313851700384191e+01
1.038284279728590676e+01
-7.763022013937434629e+00
1.277124807362961079e+00
-1.405804694117742493e+01
2.184358718667903076e+01
-3.388667081128834191e+00
-1.249260186803893546e+01
3.621960795552130463e-01
1.408792631438276821e+01
-7.113444192174987357e+00
2.795731623833018098e+00
-1.965651662631715624e+01
2.812967192642170033e+01
-7.208592715445082177e+00
-1.309815012239937992e+01
9.383268168129427877e+00
-6.936974570977767485e+00
2.306401105393677753e+01
-2.860752792617329021e+01
6.946193108351642387e+00
9.166896450968279098e+00
1.047946751464643000e+00
-9.098514344534130771e+00
-2.409502276267593945e+00
5.130922550239528590e+00
1.404714139687404817e+01
-2.155101704940251750e+01
1.066757551321023456e+00
1.489676484932655143e+01
-9.044219083793905156e+00
9.771562066574658090e+00
-2.808191398364514413e+01
3.098648526302313044e+01
-7.012135774007994371e+00
-8.422895773189017277e+00
5.801070027735732992e-02
1.730431557477336568e+00
1.350179122170875168e+01
-1.408587973983531150e+01
-7.305828638369066041e+00
1.433132127406162937e+01
4.068379348478819324e+00
-1.412452765986966341e+01
5.426119324568211333e+00
-8.657829071597770820e+00
2.827106750060218587e+01
-2.864957582662425750e+01
3.810349265520835083e+00
9.552323307631592542e+00
-2.408649483826519777e+00
6.098186764293510365e+00
-2.382192118880074716e+01
2.169056871375551054e+01
1.649386529110405508e+00
-8.442908452440057943e+00
-6.689524655372506956e+00
9.944113998354996653e+00
1.730803211833308985e+00
3.703066563879413131e+00
-2.411001304207091067e+01
2.254390343437187028e+01
1.334471059780716118e+00
-1.099343671686295743e+01
4.148665049217701295e+00
-1.218564088873925755e+01
3.106584924359517430e+01
-2.589187072529517053e+01
1.268726344845899634e+00
5.067956681010072906e+00
6.300289476161337276e+00
-2.688125958393442261e+00
-1.145035453579358276e+01
3.756686164062451372e+00
1.721963754576823646e+01
-1.455049566826726171e+01
-6.485144408276145356e+00
1.093135438726426045e+01
-3.518455899832105604e+00
1.476626406471823927e+01
-3.367248433296040844e+01
2.559444750467319807e+01
-8.689448581208565336e-01
-4.247729658681874909e+00
-3.575060027429037390e+00
-6.186265342951188018e+00
2.175910687322596715e+01
-1.156039953222562389e+01
-9.825514002294784888e+00
6.848831479125256472e+00
9.779199071271667876e+00
-7.990318115981295044e+00
-4.865317287066686092e-01
-1.309991435231194501e+01
3.129958924041653390e+01
-2.098250718875526744e+01
-2.212027327519041187e+00
4.932902321943447355e+00
1.106924838907996644e-01
1.453049409745400666e+01
-3.026602988180639286e+01
1.739688877003629486e+01
4.038214632487857614e+00
-1.203732688159965036e+00
-1.008112986171492942e+01
1.780276826878266050e+00
7.702095152000850931e+00
7.733510219529140528e+00
-2.491374124369787779e+01
1.342756002719186448e+01
6.389897602623918260e+00
-5.413860604473649474e+00
2.145808978038924231e+00
-2.018414353534596728e+01
3.489470022002096528e+01
-1.952946658225202725e+01
-1.189799956504322020e+00
-1.587233715293426606e+00
7.378549328691171638e+00
6.891043938536072666e+00
-1.677109080025963550e+01
-3.451827414237091940e-01
1.646557613661874697e+01
-5.016268217401481877e+00
-9.717689026181545842e+00
3.981650760091302033e+00
-1.599697049299459106e+00
2.167568100004304199e+01
-3.452786331794576569e+01
1.733262878954751329e+01
1.444662793788515032e+00
1.903001171872968911e+00
-2.787928242529947198e+00
-1.621701788427407109e+01
2.552260570663924710e+01
-6.779856463808391354e+00
-8.258660676170858750e+00
-2.141648235995839755e+00
1.058645995574781296e+01
4.075961601255331246e-01
-2.397675111883041055e+00
-1.871068239663681609e+01
2.935224412664860694e+01
-1.146563197167429493e+01
-3.810193367288988497e+00
-1.098413491457747027e+00
-1.832420224188262559e+00
2.393999494880684864e+01
-3.163319837466540463e+01
1.147026446188860760e+01
2.221244915605564696e+00
6.593343856450633922e+00
-8.303291825887185951e+00
-7.693334956770306654e+00
9.266801963047610613e+00
1.228349433378230060e+01
-2.079033283121967202e+01
3.628689697779185153e+00
6.538418687934457907e+00
9.656778210404080021e-01
4.531670614369432748e+00
-2.806826197034031978e+01
3.335396127501776675e+01
-1.234953328464690969e+01
6.788073045644285042e-01
-7.984111418474380883e+00
3.350010117180307390e+00
1.664940088659724182e+01
-1.732923017152444700e+01
-4.372916424682219194e+00
1.104244550663876723e+01
4.013791212906209438e+00
-7.778834626981899092e+00
-3.043712983790834770e+00
-3.958618101281933033e+00
2.752416916357424270e+01
-3.006416731659242103e+01
9.253694609863412524e+00
-6.847062019622249807e-01
7.114819791029139751e+00
2.765874078245577294e+00
-2.522677394496884418e+01
2.431003819801118482e+01
-2.679493055921783995e+00
-2.391099046093482450e+00
-9.548325438187648118e+00
6.258907600950823991e+00
8.012623522207400484e+00
-1.383362502823932694e-01
-2.250699630877392110e+01
2.246900565289053731e+01
-3.250324566534176896e+00
-9.114389779571210326e-01
-5.600130879226548508e+00
-8.018727955271330643e+00
3.118994258718523227e+01
-2.805045468478948578e+01
6.904571000138896686e+00
-3.502310396945766513e+00
1.192629980882693985e+01
-1.760165061150331667e+00
-1.538208129553820314e+01
6.774846538148294073e+00
1.444804429971147819e+01
-1.237649472752994129e+01
-3.743802304129001612e+00
2.283566916460197049e+00
5.246749110555277262e+00
1.056025892384708875e+01
-3.283690803940501013e+01
2.719650880848623586e+01
-7.312811193046799829e+00
6.077341812791750897e+00
-1.127253571727118242e+01
-4.772777655457841384e+00
2.358363583252195284e+01
-1.400824537494978017e+01
-5.570462844256474533e+00
2.127849106235299992e+00
9.615708426418231980e+00
-1.761265862730141407e+00
-7.365349648978703812e+00
-9.368100674209525636e+00
2.956333570299585034e+01
-2.163661248425501071e+01
4.175315317573970120e+00
-5.975531609337878081e+00
8.787802162237861481e+00
1.152881055577711145e+01
-3.044097804990850165e+01
1.954103719778458270e+01
-1.802610629856810309e+00
6.130082309764860682e+00
-1.275978330861666876e+01
-1.542080683103947081e+00
1.225232334444297777e+01
4.627328030788719460e+00
-2.208187936749241587e+01
1.254368777498416243e+01
1.111057850977333672e+00
4.734727742782640192e+00
-6.281687301489466968e+00
-1.643396459179008318e+01
3.386451743474921727e+01
-2.145283572039818409e+01
0.000000000000000000e+00
7.634424740629790485e+00
1.480675402675340280e+01
2.108639682977773333e+01
2.610350362848888750e+01
2.957383638005001814e+01
3.131749418610823810e+01
3.127017080995712917e+01
2.948617032518576409e+01
2.613301286070749541e+01
2.147807835280604394e+01
1.586831646852861155e+01
9.704552291075685844e+00
3.412302889813951801e+00
-2.588738682945720626e+00
-7.914315388740393864e+00
-1.224216401829929346e+01
-1.533361401972486959e+01
-1.704870747828021393e+01
-1.735381513305604173e+01
-1.632129001764882048e+01
-1.412129596110438001e+01
-1.100652790072885523e+01
-7.291061397538732614e+00
-3.324991377555482686e+00
5.331858855728379698e-01
3.944349036246807216e+00
6.614602021732225445e+00
8.317285008747759889e+00
8.909544448613386791e+00
8.342289701791264278e+00
6.662875375327556249e+00
4.010403650548056476e+00
6.040969611714199772e-01
-3.274293592295988375e+00
-7.302643149361026431e+00
-1.114344620534529184e+01
-1.446973310305966187e+01
-1.698995234277123600e+01
-1.846996662596085770e+01
-1.875055412153612622e+01
-1.775916763662043962e+01
-1.551515402957486600e+01
-1.212813883530963643e+01
-7.789797679563783106e+00
-2.759727164579247827e+00
2.653443392530542511e+00
8.114223230109788076e+00
1.328402128178481689e+01
1.784471918091768572e+01
2.152032937436491977e+01
2.409519239769815968e+01
2.542746131635674089e+01
2.545700360413013641e+01
2.420729013728089640e+01
2.178130254608530691e+01
1.835193788633156231e+01
1.414778928365531030e+01
9.435503126130255325e+00
4.500134493350816278e+00
-3.749718529614103346e-01
-4.927262730883361641e+00
-8.931639481674999104e+00
-1.221355674489109688e+01
-1.465772784593106515e+01
-1.621197893256154643e+01
-1.688618919420084907e+01
-1.674664149312578587e+01
-1.590645591577842310e+01
-1.451306135648236406e+01
-1.273385644585922627e+01
-1.074130759002306412e+01
-8.698723664099341946e+00
-6.747837712832297719e+00
-4.999127718398618470e+00
-3.525539989245798811e+00
-2.359964223147171580e+00
-1.496476254302859132e+00
-8.950412627304498159e-01
-4.890836962918019282e-01
-1.951035540256071954e-01
7.663031120664776097e-02
4.113398253842017738e-01
8.799493850651458615e-01
1.531131223491250637e+00
2.385873950110067199e+00
3.435015279278870182e+00
4.639897887288455536e+00
5.936016973004264230e+00
7.239255092658527957e+00
8.454067981800747589e+00
9.482814277617240606e+00
1.023532667335709512e+01
1.063780969779841534e+01
1.064022030116992212e+01
1.022143471673079951e+01
9.391714966041014634e+00
8.192241756897196581e+00
6.691754497866743812e+00
4.980609074515106371e+00
3.162805639180355399e+00
1.346730196833008986e+00
-3.645221415528485664e-01
-1.882329168630874072e+00
-3.140353994251594116e+00
-4.100231787850152188e+00
-4.754564154157332467e+00
-5.126898126279220591e+00
-5.268643498736601316e+00
-5.253167641012995048e+00
-5.167575600433965910e+00
-5.102910939381869682e+00
-5.143678337810543510e+00
-5.357676632641171999e+00
-5.787131329000146707e+00
-6.442026831699630307e+00
-7.296366566048201108e+00
-8.287846988195129327e+00
-9.321138762753610862e+00
-1.027464941383857777e+01
-1.101032361721724051e+01
-1.138574760125245255e+01
-1.126758865715366653e+01
-1.054524128996452426e+01
-9.143483890497115851e+00
-7.032982399277033281e+00
-4.237610438325457807e+00
-8.377805410714778134e-01
3.030717770793311949e+00
7.182523158374443994e+00
1.139292169238850505e+01
1.541187721125756660e+01
1.898093270074836170e+01
2.185177070501401531e+01
2.380503832174486334e+01
2.466796670982443018e+01
2.432935538688361277e+01
2.275064787196237859e+01
1.997208801847884629e+01
1.611329746441755617e+01
1.136802826545249623e+01
5.993289641979723470e+00
2.934893379977498995e-01
-5.399366660355530811e+00
-1.074804009296565077e+01
-1.543338275005420002e+01
-1.917689181681533839e+01
-2.176079180762442178e+01
-2.304408593457402432e+01
-2.297329248974738292e+01
-2.158695925592159881e+01
-1.901350380085746039e+01
-1.546242592754795098e+01
-1.120944273359178922e+01
-6.576567778087831329e+00
-1.908556804164811993e+00
2.452558786018105508e+00
6.192957635845870890e+00
9.050610476909145774e+00
1.083515244070607508e+01
1.144249607421551929e+01
1.086301403247909825e+01
9.182593646756748385e+00
6.576398478569479344e+00
3.295724527870523168e+00
-3.511310778969134461e-01
-4.022604156994681546e+00
-7.370448301300271510e+00
-1.006718009849154960e+01
-1.183230459489888453e+01
-1.245530810972193692e+01
-1.181362640530421260e+01
-9.884155539622637932e+00
-6.747344558662523362e+00
-2.583458787623830410e+00
2.338811126528512752e+00
7.680640213116510573e+00
1.305697822529459806e+01
1.806435861725230296e+01
2.231057857949839018e+01
2.544406033365363839e+01
2.718070603740478930e+01
2.732622485558120928e+01
2.579222957990909038e+01
2.260484858343904335e+01
1.790514391681969641e+01
1.194122757759352638e+01
5.052580576700137271e+00
-2.352342479862870483e+00
-9.823640410684996382e+00
-1.690065665074449797e+01
-2.314362734652949882e+01
-2.816400221194679432e+01
-3.165124612916520164e+01
-3.339418394191345385e+01
-3.329534882009145491e+01
-3.137730632057113667e+01
-2.778051363255509187e+01
-2.275289262478352370e+01
-1.663190001662631090e+01
