7.551937719409892225e+00
8.027029585583772331e+00
7.603081085792909199e+00
6.419889627691056866e+00
4.675283680644456652e+00
2.606028005604830611e+00
4.662131292003888205e-01
-1.495047096885707028e+00
-3.054779249345913605e+00
-4.034486237942719100e+00
-4.314241108519425438e+00
-3.841507550722214503e+00
-2.634113482552860042e+00
-7.772970901552227474e-01
1.584768033953379174e+00
4.262120358680345333e+00
7.035621448558751823e+00
9.675569575450429838e+00
1.196073006731322863e+01
1.369620617506611993e+01
1.472871436725709415e+01
1.495808383000319708e+01
1.434414741875430366e+01
1.290859906574155858e+01
1.073182496595786617e+01
7.945135694844188912e+00
4.719198531625821147e+00
1.249763232354666798e+00
-2.258032844613596879e+00
-5.605417045684649935e+00
-8.614469848150154263e+00
-1.114018274761562743e+01
-1.307917029780129070e+01
-1.437444491170705874e+01
-1.501602954418225266e+01
-1.503755933857606308e+01
-1.450937535387995503e+01
-1.352891088686620691e+01
-1.220938828129615317e+01
-1.066796356772586130e+01
-9.014468860847754783e+00
-7.341808866797538080e+00
-5.718878320645794489e+00
-4.186600382840683032e+00
-2.757367438174494367e+00
-1.417825279304111508e+00
-1.346109932620347394e-01
1.137635402728389700e+00
2.446888629889440558e+00
3.834023522994600697e+00
5.323841566501091194e+00
6.917843417406582596e+00
8.589586013780392548e+00
1.028321406844597696e+01
1.191544702055613492e+01
1.338096212880362756e+01
1.456077371672377296e+01
1.533289931930689498e+01
1.558435480678011587e+01
1.522335649672338320e+01
1.419054547659361631e+01
1.246809559117045652e+01
1.008571983328531019e+01
7.122838578694967282e+00
3.706496835304514903e+00
4.988965020340074830e-03
-3.782464038040187937e+00
-7.439271873749975228e+00
-1.074723835850172904e+01
-1.350326815020938120e+01
-1.553562382626567207e+01
-1.671832843939866109e+01
-1.698241905479772029e+01
-1.632298296933613102e+01
-1.480123365634996802e+01
-1.254128235757186616e+01
-9.721701151547755160e+00
-6.562417526598981254e+00
-3.307891072286611944e+00
-2.078640239529789824e-01
2.502781656967897561e+00
4.623410063563188288e+00
6.004627405922607686e+00
6.561411446623894861e+00
6.281180848743272094e+00
5.226001382179184418e+00
3.528593072866346603e+00
1.382308981724228225e+00
-9.742389571886409527e-01
-3.276770727749593881e+00
-5.257631511169349459e+00
-6.669011611882082136e+00
-7.305195723534553487e+00
-7.021975989091922443e+00
-5.751548899916334001e+00
-3.511543462687555017e+00
-4.072733400496274525e-01
3.373165153885368195e+00
7.570755713657607799e+00
1.187362348751838148e+01
1.594001447329965693e+01
1.942448544633893803e+01
2.200529897995038908e+01
2.341087502933888942e+01
2.344317665928851113e+01
2.199610364565418763e+01
1.906732103180838322e+01
1.476243460744978719e+01
9.291005106289468074e+00
2.954522979761341261e+00
-3.872903439934085590e+00
-1.076981177788087152e+01
-1.729678097939621750e+01
-2.302778748756734473e+01
-2.758116630824147109e+01
-3.064781744861480206e+01
-3.201447864777018992e+01
-3.158023760754528908e+01
-2.936495520494173661e+01
-2.550887777292766145e+01
-2.026338494426340020e+01
-1.397349797591106757e+01
-7.053408934641392847e+00
4.316634549789366559e-02
6.855602021107315203e+00
1.294949509837406154e+01
1.794781969336635541e+01
2.155774777502490736e+01
2.359110685101981630e+01
2.397692839235796924e+01
2.276514496120112696e+01
2.012117228611986874e+01
1.631181225626590958e+01
1.168357951121544147e+01
6.635136000113139865e+00
1.585969169808270074e+00
-3.056264915839634000e+00
-6.927214501754519915e+00
-9.733699848088921414e+00
-1.127583993636036830e+01
-1.146175314178659299e+01
-1.031372746201927093e+01
-7.965420874290522590e+00
-4.650349680739947367e+00
-6.825978173251900927e-01
3.568719565194971910e+00
7.709225994602198817e+00
1.135095418169569470e+01
1.414344640897039795e+01
1.580186895257915580e+01
1.612996714762465089e+01
1.503609791746997182e+01
1.254112166092632918e+01
8.777572041273831616e+00
3.980200228541083796e+00
-1.531343646733674291e+00
-7.376326553919783535e+00
-1.314138857705024499e+01
-1.841143682613209265e+01
-2.280060415264696516e+01
-2.598091386428743377e+01
-2.770648845783161818e+01
-2.783150266070357048e+01
-2.632057887306223876e+01
-2.325091616545799411e+01
-1.880608497574096916e+01
-1.326205797127109065e+01
-6.966633388245224268e+00
-3.138954358961427715e-01
6.284289796329535882e+00
1.242755085633278966e+01
1.775484719252179389e+01
2.196880387818311675e+01
2.485479230466752298e+01
2.629344369866187137e+01
2.626581544794128575e+01
2.485101349615486299e+01
2.221666057952427309e+01
1.860314343956483896e+01
1.430303020000527781e+01
9.637387234017030124e+00
4.930918669049849434e+00
4.878887876120585609e-01
-3.429331601485932079e+00
-6.617516249387399796e+00
-8.944434986829536527e+00
-1.035457583868482700e+01
-1.086852104949883291e+01
-1.057627686946899637e+01
-9.625334876471047352e+00
-8.204643967810483218e+00
-6.525966045110354052e+00
-4.804253404447160314e+00
-3.238711554316664909e+00
-1.996098944723062818e+00
-1.197577607000678945e+00
-9.100887921176199491e-01
-1.142816196870708900e+00
-1.848852430445096395e+00
-2.931740334033205997e+00
-4.312007419850005796e-02
-7.272618474836457736e+00
-7.437154701575217075e-01
1.974386309539353945e+01
-1.688719895913773072e+01
-3.346581616039411067e+00
5.801898791123625720e+00
8.556177347628691976e+00
-8.411545706285604496e+00
-2.800287031124255144e+00
-5.641802382195713506e+00
2.691032273003308717e+01
-2.607546387471946758e+01
6.557560419283059439e+00
-1.451507192448835859e+00
7.965858388109272603e+00
3.429620012132878593e+00
-2.486276644242916944e+01
2.276116436505533258e+01
-3.391427206374668657e+00
1.055958139980428978e+00
-1.227340134020058038e+01
7.015390109751900027e+00
7.364505041859214174e+00
4.196502269082063030e-01
-2.127748509328269222e+01
2.054130152538509435e+01
-3.547313756710609667e+00
1.790993705017572601e+00
-8.855415464101278999e+00
-4.576812098495094183e+00
2.755835938947639363e+01
-2.621127160091883113e+01
8.453579668205126296e+00
-7.164464209698448549e+00
1.595008530790770074e+01
-5.938793880548896453e+00
-1.178306086097079231e+01
5.454203729647679744e+00
1.398572549717571434e+01
-1.279860842642277774e+01
-1.486488340063045754e+00
-8.805727530782458956e-01
9.711114529895890968e+00
4.284033820496005340e+00
-2.760872220142421796e+01
2.664987152197731746e+01
-1.100001380107669569e+01
1.168440229865085378e+01
-1.905545606145738091e+01
5.181816994247331998e+00
1.548924879200537674e+01
-1.099478454143022610e+01
-6.171532455142906493e+00
3.830093045171403698e+00
7.956770461412823181e+00
-1.160031734213335497e+00
-1.031312502455681468e+01
-2.864798869730440956e+00
2.517592594698556141e+01
-2.392932870124933942e+01
1.056085393434199915e+01
-1.398592445964716546e+01
2.108344767538403985e+01
-4.632073028561707773e+00
-1.806784783189554133e+01
1.530061406208410801e+01
-9.755750659518209744e-01
5.192431175912407326e+00
-1.502016566058897951e+01
3.996916841956299038e+00
1.050649106061832505e+01
7.787058329116192112e-01
-2.076661214575576508e+01
1.835978868338139591e+01
-7.111723064869021727e+00
1.375416288430633927e+01
-2.164340097692850762e+01
4.096482958309370481e+00
1.930718492152574584e+01
-1.768472680415665366e+01
6.389442343211048758e+00
-1.307966900308023739e+01
2.169589020614514041e+01
-7.120398679306442880e+00
-1.024075004777732367e+01
1.455785326652049960e+00
1.514238051329468604e+01
-1.065859460559190808e+01
1.082936673719990139e+00
-1.104979173873116594e+01
2.053802784687857397e+01
-3.351474851163430912e+00
-1.921405355782104962e+01
1.776836393470746245e+01
-9.283077864676357649e+00
1.880098491120466164e+01
-2.701076716365499664e+01
9.917339003546031151e+00
9.586315934988107301e+00
-3.351432582731231236e+00
-9.195464911994641000e+00
1.839746591053163183e+00
6.699728670858988266e+00
6.313363723274670214e+00
-1.781406025068643828e+01
2.201201774980360959e+00
1.799144956492964198e+01
-1.552443099260760206e+01
9.260674241430621123e+00
-2.163835484810011422e+01
3.014849847618660306e+01
-1.176703997185428463e+01
-8.723887487093445969e+00
4.529844880374731098e+00
3.810007971335936716e+00
6.939197265981140283e+00
-1.513433193218217809e+01
-3.108114235229244571e-01
1.377495513226005031e+01
-5.316619068078551891e-01
-1.598537230611927384e+01
1.126602201960462146e+01
-6.369600641453972756e+00
2.129458628590091962e+01
-3.057991525763203811e+01
1.214565838215450810e+01
7.908471696632263459e+00
-4.774324205802370713e+00
2.692510804117951295e-01
-1.454914238854001951e+01
2.300450820517034956e+01
-5.973264856165206638e+00
-8.951012170196150919e+00
-1.650775172816269176e+00
1.361187746539363808e+01
-5.583998877729722921e+00
1.085453983249468735e+00
-1.793908684503158923e+01
2.815323852200883437e+01
-1.072178949407606474e+01
-7.414699386781308021e+00
4.050508240359584455e+00
-2.541023656185892321e+00
2.005422929521786557e+01
-2.915942425136772798e+01
1.147946864999261152e+01
4.029327988948637085e+00
4.205099109633728460e+00
-1.127836235442950574e+01
-7.546171582167149339e-01
5.766471279087761914e+00
1.218390373902660784e+01
-2.312908071103662877e+01
7.426446412992877555e+00
7.474003863423039462e+00
-2.493401241623340869e+00
2.809417009248281971e+00
-2.284469337796998545e+01
3.268480708696410630e+01
-1.523331984618778456e+01
2.470133701897723189e-01
-6.869763199120950681e+00
9.313312459247848452e+00
6.930037128838410609e+00
-1.314032714350896214e+01
-4.993366317851614333e+00
1.615318287673421338e+01
-2.484127792652508049e+00
-8.216191878022458539e+00
3.653629407177589883e-01
-1.196115554010240389e+00
2.271842038035241274e+01
-3.303915503896698880e+01
1.649644369479688066e+01
-3.195422478331484406e+00
9.303837254822216352e+00
-7.916484550732670655e+00
-1.219477959170069248e+01
1.992903555827464857e+01
-2.459198266121184862e+00
-8.169454666961668110e+00
-3.602454265111234122e+00
9.627559903189030877e+00
2.005447573635727565e+00
-1.896739761462152174e+00
-1.989996332875722374e+01
3.013447690637106291e+01
-1.488560009429371256e+01
4.307476391031734408e+00
-1.114853732396561981e+01
7.137224736558826166e+00
1.598091973413815658e+01
-2.512915458545068148e+01
8.966112773408106307e+00
2.852712233664174146e-01
1.011402611232263737e+01
-1.153501679735335195e+01
-4.293633568350722740e+00
5.864769571375436641e+00
1.499552539285807029e+01
-2.434932463945794368e+01
1.044038301625115039e+01
-3.340865455472556533e+00
1.209820162559478263e+01
-6.883136728219048095e+00
-1.797367428295889624e+01
2.798630936100340705e+01
-1.346500494001207926e+01
6.391309218084631816e+00
-1.621511446992968075e+01
1.362110578971485886e+01
6.238910377883142289e+00
-1.000633511270034681e+01
-8.892196864104608522e+00
1.647218926345069434e+01
-3.627990563854032402e+00
3.734090574340562796e-01
-1.196742379118568600e+01
6.955634865380451615e+00
1.814154070691223097e+01
-2.809971592635766413e+01
1.519636592361715088e+01
-1.091796243062611893e+01
2.107869641477902789e+01
-1.546916231015675081e+01
-7.690764522577434370e+00
1.363635158797886326e+01
2.618045134212456659e+00
-7.583925182412125210e+00
-4.716996981500235719e+00
4.191554465491053705e+00
1.074108477479230572e+01
-7.104058502043016254e+00
-1.672058953336640386e+01
2.547106336812104388e+01
-1.381531863178796016e+01
1.266266072049390701e+01
-2.401608024640471939e+01
1.663210174247581108e+01
8.627724706622249329e+00
-1.619045191350333113e+01
2.814767690404277545e+00
-1.102883587784012853e+00
1.350985994666334200e+01
-9.671602116710976915e+00
-8.596513168609234867e+00
7.086842877898106963e+00
1.415796857418793131e+01
-2.049187813291242222e+01
9.440937586140886850e+00
-1.140381040079934216e+01
2.459128405181110111e+01
-1.671354528447772481e+01
-9.148639897975133550e+00
1.730347286917250216e+01
-6.559635172965318617e+00
8.423226316598253050e+00
-2.157307151037480608e+01
1.519837347938651284e+01
5.891580594516636182e+00
-6.727276181498880625e+00
-1.102599933297162060e+01
1.387305179898790897e+01
-2.636025134797519431e+00
7.369879295030758115e+00
-2.270083893198449942e+01
1.544706193234286573e+01
9.438812102819147398e+00
-1.685119303330273866e+01
8.055476710000579743e+00
-1.343053724598824239e+01
2.781032469886481096e+01
-1.984453816845395835e+01
-3.118451720124733484e+00
5.952757851465149130e+00
7.922436069158294458e+00
-6.528965957616032156e+00
-5.679146635876469063e+00
-1.211515710898516396e+00
1.860477694776735547e+01
-1.275882403426291845e+01
-9.718640849308382457e+00
1.495080357583921860e+01
-7.099762044116386228e+00
1.553349027241471525e+01
-3.137094080702284060e+01
2.276573059458046089e+01
8.289454206558886096e-01
-4.809919848483532157e+00
-5.373907137092421848e+00
-5.647515974862979959e-01
1.436561552201622405e+01
-6.090541048940600000e+00
-1.290187989713730587e+01
8.801119807953028840e+00
1.018572757676654206e+01
-1.192259751239714838e+01
3.865043668199225735e+00
-1.457844352558467627e+01
3.177947382710703295e+01
-2.333549064152222741e+01
4.570749529770936626e-01
3.452822418465558041e+00
3.758130058529083328e+00
6.517335761785998827e+00
-2.223565586588433618e+01
1.336854337777486812e+01
6.450947858684529912e+00
-3.948657432404884204e+00
-1.096256785826268576e+01
8.221640322010809854e+00
1.141564568052492401e+00
1.086569591232785825e+01
-2.901037039915153315e+01
2.125158380008390679e+01
-3.451755765077395566e-01
-2.106781350742159997e+00
-3.256533415331930748e+00
-1.065047998113210070e+01
2.822795574649989447e+01
-1.944061654198569400e+01
-2.485265967283665223e-01
-1.244270209808931327e+00
1.206082051030796265e+01
-4.352713989046341325e+00
-7.167714850799593584e+00
-5.097889155483871448e+00
2.349576030484353950e+01
-1.659589846143461500e+01
-1.354613657158417084e+00
1.015231320843285268e+00
3.843189453949492851e+00
1.258864651265003509e+01
-3.156163582363946674e+01
2.328746300933451963e+01
-4.719194068194815017e+00
6.120925095319620368e+00
-1.336989980827322633e+01
7.839124227827802827e-01
1.333845586165557151e+01
-1.730789305890422014e+00
-1.606458778717646751e+01
9.836911214865939002e+00
4.577907589296451363e+00
-3.804775500149908396e-01
-5.309494533343094957e+00
-1.229974116069709567e+01
3.184623906360413770e+01
-2.420610485624688835e+01
7.627944169052529588e+00
-1.002248998814643066e+01
1.467288795630807385e+01
2.126352225383372208e+00
-1.879206128126181241e+01
8.487070340086781073e+00
7.821787276649898146e+00
-1.772459049039829537e+00
-8.995687484681845092e+00
3.105866853156467045e-01
7.317955989220448210e+00
1.008194909804878314e+01
-2.913181941368355865e+01
2.191719599628070014e+01
-7.946813404845345374e+00
1.239596513193731298e+01
-1.568738409376362064e+01
-4.177289767690507638e+00
2.280765141519981398e+01
-1.406912483072725806e+01
1.457010328032826152e-02
-6.580093425368652937e+00
1.404787053434137789e+01
-7.837384931453286185e-01
-9.473778877709460033e+00
-6.501059850117488992e+00
2.389259487996595155e+01
-1.660939021437516416e+01
5.528477244683992708e+00
-1.289176664733846067e+01
1.612388909311891183e+01
5.341965649246260384e+00
-2.490531140158473278e+01
1.756916092460367196e+01
-6.293719921605150702e+00
1.413073432874545254e+01
-1.901771388118061523e+01
1.638245665126927264e+00
1.140044719606337154e+01
2.290161532435520897e+00
-1.694783290459965031e+01
8.913782285731654653e+00
-6.430226010357298350e-01
1.143401037481261717e+01
-1.575061144939867930e+01
-5.751108154508624892e+00
2.490448502174298540e+01
-1.840376256457272319e+01
1.010301803140035126e+01
-1.987895731973672042e+01
2.313697773241342048e+01
-2.591692448428899453e+00
-1.280551976350677279e+01
1.771013027430846876e+00
9.333113495344662169e+00
1.879195914060593497e-01
-6.051367887769169229e+00
-8.250199265293201023e+00
1.445188276027853469e+01
5.649580310739477085e+00
-2.293356188855052125e+01
1.639298977454975059e+01
-1.090330076522835689e+01
2.306648458849688055e+01
-2.570610106045226928e+01
3.287093199423289924e+00
1.352532217051704677e+01
-4.977344539828113312e+00
-2.142412685088872948e+00
-9.507726472374164572e+00
1.359791273644977849e+01
3.853167473256091213e+00
-1.226805024445308412e+01
-5.335280886462957284e+00
1.939156823938509433e+01
-1.177743511957362443e+01
8.608334149871470942e+00
-2.329675450119316338e+01
2.621037271680366487e+01
-3.358637065832305257e+00
-1.354160233580874717e+01
6.801221933304016254e+00
-3.634528730941202213e+00
1.782643839186383872e+01
-2.087850509513984676e+01
1.024272810511114962e+00
9.407702670169610926e+00
5.092982994165904387e+00
-1.487040620723529116e+01
5.172109692511362766e+00
-3.596404807770615442e+00
2.060202236408401788e+01
-2.441284809550155543e+01
2.505453391033568344e+00
1.296869278865082542e+01
-6.961882147755056316e+00
7.254904671743354960e+00
-2.407301902992283260e+01
2.677866929436465782e+01
-5.533702861325590305e+00
-6.227899971938676948e+00
-5.136000099511777606e+00
1.005196529762078583e+01
2.534312415448646938e+00
-3.347556318389610208e+00
-1.544666847307772528e+01
2.040771538497828885e+01
-5.596969848194213171e-01
-1.201527929712945664e+01
5.452065797331885122e+00
-8.324580628448348563e+00
2.748123894041169990e+01
-3.035541806287270816e+01
8.839431587784613242e+00
3.183890528788650975e+00
5.566580824474455014e+00
-5.597760499657088218e+00
-1.031822853654765737e+01
1.115035964097856080e+01
8.664977665255765515e+00
-1.462357741274625411e+01
-2.464434246980655274e+00
1.092951069743702064e+01
-2.520141769231836193e+00
6.844613049963837348e+00
-2.770009308820320726e+01
3.098232794129616252e+01
-1.025117620907431437e+01
-7.555881598401974486e-01
-6.361989941599939691e+00
2.049084945092879195e+00
1.717577969504858970e+01
-1.861133251051862914e+01
-1.341758856679692302e+00
7.773828487567757684e+00
6.351349360539462197e+00
-9.939078801443674394e+00
-1.386874889563328495e+00
-3.197112475282724908e+00
2.484162816287683384e+01
-2.844923956895781458e+01
9.339956536187028036e+00
-6.372048735625668314e-01
7.388089585551582239e+00
2.469427634098977364e-01
-2.226957440112214215e+01
2.458101870693216284e+01
-5.346868506080454608e+00
-7.597654958046038409e-01
-1.070013627607958107e+01
9.198554486599771707e+00
5.707917638567877816e+00
-1.925550562396379561e+00
-1.945941729639667628e+01
2.300064075413695264e+01
-6.017945946724104545e+00
7.160887715971835377e-01
-8.436852411464361268e+00
-1.175067496604944139e+00
2.504547316614047503e+01
-2.813077180026392199e+01
1.030880150334876433e+01
-5.460084039171621662e+00
1.497569891549436605e+01
-8.754599295082677202e+00
-9.864667531499973663e+00
7.635625229214090481e+00
1.246149935164872957e+01
-1.530600904362929171e+01
5.680916653410275075e-01
5.930972372571350348e-01
9.279609629855837483e+00
8.494500891859694258e-01
-2.530269432545117780e+01
2.868780525742913667e+01
-1.270088062875133872e+01
1.001500707203178564e+01
-1.858826853925292966e+01
8.536014021648174577e+00
1.335395704209259193e+01
-1.298998545995470799e+01
-4.971517601187216862e+00
6.365766443954368192e+00
6.383148192469508153e+00
-3.128426539967250619e+00
-9.724809285961988792e+00
4.259430028387232170e-01
2.320820395606481057e+01
-2.611573795366429707e+01
1.205818510144292333e+01
-1.225912433663329182e+01
2.098915314158797685e+01
-8.370627842201390223e+00
-1.582080491579928072e+01
1.713304047602797908e+01
-1.840477710608452000e+00
2.633575272423125835e+00
-1.394775356511840059e+01
6.498788259470499540e+00
9.668186627209731654e+00
-2.225100240285448727e+00
-1.925523460254585117e+01
2.072915635231424147e+01
-8.367665844422253585e+00
1.187850330109324304e+01
-2.176702570723512054e+01
8.025697751855355833e+00
1.710117227898091841e+01
-1.942062849888464626e+01
6.931731431358251427e+00
-1.049357644215555041e+01
2.110180957927439493e+01
-1.013094318535225469e+01
-9.124688977068466045e+00
4.082616445528596927e+00
1.417441184316153091e+01
-1.324086722214964773e+01
2.074429981350034424e+00
-8.950524249706040436e+00
2.072806813466911180e+01
-7.263770282191288175e+00
-1.722925432131537349e+01
1.950668136149125331e+01
-9.538796266170839644e+00
1.618116540382154511e+01
-2.683664883721198535e+01
1.335122642008355598e+01
8.234991153030993161e+00
-5.576173160787836203e+00
-8.813001692124871056e+00
4.650752614733738355e+00
5.980794036862846497e+00
3.944664309628436172e+00
-1.794515549620444261e+01
5.902737640715916889e+00
1.641047157557931868e+01
-1.738088706418753304e+01
9.285317309906783834e+00
-1.898222769509060015e+01
3.031265401238303880e+01
-1.549011236732262553e+01
-7.244347921435597470e+00
6.394643839586558798e+00
4.002161625640622944e+00
3.906120403954856712e+00
-1.468397056482405283e+01
2.337213300097221946e+00
1.376577498433764823e+01
-3.867712368878168050e+00
-1.496719078325682695e+01
1.335364678390301840e+01
-6.230109330792735101e+00
1.860811244615874216e+01
-3.099183737854869491e+01
1.599331386958221302e+01
6.456958274385582008e+00
-6.380894290702343596e+00
-4.331723647769880614e-01
-1.132857106925182755e+01
2.281163355531549541e+01
-8.873518499523957104e+00
-8.774855031752043288e+00
1.223582500147850638e+00
1.326859401215304324e+01
-7.992992726238204781e+00
8.493770265489157811e-01
-1.523876010930700708e+01
2.872800261774404262e+01
-1.452112295462276848e+01
-6.173959966334648719e+00
5.543388074223758011e+00
-1.438624964752627022e+00
1.670978589448625229e+01
-2.921169685606905375e+01
1.457249655681111200e+01
3.716103546704014438e+00
1.819497463435507001e+00
-1.165831549029782188e+01
2.025462584483227246e+00
6.042947918670670049e+00
9.495768185674418049e+00
-2.379939682328987871e+01
1.101874928501199946e+01
6.626704415170536322e+00
-4.036572349995203979e+00
1.448594280211557006e+00
-1.946522203347780433e+01
3.297392339197545397e+01
-1.843648159793207597e+01
6.174030909236355447e-01
-4.930461027926724249e+00
1.039316648380335906e+01
3.781920582069961512e+00
-1.342344000318866648e+01
-2.349374475967101805e+00
1.687738055920217306e+01
-5.744410990311369147e+00
-7.918396355860554792e+00
2.115655298319950361e+00
2.702229023186901724e-01
1.940938151422182045e+01
-3.356431838631122133e+01
1.971582363434935203e+01
-3.506992059190113586e+00
7.708657957596731336e+00
-9.603601151820363668e+00
-8.739189871218572492e+00
2.021554912955027916e+01
-5.026598200775181269e+00
-8.934465907412702634e+00
-7.516816515045672276e-01
9.986201855240025793e+00
-7.580187288854389749e-02
-3.326568725768178414e+00
-1.677108778878069728e+01
3.090320316491994390e+01
-1.802853549102012920e+01
4.426991094293786233e+00
-9.753964907980453347e+00
9.282084175792308045e+00
1.233208542411737696e+01
-2.544983329845484832e+01
1.142988313181447424e+01
1.104566436334785351e+00
7.696517806319990385e+00
-1.259264492654357248e+01
-1.811781858760147301e+00
7.148184571230474127e+00
1.214650714128056030e+01
-2.537531975343384616e+01
1.342654379326203440e+01
-3.138580890540373147e+00
1.074348571745085223e+01
-9.300056987875679582e+00
-1.428728179730217107e+01
2.840376066725278292e+01
-1.580851236589276176e+01
5.484034829615046291e+00
-1.420277136000852636e+01
1.535005716952562338e+01
3.354321677707846838e+00
-1.108248103665433426e+01
-6.398676879671762130e+00
1.777068050209438610e+01
-6.397342248440109458e+00
-2.574707161337830286e-01
-1.050073734698154837e+01
9.448771373438564325e+00
1.459572190872797748e+01
-2.870050966316021857e+01
1.741621649511815306e+01
-9.877900041172679835e+00
1.940090223237722711e+01
-1.777587838757889926e+01
-4.472187976709206758e+00
1.450329417485827932e+01
5.202519354675434471e-01
-9.165406040025857237e+00
-2.200359510780245387e+00
5.319558814646232037e+00
9.043813326373479455e+00
-9.494850300778896468e+00
-1.349276625311605216e+01
2.635300513391830535e+01
-1.592120797040249336e+01
1.144397926171817836e+01
-2.257471374566023670e+01
1.937077678986374707e+01
5.207635042646729495e+00
-1.690625111600321873e+01
4.518642142252986993e+00
7.608622350585072525e-01
1.125823203887992641e+01
-1.131791794871996615e+01
-6.602100740611358098e+00
9.238831630143945262e+00
1.140094285260851592e+01
-2.174819513375284430e+01
1.145229263576822731e+01
-9.968883380253295456e+00
2.327884940218369181e+01
-1.970691826168496519e+01
-5.706543970486239736e+00
1.797802627988432533e+01
-7.913902821902195406e+00
6.294380843906709266e+00
-1.957945844093134369e+01
1.733506428364083263e+01
3.596237774305932611e+00
-8.564602045030705213e+00
-8.846896535186518307e+00
1.557588339794891041e+01
-4.575887212935560555e+00
5.696100317535662150e+00
-2.141880236712572483e+01
1.851113861888956791e+01
6.177454672579336226e+00
-1.762983061130068307e+01
9.140777488373826642e+00
-1.107283043072101947e+01
2.605537758345504784e+01
-2.239994352461268434e+01
-5.823027781089171739e-01
7.469575774389639378e+00
6.367770470441310948e+00
-8.714818241680898581e+00
-3.791933970925731145e+00
7.052890594576348704e-01
1.727931245495222612e+01
-1.572779690512059858e+01
-6.836617341782761592e+00
1.599191240388110913e+01
-8.020826117188370574e+00
1.300138545107379962e+01
-2.983094540030971586e+01
2.563583523875398384e+01
-1.832347028319886828e+00
-6.069339213768919272e+00
-4.423185548292991598e+00
2.094909787851802818e+00
1.252441630467041733e+01
-8.236394502960454389e+00
-1.149477270311974664e+01
1.154880841942498648e+01
7.850555532658949787e+00
-1.337253116931627694e+01
4.734001418856575327e+00
-1.194005048094053123e+01
3.043375701291692792e+01
-2.639919665859478926e+01
3.088744234063342198e+00
4.575545180332314388e+00
3.327160325445214895e+00
3.442505539685242866e+00
-2.045258861784079585e+01
1.571487065625240653e+01
4.964277087830097912e+00
-6.403402256639809664e+00
-9.288199787445279298e+00
1.019066194734183917e+01
2.239001263904181194e-01
8.194938851463714258e+00
-2.784672430676357635e+01
2.438733028223986921e+01
-2.775209187901339192e+00
-3.251158894720410863e+00
-3.210147649227786282e+00
-7.264904236193501674e+00
2.653746760376894542e+01
-2.195005178512263555e+01
1.277205195096697832e+00
9.067325152563858737e-01
1.109290960348860544e+01
-6.895648078062013298e+00
-6.129711078591576268e+00
-2.464579630551215317e+00
2.251297029761797930e+01
-1.969701182751959934e+01
7.084288220427445992e-01
2.351742522276175862e+00
4.015649404897571273e+00
9.031681233003020282e+00
-3.002004530266309956e+01
2.592051939032202057e+01
-6.212771700197595948e+00
4.226484098999265804e+00
-1.308095978543902227e+01
3.888538273696113379e+00
1.215177776709540503e+01
-4.271311642198356573e+00
-1.527178833048983719e+01
1.282342666346175974e+01
3.018199572807368725e+00
-2.064454950707075298e+00
-5.529643110431472053e+00
-8.728935252744712159e+00
3.052687109104487106e+01
-2.692723029124831413e+01
8.999402181683811008e+00
-8.290822558495730021e+00
1.496799905649378104e+01
-1.458746772455345564e+00
-1.747961157536087029e+01
1.090284142557511338e+01
7.235034103820662033e+00
-4.597852245364813406e+00
-8.029092438927492026e+00
2.457260292635440990e+00
7.435405413678244813e+00
6.652733392869127016e+00
-2.811615494981005270e+01
2.469894222707025477e+01
-9.101487744832457594e+00
1.070454718331251343e+01
-1.641951710364267925e+01
-2.537544743051842744e-01
2.144377406021643395e+01
-1.635722763662067791e+01
3.775588999686556591e-01
-3.927914886329691768e+00
1.370728394295212027e+01
-3.449293248217994545e+00
-9.382208984415610686e+00
-3.345855691186272018e+00
2.325863223491042220e+01
-1.943387430544335359e+01
6.380791917356777532e+00
-1.111081002368915449e+01
1.711648956952427625e+01
1.265588018863931463e+00
-2.360785852688915654e+01
1.975683255291536966e+01
-6.419343094476502642e+00
1.163386674399492193e+01
-1.927732892844079160e+01
4.809659747432510457e+00
1.105446865132573109e+01
-4.998790622870590283e-01
-1.675746657040660992e+01
1.177122528812459556e+01
-1.127858650702618704e+00
9.448190417157663390e+00
-1.682402364747318657e+01
-1.727138062906925953e+00
2.381961661413014752e+01
-2.054432074012764176e+01
9.986693605568785159e+00
-1.749819559903626143e+01
2.391890632125551264e+01
-6.186784821724019778e+00
-1.222848553799289206e+01
4.158706015915525356e+00
9.620660405895975487e+00
-2.696848517159567749e+00
-5.971331080171276007e+00
-5.977375352117195284e+00
1.544965610710523762e+01
1.875858908248951629e+00
-2.221532729835729114e+01
1.855683609110325349e+01
-1.055229427362435501e+01
2.075249614975269452e+01
-2.689410675898401593e+01
7.164667554960004736e+00
1.280680992319885547e+01
-6.984439841836231011e+00
-2.906382014247796519e+00
-6.602602695813317268e+00
1.392971782509844303e+01
1.257411351947158806e+00
-1.307923731857534300e+01
-1.976005663840219029e+00
1.917921623685651511e+01
-1.403927736027818796e+01
8.041760897597400870e+00
-2.100167494336893270e+01
2.766836545980299533e+01
-7.337102275924191730e+00
-1.282483867233665187e+01
8.504593781098167327e+00
-2.434731212687996305e+00
1.491493905696671618e+01
-2.160126541752465457e+01
3.927057884454213443e+00
9.981910104243549853e+00
2.257209005728913809e+00
-1.526683363411916794e+01
7.596286875961795637e+00
-2.842259490871268390e+00
1.828950109181268147e+01
-2.600516670176877554e+01
6.387056855667418098e+00
1.242971163348921593e+01
-8.481231695824028805e+00
5.696372026032495484e+00
-2.118059314204484522e+01
2.784990507477357369e+01
-8.678093686816080066e+00
-6.580986147892262217e+00
-2.864101914442661823e+00
1.110665612838347549e+01
-9.194226371508751328e-02
-4.257841963281519426e+00
-1.309880798126658519e+01
2.201808140088251520e+01
-4.156712960329847384e+00
-1.183686712031539656e+01
6.930751946335626634e+00
-6.512370986824373986e+00
2.464684012982068850e+01
-3.171992693965431798e+01
1.212001997788274998e+01
3.393637547225562212e+00
3.826722971921316940e+00
-7.296981188704229737e+00
-7.486100084106293906e+00
1.218876729258690617e+01
6.285267408064849626e+00
-1.616994738924633879e+01
6.945506819830917777e-01
1.127379604113931322e+01
-4.101871182640575597e+00
4.898255433641970136e+00
-2.497504691358817297e+01
3.258181458573093892e+01
-1.353755080052324899e+01
-9.481875236759889081e-01
-5.057159228897020853e+00
4.315066075183098704e+00
1.417629137712429177e+01
-1.976008526897047801e+01
1.046122756076981464e+00
9.217129713704490968e+00
3.730761831661357775e+00
-1.092284673451224819e+01
4.179526730589024908e-01
-1.234012520527371315e+00
2.228521592357765968e+01
-3.023093916076526710e+01
1.249460649770287723e+01
-3.076548356366437531e-01
6.372657967450435557e+00
-2.452556931814557473e+00
-1.918351728046780025e+01
2.583786321287122689e+01
-7.703763658952321514e+00
-2.105537577048462339e+00
-8.654541219193912838e+00
1.087497172951352731e+01
3.604624637930454512e+00
-3.807315660210984554e+00
-1.713174588106758378e+01
2.492349494689724310e+01
-8.914238957165583344e+00
9.187508174769654090e-02
-7.540206138735525698e+00
1.786145978977724091e+00
2.198904632336861198e+01
-2.951139942266195249e+01
1.258708398991949018e+01
-4.166976998645713692e+00
1.347669953796378195e+01
-1.110408142418799393e+01
-7.447008722689651528e+00
9.372385319135069892e+00
1.041483444845508899e+01
-1.734351807500046760e+01
3.105615068944389989e+00
1.648915673217498323e+00
8.333318522856043131e+00
-2.186023839600760077e+00
-2.241445725702159208e+01
3.022457855466754495e+01
-1.485222403273099800e+01
8.701366377711703848e+00
-1.755065307057043000e+01
1.146759730459328530e+01
1.067160854875471543e+01
-1.456288478100843520e+01
-3.241668643047965759e+00
8.505334289550297910e+00
4.268039388314985416e+00
-4.711159964299696412e+00
-8.589281649894076054e+00
3.358179935628611723e+00
2.063155284223990549e+01
-2.785256236675066077e+01
1.404051459902840371e+01
-1.083806384296605607e+01
2.028698908841091253e+01
-1.173363373208858285e+01
-1.298531828624002848e+01
1.857184971435631837e+01
-3.241005354166416552e+00
3.942964141356823937e-01
-1.227747163709633860e+01
8.647786614602665622e+00
8.254840963677187560e+00
-4.911055811512120783e+00
-1.711892196529319676e+01
2.271308444295512885e+01
-1.014998869960449746e+01
1.026525586408545188e+01
-2.125504554199994089e+01
1.162993829734354634e+01
1.427279675269249992e+01
-2.080000290792724371e+01
8.017295877072204036e+00
-8.152277760106727555e+00
1.985941589849800337e+01
-1.282373870620614298e+01
-7.410359156436072681e+00
6.433385103011457495e+00
1.257407436817946689e+01
-1.551170683320293087e+01
3.638745294523896945e+00
-7.076877036040150060e+00
2.026500229989723323e+01
-1.090527239747501831e+01
-1.459606832489154904e+01
2.093507231657791223e+01
-1.034986468193304532e+01
1.373701717416415491e+01
-2.597333344121124910e+01
1.650676466473020199e+01
6.266460810087988165e+00
-7.568822569604518158e+00
-7.796645875731952557e+00
7.230440500711742047e+00
4.640666163220053875e+00
1.769866093038407584e+00
-1.741547762061389193e+01
9.391155964275776924e+00
1.416281264563283671e+01
-1.898349874896674550e+01
9.883092948783957610e+00
-1.644112534469004316e+01
2.975922677012773576e+01
-1.898030541356427037e+01
-5.132400746784743895e+00
8.074300424669177190e+00
3.562065414905987382e+00
1.022422235994172368e+00
-1.356615173602850888e+01
4.820529999936913335e+00
1.309667601391610603e+01
-7.051375205541177138e+00
-1.327113751239913597e+01
1.525184048839266637e+01
-6.687061066244913476e+00
1.598584405062817737e+01
-3.067211108510084472e+01
1.966092406544595406e+01
4.360904744934208210e+00
-7.852633143330562504e+00
-5.057544283841668431e-01
-8.177849384618426143e+00
2.191151998900501141e+01
-1.163896184192938321e+01
-7.946088616237663160e+00
4.008503803718192593e+00
1.224245455062482435e+01
-1.028320832651371397e+01
1.236978735382112227e+00
-1.256138508552879784e+01
2.857179080131035320e+01
-1.820110169183069360e+01
-4.279017612597540321e+00
6.955019855689929642e+00
-9.646072603713733429e-01
1.336170162409528039e+01
-2.852752453564082913e+01
1.756471299385031770e+01
2.761503690623118956e+00
-5.406313212750628594e-01
-1.135567614547946746e+01
4.760930214713406272e+00
5.667357409986185424e+00
6.797113657264001851e+00
-2.375307454348529390e+01
1.455973891606647186e+01
5.117653507815562719e+00
-5.554811595215007003e+00
7.164503652712657100e-01
-1.601722460890947985e+01
3.251118741275162449e+01
-2.157993625997145415e+01
1.616628237109429156e+00
-2.953141756139675778e+00
1.079510567858393877e+01
6.037146103950252751e-01
-1.302846268969835819e+01
3.338106562820523093e-01
1.691050802539644948e+01
-9.027219060105359461e+00
-6.953450291148053353e+00
3.899182684311709224e+00
1.105983343201696112e+00
1.597675535535186953e+01
-3.333791152847616246e+01
2.292580417623617706e+01
-4.435845330291429356e+00
6.014035865825436034e+00
-1.062131856563037680e+01
-5.181107824952498220e+00
1.980405265958171412e+01
-7.660765193223239677e+00
-9.041743097938315543e+00
2.198759366934583959e+00
9.674948351346785103e+00
-2.249235869017704559e+00
-4.123351953143306048e+00
-1.347317775653868210e+01
3.093661844715364850e+01
-2.122238239530511450e+01
5.154816450906442249e+00
-8.202066745404364312e+00
1.076963682800892030e+01
8.512997043170578593e+00
-2.506209338351338545e+01
1.399070024258606892e+01
1.303230822088411678e+00
5.102054087588106412e+00
-1.298125024517620929e+01
8.209072684626796956e-01
7.797204656498547770e+00
9.091113844891552276e+00
-2.569688636388431746e+01
1.653322696940395531e+01
-3.538812721356238811e+00
9.178245337844918694e+00
-1.107537085885562433e+01
-1.036911616102736744e+01
2.811448557732098763e+01
-1.828535702935294438e+01
5.160483979550973821e+00
-1.193948802338285908e+01
1.641578976586535532e+01
2.614744098238457326e-01
-1.152603273711520870e+01
-3.667060434094064014e+00
1.840745190747491833e+01
-9.363936861629138519e+00
-2.889819156178994319e-01
-8.775626397474933782e+00
1.131984263472782004e+01
1.076359450799423456e+01
-2.860978293879574963e+01
1.981397434643436384e+01
-9.388197942489606262e+00
1.740476154553908117e+01
-1.943158059615673139e+01
-9.898483544543585921e-01
1.474462471880512382e+01
-1.844757787490063805e+00
-1.013586656104681794e+01
5.939130680293209785e-01
5.850328583001399352e+00
7.045487202486390821e+00
-1.128725789511209676e+01
-9.930982714105017095e+00
2.657220446353034049e+01
-1.825870955436261056e+01
1.074808151869565798e+01
-2.075682887025480028e+01
2.147841564707781004e+01
1.470591733332118345e+00
-1.701031218242291843e+01
6.519289073621295394e+00
2.067954064259818203e+00
8.649159718677262632e+00
-1.237064256676711871e+01
-4.268587095324933856e+00
1.082047588507053071e+01
8.268393984431117616e+00
-2.238284669668564675e+01
1.375737697319613417e+01
-9.035758397366397077e+00
2.154261578059832516e+01
-2.209800892553082008e+01
-1.896762531573526367e+00
1.806274589028999600e+01
-9.597498398038053935e+00
4.668356859640822698e+00
-1.715368442016640316e+01
1.888636811629159595e+01
9.270870636025998479e-01
-9.863995462181803120e+00
-6.255544886941116545e+00
1.670803440602231404e+01
-6.877777307580990040e+00
4.508994954761453400e+00
-1.967699163617582414e+01
2.101085723034492503e+01
2.500127309560734812e+00
-1.784899225024495095e+01
1.059264903155108506e+01
-9.168141032035265425e+00
2.380280197457529567e+01
-2.438584208035634759e+01
2.360616133689890539e+00
8.484980141547847410e+00
4.367545318040203739e+00
-1.038773872549012722e+01
-1.471657208515816828e+00
2.146868835612500526e+00
1.546850988308747077e+01
-1.817912610072150770e+01
-3.492753603485337699e+00
1.651204117981327713e+01
-9.350949367395180900e+00
1.087884323654234819e+01
-2.774033919999267539e+01
2.796266896650634237e+01
-4.933288998070786135e+00
-6.867420048541984734e+00
-2.995698841244790245e+00
4.302712039791334320e+00
1.018056715882718599e+01
-9.918060655228273959e+00
-9.585102131651296986e+00
1.383314974178989942e+01
5.010171189900384903e+00
-1.434715676889921099e+01
6.059107282886846413e+00
-9.674976727608068927e+00
2.849881009139462762e+01
-2.895801133831377427e+01
6.194268760121802053e+00
5.279789712335576368e+00
2.389361051190091345e+00
7.583980473069598105e-01
-1.810309085301010867e+01
1.761149542430502279e+01
2.963216973189144010e+00
-8.454718703503322885e+00
-7.068058729790527295e+00
1.173579800400010775e+01
-1.199864311805910244e+00
5.867810344857810279e+00
-2.606986693988955750e+01
2.706926313911575832e+01
-5.715482209622019916e+00
-4.021836653557436136e+00
-2.627540332627766873e+00
-4.211507750524838833e+00
2.422650159807356118e+01
-2.403156207310598447e+01
3.327106666737643437e+00
2.717342134430336564e+00
9.542074174032180167e+00
-9.070215454977214264e+00
-4.535352128073660616e+00
-1.497456804901483030e-01
2.090628671188457943e+01
-2.240723841308142639e+01
3.320336331402050867e+00
3.360444636664596807e+00
3.623242057153817530e+00
5.752687894928318890e+00
-2.781663912618471812e+01
2.815794731010922192e+01
-8.241494571958149606e+00
2.609029448768863002e+00
-1.217621769980880586e+01
6.682773408435977558e+00
1.036118540487374773e+01
-6.516980062941884810e+00
-1.385498148828739495e+01
1.549161298104153417e+01
8.696035766592711269e-01
-3.467039314504642533e+00
-5.157587478234820111e+00
-5.386904458157420805e+00
2.851870516878827289e+01
-2.929762770244058601e+01
1.092078077077137976e+01
-6.774978988891533049e+00
1.461974350127146494e+01
-4.792473109342580528e+00
-1.552139245251095367e+01
1.304934178217439111e+01
6.031032907443945490e+00
-7.183756701573051018e+00
-6.433915243279031415e+00
4.369237216192034978e+00
6.935537436596638017e+00
3.407726451944154356e+00
-2.639920174036752698e+01
2.718805105251755094e+01
-1.082618697377336225e+01
9.172150292170673680e+00
-1.648709002666464229e+01
3.477419213460881231e+00
1.940057970564627965e+01
-1.840701576003658602e+01
1.348257735639172061e+00
-1.434164960138141209e+00
1.270118386884287887e+01
-5.927282871537860487e+00
-8.651512308127314199e+00
-3.336630910712408138e-01
2.192404934158728480e+01
-2.203594993776205868e+01
7.828733703211073092e+00
-9.437732078349611697e+00
1.743059571811376429e+01
-2.676804827073191895e+00
-2.160771545155385809e+01
2.174530362907662351e+01
-7.144232407058099810e+00
9.216393995345274703e+00
-1.884009967476175973e+01
7.841605126610492249e+00
1.005190408883993491e+01
-3.186582719222390558e+00
-1.587775899000390289e+01
1.448603756018570543e+01
-2.238147600874555110e+00
7.525050283887331659e+00
-1.721279657173616329e+01
2.220352545052840743e+00
2.201978272265203174e+01
-2.253466912698778657e+01
1.046535271658043342e+01
-1.512367915426856868e+01
2.398110814525897894e+01
-9.692262950589443093e+00
-1.098259621034299194e+01
6.483279403242300454e+00
9.237409049320941534e+00
-5.524510686603478327e+00
-5.234372982644504013e+00
-3.727188927654555783e+00
1.576445935734073345e+01
-1.878064741507409430e+00
-2.078087383790285259e+01
2.062971855148771638e+01
-1.079795250788883187e+01
1.838043204287226473e+01
-2.735038505902820205e+01
1.100511344026415728e+01
1.141288186647283887e+01
-8.971083634418612007e+00
-3.021735105042898439e+00
-3.667824676307348319e+00
1.357503740262268010e+01
-1.352335525434051888e+00
-1.321638389939581870e+01
1.419513327262320601e+00
1.825943154685225522e+01
-1.627862576347746426e+01
8.079768520929491160e+00
-1.859465943398691223e+01
2.839514170927899883e+01
-1.133428349056127793e+01
-1.143196284562647591e+01
1.023405721867046836e+01
-1.861092435914750709e+00
1.189040747383316798e+01
-2.161389502938680707e+01
6.879473481413641345e+00
9.897157704572954628e+00
-6.703686758642479759e-01
-1.497298420688820819e+01
1.007336264815162608e+01
-2.705550996558257815e+00
1.582175398348869066e+01
-2.687982678635169975e+01
1.034693217750794503e+01
1.121961667275018470e+01
-1.007780216799535999e+01
4.743888181888543443e+00
-1.809924662423423314e+01
2.819718442233396871e+01
-1.190948084846561983e+01
-6.294803545018316626e+00
-4.453234085437642875e-01
1.149453982791882467e+01
-2.850159090356250147e+00
-4.535555920571866295e+00
-1.056160346536704608e+01
2.293669490626517415e+01
-7.895058033649361207e+00
-1.099763931638710446e+01
8.542270393268033501e+00
-5.289980998843915927e+00
2.155818250107115119e+01
-3.235967839917280742e+01
1.552924043853677638e+01
2.986658009796252955e+00
1.885636158845144905e+00
-8.357068513562422751e+00
-4.443025980138396669e+00
1.258081123554842407e+01
3.688598513465808360e+00
-1.706092439149628603e+01
4.060543031248775137e+00
1.097238195853189957e+01
-5.875638611784514076e+00
3.529640979402861589e+00
-2.194258886136564257e+01
3.347078616385968530e+01
-1.700038121637673072e+01
-5.477464702735894697e-01
-3.497980041180812627e+00
5.971935027531557694e+00
1.089069772796479185e+01
-2.025406059290147809e+01
3.675580332547174756e+00
1.004898168960677296e+01
8.364176348451550780e-01
-1.128042429966224525e+01
2.476098762883081505e+00
1.602322749729085394e-01
1.938046684058637226e+01
-3.133191455904239575e+01
1.588063766706691382e+01
-5.476854713441561273e-01
5.051687913230364479e+00
-4.573945557036619647e+00
-1.574326775154881908e+01
2.644073715332521246e+01
-1.032763839710099774e+01
-2.887919897056606011e+00
-6.269470380480356653e+00
1.194884759451061562e+01
1.186570913214865186e+00
-5.127914266530169130e+00
-1.442555989711480358e+01
2.620984550636742938e+01
-1.210360982496699123e+01
1.479193528376221423e-02
-6.289546598691797996e+00
4.200483412790294580e+00
1.851977028236422029e+01
-3.025115747068386085e+01
1.516198944263429027e+01
-3.388673184399865423e+00
1.157595993840121906e+01
-1.287879122454487302e+01
-4.655012059542147362e+00
1.055712462258660267e+01
7.967509151495544728e+00
-1.880055566817397406e+01
6.003052933229589883e+00
2.179016613876211039e+00
6.987979861755035493e+00
-4.705982159703519407e+00
-1.906536166635170204e+01
3.114772292601536208e+01
-1.733663398956648294e+01
7.856612661066734837e+00
-1.605492961493398951e+01
1.385650140672339248e+01
7.559077811953913262e+00
-1.559724498670313686e+01
-1.093559735610513783e+00
1.012850131312747592e+01
1.723830090621453870e+00
-5.789331575727670653e+00
-7.013634331510747444e+00
5.806823140156749830e+00
1.755668611308454530e+01
-2.901747955541922153e+01
1.640038867155762148e+01
-9.844983519696320684e+00
1.907836650492131980e+01
-1.459072622103040295e+01
-9.669024990382174778e+00
1.949257812168081117e+01
-5.076534951500820902e+00
-1.396276146748740565e+00
-1.011017738322275683e+01
1.031462470564116707e+01
6.364474793808076569e+00
-7.146705069534169397e+00
-1.445658934292372422e+01
2.418009054402454794e+01
-1.236203936233832934e+01
9.045223686644892069e+00
-2.019775532925608275e+01
1.477006201242802419e+01
1.091917912847928918e+01
-2.169072702733165414e+01
9.557054550746290289e+00
-6.192814546168444068e+00
1.805736210992101576e+01
-1.506003344626292062e+01
-5.186129316310257309e+00
8.369450228463231056e+00
1.042752463621578052e+01
-1.733126792076874167e+01
5.690779996347431258e+00
-5.567574846502608032e+00
1.922787581725194883e+01
-1.412968985384295806e+01
-1.139980602501520224e+01
2.191427281975762043e+01
-1.163918330739948459e+01
1.161252555944316356e+01
-2.449678946669552460e+01
1.923692138970540100e+01
3.758693570536027373e+00
-9.185557076415499012e+00
-6.219086408293447832e+00
9.431526126112256492e+00
2.752252497886994664e+00
-6.515526098558677148e-02
-1.629269147064912460e+01
1.251465253505148922e+01
1.132075753519185568e+01
-2.018638608323624339e+01
1.098918967448423345e+01
-1.416495624118840801e+01
2.855118803811441452e+01
-2.208371004195845799e+01
-2.454722438402819229e+00
9.420620183415561399e+00
2.548509200771350791e+00
-1.558243041494877801e+00
-1.184104332385236447e+01
6.987031830128461962e+00
1.182375531956298076e+01
-9.926881196274152330e+00
-1.095543060822747350e+01
1.680870355216386969e+01
-7.688138128063191523e+00
1.358253961448322933e+01
-2.967052671197772895e+01
2.298926146144750504e+01
1.674715256177094158e+00
-9.037620106356637706e+00
6.769745562092310820e-03
-5.255785779449359651e+00
2.035114633696854725e+01
-1.411232708115549173e+01
-6.508964012851357950e+00
6.545639728039748029e+00
1.057682795458324065e+01
-1.229745819209187552e+01
2.208577078736682076e+00
-1.006545123591160085e+01
2.772111753255464350e+01
-2.159881326474128116e+01
-1.771016559791756428e+00
8.130287758372354290e+00
-1.088200239487685295e+00
1.017258931761393725e+01
-2.714033501618171584e+01
2.029489394108490075e+01
1.197556093604696503e+00
-2.715535998485472113e+00
-1.039849980880676661e+01
7.290229691084828545e+00
4.666628826912701200e+00
4.249008536968719163e+00
-2.301331094931309806e+01
1.788444458589282959e+01
2.973833923642629884e+00
-6.890301538560821726e+00
5.958995367752226713e-01
-1.266566504095693446e+01
3.131619579967617284e+01
-2.449981244921163182e+01
3.225341456827117703e+00
-1.097999364915963838e+00
1.053175397009425929e+01
-2.439794195345749372e+00
-1.196944601971964772e+01
0.000000000000000000e+00
7.640006728969206407e+00
1.480119792136483170e+01
2.103862147355099310e+01
2.597252102169402832e+01
2.931480044142936237e+01
3.088865756298434206e+01
3.063994791487493075e+01
2.863947233275823123e+01
2.507607521637434189e+01
2.024113920896977703e+01
1.450571290747132736e+01
8.292060619714989755e+00
2.041834771176422425e+00
-3.816688891577186382e+00
-8.899823282581685646e+00
-1.289578164581192965e+01
-1.558606398612945654e+01
-1.685936960667078566e+01
-1.671707885612771349e+01
-1.527000744176987546e+01
-1.272681338975035459e+01
-9.375077018069406520e+00
-5.556628496842269449e+00
-1.639123244688677872e+00
2.013869444735159497e+00
5.071913622345872952e+00
7.263637692538764234e+00
8.397570642123056928e+00
8.376329602416330289e+00
7.203145642989518649e+00
4.980327720346613418e+00
1.899900899623975903e+00
-1.772735996570409256e+00
-5.720753860707559646e+00
-9.601639966785020519e+00
-1.307467864306955541e+01
-1.582799204323840669e+01
-1.760303478942144295e+01
-1.821466844529112450e+01
-1.756531761368790256e+01
-1.565219697275632171e+01
-1.256715738741049648e+01
-8.489283915789803459e+00
-3.670942278317942176e+00
1.581531204017313286e+00
6.930906491870601371e+00
1.203405233145831943e+01
1.656688320729073638e+01
2.024734693155454579e+01
2.285473682739741363e+01
2.424394173875496961e+01
2.435367873359177437e+01
2.320825050873927609e+01
2.091289072555045436e+01
1.764326325760609038e+01
1.363012543621461958e+01
9.140516270160986778e+00
4.457062068048893266e+00
-1.429119805641221319e-01
-4.406819337147917182e+00
-8.123330045044237835e+00
-1.113479118639915022e+01
-1.334475041173400456e+01
-1.472021536880986048e+01
-1.528873055429078676e+01
-1.513078025774706070e+01
-1.436839656653371833e+01
-1.315113514571264552e+01
-1.164075698397369862e+01
-9.996009468009622978e+00
-8.358833499314144433e+00
-6.843143842985221603e+00
-5.527055949225387010e+00
-4.449090325521811273e+00
-3.608506744919503184e+00
-2.969539297640337416e+00
-2.468953239431304070e+00
-2.026056117883971552e+00
-1.554093180513127948e+00
-9.718570074499446321e-01
-2.143507674751248260e-01
7.585392586108952173e-01
1.956195408973572469e+00
3.354793219905401358e+00
4.898415323378189967e+00
6.503622675651040907e+00
8.067018395060534530e+00
9.475052871384850306e+00
1.061510435220925785e+01
1.138674629901014512e+01
1.171209246484187183e+01
1.154419458528569287e+01
1.087264804843162125e+01
9.725821416256239971e+00
8.169442424726392815e+00
6.301617145100778750e+00
4.244698809986996224e+00
2.134727087255254396e+00
1.093990438138996435e-01
-1.704313026140630960e+00
-3.201729395017824942e+00
-4.310104087548032759e+00
-4.995386509057599511e+00
-5.265400805397613127e+00
-5.169060048590775835e+00
-4.791593784732235406e+00
-4.246138496686247876e+00
-3.662387715844619862e+00
-3.173290051616076468e+00
-2.900991908153437215e+00
-2.943326643962803857e+00
-3.362141731343447404e+00
-4.174628392212181183e+00
-5.348582810909720209e+00
-6.802202642829842105e+00
-8.408633714489232247e+00
-1.000506221866948309e+01
-1.140573340237113520e+01
-1.241790510293380123e+01
-1.285944707363927364e+01
-1.257660266322517018e+01
-1.146035762873451169e+01
-9.459921135365169320e+00
-6.592014706883260189e+00
-2.944973244505247223e+00
1.322934858108201439e+00
5.991095641501247293e+00
1.078968159165949814e+01
1.541748806449902709e+01
1.956321437598503010e+01
2.292860186288920943e+01
2.525163500133884042e+01
2.632794729261058109e+01
2.602865985797454940e+01
2.431311401884583745e+01
2.123532385643895282e+01
1.694344399755680541e+01
1.167208569822717479e+01
5.727878420774642265e+00
-5.307806999001893900e-01
-6.718365343743104567e+00
-1.244944412349491003e+01
-1.736644588996954042e+01
-2.116583768941780974e+01
-2.362067034009287525e+01
-2.459769388281025115e+01
-2.406763916486153931e+01
-2.210777340634127341e+01
-1.889642776794041268e+01
-1.469981782927217040e+01
-9.852084389518065421e+00
-4.730023675962102381e+00
2.755909826790965411e-01
4.789905421328456647e+00
8.482788764031649720e+00
1.109429634124422215e+01
1.245478101407116966e+01
1.249804189644391705e+01
1.126642960583897590e+01
8.907447471168813635e+00
5.662050444138884586e+00
1.845495897792079454e+00
-2.177808505448389553e+00
-6.023532245997627932e+00
-9.318462037695903533e+00
-1.173093187076028698e+01
-1.299824906024080384e+01
-1.294893898775785601e+01
-1.151801994919964756e+01
-8.754050880530087397e+00
-4.817327862274606076e+00
3.070889675704702171e-02
5.446110907312343485e+00
1.102772287130438400e+01
1.634724611620736923e+01
2.098177954486073560e+01
2.454634883279632973e+01
2.672392232647843358e+01
2.729059387249138524e+01
2.613397494247902841e+01
2.326335305871675629e+01
1.881080083914649137e+01
1.302311128461314382e+01
6.245136516145788796e+00
-1.104235472182530930e+00
-8.561669370759645403e+00
-1.565231641578986910e+01
-2.192362161231901752e+01
-2.697747100809619525e+01
-3.049827914836185982e+01
-3.227493411281961500e+01
-3.221499334498282963e+01
-3.035012026213260583e+01
-2.683242253606996996e+01
-2.192204556021931339e+01
-1.596703515622956715e+01
-9.377061038137179949e+00
-2.593042778330596043e+00
3.944990908292064891e+00
