-7.661004680641972264e+00
-4.819913598128919396e+00
-1.021834871831110991e+00
3.457612837051184940e+00
8.271317911219092878e+00
1.302713906775904107e+01
1.731866269558500449e+01
2.075783387644910505e+01
2.300685356973859541e+01
2.380675785674817746e+01
2.300032924740344598e+01
2.054741760574966492e+01
1.653133595057580152e+01
1.115569753689832311e+01
4.731818910810455137e+00
-2.342432271613330119e+00
-9.610777265018828786e+00
-1.659151981401859999e+01
-2.281286034906914750e+01
-2.784780034048596775e+01
-3.134592657521513459e+01
-3.305960195797203482e+01
-3.286252410890926257e+01
-3.075921062597865330e+01
-2.688468222545760611e+01
-2.149438458042662958e+01
-1.494515446652201973e+01
-7.668734226640784968e+00
-1.399145653308989656e-01
7.158206604068637624e+00
1.376915413172267932e+01
1.929550778194934679e+01
2.342637223881873965e+01
2.595783734123046216e+01
2.680495684986617277e+01
2.600446133581338870e+01
2.370816285238487353e+01
2.016774533971100425e+01
1.571230566771229498e+01
1.072056221248062791e+01
5.590037531476339083e+00
7.057194660482319915e-01
-3.589302657454055190e+00
-7.018939616631459266e+00
-9.393045944622295806e+00
-1.061884832936656586e+01
-1.070414042781564667e+01
-9.752211188116447715e+00
-7.949148443967967381e+00
-5.544767994828347923e+00
-2.828911482716535808e+00
-1.051953479376015466e-01
2.335547318597665623e+00
4.239920023220982159e+00
5.412712280764928607e+00
5.732121206868646013e+00
5.158323546759401523e+00
3.734861193389948042e+00
1.582919700706789001e+00
-1.110825266429761982e+00
-4.111594123083927244e+00
-7.157512239674023391e+00
-9.982367449125325365e+00
-1.233814384825493704e+01
-1.401543189474564244e+01
-1.486004783341855173e+01
-1.478456563495035603e+01
-1.377393693174799871e+01
-1.188490574813273426e+01
-9.239467704713741014e+00
-6.013130287929985940e+00
-2.419158221731343872e+00
1.309699744651402042e+00
4.940334115243423696e+00
8.257559425175854173e+00
1.108000244257591937e+01
1.327230179175765556e+01
1.475270186266573269e+01
1.549557147428520310e+01
1.552885610848357523e+01
1.492693754380811733e+01
1.379978420554180829e+01
1.227959298478054606e+01
1.050632104160017910e+01
8.613567879141751149e+00
6.716190119275080583e+00
4.900823187832205718e+00
3.220166742748558519e+00
1.691495298803926239e+00
2.994202875607312464e-01
-9.975036019883387617e-01
-2.257125222206877613e+00
-3.542104309022205300e+00
-4.907686886304328588e+00
-6.390227202315601929e+00
-7.997769243475739032e+00
-9.703804631582572782e+00
-1.144501452141453690e+01
-1.312340955057279146e+01
-1.461284066210770050e+01
-1.576940624005972857e+01
-1.644487000889682804e+01
-1.650186921150477914e+01
-1.582946681010489698e+01
-1.435750830992152238e+01
-1.206829483447887341e+01
-9.004277717718007779e+00
-5.270801411013444238e+00
-1.033344231830589877e+00
3.490806039224545465e+00
8.045995515000702980e+00
1.235583527000906656e+01
1.614367257999218097e+01
1.915424656152821825e+01
2.117470271823361827e+01
2.205312838758836946e+01
2.171292087851591290e+01
2.016160300810018668e+01
1.749313388167072603e+01
1.388329127381799566e+01
9.578281939758525709e+00
4.877318311731183798e+00
1.104338390736341324e-01
-4.386752552299094887e+00
-8.299309670484175783e+00
-1.135815342016300988e+01
-1.336198223265478902e+01
-1.419409979743160477e+01
-1.383262225499786524e+01
-1.235308791983164944e+01
-9.923101843435695457e+00
-6.789304808635412414e+00
-3.257601898663138762e+00
3.318350346880016843e-01
3.632813740523088697e+00
6.322333616675352985e+00
8.128359581318640892e+00
8.853831390140046054e+00
8.394854170987189335e+00
6.751462901252362592e+00
4.029940548590943195e+00
4.363497337690955824e-01
-3.738344178917910376e+00
-8.140483733455365467e+00
-1.238157107005647362e+01
-1.606958109122138012e+01
-1.884124235336717135e+01
-2.039267812839564442e+01
-2.050589808021537408e+01
-1.906893482097763126e+01
-1.608790623785264629e+01
-1.168991566373608215e+01
-6.116427287524576428e+00
2.924848235576185118e-01
7.121880849374353950e+00
1.391191045072658383e+01
2.019168754356189055e+01
2.551446482023748530e+01
2.949136866963287318e+01
3.182105467014769573e+01
3.231295498289848922e+01
3.090228703864212179e+01
2.765563791202922772e+01
2.276667874388156676e+01
1.654233881592984545e+01
9.380516890180683021e+00
1.741067991879194921e+00
-5.887676023560655558e+00
-1.302425542070373332e+01
-1.922857426638377021e+01
-2.413289566795165442e+01
-2.746699836521615623e+01
-2.907563349546807530e+01
-2.892704527939904580e+01
-2.711203662575664808e+01
-2.383381150214908928e+01
-1.938954938315524146e+01
-1.414530494698176710e+01
-8.506327766220531217e+00
-2.885222991194996034e+00
2.329499319666651580e+00
6.802019159949306726e+00
1.027275716175558706e+01
1.257514277251764767e+01
1.364444542287444762e+01
1.351818049003069433e+01
1.232829522627361918e+01
1.028600270991239540e+01
7.660710211163607397e+00
4.754935902957623917e+00
1.877389927987538343e+00
-6.835078709764816907e-01
-2.683495236697995612e+00
-3.941814256354350121e+00
-4.354557342409163923e+00
-3.901071352611752197e+00
-2.643084264541291972e+00
-7.168383466541694560e-01
1.680905227790022494e+00
4.311631227478335049e+00
1.050054157557189249e+01
-1.892789744511770422e+01
2.453957078048312823e+01
-6.047803473276295527e+00
-1.262985557053406538e+01
4.702134480622682133e+00
1.005322558109993381e+01
-5.027176760019634649e+00
-3.047204679580435283e+00
-8.434682048709220226e+00
1.879504825973544868e+01
-2.326527674543656055e+00
-2.046545535796921911e+01
1.998632640553032402e+01
-1.100490651852502388e+01
1.881820933528788586e+01
-2.686584702330692309e+01
1.027275282013594726e+01
1.132416806179182167e+01
-7.581305936007826318e+00
-6.868376621353684541e+00
3.161983698355611327e+00
6.075177917676409578e+00
4.475144283954727520e+00
-1.810401258175596695e+01
5.606389911637357670e+00
1.775344124724336226e+01
-2.001606677881664353e+01
1.106537536909692143e+01
-1.809810451459402714e+01
2.852543368554189129e+01
-1.450439782256297860e+01
-9.246282595728626319e+00
9.749473772303634433e+00
3.882218976331731852e+00
-1.363184639362286177e+00
-9.058355177594856755e+00
-4.503986495820377911e-02
1.647045277445392486e+01
-8.345939558387229340e+00
-1.476733867023845903e+01
1.951327491208820319e+01
-1.070823279747360068e+01
1.675657599928943142e+01
-2.939560628687024035e+01
1.853349148248125289e+01
6.525719501785908427e+00
-1.117286646786920734e+01
-1.202314067705140488e+00
-2.600568725889758070e-01
1.185175205681963284e+01
-4.700472938729809869e+00
-1.392182160934690316e+01
1.040234158083881510e+01
1.168355602293223328e+01
-1.857763700627851478e+01
9.988437129606433373e+00
-1.481773362478471689e+01
2.938615698913845620e+01
-2.215476703372936385e+01
-3.323590033600965388e+00
1.185903784330988131e+01
-1.091640131915026402e+00
1.613711397230598976e+00
-1.431265285627522132e+01
9.582459441881150397e+00
1.053193850183463098e+01
-1.167025601975706550e+01
-8.672376803833351744e+00
1.732489174923119180e+01
-8.985682082967624495e+00
1.234084040124124115e+01
-2.844542840102159431e+01
2.517753737196130714e+01
-1.761446786605587178e-01
-1.185475447983983344e+01
2.951233062127688100e+00
-2.625268141255912013e+00
1.630928452002418183e+01
-1.440681269172960377e+01
-6.417936600773957778e+00
1.208685252389297204e+01
5.888873685074388575e+00
-1.587876820959739277e+01
7.798844265469817572e+00
-9.418220347500069423e+00
2.656438318977735946e+01
-2.743562946201656416e+01
3.776534184208938161e+00
1.124176132370582160e+01
-4.360741667541507383e+00
3.248723458990451007e+00
-1.772907633400837213e+01
1.897390246094970578e+01
1.734907335429585196e+00
-1.163452162247515531e+01
-3.464928776874224070e+00
1.436266628493514830e+01
-6.539161886357941711e+00
6.171122674518952245e+00
-2.377844771951752989e+01
2.879611523703506748e+01
-7.278077171595254136e+00
-1.013070524594218114e+01
5.336457249339471964e+00
-3.467856286905277585e+00
1.848600415196602498e+01
-2.308874928498041257e+01
3.331481860256883643e+00
1.034115663075221470e+01
1.502789592002661934e+00
-1.289158972056496566e+01
5.322568336398232347e+00
-2.743749303028539366e+00
2.016699031100872475e+01
-2.916636452588716111e+01
1.048916810430963054e+01
8.653597260969640104e+00
-5.924014131328234178e+00
3.297577221517469681e+00
-1.852656547679581678e+01
2.657116809386389633e+01
-8.574009114607596516e+00
-8.278014518149909406e+00
-7.049690912278805399e-02
1.156482136576740949e+01
-4.261657271790294743e+00
-7.042362471342036301e-01
-1.585042600928525403e+01
2.849903604978145921e+01
-1.323598604892186970e+01
-6.955272336520347487e+00
6.193914356645944252e+00
-2.783254697441741143e+00
1.783400629779904278e+01
-2.926532151052954944e+01
1.377408093628875108e+01
5.555297312061077797e+00
-8.005909329515841222e-01
-1.045978112068697641e+01
3.457780408992830345e+00
4.006307108027834296e+00
1.098507252938614975e+01
-2.679473447259032781e+01
1.537129499223448548e+01
5.184356914730566146e+00
-6.235549556569879748e+00
1.998044604407030356e+00
-1.643051799408517155e+01
3.104815000787604617e+01
-1.871253413498975249e+01
-2.315720169664088779e+00
1.116076276026058522e+00
9.627431956931372881e+00
-2.993773894586578166e+00
-6.998296666547127565e+00
-5.756008789819868632e+00
2.410218861591449269e+01
-1.678168963825906701e+01
-3.484275647368034967e+00
6.150109585920030320e+00
-1.038371449615643982e+00
1.437723734504858442e+01
-3.183620346223545639e+01
2.318048059604739208e+01
-1.273558852152859355e+00
-9.166300353371994447e-01
-9.089502974222476439e+00
2.927774093937342670e+00
9.527722812101519168e+00
3.683009176937785956e-01
-2.051594114171927430e+01
1.739291100407737645e+01
1.984819390009521456e+00
-6.042832358066785758e+00
1.782262955743396660e-02
-1.177200819557970846e+01
3.159048311103109441e+01
-2.698961648423411219e+01
5.030185129306264713e+00
2.740817517956468663e-01
8.837686429440390512e+00
-3.288520922669409430e+00
-1.146267524916753366e+01
4.962945671915406365e+00
1.617167568970858582e+01
-1.717296687380100195e+01
-7.947569447787916630e-01
6.015086784215555760e+00
9.401842017119133033e-01
8.744992409916667597e+00
-3.031900986292026090e+01
2.998144731204905611e+01
-8.766507077752994093e+00
7.142402806395478088e-01
-8.834844688341718211e+00
4.072460029743655952e+00
1.269974640944900912e+01
-1.002318094476180654e+01
-1.123943603405261449e+01
1.613291696029166289e+01
-4.094134671891680455e-03
-6.156788682344290109e+00
-1.710523152920450762e+00
-5.452342977064269292e+00
2.807695837306268771e+01
-3.203494050890255096e+01
1.229957540761647650e+01
-1.932552084495247735e+00
9.018140263664275125e+00
-5.242849253215940308e+00
-1.317053475660055994e+01
1.460908503148675663e+01
5.915106100784676357e+00
-1.432531432747412481e+01
3.610130980431485170e-01
6.539627557033657723e+00
2.174782010646163499e+00
2.068266255143143439e+00
-2.496432938223504294e+01
3.307220426223816645e+01
-1.546068900332219620e+01
3.254596947834046183e+00
-9.303884771561865108e+00
6.730955961729549131e+00
1.284632509335713735e+01
-1.853874849238913214e+01
-4.106132825240482731e-01
1.184042574045870033e+01
-2.585222248513261434e-01
-7.211531601695408966e+00
-2.229471299728562173e+00
1.224103279209808104e+00
2.112126805978778776e+01
-3.306190054544192947e+01
1.810396620705529358e+01
-4.552074885959401129e+00
9.593797690682087875e+00
-8.439307093088743272e+00
-1.174064967424471462e+01
2.166080743718674739e+01
-5.056614804266290619e+00
-8.800476697650985614e+00
-2.875613581961058429e-01
8.192722151913256923e+00
1.793514714332033577e+00
-4.242519426977902519e+00
-1.672126588068516995e+01
3.202022524007862359e+01
-2.011348128021320747e+01
5.703004502047152258e+00
-9.782279444171983585e+00
1.024683020486411777e+01
9.909550951582719591e+00
-2.386203763684599721e+01
1.027437188891497577e+01
5.352275009983332055e+00
1.230138113438122183e+00
-9.473611634861015318e+00
-8.145520986641709982e-01
6.815590202778436968e+00
1.196260059206665005e+01
-3.000942205566347454e+01
2.140859236399798959e+01
-6.599512740243542730e+00
9.764240653133553494e+00
-1.201560891010870513e+01
-7.449495045586942865e+00
2.507299428182226109e+01
-1.504599830571863706e+01
-1.658653862925541400e+00
-2.494750094856215128e+00
1.101468655930690232e+01
-7.263489111147904964e-01
-8.792336935169746681e+00
-7.058466480422660894e+00
2.713393201923784659e+01
-2.194719426241900351e+01
7.154587270670776711e+00
-9.442994150745633419e+00
1.359887646262721894e+01
4.493017265736826360e+00
-2.527138973774131259e+01
1.919976083952406753e+01
-2.110763507288353935e+00
3.985151151566028283e+00
-1.274839592015744039e+01
2.811887197797702242e+00
1.005080689744815992e+01
2.226319917428774886e+00
-2.353440906452440728e+01
2.172675058772135515e+01
-7.307392693347741108e+00
8.737710614406116960e+00
-1.484979289282882320e+01
-1.202309696879968026e+00
2.448302463314230693e+01
-2.259679398411050499e+01
5.788943402721086429e+00
-5.590161695303905276e+00
1.458294270888369226e+01
-5.387834491536398929e+00
-1.050524731494938813e+01
2.322991078077513372e+00
1.937994748680385726e+01
-2.078308821202946888e+01
7.026841384026631943e+00
-7.589962853290873390e+00
1.563049868014301325e+01
-2.238921350868321891e+00
-2.278022100947970685e+01
2.513719250449150522e+01
-9.220430257882258118e+00
7.191372107418719573e+00
-1.640775928130076267e+01
8.364538164478805271e+00
1.011142427990098369e+01
-6.395732256464038201e+00
-1.485896232079987911e+01
1.918706515243862398e+01
-6.313217275576572085e+00
5.968936513416398526e+00
-1.582091469674507422e+01
5.634900101370379666e+00
2.027784260172780151e+01
-2.676395060648496127e+01
1.226943855343739997e+01
-8.671210837098028534e+00
1.810034306512979896e+01
-1.162057725114758178e+01
-8.869769843211569693e+00
9.824862455743675227e+00
1.016923376883049102e+01
-1.703934361778070894e+01
5.197769793926944715e+00
-3.874963187681341736e+00
1.532676560909411734e+01
-8.788023658657726500e+00
-1.712711896099449405e+01
2.746456473811916510e+01
-1.482660075231676444e+01
9.920874218835495029e+00
-1.953404368882445752e+01
1.500840206721294301e+01
6.826158806231214626e+00
-1.247817676102518725e+01
-5.507667826484953011e+00
1.446360607232034035e+01
-3.740318512552122776e+00
1.341131101644576162e+00
-1.408634184714917303e+01
1.150934851547676274e+01
1.350760970323066346e+01
-2.727024813408413451e+01
1.681400761381739173e+01
-1.084762604920930684e+01
2.058633118551910002e+01
-1.836167004877113484e+01
-4.070246893312031489e+00
1.426458267851993078e+01
1.060335054928785326e+00
-1.159863779572214781e+01
2.025029575582955044e+00
1.567157093094735387e+00
1.207558165036818565e+01
-1.362874977922136388e+01
-9.617745980110486315e+00
2.625283821654334560e+01
-1.818828116762565017e+01
1.138101528851826671e+01
-2.114704118491231810e+01
2.150388818819801173e+01
7.314367388928673108e-01
-1.513818149265175173e+01
3.006672354039353401e+00
8.589759722405691633e+00
-1.546354666792846277e-01
-4.754687031007637898e+00
-9.311145927581216952e+00
1.500419557832488415e+01
5.664462689566416742e+00
-2.451960535191050639e+01
1.894153869081464947e+01
-1.147762745529230344e+01
2.112608905530553116e+01
-2.425789170540721429e+01
3.027330121379192107e+00
1.509994793339968311e+01
-6.555077072021138207e+00
-5.580126989786663216e+00
-1.756536237970734993e+00
8.100879312009613642e+00
5.851269626666384838e+00
-1.552962428710428000e+01
-1.852482727001166118e+00
2.220628605128800714e+01
-1.910023129715640522e+01
1.112407535347792020e+01
-2.046017116583841045e+01
2.645563415860269174e+01
-7.017635749889254981e+00
-1.419693339749468919e+01
9.480537607439130099e+00
2.702409951081966355e+00
3.590287435415858930e+00
-1.146594545975045421e+01
-1.794297744120493476e+00
1.514098621091602581e+01
-1.626168901826859248e+00
-1.946875906851179394e+01
1.872196590122569049e+01
-1.033804236974263091e+01
1.911802641333817476e+01
-2.794773936623810329e+01
1.103507928333598187e+01
1.251905381408650264e+01
-1.171674616584951423e+01
-7.134551208903516795e-02
-5.232543870907083061e+00
1.469841329123396001e+01
-2.725055045035372991e+00
-1.382011012843097042e+01
4.601858885598240079e+00
1.647385369217204598e+01
-1.789053707700413653e+01
9.167310333476629935e+00
-1.710391182315672864e+01
2.861227189782439240e+01
-1.486969707738941615e+01
-1.019365519734111203e+01
1.323731379840590350e+01
-2.222410615942918000e+00
6.581118950228098896e+00
-1.764359586052928464e+01
7.541552350161451201e+00
1.159617310653184497e+01
-6.935731870222525686e+00
-1.338982196845357109e+01
1.670949886621198743e+01
-7.686826823223860572e+00
1.445904780431012071e+01
-2.836222032533294879e+01
1.831675222762581257e+01
7.378170592738319655e+00
-1.405538091224068253e+01
4.116782301879995387e+00
-7.552759712965568362e+00
2.015251652251893688e+01
-1.246710150229683656e+01
-8.544682697572318020e+00
8.526348923209855712e+00
1.037701839181154106e+01
-1.529468993022419809e+01
5.993986565023544877e+00
-1.126090568489386712e+01
2.715125396005802827e+01
-2.118731403845031025e+01
-4.251284763100017017e+00
1.422102121546622300e+01
-5.580875673476460186e+00
8.089029994924374023e+00
-2.209076914369261857e+01
1.729984046980034051e+01
4.784016684159226429e+00
-9.314237267512879725e+00
-7.579311285234197726e+00
1.376618380087445104e+01
-4.202411113910373253e+00
7.620335730205606950e+00
-2.497740580928325471e+01
2.331805801587389482e+01
1.003101871653564459e+00
-1.381663204457775329e+01
6.615555726325082375e+00
-8.160654859220713320e+00
2.334678919389522633e+01
-2.183416595566671958e+01
-4.696993270593026182e-01
9.284128124490235834e+00
5.116700972206054132e+00
-1.224016605976284744e+01
2.434603845870429772e+00
-3.676660686448396831e+00
2.188444687919453457e+01
-2.457975858423746729e+01
2.175137740215320470e+00
1.295061664850834227e+01
-7.251989501323147458e+00
7.770042142652699546e+00
-2.383903876794621368e+01
2.587116457156681548e+01
-4.213282907759779761e+00
-8.464789021336489583e+00
-3.079543932574024367e+00
1.082124041020589011e+01
-8.139278907434608357e-01
-4.090193749616992669e-01
-1.796084344856958381e+01
2.488401766234777313e+01
-5.101225556623564472e+00
-1.174975799407404331e+01
7.548271237273258549e+00
-6.951806076063203221e+00
2.352166511644632507e+01
-2.922888109061298323e+01
9.059715873464620373e+00
6.926490830357735717e+00
1.524683975112692380e+00
-9.595635901541236024e+00
-5.436012220439696563e-01
4.461957564130872633e+00
1.333632243756240854e+01
-2.418786851811580974e+01
7.611483321484019626e+00
1.035075372510214287e+01
-7.584360217055040820e+00
5.771238000477811880e+00
-2.238827492299600408e+01
3.175186153367958752e+01
-1.385444769696957223e+01
-4.776280542979868038e+00
-4.736768512338631609e-01
8.625729864187968943e+00
1.537201440520519213e+00
-8.302884587619479007e+00
-8.176202969741616755e+00
2.249601055532182414e+01
-9.569080304655905422e+00
-8.891424165439538285e+00
7.455663111353119099e+00
-4.320793164633297323e+00
2.047357073449577314e+01
-3.331944417872773556e+01
1.838318226239925224e+01
2.151350973309236636e+00
-8.682960126692407243e-02
-7.946218892085534335e+00
-2.088396968765525941e+00
1.175762223719569732e+01
2.673777150409330616e+00
-1.986056035182707546e+01
1.087072895613283308e+01
7.502117440897054124e+00
-7.265673555381534143e+00
2.714783159581489080e+00
-1.785271575525177212e+01
3.385233663868128673e+01
-2.244319789081061245e+01
7.890985055864736530e-01
2.026245033788427463e-01
7.562168371837685754e+00
2.146830831094121095e+00
-1.466664625055450522e+01
2.958867127866786628e+00
1.637834008905765160e+01
-1.145141387946333644e+01
-6.297817387313433102e+00
7.118137733527837518e+00
-1.082573605892628521e+00
1.463842184765715260e+01
-3.331710837857296781e+01
2.585341854634970815e+01
-3.873036196522384955e+00
5.244119737000207948e-02
-7.449055652410358164e+00
-1.694441479428260067e+00
1.689405469327137865e+01
-8.501100139687482127e+00
-1.218585887100613796e+01
1.128692310875306148e+01
5.371412165182613663e+00
-7.109242618444010731e+00
-4.393202635200863515e-01
-1.097588569660671709e+01
3.172834038880862906e+01
-2.846330228751261160e+01
6.925280809068462773e+00
-5.824374340659431715e-01
7.554799811880438476e+00
7.477218742252826900e-01
-1.833542501890661214e+01
1.373453786512832409e+01
7.452267801711314199e+00
-1.039407682028739899e+01
-4.788507362790117128e+00
7.320321592334495975e+00
1.715777036402913680e+00
7.035822227650372795e+00
-2.914830094230823576e+01
3.016007863665301869e+01
-9.777143963852415354e+00
1.276557008758897549e+00
-7.803649335355807182e+00
6.421089745207275712e-01
1.892409977554577338e+01
-1.845378797604630705e+01
-2.370679066226096587e+00
8.828679602796229986e+00
4.584071304704787408e+00
-7.811540593224023610e+00
-2.621744868345795787e+00
-3.005955366253298067e+00
2.568415132694093472e+01
-3.087395923593499347e+01
1.227549281255760505e+01
-2.017080401889655761e+00
8.101685066774502175e+00
-2.391069526728452743e+00
-1.863552447396530454e+01
2.247657905271653789e+01
-2.851673450251135833e+00
-6.681350759386365468e+00
-4.761088013743833613e+00
8.616968541493406519e+00
3.050528764560690220e+00
-9.185823431658253213e-01
-2.148282059703183222e+01
3.058105932024549389e+01
-1.429073277977794021e+01
2.687606162980093139e+00
-8.343596283644256317e+00
4.386435493129017260e+00
1.748936680176703362e+01
-2.565272968273256282e+01
8.003894097017553833e+00
4.071505509783225563e+00
5.291271446101953657e+00
-9.741352105994405264e+00
-2.921185066543527498e+00
4.545423213611395674e+00
1.672381614323876775e+01
-2.930389474848240994e+01
1.572327823556054405e+01
-3.181038504742687678e+00
8.420308569659750830e+00
-6.492614291235654811e+00
-1.554926825842997040e+01
2.787147618173938923e+01
-1.288193787945649049e+01
-1.139861699620721369e+00
-6.117770410459411501e+00
1.115881178683011221e+01
2.184565014672227079e+00
-7.695155255430059071e+00
-1.161035006077781695e+01
2.710945339749639516e+01
-1.650817078715229513e+01
3.406842749160296613e+00
-8.226988042117625355e+00
8.558560520084810719e+00
1.292021054868144958e+01
-2.906676653911750563e+01
1.729860893496334029e+01
-1.960074016470167102e+00
7.159674288164110223e+00
-1.281355988740812712e+01
-8.276226984647347962e-01
1.021096810478431927e+01
6.359253541983655111e+00
-2.410497307127093336e+01
1.661761541186465863e+01
-3.297127226898515673e+00
7.670920679448919088e+00
-1.042632403891465565e+01
-9.743612292135129138e+00
2.922023887261667596e+01
-2.109251183389371676e+01
5.071033979779890899e+00
-8.318022282990579441e+00
1.462261807445675288e+01
-1.124300712304272309e+00
-1.196721689965626823e+01
-1.190217648356887814e+00
2.043168321022236711e+01
-1.606132736760965685e+01
2.811184187621929453e+00
-6.678769588433393523e+00
1.194025040405327509e+01
6.190399235437822334e+00
-2.836172898227577122e+01
2.413548523482210939e+01
-8.041001848691424314e+00
9.482929722340898593e+00
-1.648039012544906967e+01
3.607390300522069992e+00
1.287642250705552449e+01
-3.685064879279921435e+00
-1.625687758816426509e+01
1.488471057222891858e+01
-1.938217804839686309e+00
5.202746897471077325e+00
-1.295630883317086912e+01
-2.452405927524912599e+00
2.656728645075247996e+01
-2.633813605573196526e+01
1.073168780089364382e+01
-1.054137910846119297e+01
1.826483135151063664e+01
-6.521516707807458957e+00
-1.289430945451330501e+01
8.073277660527454103e+00
1.176477373322915909e+01
-1.316501353519407758e+01
6.980987661745654549e-01
-3.225298669334298651e+00
1.335100828490465474e+01
-1.267437810562502598e+00
-2.395481458666709784e+01
2.765320169079522117e+01
-1.302598294046146421e+01
1.138518500296567737e+01
-1.984485682341682633e+01
9.734560394897444624e+00
1.202258870281883496e+01
-1.180882707676423138e+01
-7.146677114044573287e+00
1.100572472265642787e+01
8.598943759416766142e-01
7.619872628505159895e-01
-1.302937870401325782e+01
4.765611796168625069e+00
2.067757874251743999e+01
-2.807659160993974012e+01
1.483397493252789801e+01
-1.191863264675574108e+01
2.108855183541890455e+01
-1.308869386343405239e+01
-1.030931513141937650e+01
1.476166366099075233e+01
2.591000813798494562e+00
-8.529568793436311580e+00
-2.660264100314380542e+00
2.137639022880451378e+00
1.193154124455381648e+01
-7.848636402023764447e+00
-1.691594292787717180e+01
2.764609083225404973e+01
-1.609719635014229411e+01
1.206531097112966933e+01
-2.187169474411328096e+01
1.640829960447253555e+01
7.846782433316206173e+00
-1.684317040654370246e+01
1.726307207062324878e+00
5.870542776275758712e+00
4.606212371538682682e+00
-5.391280526205804335e+00
-1.003746584831402799e+01
1.034325394860618275e+01
1.286778974432139755e+01
-2.643783878184320457e+01
1.679088510798133527e+01
-1.177371009051159945e+01
2.208607767433797875e+01
-1.950910372706287177e+01
-4.767053581923757832e+00
1.800981758052952841e+01
-5.650406974391638748e+00
-3.165482583415168527e+00
-6.585982348507617878e+00
8.887191510760807489e+00
7.369612823113767419e+00
-1.210560693769435581e+01
-8.738148204451281487e+00
2.456082047308399652e+01
-1.692415629263594212e+01
1.102122854903161553e+01
-2.164711618980071961e+01
2.220803055913918556e+01
1.235355524552871564e+00
-1.826440754547227385e+01
9.054816325302603275e+00
5.456724236007506335e-01
8.480229746922072209e+00
-1.248939858004725778e+01
-3.993271549203147863e+00
1.302891230140578394e+01
4.728594132662892413e+00
-2.214971585271134913e+01
1.653810962252444128e+01
-9.816332079583826697e+00
2.050027472062361511e+01
-2.433323642623597038e+01
2.558315074898644070e+00
1.765486627557263333e+01
-1.184688940042980398e+01
1.870998449470253178e+00
-1.016996645333846061e+01
1.604455878003166092e+01
1.453759215025662854e-02
-1.304921166007276945e+01
-1.026996418648085552e+00
1.935654133308270985e+01
-1.570201935940334437e+01
8.198717731218833293e+00
-1.862589841177639016e+01
2.573376415744600010e+01
-6.408929037176975818e+00
-1.627067319459682437e+01
1.397125112009697467e+01
-3.986865017776373143e+00
1.154458247319707809e+01
-1.939008313413358309e+01
4.423997931344765711e+00
1.214888192781712029e+01
-2.201840968891970007e+00
-1.634158017940745111e+01
1.450786658652527095e+01
-6.237458318127492518e+00
1.604213054282250539e+01
-2.628827477471809004e+01
1.010698420733262992e+01
1.423715007509703412e+01
-1.541103513523180801e+01
5.729900296983033492e+00
-1.250944526670487633e+01
2.236307155196864116e+01
-9.149643432419912514e+00
-1.035771265267086072e+01
4.824145163055980845e+00
1.326413204600831541e+01
-1.306357077877684603e+01
4.027225094307597786e+00
-1.280570276707910438e+01
2.591235862022522696e+01
-1.344932092402466850e+01
-1.170794578443207179e+01
1.618690049961777078e+01
-7.057400653696436876e+00
1.299259845593143403e+01
-2.480955104563792091e+01
1.396776410978836935e+01
7.751489403463089900e+00
-6.743333935466198525e+00
-1.027361485553059239e+01
1.148535288759606487e+01
-1.682804099581950652e+00
9.010506961009305371e+00
-2.456400243112263837e+01
1.624961259663945867e+01
8.856150168003443568e+00
-1.635393026067535160e+01
7.957736258541937779e+00
-1.295013349289476068e+01
2.659348428132018682e+01
-1.867127747111983993e+01
-4.448158871596915809e+00
7.904057601113386511e+00
7.501524415626215969e+00
-9.889711399229479838e+00
-6.677732038957485683e-01
-4.783985491173115889e+00
2.224688751598672098e+01
-1.834796835914418267e+01
-5.864541974287640791e+00
1.599663594719671522e+01
-8.450078676361190588e+00
1.236988519505668016e+01
-2.760502132461634517e+01
2.305098469791425941e+01
6.017835028511893114e-01
-8.293932835443319718e+00
-5.054700473325477006e+00
8.385513182536977084e+00
2.891077827767459141e+00
2.815038192668808392e-01
-1.901131175057361489e+01
1.961913376878870707e+01
2.915518534422596453e+00
-1.522239862801304433e+01
8.582140741309798315e+00
-1.127320060627883258e+01
2.776750387151258437e+01
-2.690618464589477199e+01
3.605385990958050790e+00
7.942908267407355893e+00
3.010265776390843584e+00
-7.066691299246096847e+00
-4.856639738934224404e+00
4.321011783690151375e+00
1.495265802941877631e+01
-1.997885295923739335e+01
-1.812666409876282358e-01
1.415376374781403079e+01
-8.426084502459699976e+00
9.714644697082249536e+00
-2.704279638955270215e+01
3.005499718265593145e+01
-7.972289711070088103e+00
-6.920334398566175160e+00
-1.412502056241905279e+00
6.006002939801224016e+00
6.445307789464173709e+00
-8.835784970207384958e+00
-1.020746679687029967e+01
1.938805717990065958e+01
-2.185285765352407594e+00
-1.292006843490395340e+01
8.072864036999984449e+00
-7.779629324856479400e+00
2.543460885968459451e+01
-3.234383443191428853e+01
1.228938059243203185e+01
5.329937923015410917e+00
2.718097447931384636e-01
-5.250234624183290677e+00
-7.557102541704024290e+00
1.307277963007988220e+01
4.947302742083620863e+00
-1.785466453002558751e+01
4.058247591126652232e+00
1.164891300150242515e+01
-7.625364771946566478e+00
5.580076444172352268e+00
-2.298958617731104326e+01
3.365550176417346506e+01
-1.634933099304782189e+01
-3.303015681834694739e+00
4.342264241063809038e-01
4.817152702414214005e+00
8.118076249705969971e+00
-1.684964462391700479e+01
6.292717934098566168e-01
1.543290718000947770e+01
-5.344860096573010644e+00
-1.045799117068823847e+01
7.190774038370419063e+00
-3.248345477982980345e+00
1.979606353280476583e+01
-3.391548271426586325e+01
1.995754688428919010e+01
9.902598109927058800e-01
-7.577687012756904039e-01
-4.694390286965514747e+00
-8.085748001918245720e+00
2.000146100486384171e+01
-6.306198601270854631e+00
-1.222023806292096282e+01
5.989597755646305366e+00
9.447766168254652541e+00
-6.872664591881142648e+00
9.297610283016688459e-01
-1.598051821108391479e+01
3.309605942976200765e+01
-2.294192617134880408e+01
1.447302235404676729e+00
7.758751686014231375e-01
4.840343373479569777e+00
7.452761705588320851e+00
-2.238974426891210001e+01
1.186039984044619189e+01
8.352001296827374688e+00
-5.976079161917216886e+00
-8.695423974612594975e+00
6.763290984488135038e+00
1.225835575868712946e+00
1.170187876917328396e+01
-3.121803734786278284e+01
2.516134241720878251e+01
-3.847725141422277062e+00
-5.841908419967711819e-01
-5.187026056806907093e+00
-6.248515685458382762e+00
2.391018982283024741e+01
-1.707267291260007269e+01
-3.994172048328216373e+00
5.326719581201396991e+00
8.250454146518199749e+00
-6.936586871893593909e+00
-3.073024238548206277e+00
-7.143975011901232186e+00
2.834997302838946354e+01
-2.651240861789894510e+01
6.057379551232498827e+00
2.895898566842989297e-01
5.644714688983308193e+00
4.538629396048456499e+00
-2.449871483408880124e+01
2.173842383486238816e+01
-6.654246135373573789e-01
-4.100186398807344368e+00
-8.132107546542775012e+00
7.442310249553319323e+00
4.479711747942025646e+00
2.506519564602617045e+00
-2.460494015130174006e+01
2.693417345895168324e+01
-7.939478739494076009e+00
-2.236952185757701272e-03
-6.108100663006168496e+00
-2.422238394627253655e+00
2.413544039487297965e+01
-2.567766676140589510e+01
5.426925866243986540e+00
2.386843647210938002e+00
8.328865073048049794e+00
-8.301715609453339084e+00
-5.335478354649814570e+00
2.004902056657484888e+00
2.013500299713529529e+01
-2.641051907313044467e+01
9.381422067045466662e+00
-1.724322592625435746e-01
6.463577773968482099e+00
2.723603233979332572e-02
-2.284636947164681686e+01
2.874375682317554492e+01
-1.008873163237545967e+01
-3.024848885608573124e-01
-8.799928891930683506e+00
9.505041059120259206e+00
5.558864259938641972e+00
-6.189296153065225958e+00
-1.512369174054411758e+01
2.497015807624974570e+01
-1.030055354825696590e+01
1.413113516022761473e-01
-6.597218391339771948e+00
2.496298095977357523e+00
2.070264219982516707e+01
-3.083039249674957460e+01
1.445772877940537704e+01
-2.019251464015106468e+00
9.478624969786721977e+00
-1.101098985609574044e+01
-5.103150138968286953e+00
9.860613582459500037e+00
9.776882596379417478e+00
-2.268426126498524198e+01
1.064803072508722970e+01
1.696689735284113709e-01
6.402947273191552213e+00
-4.984134133155571078e+00
-1.781738364457861934e+01
3.187651841002706732e+01
-1.835888412094234212e+01
4.435319118738155986e+00
-1.027749012535037032e+01
1.274826594177965511e+01
3.960267357218473450e+00
-1.285742540116452304e+01
-4.312572180978140324e+00
1.966187825697715752e+01
-1.041061265959850779e+01
-8.101409708617399730e-01
-5.790405537654553569e+00
7.266953988899695460e+00
1.434029266279071990e+01
-3.186887453034707818e+01
2.164369210020494805e+01
-6.802044307743980944e+00
1.109471515105753348e+01
-1.461909893931150251e+01
-2.162576919480155624e+00
1.505138958139524519e+01
-1.049905430478855983e+00
-1.604343415559794295e+01
9.610299547129288911e+00
1.801542636537066144e+00
4.692011152575233268e+00
-9.179935953890176137e+00
-1.045024642228293033e+01
3.084206659866122990e+01
-2.419703237403825469e+01
8.983727101200820186e+00
-1.182153378246416509e+01
1.650457300922405679e+01
-2.176244048493334304e-01
-1.635404021059431656e+01
6.100641835110316435e+00
1.199268925008043141e+01
-8.301882992064365752e+00
-3.135236780993272632e+00
-3.068765626694677451e+00
1.057232176552868097e+01
6.346306331965609004e+00
-2.887616823333043214e+01
2.594208632479698196e+01
-1.086055801071080573e+01
1.235009021343782187e+01
-1.827146307653496393e+01
3.070883681904541973e+00
1.672152028501593080e+01
-1.064932391217396024e+01
-7.687630023232594034e+00
6.568588013933233327e+00
4.772625027502936490e+00
9.144269729891743026e-01
-1.131642002130602442e+01
-2.237601290806884968e+00
2.609199972247929367e+01
-2.684307434098917611e+01
1.233539054881210006e+01
-1.258128882057593856e+01
1.978018782154981636e+01
-6.255539473942325124e+00
-1.615699042166563260e+01
1.453427139101520993e+01
3.310813855790982529e+00
-4.516098295925553785e+00
-6.647253371274389089e+00
1.742237530950852431e+00
1.131552510716480420e+01
-1.667371860101062531e+00
-2.264435461584486120e+01
2.690570100277974319e+01
-1.333898323438273437e+01
1.243213047776373337e+01
-2.089341707905797207e+01
9.604594895302044577e+00
1.471057233409495879e+01
-1.762986878091494702e+01
9.602861218665097454e-01
2.265348676682072071e+00
8.668784092807975128e+00
-4.837294098048404933e+00
-1.051028606622836925e+01
5.171456670063548700e+00
1.871355576634852724e+01
-2.617532587472894079e+01
1.383341950360030026e+01
-1.184207027364472964e+01
2.148482624468283930e+01
-1.293416115768088659e+01
-1.247682067347105672e+01
1.985200899833211352e+01
-4.962396754425379974e+00
5.546188334809176723e-02
-1.072859434977275939e+01
8.273633556048370252e+00
8.883142102382846517e+00
-8.098977884012086292e+00
-1.449581130700596887e+01
2.473300596752903147e+01
-1.381352544343303634e+01
1.077798981050772653e+01
-2.144747473583133512e+01
1.605302371061852895e+01
9.589852275987585273e+00
-2.116127777896072359e+01
8.554519687031346464e+00
-2.319141593951926872e+00
1.270666145039023931e+01
-1.192503703076772048e+01
-6.460546154971098076e+00
1.030476812508188900e+01
1.019290326439291583e+01
-2.268967476392113625e+01
1.330622661011566699e+01
-9.237460144079632229e+00
2.070130058267723072e+01
-1.877281476355239676e+01
-6.216390379462692906e+00
2.156373418187207136e+01
-1.162452988185626879e+01
4.407553616267583685e+00
-1.447931459554714984e+01
1.564211887879071305e+01
3.312819355100031338e+00
-1.168159396887414481e+01
-6.001773714619819344e+00
2.017882527148416827e+01
-1.236790927438447696e+01
7.250073959946742086e+00
-1.919926814830153816e+01
2.091823635740773213e+01
2.547095760808771203e+00
-2.110927602414075466e+01
1.409395277576158989e+01
-6.218950205972927137e+00
1.592737754780388926e+01
-1.925983643878583251e+01
4.483896335722779014e-01
1.216558208256100926e+01
2.104573892462635598e+00
-1.734814509045767750e+01
1.107997095329515602e+01
-4.876741755959227653e+00
1.693177837081431036e+01
-2.233676963925265824e+01
1.213349423283213158e+00
1.988771238205638525e+01
-1.592068433529064464e+01
7.674149729672177678e+00
-1.694419957538733001e+01
2.260616007225402413e+01
-4.674932776651485433e+00
-1.173935544008109666e+01
1.340289412794637869e+00
1.435060548542755043e+01
-9.542853036825963642e+00
2.206969783562815479e+00
-1.392904675950269144e+01
2.290732923045392511e+01
-4.856871299244179596e+00
-1.802279084716120039e+01
1.709954010449889950e+01
-8.721185861186606658e+00
1.744307481211461663e+01
-2.551142357773263214e+01
9.189042256151262578e+00
1.043271501520181488e+01
-4.205636597503652041e+00
-1.133553098832635264e+01
7.868938377017340002e+00
6.457399450108223249e-01
1.026126825945166665e+01
-2.254737539827385717e+01
8.182775269794881012e+00
1.566453798702576528e+01
-1.766064660811767695e+01
9.338152854767834299e+00
-1.736358280682627253e+01
2.781782878729094222e+01
-1.379190938538899047e+01
-8.320836766924253780e+00
6.401140392532110646e+00
8.440169911320253959e+00
-6.174763619391730352e+00
-3.550112383145055173e+00
-6.036513555920381080e+00
2.121807824034290491e+01
-1.100807954295190250e+01
-1.298036125314667544e+01
1.766581377953509957e+01
-9.534081549600351480e+00
1.667644369808696680e+01
-2.938856184588543741e+01
1.827351378984555907e+01
5.520089628729873965e+00
-7.876814587379325161e+00
-5.782249861823498094e+00
4.573035922420684685e+00
6.364589277721393046e+00
1.396431254912738673e+00
-1.892723277900967105e+01
1.317685788338687303e+01
1.014542443455816034e+01
-1.720314318908791407e+01
9.347801116931384158e+00
-1.538656668764140534e+01
3.011599347123441106e+01
-2.242318143377526951e+01
-2.181709978337588840e+00
8.624210202969708305e+00
3.453938217267467081e+00
-3.164954222465665268e+00
-8.945650471988395580e+00
3.490042804071701532e+00
1.572974592274007577e+01
-1.456809437934870743e+01
-7.332843209202071222e+00
1.638022707265985289e+01
-8.844864396839247078e+00
1.353407539900474177e+01
-2.992848074862197194e+01
2.604030648975457396e+01
-1.516315563139210010e+00
-8.675293460447701221e+00
-1.517539426003036596e+00
2.033315771023611163e+00
1.115647630030287907e+01
-8.434651385007214230e+00
-1.172564886497566228e+01
1.510163654937341704e+01
4.704250612147040655e+00
-1.531637177280030926e+01
8.112732724325573130e+00
-1.119321222887357337e+01
2.879536132834185480e+01
-2.894465978650378446e+01
5.378710671791120390e+00
8.099110673144704009e+00
3.154216281192390170e-03
-1.236840465509429166e+00
-1.287543451531225891e+01
1.323903976891768686e+01
7.055724226951803679e+00
-1.474193932416514841e+01
-2.401254330515484980e+00
1.413433174657155256e+01
-7.254522435339611164e+00
8.469149049857847444e+00
-2.672982824032669313e+01
3.098572641067384126e+01
-9.203193638414379762e+00
-6.996468829345907636e+00
1.091593354232227142e+00
8.060713678670019533e-01
1.400387928180512986e+01
-1.770474422112157598e+01
-1.894968486531878327e+00
1.349941530900588482e+01
5.382504306767028623e-01
-1.295206384087002505e+01
6.381703485782090013e+00
-5.492856303508497184e+00
2.378948950046683564e+01
-3.205056594138400783e+01
1.279102384564000516e+01
5.492970128463224633e+00
-1.799779567011067449e+00
-7.411141305349726593e-01
-1.447278406708657350e+01
2.164340245459716527e+01
-3.555770411423771371e+00
-1.142933931577559648e+01
8.030251121815581428e-01
1.187500485534991057e+01
-5.606205576383833211e+00
2.414299340939767280e+00
-2.007454474663418154e+01
3.206976796851060385e+01
-1.595723817296543601e+01
-3.730827919584340346e+00
2.181496509672490092e+00
1.011366465844000473e+00
1.424779292931824770e+01
-2.488662487210144292e+01
9.079539615894068660e+00
8.628389966655962695e+00
-1.576929954957673630e+00
-1.098933903941101775e+01
5.032424984905389032e+00
6.056670424170447209e-01
1.572364408133834957e+01
-3.102117858802843386e+01
1.854002641063397760e+01
1.859955393912699151e+00
-2.318513803791903083e+00
-1.557267879411533329e+00
-1.333236227181219924e+01
2.729497832090399001e+01
-1.445389498016196406e+01
-5.229040628987393191e+00
1.775176008062222976e+00
1.035665836304174192e+01
-4.749633680594531171e+00
-3.404253609184011431e+00
-1.090762457565304899e+01
2.893119473159293165e+01
-2.040874667222971794e+01
-2.885350281534204697e-02
2.307638676475604278e+00
2.293976771327797870e+00
1.176877265128510253e+01
-2.876557809176647851e+01
1.946181671307624228e+01
1.392128777159211905e+00
-1.425886243631932615e+00
-1.001033101737976416e+01
4.825270674919513780e+00
5.826033256846937292e+00
5.821440092625205232e+00
-2.587355569341358574e+01
2.147016124953065841e+01
-1.624170921733940176e+00
-2.253202639953314712e+00
-3.116763963229300938e+00
-9.636911580379692310e+00
2.923785660111988349e+01
-2.390234545723759751e+01
2.701969431685347089e+00
5.905444869516287554e-01
9.953787861945112780e+00
-5.299545142759001237e+00
-7.732044537398485851e+00
-6.747033520642338189e-01
2.196569764766046617e+01
-2.167257574279983601e+01
2.978952036518435875e+00
2.259153365406595171e+00
3.907805720712794972e+00
7.050856503872990899e+00
-2.869717463335475216e+01
2.760037278968440688e+01
-6.863059454350087130e+00
6.409440921334672581e-01
-1.016081872438209999e+01
6.181704515475908934e+00
9.008171577821164178e+00
-4.318660443047549258e+00
-1.736286966022596090e+01
2.100768373240634546e+01
-3.940127178914012873e+00
-2.421251908801259844e+00
-4.543971706859693427e+00
-4.153414874221859954e+00
2.717605778748976064e+01
-3.041506707519249986e+01
1.090119905877457640e+01
-2.156756862903821403e+00
1.057784755392187925e+01
-7.448222911015307091e+00
-9.572304671439784585e+00
8.951096209412732208e+00
1.225033126198917444e+01
-1.951004889627011352e+01
4.442145452118668736e+00
2.819867055176688453e+00
4.905139261737406997e+00
1.108898126347102053e+00
-2.475297035502138954e+01
3.224649120738421004e+01
-1.463656132664581122e+01
3.830809692063908756e+00
-1.112803469644244103e+01
9.043051604623252970e+00
9.379849535553191231e+00
-1.303186332224393951e+01
-6.834055270608208055e+00
1.725428892634560185e+01
-4.452355279890843676e+00
-3.513820744013527175e+00
-4.882528826602038130e+00
1.905488612010707072e+00
2.154867399189166477e+01
-3.304006877535495335e+01
1.790854977763910227e+01
-5.531090080460456804e+00
1.171694312694948437e+01
-1.087995037842951618e+01
-8.427242387773937082e+00
1.639667688434469994e+01
1.330439448721394413e+00
-1.435015333462714615e+01
3.972019760701929414e+00
4.535673590272553568e+00
4.386548500879154489e+00
-4.709175172618717653e+00
-1.772035164191105849e+01
3.278867394974881933e+01
-2.058367367466434672e+01
7.128158260141740143e+00
-1.223940992395263549e+01
1.284679369699001583e+01
6.753237618838219269e+00
-1.891602233691560997e+01
4.044417661293127964e+00
1.093580303864386494e+01
-3.035232810495031686e+00
-5.888751282012762545e+00
-3.353659183467117444e+00
7.128149332659031501e+00
1.345380072592495679e+01
-3.153225119588631742e+01
2.256176722323217732e+01
-8.503302825428926681e+00
1.258719024335742631e+01
-1.481162606233517209e+01
-4.437858774539813034e+00
2.050169034100601806e+01
-9.085300615436363358e+00
-7.169696966377115288e+00
1.705833866695232626e+00
7.546106340290890557e+00
1.751824294652614356e+00
-9.004721403102561084e+00
-8.954106657748823750e+00
2.935500642744687028e+01
-2.378023496390720481e+01
9.555863463474931763e+00
-1.265689293211439193e+01
1.663013364436072195e+01
1.599034796129576108e+00
-2.111117478342929132e+01
1.360775583719864024e+01
3.221564389195126665e+00
-7.253704955583417657e-02
-9.451491651221155976e+00
4.158132161222702905e-01
1.020658023701539641e+01
4.435292234757080010e+00
-2.638034379686269304e+01
2.421612140924995060e+01
-1.020928787220111289e+01
1.235770757551916965e+01
-1.815411070980153596e+01
1.612925450869111543e+00
2.074969275921388601e+01
-1.745674306561314282e+01
7.370127611662624645e-01
-1.757404738477097217e+00
1.152229930000859781e+01
-3.109283444047459710e+00
-1.063462431058275293e+01
-1.094955969805191387e-01
2.276384454471542540e+01
-2.388592917140934446e+01
1.041556968208048062e+01
-1.161843337894153372e+01
1.924043477226338439e+01
-5.022743880151846696e+00
-1.946971497440763699e+01
2.051360869721179370e+01
-4.541868135974766574e+00
3.665595312302055486e+00
-1.365429781529423892e+01
6.252312137630909206e+00
1.022911490386046296e+01
-3.823743991455306634e+00
-1.868468937207364888e+01
2.284323917203732179e+01
-1.015781435236751129e+01
1.039336026658687118e+01
-1.976002767210325217e+01
8.439083900092603230e+00
1.736803094869984676e+01
-2.270102634784052498e+01
8.044846136082227872e+00
-5.530484366262210294e+00
1.572789009645254943e+01
-9.735028076552801224e+00
-8.973787875847730078e+00
7.187518824466318179e+00
1.433600782028141474e+01
-2.117431158333748442e+01
9.450794631265251766e+00
-8.666619639690704702e+00
1.960627328404165226e+01
-1.166448814144404800e+01
-1.458050805967759800e+01
2.398566524179360471e+01
-1.112124609274222209e+01
7.235451859303038802e+00
-1.761551962221175316e+01
1.341874217938343783e+01
6.897671144058215020e+00
-9.836367532872118957e+00
-9.914692628692124643e+00
1.899195975839492689e+01
-8.339479466124585016e+00
6.454712483762238051e+00
-1.870238681508661216e+01
1.450580847467461432e+01
1.127482931492509621e+01
-2.437847490172426745e+01
1.367571036484476643e+01
-8.676486473670699695e+00
1.918977966681267588e+01
-1.714256287743354079e+01
-4.074480574834357327e+00
1.166340265402594412e+01
5.611241052943389818e+00
-1.642808510220416807e+01
6.895643000117100740e+00
-3.807030694688999795e+00
1.700728449249147189e+01
-1.678456154332598516e+01
-7.641604714921450103e+00
2.393260778724757643e+01
-1.564624677663936581e+01
9.768984155548977810e+00
-2.033173355726227527e+01
2.073150234131625780e+01
6.196005244167821502e-01
-1.260537469373548802e+01
-1.600177466931326009e+00
1.362533320487455413e+01
-5.212776263367862484e+00
8.043072890088822646e-01
-1.451958293058014249e+01
1.834664261083063863e+01
3.884339028747690215e+00
-2.273913246279356315e+01
1.700618839015183781e+01
-1.045324810180736641e+01
2.093893634432661344e+01
-2.400563711066953587e+01
3.315210772657428251e+00
1.264541010300593449e+01
-1.968427155364357972e+00
-1.072837656789656435e+01
3.399626530280600356e+00
2.444944439138902581e+00
1.127946013604772268e+01
-1.907086186224192303e+01
-2.087998423365746703e-01
2.092081116972479293e+01
-1.776401660292913931e+01
1.069835179215260190e+01
-2.093266079722994633e+01
2.678981993208806500e+01
-7.549123952049018094e+00
-1.181328862994911688e+01
4.975890706919361861e+00
7.875344463255393279e+00
-1.572772050937941923e+00
-5.809821054975516930e+00
-7.368229193439020719e+00
1.887582877452262053e+01
-3.187639526969428871e+00
-1.862432051793573606e+01
1.796109978690478215e+01
-1.050412700878468009e+01
2.026387276952803518e+01
-2.892340115782614518e+01
1.188116988594440748e+01
1.018326066232511096e+01
-7.339954322449339763e+00
0.000000000000000000e+00
7.767647918955158381e+00
1.504150493985138226e+01
2.136335795814198235e+01
2.634341521503165495e+01
2.968789901486405469e+01
3.121928860245999005e+01
3.088769777272104022e+01
2.877257395816030794e+01
2.507466938333569217e+01
2.009899861942577104e+01
1.423019898408966633e+01
7.902294459247284131e+00
1.565283764997681182e+00
-4.348803810751265431e+00
-9.457731758963946689e+00
-1.345630880137474250e+01
-1.613701748670680303e+01
-1.740252314182069071e+01
-1.726923778330584369e+01
-1.586184154394493717e+01
-1.339938982980364912e+01
-1.017429875498683067e+01
-6.526051025894542335e+00
-2.811856011317650506e+00
6.232986058639474747e-01
3.474764450058352327e+00
5.502277537377876726e+00
6.548066201755271543e+00
6.547680434724773235e+00
5.532824935112983233e+00
3.626149255419408135e+00
1.028610567886032001e+00
-1.999376972126921004e+00
-5.161306088314931984e+00
-8.150417780382191779e+00
-1.067582493939059063e+01
-1.248674916943002700e+01
-1.339290829375667080e+01
-1.327945788868043309e+01
-1.211538153806222340e+01
-9.954797438056754544e+00
-6.931253485177462537e+00
-3.245667260437374857e+00
8.509177366945852583e-01
5.078184932419549824e+00
9.149172173657715845e+00
1.279274227791097829e+01
1.577403513768035559e+01
1.791126740615306900e+01
1.908760749243331389e+01
1.925731502957215469e+01
1.844585270068564498e+01
1.674420769927937158e+01
1.429815351521923716e+01
1.129359760017689496e+01
7.939461947833864386e+00
4.449707599866682628e+00
1.026129110394164101e+00
-2.156586873880421251e+00
-4.962308348107827172e+00
-7.300547953779204846e+00
-9.128771861483290451e+00
-1.044996840784591186e+01
-1.130596684060196289e+01
-1.176738886265575701e+01
-1.192141529045608195e+01
-1.185873044064704729e+01
-1.166105252380568125e+01
-1.139056666429632436e+01
-1.108235827007065311e+01
-1.074062021925077204e+01
-1.033900930865662460e+01
-9.825094005638714378e+00
-9.128408377763337356e+00
-8.171247161325787545e+00
-6.881040899048712411e+00
-5.202966785951698370e+00
-3.111398708928403423e+00
-6.188851527489074300e-01
2.218440453604353380e+00
5.299784685087049141e+00
8.483312184018174662e+00
1.159436010170067277e+01
1.443769519239253896e+01
1.681284343720474439e+01
1.853118617523941936e+01
1.943329441826677595e+01
1.940488752206165302e+01
1.838986473507295827e+01
1.639906607891649770e+01
1.351375696577065533e+01
9.883271256907979918e+00
5.716752651865965262e+00
1.269460321222553034e+00
-3.175395238310200874e+00
-7.327891450852714428e+00
-1.091399596754744650e+01
-1.369764482392167615e+01
-1.550039517561080871e+01
-1.621690343020776837e+01
-1.582478837242074476e+01
-1.438788094751965829e+01
-1.205240220619830893e+01
-9.036203788067471265e+00
-5.611801026151903571e+00
-2.084475890246928032e+00
1.232822605745237610e+00
4.045739926189834357e+00
6.103752910486089256e+00
7.222232363557987256e+00
7.299401765269535325e+00
6.326650617411669231e+00
4.391187205398758842e+00
1.670637908719314391e+00
-1.580132250366971469e+00
-5.049045902865809232e+00
-8.392163158982697269e+00
-1.126235685436822642e+01
-1.333899860437468909e+01
-1.435621181359930709e+01
-1.412731946434550778e+01
-1.256338410953409301e+01
-9.684185447332932739e+00
-5.620572455318578520e+00
-6.078152306669686311e-01
5.029689229992687416e+00
1.090129272772499469e+01
1.657885556568160368e+01
2.162919026621755592e+01
2.564765976731371566e+01
2.829027274155413352e+01
2.930170492313855846e+01
2.853697047048039792e+01
2.597494906795118652e+01
2.172260486167101234e+01
1.600946219930483494e+01
9.172671941482960278e+00
1.633748732331878228e+00
-6.131276480978236521e+00
-1.362601719794881916e+01
-2.036958641138089021e+01
-2.593138762258272578e+01
-2.996216379563959009e+01
-3.221891982145176314e+01
-3.258181725274297236e+01
-3.106177373305609990e+01
-2.779823237014252868e+01
-2.304733902892692399e+01
-1.716151578587544435e+01
-1.056208627271773537e+01
-3.707139993458161698e+00
2.942824103090107002e+00
8.958786778925551531e+00
1.397401052027964319e+01
1.770941132564509246e+01
1.999161841887121227e+01
2.076244666515689019e+01
2.007920789267412687e+01
1.810602565539158348e+01
1.509703285584921417e+01
1.137296525047637630e+01
7.293165630977362035e+00
3.225344242253632920e+00
-4.844239024372826163e-01
-3.539052977543947431e+00
-5.713003853535822962e+00
-6.868332185464350204e+00
-6.963081071353319551e+00
-6.051522615645232861e+00
-4.276431416769820970e+00
-1.854223429250248856e+00
9.456375580019802385e-01
3.825122194519781971e+00
6.483883370278946678e+00
8.645048850928855444e+00
1.007842740959421235e+01
1.061926226243183891e+01
1.018108089367039781e+01
8.761717906282868285e+00
6.442180674939165463e+00
3.378634906969420371e+00
-2.116429400182688880e-01
-4.069014616879256252e+00
-7.913238263894395885e+00
-1.146633573517350158e+01
-1.447462796009769725e+01
-1.672812292200690720e+01
-1.807571868973357354e+01
-1.843508654637134114e+01
-1.779658892360659195e+01
-1.622111903250680243e+01
-1.383227640068138520e+01
-1.080376894049970460e+01
-7.343316998213389013e+00
-3.674596231248684397e+00
-1.887380927388271346e-02
3.422040849037859545e+00
6.480087410065888065e+00
9.031347777585953196e+00
