0.000000000000000000e+00
2.060641957826117832e+01
-2.727859603242659503e+01
1.678488556740382975e+01
1.063767696259669826e+00
-1.124910067998685825e+01
5.402114183356144572e+00
1.161418570577697018e+01
-2.554895053689960349e+01
2.401265824653184922e+01
-6.309093958657660650e+00
-1.585669157781871164e+01
2.735183043421578475e+01
-2.125116835578877073e+01
4.044803221991365660e+00
9.625680145272427879e+00
-8.546050240743394255e+00
-6.260046718209538952e+00
2.237825527737562936e+01
-2.581794222497806146e+01
1.208482103442759126e+01
1.016337287255438149e+01
-2.572862481638186694e+01
2.456547979909304757e+01
-9.414542066311652135e+00
-6.556608554852710213e+00
1.020521005656760494e+01
1.256592034786639722e+00
-1.813192552104705513e+01
2.593639063067438144e+01
-1.685499526181590113e+01
-4.022597719975602892e+00
2.254856292706106657e+01
-2.640514762217019040e+01
1.451060454472332850e+01
2.376123701173391112e+00
-1.025589196913633572e+01
2.910649270189232141e+00
1.328224634921168956e+01
-2.446226359961170260e+01
2.026232866105736363e+01
-2.030860936518854132e+00
-1.811361670071926255e+01
2.660874895502369952e+01
-1.883435517180528862e+01
2.465047719084648037e+00
8.753809146971152089e+00
-5.860408607916474111e+00
-8.352578738103382250e+00
2.165691343087203791e+01
-2.210414364073337978e+01
7.485540366530210932e+00
1.285155861190350990e+01
-2.519297826634351622e+01
2.198070513624925582e+01
-7.453426952171930964e+00
-5.925237098893543219e+00
7.358489739632989135e+00
3.855799369608173155e+00
-1.791578116599782078e+01
2.235327148768575967e+01
-1.191201344309288679e+01
-7.264534640776588503e+00
2.234801411092581702e+01
-2.368380211110326172e+01
1.207366852248944156e+01
2.137711240853613859e+00
-7.342538818332959849e+00
-2.345180530161228294e-01
1.371954523683998062e+01
-2.115765302563989891e+01
1.501122428579509105e+01
1.869142654549771798e+00
-1.841203577702749783e+01
2.384553009710731786e+01
-1.586911573579404511e+01
2.146053809701422566e+00
5.925818558592549579e+00
-2.189616837206942890e+00
-9.575474543149734785e+00
1.881878820864852031e+01
-1.664656342554287249e+01
2.864604590180336530e+00
1.382811077436203107e+01
-2.254340922999011099e+01
1.849460486582884755e+01
-6.425289866621062274e+00
-3.379629391480254874e+00
3.251352473349201411e+00
5.956233016711760975e+00
-1.575179122713768720e+01
1.685583255945613246e+01
-6.567932715963690882e+00
-9.088842482096271880e+00
2.001703713578493904e+01
-1.975507208556080485e+01
1.022226285167773341e+01
9.665862911192135698e-02
-2.957733722388518949e+00
-3.243678659912073492e+00
1.243207307807152340e+01
-1.584174411680912442e+01
9.014885124935153371e+00
4.675665532754288201e+00
-1.663486825636672251e+01
1.962528998058803964e+01
-1.313976917588471949e+01
3.460109081194801206e+00
1.482629514449373076e+00
1.684561036313525939e+00
-9.335313744334106545e+00
1.394226063215498712e+01
-1.014577534829245131e+01
-1.000319220510978546e+00
1.284555624564355369e+01
-1.824841011714932293e+01
1.490795392775737227e+01
-6.816511992652818819e+00
8.593073821795869094e-01
-1.363527093021804859e+00
6.878198062492717924e+00
-1.158457325006959948e+01
1.006972049606005548e+01
-1.644262802715458882e+00
-9.119985874518492963e+00
1.591362273282006257e+01
-1.541470883204342712e+01
9.546976779584742445e+00
-3.655889034804960858e+00
2.196681965970783246e+00
-5.367272813390790986e+00
9.228538132328399257e+00
-9.046068627245388072e+00
3.117598192758819664e+00
5.891259245501090369e+00
-1.301583699553412643e+01
1.471596372966947541e+01
-1.132748470908412486e+01
6.452362739187266882e+00
-3.946388019796200020e+00
4.962252613428048242e+00
-7.306683712176406331e+00
7.447157285698434492e+00
-3.445728087943693119e+00
-3.500135660111721947e+00
1.000251359769758608e+01
-1.302469634125147913e+01
1.197515953337554784e+01
-8.811172236222351017e+00
6.255340364883878124e+00
-5.658287281927872669e+00
6.168310372738853076e+00
-5.707158693529532201e+00
2.814054697613616707e+00
2.152726620064100871e+00
-7.314369175048113014e+00
1.068013916160292176e+01
-1.146958073527171074e+01
1.036899809710571319e+01
-8.695559079848354855e+00
7.289329411545894644e+00
-6.034676956192421393e+00
4.263491337469856646e+00
-1.539934848154553837e+00
-1.895704387925174927e+00
5.327422249451053915e+00
-8.101129655915002559e+00
9.953215693227901895e+00
-1.088391998039161557e+01
1.082608519325281371e+01
-9.552103146116088794e+00
6.970871510778800406e+00
-3.498193944712331138e+00
2.854592818656620512e-02
2.612086448605321465e+00
-4.303670243252875949e+00
5.729523927973835917e+00
-7.710976759007074577e+00
1.026678849042007613e+01
-1.225208924856186599e+01
1.204760164516912546e+01
-8.877870857216977996e+00
3.686652551931775434e+00
1.282373105747368403e+00
-4.038082342315990836e+00
4.356599339850457220e+00
-3.970829485179652174e+00
5.131519273662689784e+00
-8.592874974363290619e+00
1.267793178721271019e+01
-1.433485132562470987e+01
1.150576531952948223e+01
-4.960145455414073368e+00
-1.981915725309917775e+00
5.798854064946690201e+00
-5.435869063428882875e+00
3.139556200811507658e+00
-2.655179643025674885e+00
6.092337333556841372e+00
-1.194747521476114471e+01
1.599014789381363855e+01
-1.448647579743845348e+01
7.286939602556522289e+00
1.742030956364507333e+00
-7.458674283113783332e+00
7.333112833109621143e+00
-3.416193476023391185e+00
7.151248572637045609e-01
-3.120691589128801624e+00
1.006654163746804542e+01
-1.666428302468497691e+01
1.738184974389733384e+01
-1.047435080979374078e+01
-3.630892948834967271e-01
8.579162363219166920e+00
-9.708153001737834131e+00
4.821269462930707128e+00
3.208617177453960689e-01
1.129827297100343131e-01
-7.204642994566821557e+00
1.613052668303315329e+01
-1.974109412131689112e+01
1.419155773886863159e+01
-2.196792042277439627e+00
-8.778261125273575161e+00
1.213237269674120888e+01
-7.209815548869412005e+00
-2.006050762237019391e-01
2.472607158733594268e+00
3.675700675430579878e+00
-1.431727804575633733e+01
2.116032699329769429e+01
-1.801036195371768045e+01
5.812423628809141540e+00
7.782513966175415021e+00
-1.414383508924878186e+01
1.028701121735647206e+01
-1.176591357073328403e+00
-4.214644718105620136e+00
9.990033871524062192e-02
1.132120524596167854e+01
-2.133675159054547521e+01
2.145883668580407644e+01
-1.020348291492784298e+01
-5.466025685557347025e+00
1.530726125651209202e+01
-1.364313764403892471e+01
3.743013676885847296e+00
4.784305032336918728e+00
-3.647239715365447665e+00
-7.399123824556804507e+00
2.011061236743443104e+01
-2.408118505231642104e+01
1.496632846468516220e+01
1.871138951483803936e+00
-1.527135482523586596e+01
1.680355202357353406e+01
-7.266772361998896201e+00
-3.990169834479950772e+00
6.496331885695522779e+00
2.939513996228301451e+00
-1.748960066474174724e+01
2.549633635396140008e+01
-1.962181565020004825e+01
2.791872683285391954e+00
1.381627297687452227e+01
-1.928750917487368355e+01
1.137679825974533365e+01
1.806289701779651757e+00
-8.241739526941842087e+00
1.582881704855035210e+00
1.365255112409631266e+01
-2.544794565199922687e+01
2.367323468443612455e+01
-8.166186625430579937e+00
-1.088525099645457850e+01
2.066853708303443682e+01
-1.560560626249114335e+01
1.620095765583093872e+00
8.594892856096111089e+00
-5.663822037111279073e+00
-8.931839263314351740e+00
2.383951068441772847e+01
-2.666721478934167067e+01
1.378835678721626579e+01
6.596341863881833412e+00
-2.062885833222403775e+01
1.944461420259877116e+01
-5.982266223404076655e+00
-7.422562514482331508e+00
8.830704671780251758e+00
3.776536692879495227e+00
-2.075015161932145702e+01
2.825004866116146474e+01
-1.914193997564229122e+01
-1.232691151102209393e+00
1.900106712004420473e+01
-2.240522989121158304e+01
1.084758577549860448e+01
4.766634188283848772e+00
-1.070052749912057166e+01
1.299225228551888378e+00
1.642898623300609273e+01
-2.821243817116733155e+01
2.371826669264530096e+01
-4.787574280969169038e+00
-1.579183320414431080e+01
2.407818499230973686e+01
-1.570688704812632253e+01
-8.426379208247141150e-01
1.102749649923307551e+01
-5.776387341684755761e+00
-1.126867985788909721e+01
2.651707814522638529e+01
-2.707689755561840173e+01
1.095823743199791345e+01
1.118461640255688394e+01
-2.418379221010797409e+01
2.003366737646732787e+01
-3.982891355161559677e+00
-9.734366781891509390e+00
9.192227596816671564e+00
5.761327567907416736e+00
-2.330560490866452028e+01
2.889832785378285251e+01
-1.674297206376200009e+01
-5.520964022476512412e+00
2.260690806658430319e+01
-2.334586389056412514e+01
9.233528531126443895e+00
6.923601356833046339e+00
-1.119524084106549111e+01
-4.420156832010100345e-01
1.888397869959212372e+01
-2.902244556971394474e+01
2.163734234734738848e+01
-7.373920947213353783e-01
-1.941226065168242698e+01
2.526264263252777909e+01
-1.437756890237686314e+01
-2.866916934410609130e+00
1.158689089613971213e+01
-4.173060954329244510e+00
-1.368802893773430363e+01
2.746799600475989678e+01
-2.522724372063485276e+01
7.061050240038035497e+00
1.483821769627423848e+01
-2.554924145814453595e+01
1.888948411838326535e+01
-2.025550326786621724e+00
-1.034510298185497135e+01
7.646370223604038507e+00
8.233338945037912637e+00
-2.443064253684800491e+01
2.723663836797495819e+01
-1.291367104538532828e+01
-9.269725803213978210e+00
2.414437270619499998e+01
-2.231072396885890896e+01
7.252713858782705358e+00
7.626610893210446385e+00
-9.669402048965363150e+00
-3.055578595050434831e+00
2.025984854182771500e+01
-2.755875395540690675e+01
1.781351797045405050e+01
3.193717578545240077e+00
-2.116683788994654591e+01
2.430244289226349252e+01
-1.228084557514611674e+01
-3.747877086804916935e+00
1.009747367844301813e+01
-1.351429982837736077e+00
-1.541741352693566469e+01
2.626695084612061848e+01
-2.138829799649614571e+01
2.857558272776961505e+00
1.690056703904042479e+01
-2.468372631533098627e+01
1.660559672996849656e+01
-8.530576872497146468e-01
-8.964756606204566936e+00
4.592352928548323554e+00
1.042275385865556103e+01
-2.360396859228478306e+01
2.341662415844000122e+01
-8.368345536886245384e+00
-1.175995248895040035e+01
2.345068244710372340e+01
-1.981015176070094697e+01
5.669092326652696023e+00
6.477740428504527692e+00
-6.414790214461097762e+00
-5.791645427536719737e+00
1.995092649533205531e+01
-2.385107680918416051e+01
1.289876487476080769e+01
6.239771581629260488e+00
-2.077412793219455622e+01
2.161242261405020670e+01
-1.018448469665811373e+01
-2.988007864490198173e+00
6.736137751973471310e+00
1.975940706294706750e+00
-1.577994526887784943e+01
2.282011598651583029e+01
-1.613452247592051592e+01
-8.558844821891780086e-01
1.697623782739478671e+01
-2.189555454695535630e+01
1.393574410242050021e+01
-1.052256148158464910e+00
-5.649655652397638228e+00
6.883623330662662632e-01
1.159626850039152401e+01
-2.060871069182144311e+01
1.792089979399239041e+01
-3.915982133749331240e+00
-1.248912411873797979e+01
2.071808553898893379e+01
-1.656552685277988957e+01
5.146475827426414185e+00
3.409105492000071180e+00
-2.018369928034446481e+00
-7.877044541059458282e+00
1.762017816814243787e+01
-1.827693626838608054e+01
7.695836451304843173e+00
7.800530918776900080e+00
-1.830262313534935004e+01
1.786294794130891006e+01
-8.814637456786623915e+00
-3.939685667218597587e-01
2.002361850019111600e+00
5.014323101654841075e+00
-1.432404161969873613e+01
1.738817596237161567e+01
-1.024259336451421198e+01
-3.393413016944315963e+00
1.500456181207504791e+01
-1.778541984583662483e+01
1.165143785288279510e+01
-2.940346416244041805e+00
-7.965669220714035603e-01
-3.269277900665048087e+00
1.119643127396810200e+01
-1.557900671912146962e+01
1.147956033168607526e+01
-3.130977987572389765e-01
-1.126483088253009868e+01
1.645943118882627587e+01
-1.337445160644636388e+01
6.121051096946336756e+00
-1.298824309798638055e+00
2.743255144909922283e+00
-8.660458684831692011e+00
1.326814690402558661e+01
-1.149918865001740187e+01
3.014028268828271351e+00
7.552631581145612394e+00
-1.416029751628979483e+01
1.385639932565832311e+01
-8.717957484392863776e+00
3.881303933131203365e+00
-3.369143158774564384e+00
7.033975926386329292e+00
-1.091291659838089068e+01
1.054662477045200930e+01
-4.553991791153149116e+00
-4.305348247681116902e+00
1.127352839338993995e+01
-1.313759109098605116e+01
1.039740965139062290e+01
-6.500056489125338288e+00
4.924022811429510149e+00
-6.491192690556935929e+00
8.949309068668396705e+00
-8.984233855568058758e+00
4.943370841839699992e+00
1.873150705163645569e+00
-8.242735070949951393e+00
1.141709647172813291e+01
-1.096345875725549313e+01
8.715517241919492619e+00
-7.061406675902252239e+00
7.042882408748656786e+00
-7.735383629001134409e+00
7.241632128226011211e+00
-4.353323286750670817e+00
-4.752022516683265252e-01
5.510668141445576040e+00
-9.023846780848982618e+00
1.038117848246724861e+01
-1.015698584280091410e+01
9.358936565636041038e+00
-8.537580213508546123e+00
7.505070352777424070e+00
-5.757562076688159003e+00
3.090327609833747768e+00
1.729255494889301303e-01
-3.460818305426798247e+00
6.371376856313061054e+00
-8.779256660009417956e+00
1.057105928173912446e+01
-1.137548711958685388e+01
1.068355046202275815e+01
-8.338164443051423902e+00
4.920952153720843825e+00
-1.553536149138131872e+00
-8.636392058432305063e-01
2.366931116655829115e+00
-3.901951696743382492e+00
6.431592333841629205e+00
-9.854805622414660959e+00
1.271045613506363381e+01
-1.308870608532120272e+01
1.015025695518784943e+01
-5.018595284295708225e+00
1.803506654317084124e-01
2.295327212811629991e+00
-2.356788917749634393e+00
2.027144533399593662e+00
-3.720253121047525369e+00
8.069514068990548239e+00
-1.305775523453996456e+01
1.531341889578800242e+01
-1.270385172460859202e+01
6.196047007847897525e+00
6.128956573432495780e-01
-4.100658905783494568e+00
3.394824392502053811e+00
-1.072373261845230630e+00
1.084479097373309386e+00
-5.433289241757202959e+00
1.224768023816436013e+01
-1.692954806091170639e+01
1.563926636748198717e+01
-8.436688228197660067e+00
-4.876540482703761725e-01
5.845967599517519098e+00
-5.285772806113029354e+00
1.232406920736401901e+00
1.037833445636810792e+00
2.293405594213073329e+00
-1.027135642368642365e+01
1.757823366914065844e+01
-1.852143793360858126e+01
1.156162530255942578e+01
-7.698993534501834546e-01
-7.089021246005840382e+00
7.698937279434214354e+00
-2.543484680068226922e+00
-2.268789425165418372e+00
9.181276651795968746e-01
7.284631194989810155e+00
-1.701915077339864268e+01
2.089675933346362058e+01
-1.525049414041586004e+01
3.217654801914613394e+00
7.438311575107131368e+00
-1.021006077241931465e+01
4.875616775672218850e+00
2.341888284963312028e+00
-3.740235224896276023e+00
-3.590854845761432657e+00
1.516497819961276150e+01
-2.235280919381131071e+01
1.908061916991984930e+01
-6.746088778243111150e+00
-6.606387068948670560e+00
1.235559081906972523e+01
-7.946117657342607110e+00
-1.139644347736087582e+00
5.742707276714411613e+00
-3.953701995217198117e-01
-1.209667432341093374e+01
2.257346267640681248e+01
-2.257967778335785880e+01
1.108804981667852729e+01
4.450485099895577612e+00
-1.369256313740919850e+01
1.135276943272796757e+01
-1.287366596835257226e+00
-6.582875809138938550e+00
4.199008292618084504e+00
8.057540704450801172e+00
-2.138243102960601760e+01
2.528532235989958821e+01
-1.584869457398578874e+01
-9.952892639971642197e-01
1.385661228593976446e+01
-1.462255820229926684e+01
4.722527581190499646e+00
6.051905220638834848e+00
-7.343684359247030002e+00
-3.426697206603341428e+00
1.876970404296695705e+01
-2.680432665309634643e+01
2.055194099213407810e+01
-3.565145466913496541e+00
-1.261083124672484246e+01
1.726997244661205144e+01
-8.806139972000178062e+00
-4.104842624656885874e+00
9.411710324731094701e+00
-1.324839328872618793e+00
-1.489748533112647877e+01
2.686386172571448228e+01
-2.469773678131577554e+01
8.886669788816240256e+00
9.879321171883656660e+00
-1.885764431644870953e+01
1.307658621726110226e+01
8.705787917948240029e-01
-1.009756460852120163e+01
5.690105865197128132e+00
1.008475300199153857e+01
-2.534846451604692064e+01
2.782307892126813798e+01
-1.451325243462164849e+01
-5.761159027758933071e+00
1.905180208410197551e+01
-1.702468800340633237e+01
3.359642615546662547e+00
9.248137181379838978e+00
-9.187295439474061354e+00
-4.772232188447853574e+00
2.231802113281201727e+01
-2.955923314455353790e+01
1.992950208805805090e+01
5.229306936602817757e-01
-1.766562454631555212e+01
2.015459903268213537e+01
-8.163870533577355815e+00
-6.884676320481885270e+00
1.141847399828548326e+01
-5.279983505136360833e-01
-1.800442919217563897e+01
2.967805243400640336e+01
-2.462108520506753706e+01
5.429369890452051983e+00
1.468506913589601481e+01
-2.204374315999297096e+01
1.303744783282308894e+01
3.203627389455454555e+00
-1.211865029057401699e+01
5.292128327592124926e+00
1.278723855133237386e+01
-2.812162515777585625e+01
2.813563157693693739e+01
-1.159571783103260145e+01
-1.027390161585741168e+01
2.239440797857670162e+01
-1.745153575231469034e+01
1.443840660866275938e+00
1.118911346805623097e+01
-9.046173121548326534e+00
-7.151170845705846268e+00
2.501153186105112525e+01
-3.013664213077527521e+01
1.743920911797579265e+01
4.757219361237144284e+00
-2.107061930872559685e+01
2.091501544252725608e+01
-6.591191865526527138e+00
-8.710884523928891454e+00
1.142191860748843268e+01
1.630662621596085771e+00
-2.063650120930370235e+01
3.044376337705381630e+01
-2.244802123853637355e+01
1.414585462457281562e+00
1.811572793326145359e+01
-2.303219123445975214e+01
1.170999864359905374e+01
4.936575307652671718e+00
-1.220038671067454672e+01
3.251813921057594925e+00
1.541991888655405241e+01
-2.905446508332593680e+01
2.619461346599032936e+01
-7.717061136215842332e+00
-1.374851272832096072e+01
2.354922829594507050e+01
-1.627102483348359385e+01
-2.616093047564422847e-01
1.133748568369844634e+01
-7.046124237585109640e+00
-9.871128251081433547e+00
2.614444513824946270e+01
-2.838493090157671972e+01
1.361189140848254553e+01
8.338250074201207340e+00
-2.238364010590742481e+01
1.980546306074642615e+01
-4.821698069870900660e+00
-8.968700829964141974e+00
9.426167219448741363e+00
4.526460174112748369e+00
-2.204670478174292469e+01
2.889160475393165939e+01
-1.860870590929160073e+01
-2.361790222150118801e+00
1.963322743789493785e+01
-2.195885273746247890e+01
9.781590515351169302e+00
5.392262381198372978e+00
-1.022659039742725895e+01
1.128060205818239847e-01
1.721186383919645380e+01
-2.776711281305754753e+01
2.232096408773183072e+01
-3.652103942214187882e+00
-1.556340178534651564e+01
2.253110888040033899e+01
-1.410882650362536594e+01
-1.032877638609303261e+00
9.460069403592260784e+00
-3.637974931577866222e+00
-1.215459383010595573e+01
2.523533427963079134e+01
-2.450910603777232311e+01
9.184335995768343253e+00
1.057448867597428865e+01
-2.149780802330763407e+01
1.737556469432743356e+01
-3.609494142479651835e+00
-7.313094687744190914e+00
5.778948534365438761e+00
7.392750829025910519e+00
-2.166259585782129449e+01
2.510574025954620936e+01
-1.378543309057806354e+01
-5.153070140224871309e+00
1.901019296008804815e+01
-1.928399328539802937e+01
8.019509598769172243e+00
4.120859593638878771e+00
-6.433138801953429464e+00
-3.386678722034511146e+00
1.751183126969473491e+01
-2.421986090145072268e+01
1.712655433475159583e+01
-1.866145665311798041e-01
-1.537398574221627356e+01
1.969879517835143545e+01
-1.172758395599446324e+01
-3.244193015142595726e-01
5.673817292153795044e+00
4.861171673082798073e-01
-1.328555116671017444e+01
2.211967962889885086e+01
-1.903534320931134616e+01
4.963977752134930199e+00
1.100971243335039063e+01
-1.865954844780448951e+01
1.436480026614295014e+01
-3.584529369931942711e+00
-3.736985540463040323e+00
1.108807939227619332e+00
9.464687805962929801e+00
-1.919629839602208676e+01
1.951230350096201249e+01
-8.788552940309106276e+00
-6.399519523595862402e+00
1.637164985874937528e+01
-1.570486630806783168e+01
7.124381875649216767e+00
9.885065605255789478e-01
-1.367791281783249158e+00
-6.450869663120724518e+00
1.591281154223236882e+01
-1.872579776129732920e+01
1.140469579156131985e+01
2.027118531780379485e+00
-1.317700923125498846e+01
1.568802113577931934e+01
-9.882345312232958534e+00
2.124324875519068456e+00
4.293722298579094598e-01
4.519235023928186656e+00
-1.274521598840367176e+01
1.698641922697012774e+01
-1.271906384471931162e+01
1.681672931891734279e+00
9.508264238332042595e+00
-1.442404396237809117e+01
1.156388644526910880e+01
-5.130679460657805890e+00
1.420971623148500562e+00
-3.787566476235296520e+00
1.012250510648269675e+01
-1.470404327218376395e+01
1.280757405067703480e+01
-4.410421178791498420e+00
-5.832298407412905838e+00
1.217411891976946237e+01
-1.202682306251822375e+01
7.596307084471142446e+00
-3.790812113517337600e+00
4.205485390950810753e+00
-8.373401885386007493e+00
1.233300574964555985e+01
-1.190109528971982655e+01
5.989235934336322842e+00
2.590157610761767870e+00
-9.313937161668091491e+00
1.129589878272716774e+01
-9.178360735731244446e+00
6.233750072806868658e+00
-5.564941005654263861e+00
7.686340962156721801e+00
-1.031231741758138654e+01
1.035178019578008524e+01
-6.413037548523635500e+00
-1.408896526950815797e-01
6.282746443032891648e+00
-9.556121344597695355e+00
9.668101990830439973e+00
-8.308692890253176699e+00
7.530573924467931946e+00
-8.087642567002585992e+00
9.008424895450700021e+00
-8.584347818153593934e+00
5.838734944945928262e+00
-1.283675118606376842e+00
-3.524798627973994236e+00
7.125795346783467821e+00
-9.016185622658282384e+00
9.637965776824421127e+00
-9.686058618406489629e+00
9.440541938075467598e+00
-8.667695008702811066e+00
7.038496979683108279e+00
-4.561752938581439487e+00
1.607563484305700285e+00
1.430581607829048529e+00
-4.412712893983666618e+00
7.337405288286081628e+00
-9.956951634719896305e+00
1.159054136532904522e+01
-1.146512887142086612e+01
9.384572866230078247e+00
-6.109727687742190660e+00
2.974926300451528505e+00
-9.191606105327316811e-01
-2.852378573058160782e-01
1.859064899594614406e+00
-4.894353188485346173e+00
9.149023051188196476e+00
-1.283803595405656495e+01
1.377663821790391196e+01
-1.108939736699288758e+01
6.096038464939043777e+00
-1.514979269132557427e+00
-5.414639049734315535e-01
2.306656663367423477e-01
1.179589562857001894e-01
2.062084275531693045e+00
-7.261374830992970431e+00
1.311227511050103089e+01
-1.593723832191105139e+01
1.355739578431131775e+01
-7.157227534430363747e+00
6.033594759833871279e-01
2.414791844330022030e+00
-1.246083847813494572e+00
-1.182377011835434644e+00
7.217479979803487211e-01
4.499757091926825936e+00
-1.223008614150464091e+01
1.751477582041751901e+01
-1.643772788346996805e+01
9.291947568664962631e+00
-5.889017484100946831e-01
-4.269591915684959105e+00
3.149529836954936712e+00
1.125323248596078685e+00
-3.014997780632402424e+00
-1.202749790352289239e+00
1.016779372481986776e+01
-1.814106187312117413e+01
1.929893943524769995e+01
-1.233544349683011987e+01
1.699572117508773239e+00
5.660150078567303567e+00
-5.620141976850590915e+00
1.051657042269500408e-01
4.430051693514185374e+00
-2.201218831224740491e+00
-7.067272747724969051e+00
1.756233546694681635e+01
-2.168512727417243369e+01
1.597831674669544633e+01
-4.009413476829102763e+00
-6.185794513978288833e+00
8.238475147642933649e+00
-2.394295085706957593e+00
-4.686325107720141325e+00
5.248743599142825289e+00
3.220816063231405124e+00
-1.567550782638108942e+01
2.317576924310828801e+01
-1.980402884140511688e+01
7.424921909835881628e+00
5.545216413435921865e+00
-1.053983832245194030e+01
5.471912120449729855e+00
3.649586081789956804e+00
-7.501340575013609957e+00
9.633700218379033231e-01
1.254555801557106953e+01
-2.344170044102502715e+01
2.334050960137602715e+01
-1.169266181179321151e+01
-3.578723020592097903e+00
1.207400437118722181e+01
-8.943831820573141300e+00
-1.353095153173644150e+00
8.602865779915601863e+00
-5.010805023457829854e+00
-8.401794260776199508e+00
2.229018120232141698e+01
-2.611946236159718637e+01
1.642727936438839720e+01
2.930500006502652077e-01
-1.246383046785048876e+01
1.233926728801043105e+01
-2.002193069462738784e+00
-8.327238803862638150e+00
8.439370951848619740e+00
3.613327168014064839e+00
-1.969334497279179530e+01
2.773598130059854583e+01
-2.115652682235086957e+01
4.134478616198285827e+00
1.145544316859918510e+01
-1.516852456744087796e+01
6.068517305305794807e+00
6.610444454404313497e+00
-1.081967040935104407e+01
1.353307074805423227e+00
1.579636932489079726e+01
-2.790103611991669652e+01
2.537778106398157263e+01
-9.373091167525682721e+00
-8.953671789227987787e+00
1.698382700038510151e+01
-1.039081131289956517e+01
-3.562725485108527046e+00
1.182959476846239966e+01
-5.989205331871553462e+00
-1.090422586224344315e+01
2.648024492358712934e+01
-2.861909372844313992e+01
1.497501042501761503e+01
5.038229789831636829e+00
-1.743572395550399534e+01
1.446002370578789886e+01
-5.406701114481240467e-01
-1.129628874656670590e+01
9.804078797640201515e+00
5.448522906355313111e+00
-2.351404030698471104e+01
3.049722707433497249e+01
-2.042679475313871507e+01
4.147857199326765443e-02
1.631806526288323766e+01
-1.777373058401060035e+01
5.289166740298566260e+00
9.220242367062548183e+00
-1.238564377381193715e+01
6.157133832182459798e-02
1.921662778441608666e+01
-3.076548241437786402e+01
2.520931641620602193e+01
-5.892404854812411052e+00
-1.359592090149151389e+01
1.989659410125237926e+01
-1.018340938274955221e+01
-5.778441762967297279e+00
1.345008602434314327e+01
-5.098355168085791256e+00
-1.395375538657004100e+01
2.934537341187876081e+01
-2.885902973818121708e+01
1.202165201383482085e+01
9.412922478676854610e+00
-2.051322084495226150e+01
1.469303171753628057e+01
1.306093859781680244e+00
-1.287734974696128987e+01
9.177354853247210897e+00
8.201933670292099521e+00
-2.633818064447299889e+01
3.102300592412238345e+01
-1.789271366855893675e+01
-4.077039017663325104e+00
1.946689742481406782e+01
-1.831859533274024443e+01
3.740913632833769764e+00
1.072686453447908583e+01
-1.191425480408605608e+01
-2.494041458476305984e+00
2.201490091412643224e+01
-3.150096718313091060e+01
2.298730583623584423e+01
-1.973539787746335428e+00
-1.677941284208836947e+01
2.065012462384395064e+01
-8.838274457597309564e+00
-7.231730800174962503e+00
1.307001467981383946e+01
-2.642060502443696279e+00
-1.678576784850251968e+01
3.026914700903422784e+01
-2.686524096095301672e+01
8.220284241011839299e+00
1.264950358108852768e+01
-2.141507272976176424e+01
1.345388544833737754e+01
2.772037761408093104e+00
-1.257864075803472304e+01
6.744417450340108644e+00
1.115303930624870432e+01
-2.748303870038775898e+01
2.921502901494481108e+01
-1.412389481517898560e+01
-7.430089705067963735e+00
2.050985125669562237e+01
-1.710943084352401655e+01
2.169440658885821271e+00
1.055421295193209907e+01
-9.469937585864720120e+00
-5.652809712633219519e+00
2.345869351090189880e+01
-2.988903034334772713e+01
1.918629250746154113e+01
1.587082343293587883e+00
-1.801107991313489265e+01
1.943541335951097437e+01
-7.063756427835560459e+00
-7.276323526703765587e+00
1.063296290580566250e+01
7.929560441179951402e-01
-1.863487110818510928e+01
2.891888856085364168e+01
-2.300746417846054825e+01
4.355188889831135057e+00
1.416521079972020836e+01
-2.021292642014946850e+01
1.139758867396409592e+01
3.155742236847660642e+00
-1.022477408549100986e+01
3.005202595543044364e+00
1.352070096586836101e+01
-2.650940324275969928e+01
2.533023743686986506e+01
-9.875236844438775918e+00
-9.357846289343072499e+00
1.939710124095272903e+01
-1.473277539903032007e+01
1.315444197099514767e+00
8.411703023498411369e+00
-5.454418272117861122e+00
-8.635292014607749422e+00
2.301165998383183009e+01
-2.606755556865116574e+01
1.451485979566695228e+01
4.066569003894026757e+00
-1.711942742449131316e+01
1.675630646559045545e+01
-5.623064112493620925e+00
-5.512166289796768481e+00
6.432432842814590046e+00
4.446709058197409803e+00
-1.887879017487798450e+01
2.530898947736518068e+01
-1.793137460274061112e+01
1.196872385115614890e+00
1.366875542269503541e+01
-1.731469885568018086e+01
9.292167055705167655e+00
1.955531294171528600e+00
-5.992592770749634923e+00
-1.317796815867174232e+00
1.460986795512309833e+01
-2.330579180182179044e+01
1.993527742617538578e+01
-5.947877766133561117e+00
-9.453420029666277813e+00
1.642861652427924923e+01
-1.194286787197358635e+01
1.772037588601268254e+00
4.352966343007429906e+00
-5.345313154043574988e-01
-1.068890275351217767e+01
2.043644972771502566e+01
-2.050878511450758523e+01
9.786252792672744505e+00
4.949249807366083331e+00
-1.428604858492699492e+01
1.333388726159364879e+01
-5.188010411004366773e+00
-1.865429644292118105e+00
1.061604961977571371e+00
7.526473097106283205e+00
-1.715709869356297190e+01
1.980308709596153349e+01
-1.244237365012883423e+01
-6.399597736104727375e-01
1.121501675499846051e+01
-1.338848887048014902e+01
7.872700347874676652e+00
-1.031337435307028372e+00
-3.842657644488260971e-01
-5.411198625775342386e+00
1.394302096592716111e+01
-1.811478015189065616e+01
1.380661853070951750e+01
-3.042650736756669971e+00
-7.639316195392342301e+00
1.219970957678975942e+01
-9.519922860704490120e+00
3.869021099441560807e+00
-1.226933215730777960e+00
4.477006376400058940e+00
-1.122854027313252345e+01
1.584453875030667547e+01
-1.393851698594547273e+01
5.771270597246600076e+00
4.022888834125387447e+00
-1.001435826898913639e+01
9.972860826769846199e+00
-6.209840510507897093e+00
3.390008508513329133e+00
-4.690168977188124089e+00
9.352801901001720708e+00
-1.344327144825143705e+01
1.305459806484438801e+01
-7.361914602629083149e+00
-8.098251910900664541e-01
7.197898728656857870e+00
-9.240747458671107140e+00
7.702189772624999264e+00
-5.663427508327587567e+00
5.857622525496346100e+00
-8.518175318738572699e+00
1.135255658000805568e+01
-1.149657120921613540e+01
7.794247459154504121e+00
-1.632483410318622319e+00
-4.184706316120129443e+00
7.494378164085506278e+00
-8.124815536606181610e+00
7.605028236669022945e+00
-7.655417662226823516e+00
8.766427514806593990e+00
-9.946846805604938169e+00
9.683920653977324378e+00
-7.210933578786387521e+00
3.059930372862311287e+00
1.420001242204951275e+00
-5.041106446146766729e+00
7.414035474172230522e+00
-8.830552170103148413e+00
9.673648567429964373e+00
-9.975587641212715795e+00
9.484696029359104941e+00
-8.056930660294604252e+00
5.896174404831034721e+00
-3.382199696368822117e+00
6.992117236179264950e-01
2.282538845405125194e+00
-5.670630046489749887e+00
9.064425958383957038e+00
-1.147215300448737807e+01
1.187783443040453690e+01
-1.007512347060701074e+01
7.017344824986233576e+00
-4.236194911203684299e+00
2.673392449426311046e+00
-1.876753547398630317e+00
3.396983907663981839e-01
3.145584916726397395e+00
-8.176406037717617536e+00
1.263993699984853691e+01
-1.409610916067327935e+01
1.166333016211983775e+01
-6.874150785327932667e+00
2.666695325082613532e+00
-1.161463866932290756e+00
1.956801162640749325e+00
-2.403260903293340522e+00
-2.065074855404844811e-01
6.199473376540348468e+00
-1.285081662722430274e+01
1.619481556874524841e+01
-1.403755924564817548e+01
7.801336265243447698e+00
-1.613912768290327815e+00
-8.021867330953122988e-01
-9.453469337952427054e-01
3.561963941015383384e+00
-2.711040718160321106e+00
-3.326713228328172178e+00
1.190824388029793113e+01
-1.773820517948866282e+01
1.685624464146738433e+01
-9.812963957156762618e+00
1.436737913698462155e+00
2.789146307625208543e+00
-9.891420867399993710e-01
-3.593045683814449553e+00
5.161164430380802415e+00
-1.124551989257618345e-01
-9.773634719309894692e+00
1.834908129476229988e+01
-1.969205218720066597e+01
1.275874757186587871e+01
-2.377204343542889120e+00
-4.350603607463573219e+00
3.535992594693249558e+00
2.428823553268788515e+00
-6.746950529168366018e+00
3.693748912727294886e+00
6.574577095439904539e+00
-1.776040749328276291e+01
2.208729916749771149e+01
-1.634074873335624645e+01
4.525628795464230691e+00
5.077032888209123129e+00
-6.281029586901826001e+00
-1.686962485587670812e-01
7.174000030257122518e+00
-6.952021834670027545e+00
-2.591809059273737503e+00
1.585328303804774563e+01
-2.361380583665219746e+01
2.014917287963618975e+01
-7.804857943038946644e+00
-4.653432966035170537e+00
8.758915012831714364e+00
-2.930104680627682256e+00
-6.291406532856189671e+00
9.441050010595841258e+00
-1.773490353221491844e+00
-1.267643936328373755e+01
2.392966443486268702e+01
-2.371285042908693441e+01
1.197569814718213621e+01
2.903148429297947253e+00
-1.051260412154293711e+01
6.481957721143741580e+00
4.114965029292239507e+00
-1.079161729904515710e+01
6.048091678207818234e+00
8.444708805211234903e+00
-2.282577833578470106e+01
2.655814471067459692e+01
-1.666296430719894062e+01
1.852916512308482311e-01
1.115249821241486572e+01
-1.001890908542888781e+01
-8.295997193346504872e-01
1.076061035116627451e+01
-9.744813975654283311e+00
-3.516533698387998896e+00
2.025628118498288899e+01
-2.826896015430128273e+01
2.139901061568980722e+01
-4.451779384900540926e+00
-1.040789003295131110e+01
1.304768419234030752e+01
-3.229418336551899138e+00
-9.264931963644048807e+00
1.242313247086869943e+01
-1.646804188503827149e+00
-1.634893746377207435e+01
2.854036618747235821e+01
-2.567941952780044801e+01
9.579603834767668857e+00
8.164236404535412106e+00
-1.511061179269742283e+01
7.614253870859563733e+00
6.395913417980633398e+00
-1.374476202157726235e+01
6.535271688477196861e+00
1.139410485284203212e+01
-2.721912439708108167e+01
2.902399748676515046e+01
-1.513006796222151351e+01
-4.481535813404294188e+00
1.584291257227031480e+01
-1.181671246183002033e+01
-2.412317230499680498e+00
1.351728584071604189e+01
-1.065085866608822229e+01
-5.813497489194052292e+00
2.432601349618958508e+01
-3.103554708192103817e+01
2.059257420047366338e+01
-4.085792802341545182e-01
-1.501923369408355668e+01
1.532848723648936939e+01
-2.287327191332928500e+00
-1.172036247314253288e+01
1.356755982384255077e+01
1.124977041957793134e-01
-2.005708949977535127e+01
3.144914018200766037e+01
-2.544407710211341467e+01
6.126793926134744162e+00
1.258362428076634387e+01
-1.770205300764116885e+01
7.209750098071865843e+00
8.511187731843644855e+00
-1.498316364030191217e+01
5.178189350861105211e+00
1.476361927421510600e+01
-3.016577412735721708e+01
2.921062680383150578e+01
-1.218825944594235366e+01
-8.659181805559162726e+00
1.860471577205134253e+01
-1.182386957620630064e+01
-4.208446535845975056e+00
1.475644444268813871e+01
-9.564412877948573311e+00
-8.913061795024763256e+00
2.726621016852967472e+01
-3.152345282355699752e+01
1.805783784579114126e+01
3.536103690974839786e+00
-1.785915588293043754e+01
1.562267942695172884e+01
-7.433547709806299641e-01
-1.292514423222726450e+01
1.264641054222661509e+01
3.035816061157440071e+00
-2.300323259526972208e+01
3.216269839806535913e+01
-2.321171491277652166e+01
2.360458266019644480e+00
1.546545927897537887e+01
-1.818253181667564178e+01
5.824861290884871146e+00
9.702494155620382088e+00
-1.416551258627627519e+01
2.335783182939067615e+00
1.777322615507817360e+01
-3.108342962854091240e+01
2.719786123282420576e+01
-8.518850878359160106e+00
-1.160190787592566153e+01
1.921256266375564792e+01
-1.050194201682781880e+01
-5.452668647771059973e+00
1.403399423450084527e+01
-6.728779620318345422e+00
-1.207051882865986059e+01
2.842072368273823102e+01
-2.968795674925518568e+01
1.439977820333567848e+01
6.604415543303835179e+00
-1.858821796042208874e+01
1.428753196972578721e+01
6.481607001806990453e-01
-1.234442814654691745e+01
9.783736334588766681e+00
6.430060792510984058e+00
-2.447321612677857061e+01
3.051444429244036272e+01
-1.949838166488516222e+01
-9.271259074614874862e-01
1.636479692483885273e+01
-1.679769633140270813e+01
4.185707232879460449e+00
9.357413501228180053e+00
-1.129510516969145506e+01
-1.365445228923149790e+00
1.966713993013428308e+01
-2.968821068931131180e+01
2.340196363919112699e+01
-4.910993362519115557e+00
-1.276939043564469500e+01
1.779508449840844975e+01
-8.532341347251975350e+00
-5.469221566363509091e+00
1.123292655374755711e+01
-2.690155229870577980e+00
-1.450528909976846315e+01
2.739478337813347508e+01
-2.583631988591898221e+01
1.038700538517767669e+01
8.172255398593179621e+00
-1.721450224427447040e+01
1.194396848473244610e+01
1.163369277833356641e+00
-9.743267305380786780e+00
5.432931468383182860e+00
9.507190835060626455e+00
-2.396957970769158663e+01
2.669505935019360976e+01
-1.503484552837669419e+01
-3.041197572932718529e+00
1.516754152030464553e+01
-1.409291958824951152e+01
3.047893845677568159e+00
7.127428454030042104e+00
-6.721315122132607733e+00
-5.147842327944877283e+00
1.985532688237683985e+01
-2.604839732350590964e+01
1.849870286918860884e+01
-2.115376804852093784e+00
-1.192579554798257035e+01
1.480786319039433963e+01
-6.684968640124449024e+00
-3.802573277913256611e+00
6.588839231978512068e+00
1.802529274165622475e+00
-1.554696296641293074e+01
2.413044822259237421e+01
-2.057243244786448599e+01
6.809695124448229997e+00
7.884830772269927124e+00
-1.409061989853817920e+01
9.357605421319384220e+00
2.487130320563117891e-01
-5.235512668497494637e+00
2.955266966053906597e-01
1.153086186760002185e+01
-2.130670217067441286e+01
2.122023142315449107e+01
-1.063258165867281946e+01
-3.513459117997534520e+00
1.211160005449075072e+01
-1.080996469812478189e+01
3.051339222931463979e+00
2.998898842501401596e+00
-1.079549136337313975e+00
-8.225908119903195370e+00
1.802581547599582734e+01
-2.057614290179525796e+01
1.330101921602935633e+01
-7.053401739238829293e-01
-9.184557425773142825e+00
1.094854499667622605e+01
-5.671584795717228289e+00
-3.085982979774275492e-01
6.527138438403672360e-01
5.933696391263312719e+00
-1.476177573027593759e+01
1.892258075388109972e+01
-1.468948775186507838e+01
4.334483723215747375e+00
5.723912936293910292e+00
-9.849622806059777247e+00
7.294638732877571030e+00
-2.370118430560088640e+00
7.295238387882108100e-01
-4.803977690483121954e+00
1.195367836865614741e+01
-1.665067065304394589e+01
1.484128827779722393e+01
-7.036365953146543006e+00
-2.190056286576663958e+00
7.745402547232937529e+00
-7.749317306876034372e+00
4.596450554005295785e+00
-2.695955949295667509e+00
4.819562925906710760e+00
-9.950627646558590556e+00
1.420745393837353276e+01
-1.395855821406949637e+01
8.613319930028819016e+00
-9.704872737007548267e-01
-4.990723563608010060e+00
7.029403223525008571e+00
-6.010452245664518856e+00
4.810338560761969084e+00
-5.802462576171197206e+00
8.968617379012401969e+00
-1.203662234520584029e+01
1.237233969982891146e+01
-9.029967631709979514e+00
3.382516082071683527e+00
2.014587385417581977e+00
-5.291333635775350430e+00
6.378622404275024138e+00
-6.629877400952134181e+00
7.440391134771300763e+00
-9.064737684986306832e+00
1.052024215344026814e+01
-1.049654537572372348e+01
8.414739114736951464e+00
-4.790040975912367216e+00
7.373481155136873966e-01
2.831189400669461786e+00
-5.623019437981522373e+00
7.764105935803884861e+00
-9.330226069132846689e+00
1.013188133758818310e+01
-9.928788060659883286e+00
8.771668333869119039e+00
-7.040445268967450154e+00
5.088615803836329832e+00
-2.862044372401356895e+00
-4.394784055537326317e-02
3.830288586234029680e+00
-7.926742645427960809e+00
1.103289878949740910e+01
-1.191455746765012691e+01
1.038575768869883476e+01
-7.605355637393889978e+00
5.286406386962365644e+00
-4.338073948413644132e+00
4.052652754226251375e+00
-2.629825601057230067e+00
-1.239504747554479813e+00
6.974000644255765380e+00
-1.213277198859601036e+01
1.404378042582257535e+01
-1.185130784650169744e+01
7.317350052617042522e+00
-3.586943194351991604e+00
2.754089506024277156e+00
-4.139625064877485272e+00
4.763104052431809343e+00
-1.789615246046642127e+00
-4.924521956295698999e+00
1.229400047699186338e+01
-1.608661586013488076e+01
1.412697120526478045e+01
-8.095754696132134498e+00
2.372741792597063970e+00
-6.796323539612449949e-01
3.114170046370874800e+00
-5.999874700751506751e+00
4.824120169006571146e+00
1.958409226471722775e+00
-1.130675048634891056e+01
1.760413118432028057e+01
-1.688087325152599760e+01
9.970158661861880489e+00
-2.012497180682280451e+00
-1.460096393721124208e+00
-1.131070594366333282e+00
6.103697646041169378e+00
-7.414883946503354473e+00
1.604556703387682859e+00
9.117418341375762125e+00
-1.821044181496959169e+01
1.969030247066756445e+01
-1.280505453185107001e+01
2.762210520187045049e+00
3.213591186019139734e+00
-1.509542366283380233e+00
-4.991192425396591581e+00
9.156135513692611028e+00
-5.344819399862116960e+00
-5.838986054890321853e+00
1.762539925854042622e+01
-2.209631095817246660e+01
1.631444297547832534e+01
-4.728566609269281962e+00
-4.162806941716668874e+00
4.399230475393692608e+00
2.746174001744678961e+00
-9.739957744069789314e+00
8.796104336408086866e+00
1.740130613456715380e+00
-1.571425062594711974e+01
2.366350876530233194e+01
-2.009587066171506820e+01
7.851067874476752806e+00
3.979245375022325337e+00
-7.072516961302575567e+00
3.874280051752627685e-01
8.998868997474589904e+00
-1.150501143741396426e+01
2.785642665517276129e+00
1.250921433045873243e+01
-2.403755176717371711e+01
2.367971483141058897e+01
-1.190526691154023808e+01
-2.469289356907240496e+00
9.066009873325693746e+00
-4.033086300348312392e+00
-6.931073928532235584e+00
1.308969103999724659e+01
-7.267074195884791088e+00
-8.210163123263818363e+00
2.299309258369856579e+01
-2.658761369704754074e+01
1.652681116413099005e+01
-3.969635876045758405e-01
-9.978008706034328767e+00
7.726295959750410169e+00
3.705118876623671120e+00
-1.329024647407390169e+01
1.121263109303622585e+01
3.164204312907756389e+00
-2.046613405590326096e+01
2.839278458741420508e+01
-2.125341728938342811e+01
4.477076031840159231e+00
9.521142912217250398e+00
-1.097082328493180370e+01
3.567552497915817966e-01
1.200451664761758153e+01
-1.417128148779914909e+01
2.173424763482162625e+00
1.656665011399071119e+01
-2.877471570543787038e+01
2.557965175652346801e+01
-9.469055747708820192e+00
-7.561436609384299068e+00
1.329964590447595540e+01
-4.814620721706326378e+00
-9.304692623356398684e+00
1.578901810976280906e+01
-7.292396720740081939e+00
-1.156978084380012817e+01
2.756139490259349145e+01
-2.901778689063159788e+01
1.494409512331692724e+01
4.138861614063392480e+00
-1.433304326816092100e+01
9.161878153883948883e+00
5.432590038019986522e+00
-1.585409314518345170e+01
1.168777576639116234e+01
5.886564209172753692e+00
-2.475376645449526691e+01
3.115722793806506274e+01
-2.039532790289644026e+01
5.332757934604430705e-01
1.382662887318729261e+01
-1.288505172225062623e+01
-7.740406985040420018e-01
1.432530681005822260e+01
-1.492050642651752312e+01
-1.770663816995643458e-02
2.052929534027349590e+01
-3.171516337195564716e+01
2.529667056408300496e+01
-6.090153318617682388e+00
-1.170334259635952812e+01
1.552503309989396030e+01
-4.184545920821433285e+00
-1.133977607151469158e+01
1.667045497261824494e+01
-5.503996757767055215e+00
-1.522409677098228187e+01
3.057215869818591614e+01
-2.916455319237921628e+01
1.205587161988035660e+01
8.065391642638459757e+00
-1.673224642360212755e+01
8.912188342725048784e+00
7.199139320221984661e+00
-1.677545331552618180e+01
1.017556604825788291e+01
9.295737016800810437e+00
-2.778826146136876574e+01
3.161497251169992140e+01
-1.789762294633252537e+01
-3.184597853588929439e+00
1.630894269720186429e+01
-1.289508055153286747e+01
-2.335814025048076559e+00
1.525151155264540748e+01
-1.358249159419223062e+01
-3.271201515862273812e+00
2.359758322607078185e+01
-3.240886436166718454e+01
2.308699608660362301e+01
-2.527728551615559205e+00
-1.423340970986744836e+01
1.569653729084669358e+01
-2.736612464649104126e+00
-1.229168154401830293e+01
1.544695809415733301e+01
-2.313638636196896137e+00
-1.838197589010396271e+01
3.148022472073029121e+01
-2.716093671178983016e+01
8.567743319596898388e+00
1.066310748392412577e+01
-1.700780782024548898e+01
7.482819192895945548e+00
8.243682893789333832e+00
-1.565973473957211581e+01
6.975678071830030191e+00
1.262699614331484099e+01
-2.894353010329330189e+01
2.977491981886083749e+01
-1.439712969470155102e+01
-5.916333955183058713e+00
1.668355015379617612e+01
-1.140776208865345787e+01
-3.569018730069144052e+00
1.429183866788063995e+01
-1.033982310339967547e+01
-6.865533872454710362e+00
2.507955694746948438e+01
-3.074184925856275896e+01
1.950517810780906558e+01
4.346694949696932042e-01
-1.475764712472189899e+01
1.411368967230411542e+01
-1.211412501610517722e+00
-1.158457040357492929e+01
1.218109979935567821e+01
1.615997400774942916e+00
-2.030135960797812089e+01
3.005195952785891222e+01
-2.346730368685499357e+01
5.269185635955579983e+00
1.143746872152807903e+01
-1.534521492465488279e+01
5.578543773789169435e+00
7.919184184845899921e+00
-1.244851497450188837e+01
2.677387309195109033e+00
1.510460813587146589e+01
-2.787133891611080827e+01
2.599286756903868323e+01
-1.067177285738057080e+01
-7.077341676489771416e+00
1.501697334753522384e+01
-9.075705139056582382e+00
-3.769962803516268224e+00
1.126781517710857372e+01
-5.694877119350979733e+00
-1.000840764006576045e+01
2.451933012325515548e+01
-2.695649640380860745e+01
1.530002757120495360e+01
2.134547982319610071e+00
-1.322055193227494385e+01
1.136112281859197992e+01
-3.534947749681300877e-01
-8.922894542600719348e+00
7.275997389807153937e+00
5.493882822199958049e+00
-2.042766770053953707e+01
2.640914000355797597e+01
-1.878573105358804085e+01
2.886678471390478506e+00
1.020993674305363541e+01
-1.224595655173667019e+01
3.967646696246871940e+00
5.818236547373992096e+00
-7.434625850909442057e+00
-1.948070564815406858e+00
1.608645843410828746e+01
-2.456761595294727840e+01
2.090661521071482198e+01
-7.496219632948770695e+00
-6.367380208545979414e+00
1.171328093138522064e+01
-6.672481683413630016e+00
-2.427110661098637934e+00
6.352631310220975713e+00
-3.800114569312122992e-01
-1.198372272910111391e+01
2.178405083555712451e+01
-2.160913996500488565e+01
1.127666046036749137e+01
2.154003956249541218e+00
-9.915784163014155439e+00
8.198034573415332815e+00
-7.680068307072893674e-01
-4.352980371331405252e+00
1.405777052007268546e+00
8.545992626030193051e+00
-1.849911050863935458e+01
2.101024445740079472e+01
-1.393217888493088985e+01
1.948670228225383383e+00
7.152598219930286660e+00
-8.434262533328441336e+00
3.335374470097351107e+00
1.855765127139477499e+00
-1.214806768290852101e+00
-6.087309355744355166e+00
1.518490867508674214e+01
-1.937798618747075707e+01
1.532174460751463485e+01
-5.498962469096818850e+00
-3.828259945174677270e+00
7.440680030450939064e+00
-4.946853082856137007e+00
6.772872369035063400e-01
4.732211895728388740e-02
4.772899867337956792e+00
-1.228474639486077535e+01
1.709360219989294905e+01
-1.547259753675020377e+01
8.149552058000269383e+00
3.990124212062031717e-01
-5.434674291991372641e+00
5.417162200484601620e+00
-2.802847194905417894e+00
1.736542331853264010e+00
-4.601970142809249431e+00
1.015720879111883690e+01
-1.459982822050428730e+01
1.457243914116071259e+01
-9.689504469255686203e+00
2.686784215606849102e+00
2.760077244362563853e+00
-4.724699196966057002e+00
4.153035857039640177e+00
-3.706226458693437920e+00
5.411662507506632913e+00
-9.031583200273104239e+00
1.234200960688675508e+01
-1.294142403853535761e+01
1.006861497723062726e+01
-5.046646722652093686e+00
1.599749637870475638e-01
3.011403332282704071e+00
-4.482365396554154557e+00
5.418720536634817009e+00
-6.901581824428508760e+00
8.980135741076974654e+00
-1.070942152750501464e+01
1.098755497436390804e+01
-9.401092072282683176e+00
6.413096857564493547e+00
-2.879912685824691287e+00
-5.617660549560343775e-01
3.698710388542147953e+00
-6.477712080171569298e+00
8.675729872751443139e+00
-9.910668528789713605e+00
9.984175538540165817e+00
-9.151149383227625833e+00
7.948188561840882294e+00
-6.667772844290800194e+00
4.991146800128030137e+00
-2.236306860455838486e+00
-1.874457619389561458e+00
6.586451235273326432e+00
-1.029651720278469718e+01
1.158024068019006414e+01
-1.030413107625745361e+01
7.845403482407342644e+00
-6.082019836976501281e+00
5.856258269502372826e+00
-6.176530072432518281e+00
4.943810210588208243e+00
-7.635355190599124597e-01
-5.587675868200554063e+00
1.134401697648992524e+01
-1.362828865415560387e+01
1.164447280325842016e+01
-7.400561719975670805e+00
4.235160075768312993e+00
-4.181777840739469454e+00
6.252994833181929835e+00
-7.129514892802895076e+00
3.863891728731059239e+00
3.485560271672715871e+00
-1.147297271145220954e+01
1.562495460193076724e+01
-1.382027696020661267e+01
8.018745637537142201e+00
-2.842385795804257320e+00
1.978554832280723375e+00
-5.196976964679741684e+00
8.427967192369957061e+00
-6.996799277484059942e+00
-4.469015820241235559e-01
1.046035251190373572e+01
-1.712852706450637541e+01
1.650976267795972774e+01
-9.745163312861464533e+00
2.281920983902175681e+00
3.318285516843566541e-01
3.149389064197329446e+00
-8.589281305410290557e+00
9.710436071581323603e+00
-3.218644300317809126e+00
-8.237421399493719321e+00
1.774475341974216747e+01
-1.929533435265081920e+01
1.245937425900063289e+01
-2.823606481650005495e+00
-2.295595981612801317e+00
-3.994626604484512455e-01
7.514414618015545777e+00
-1.159063598199017342e+01
7.096843323429848027e+00
4.902234221139961434e+00
-1.718054046857934125e+01
2.171729080738312945e+01
-1.588777936874047292e+01
4.590559709919300069e+00
3.486545180939986999e+00
-2.650577440455915479e+00
-5.271422322705989316e+00
1.231628445554559548e+01
-1.072092595292035710e+01
-7.108943537737530960e-01
1.528524891758170412e+01
-2.333348355420088183e+01
1.963585265827302351e+01
-7.539215436091247113e+00
-3.562909142065270540e+00
5.535642913974761825e+00
2.090557553959921933e+00
-1.170344948382952666e+01
1.363090725133764103e+01
-3.951425552933802265e+00
-1.207432388174932392e+01
2.377744842263398084e+01
-2.323616102009955497e+01
1.146035213413032849e+01
2.314146373498373599e+00
-7.786492462079477761e+00
1.661279043674918299e+00
9.732644577677675102e+00
-1.543277529565138551e+01
8.616174785108041689e+00
7.732196261173355900e+00
-2.280770678268794427e+01
2.620623719707888100e+01
-1.600109550059241315e+01
3.082652180851284118e-01
8.989712865663008756e+00
-5.523658330979305475e+00
-6.555710082444563547e+00
1.585013551973589330e+01
-1.278820774300640828e+01
-2.593966716212898760e+00
2.034201369410143556e+01
-2.810912625331601333e+01
2.070527547766736376e+01
-4.179978768579482917e+00
-8.841481446167801295e+00
8.998030337702967785e+00
2.481328655839877939e+00
-1.476181727292839341e+01
1.600664143195160349e+01
-2.891975032773358656e+00
-1.647218675808985466e+01
2.860907209664250317e+01
-2.506722067598622772e+01
9.014350171235541609e+00
7.188372938047145944e+00
-1.160859614992077482e+01
2.059153991937763273e+00
1.222067606923602412e+01
-1.790224231568505431e+01
8.215865794682281731e+00
1.145755109561752860e+01
-2.751539261543150872e+01
2.859238937271217651e+01
-1.439325007816956514e+01
-4.050063973274784068e+00
1.296112083446890040e+01
-6.561480657237524383e+00
-8.451146666978184285e+00
1.824420673010555305e+01
-1.286667187146094271e+01
-5.697684816217258863e+00
2.480903805996580402e+01
-3.085736889488892132e+01
1.981442026852590033e+01
-3.789802437554639081e-01
-1.279239849490895686e+01
1.050774116638593014e+01
3.825730384939603379e+00
-1.697049444530350115e+01
1.639299952536457994e+01
-3.122831311837668267e-01
-2.064845845435693406e+01
3.156183337774658781e+01
-2.474961882270230973e+01
5.749156517133192423e+00
1.100421937910695647e+01
-1.342787955120260079e+01
1.176791099216728309e+00
1.419789636530827082e+01
-1.845731469566905503e+01
6.038403414967529415e+00
1.535395800111549036e+01
-3.056602694573010126e+01
2.870645005058753441e+01
-1.159439229178454056e+01
-7.677591543286447440e+00
1.495589696374252142e+01
-6.026357518415558445e+00
-1.021051437474920220e+01
