0.000000000000000000e+00
1.981261166291631781e+01
-2.625812171848529175e+01
1.605116570601765602e+01
1.663819583974119887e+00
-1.248477615598111612e+01
7.912024651868417635e+00
8.097112662753074730e+00
-2.222147542868086134e+01
2.213052712766037899e+01
-6.122872252796456749e+00
-1.538035365419020195e+01
2.765258989755420060e+01
-2.279508021416021535e+01
5.643437449065867639e+00
1.007433988824781324e+01
-1.235576125763170552e+01
1.424300134017590924e-01
1.594738575181643903e+01
-2.192140557588840366e+01
1.134626066055188787e+01
9.516131153725282843e+00
-2.633381944767003802e+01
2.754781579991748686e+01
-1.310971958264911486e+01
-5.585989263559857143e+00
1.450357291613200061e+01
-7.722047845496772922e+00
-8.121656658702089970e+00
1.909984019474968875e+01
-1.489417978757126981e+01
-3.077299643490451597e+00
2.257115217590664003e+01
-2.977514948875803924e+01
1.980131032765077492e+01
-3.614915240077252179e-01
-1.418173752150953248e+01
1.380071753903213150e+01
-3.799016716288665663e-01
-1.392007338887351509e+01
1.622016117659536505e+01
-3.022145140813211395e+00
-1.693435928963067383e+01
2.925875822793138781e+01
-2.487619582735235468e+01
6.948919098380789805e+00
1.155360025790194456e+01
-1.775165696449750641e+01
8.608065682326476065e+00
6.941490715724137672e+00
-1.508086309197492980e+01
7.936705316519658382e+00
1.021284903656136400e+01
-2.612161965663619867e+01
2.769623212360413333e+01
-1.326984776454036563e+01
-7.092019273804935686e+00
1.924151665329123162e+01
-1.566578005633631676e+01
1.047640746319925320e+00
1.156706413251973586e+01
-1.100359483228571733e+01
-3.305764038844634101e+00
2.080648971847418949e+01
-2.791037579204562036e+01
1.845479461241363239e+01
1.509230883397576939e+00
-1.826805825491512891e+01
2.082499936716251554e+01
-9.137113105355126663e+00
-6.088023203362609159e+00
1.182999807924041313e+01
-2.901230225308347954e+00
-1.401097078670977147e+01
2.549753159991242057e+01
-2.178889189600548804e+01
4.345471771635505576e+00
1.515151888860289020e+01
-2.361846393789749854e+01
1.641700607856751404e+01
-6.880731920111475830e-01
-1.034136330587485730e+01
7.654903151506638359e+00
6.588881618827812758e+00
-2.076347654800276032e+01
2.280641689748378198e+01
-9.605325895674040382e+00
-1.048156875266766619e+01
2.389385697444162204e+01
-2.209777439458173021e+01
7.928565897694232589e+00
6.784463119964215139e+00
-1.043241655313141436e+01
5.676307756740085475e-01
1.429298410019849008e+01
-2.134916728618375714e+01
1.350572353272257331e+01
5.028137887984270193e+00
-2.182336010115182745e+01
2.561129115484398611e+01
-1.475175528786109425e+01
-1.685556866315849334e+00
1.100479021662901147e+01
-6.648225183264214522e+00
-6.864705447865421917e+00
1.758103663159419483e+01
-1.548688016660139155e+01
3.705219772708443493e-01
1.786815419191125187e+01
-2.667893473153408479e+01
2.034656152681802510e+01
-4.229530924051688068e+00
-9.457574709098929944e+00
1.102968045099469308e+01
-6.583831151893759781e-01
-1.195758705708342085e+01
1.526527524228599830e+01
-4.926104706101135378e+00
-1.270392676574091695e+01
2.533779686568369272e+01
-2.407932857349328515e+01
1.014120380545710631e+01
6.166770703615286564e+00
-1.335177255990636525e+01
7.446852463342224837e+00
5.155949130804009073e+00
-1.286437092196410958e+01
8.007794957431752181e+00
7.118980832699977945e+00
-2.192231863804696701e+01
2.557286495196203902e+01
-1.525201872648273138e+01
-1.734570141957624934e+00
1.355365659532010092e+01
-1.281400910962203632e+01
2.023967579954058849e+00
8.601218920650701705e+00
-9.223942676437264510e+00
-1.900282489673851050e+00
1.700518949588149908e+01
-2.474715153487852959e+01
1.889584903367975244e+01
-3.104747255304346254e+00
-1.186666317446230323e+01
1.630102611842370663e+01
-8.772026335106525963e+00
-3.032069576354927243e+00
8.466824378051349242e+00
-2.275798701194361673e+00
-1.130719704210379817e+01
2.181697059098755176e+01
-2.062475071583164876e+01
7.594296175085681000e+00
8.765886759956975638e+00
-1.772651534799379647e+01
1.437758207711718761e+01
-3.133972861283199407e+00
-5.915116465600391393e+00
4.932391402084149057e+00
5.590027732915078928e+00
-1.724813160609155815e+01
2.026163440590232767e+01
-1.106306877174687386e+01
-4.888938228068880676e+00
1.719454533963424581e+01
-1.832059603974678907e+01
9.139727939182151317e+00
1.995065096138675997e+00
-5.848396646740818383e+00
-5.481679723997037179e-01
1.168001814182851383e+01
-1.791218203430396017e+01
1.301760341129793197e+01
9.348647446851696685e-01
-1.506139803175982195e+01
2.033153074413714378e+01
-1.428725486042153392e+01
2.692576596883546003e+00
5.075022495018744806e+00
-3.284248327558534353e+00
-5.826953779259117283e+00
1.393565532155293596e+01
-1.320393852462316708e+01
2.441168576627999798e+00
1.186747202166065662e+01
-2.041238679466192707e+01
1.803186472729605683e+01
-7.467871676865586394e+00
-2.911582555866326416e+00
5.598471187434631346e+00
3.736851278133297427e-01
-8.880374010142997321e+00
1.163174061164684048e+01
-4.721646777028157160e+00
-8.245760575053701302e+00
1.881726002297666156e+01
-2.004942039557021616e+01
1.167431537857056156e+01
-1.543050722184986512e-01
-6.339467464836626043e+00
4.119284965678604138e+00
3.394768843796261315e+00
-8.558404450849341316e+00
5.595327726182454775e+00
4.821516815806029754e+00
-1.599692625927292156e+01
2.026791991653723102e+01
-1.477310958016134634e+01
3.531761530735250787e+00
5.694770309933549157e+00
-7.286736845420642261e+00
1.871723855779286794e+00
4.437035545449234064e+00
-4.991331209211820052e+00
-2.118613382517866128e+00
1.251726738135984007e+01
-1.886003264869326657e+01
1.641518565911901106e+01
-6.623048820812014625e+00
-4.047145631988195547e+00
8.996377295592470347e+00
-6.362545156407994007e+00
1.623959376138977007e-01
3.074850835716994357e+00
4.866116895071801451e-01
-8.965039974547913459e+00
1.619931034854512930e+01
-1.648087663256785262e+01
8.916119993773783392e+00
1.899818088755619527e+00
-9.348730031042533639e+00
9.688559292873106799e+00
-4.645605550459746880e+00
-2.066548111358539330e-01
-5.894617940841540005e-02
5.856018910310366365e+00
-1.278829374437686894e+01
1.508241705429287549e+01
-1.005915363334080581e+01
2.130275515696204991e-01
8.640877240948293903e+00
-1.167255887113055302e+01
8.485398450364566969e+00
-3.125916582915458264e+00
7.474931466602456887e-01
-3.559722879070946533e+00
9.170840300503805054e+00
-1.253035514566389708e+01
9.906122361544571930e+00
-1.815838051151834165e+00
-7.301235108043568900e+00
1.235802019975754540e+01
-1.129768965075313858e+01
6.394524131911712317e+00
-2.272951434405528381e+00
2.251913877225654836e+00
-5.843098481347989370e+00
9.270571240837597315e+00
-8.527294943038560504e+00
2.567150251380007298e+00
5.806884912611145033e+00
-1.198217594266817265e+01
1.289072478891240259e+01
-9.117768138705367065e+00
4.224832630775392062e+00
-1.901361326836795929e+00
3.177353099524542479e+00
-5.803041893145519659e+00
6.184276909863108074e+00
-2.309318066038897221e+00
-4.597422884590872449e+00
1.091911887637077072e+01
-1.328064078666791126e+01
1.093729124058439162e+01
-6.140316805236459174e+00
2.291733515090559781e+00
-1.370531294001243516e+00
2.596092758501583830e+00
-3.274850927091064623e+00
1.085315504464144265e+00
3.999482141501470522e+00
-9.603285235757640592e+00
1.267205657479540193e+01
-1.167009280277783212e+01
7.588472837965401396e+00
-3.073820192541631080e+00
4.249028828696701510e-01
-1.026278606376607172e-02
2.575979990812999887e-01
8.791087282745295717e-01
-4.174019654194688123e+00
8.446574049585754196e+00
-1.140804416437119784e+01
1.132921062665705136e+01
-8.245780646010089754e+00
3.838492147036312474e+00
-1.631263893938224019e-01
-1.755973925239876721e+00
2.430668182221298323e+00
-3.223995433831456037e+00
5.094503338640956613e+00
-7.763102270100660007e+00
9.898704714561045392e+00
-1.011022330615440978e+01
7.950588931502766243e+00
-4.197615008020461502e+00
2.741474970467439043e-01
2.690191168513690556e+00
-4.450702952587503702e+00
5.525585551530881823e+00
-6.558927074895109399e+00
7.714080287506757116e+00
-8.540898724914159246e+00
8.346660638802042342e+00
-6.727803901400672082e+00
3.859045019553905220e+00
-3.814489348941334512e-01
-2.956378516172844417e+00
5.617256806582958006e+00
-7.376252095961163491e+00
8.232964542511366446e+00
-8.281780818857319204e+00
7.642939582347420213e+00
-6.442480547693334891e+00
4.780131511946033918e+00
-2.682999410285114905e+00
1.215722034829518350e-01
2.853973412139249266e+00
-5.926879133628375484e+00
8.460204172504424136e+00
-9.716445428183789090e+00
9.276641888285402260e+00
-7.367069954965211664e+00
4.793473739635181197e+00
-2.447775801122126449e+00
7.103116131483702134e-01
7.807557413809682600e-01
-2.753020166920419065e+00
5.552692368802993883e+00
-8.612033503817107416e+00
1.062151705940062918e+01
-1.037598927610570243e+01
7.699472298612936250e+00
-3.711206798060942447e+00
1.437325686642061395e-01
1.842173786682224979e+00
-2.453909258264872939e+00
3.016857314016684555e+00
-4.807261506176688570e+00
7.848096227985926987e+00
-1.064894804391221150e+01
1.118757890338802774e+01
-8.452918196498622194e+00
3.362637105180034780e+00
1.724127933135662261e+00
-4.618306152384638708e+00
4.847309225664449883e+00
-3.925800148277710733e+00
4.080018511207606835e+00
-6.365273397814481982e+00
9.649340150345810940e+00
-1.132699377751328917e+01
9.301686033195544212e+00
-3.735909390844727618e+00
-2.830773360799055283e+00
7.185293505072618991e+00
-7.731821359540481886e+00
5.615146764566578241e+00
-3.759980584225108835e+00
4.507100161225605639e+00
-7.658490254198007108e+00
1.049555357641750319e+01
-9.842953458000691214e+00
4.638495285417346459e+00
2.998069119077060307e+00
-9.111797141892596485e+00
1.073298973116965982e+01
-8.038513355265553884e+00
4.157035366434914891e+00
-2.702720881207135051e+00
4.900391151082413188e+00
-8.545193911662162023e+00
9.674373494538651030e+00
-5.728460120928460242e+00
-2.233907708603650732e+00
1.004823752396089098e+01
-1.339198134516336225e+01
1.096336507663661308e+01
-5.435441332483566867e+00
1.388735414041542215e+00
-1.756701374179256092e+00
5.518787829478071671e+00
-8.474699060501986736e+00
6.574096749982257570e+00
7.391610241016106642e-01
-9.795545053792036327e+00
1.524440377497568022e+01
-1.400030968566104406e+01
7.571336153531424529e+00
-9.270041728809714776e-01
-1.292903512259389487e+00
-1.658302877681560261e+00
6.073597837838304869e+00
-6.732345569279756248e+00
1.119534530776789438e+00
8.350285044496216003e+00
-1.590400012434138510e+01
1.666210685342718989e+01
-1.034224243417213707e+01
1.532382030163684128e+00
3.750158057052932037e+00
-2.621602599246774190e+00
-2.498330808080709176e+00
5.833103990455593468e+00
-2.867503624631721593e+00
-5.917771590934599146e+00
1.513714473624655987e+01
-1.844331592368805772e+01
1.335140272472262879e+01
-3.222989791383305658e+00
-5.184596668796052299e+00
6.791264681127884728e+00
-2.011470891761444335e+00
-3.655264113876418364e+00
4.001477175393696406e+00
2.889888940326775568e+00
-1.291525373175893066e+01
1.890787175946286425e+01
-1.608407695704094564e+01
5.802201166546019806e+00
5.312638847513444951e+00
-1.028646471157968456e+01
7.024652735070814558e+00
1.813299550632327950e-01
-4.078171389704563055e+00
2.099392656685363789e-01
9.435522746390320847e+00
-1.777024020819455430e+01
1.798760073209151855e+01
-8.876546630702927487e+00
-4.055932679134843788e+00
1.259917455426507260e+01
-1.197299100992746368e+01
4.379377719243383815e+00
2.797583398094856566e+00
-2.806758351597961720e+00
-5.105311268456123486e+00
1.495644943121222781e+01
-1.856288824242374247e+01
1.190798639343811516e+01
1.568528874333216194e+00
-1.336409893781124225e+01
1.623171015442862597e+01
-9.604093176021727629e+00
-6.703682588119619368e-02
4.366916515526538589e+00
4.912508706073754894e-01
-1.063415115231957842e+01
1.745284116035504596e+01
-1.429338581860763924e+01
1.772799774338054135e+00
1.242677087285205317e+01
-1.921408189780039066e+01
1.490596124439352010e+01
-3.965293963718246495e+00
-4.489147331271070129e+00
3.760136780528162248e+00
5.205517662276179180e+00
-1.451317602566334131e+01
1.545943039938857311e+01
-5.415027227711185276e+00
-9.881484338487631192e+00
2.046549832092861365e+01
-1.961299339962506849e+01
8.914102821251724151e+00
2.979164330537421357e+00
-7.018769686079020076e+00
7.374796824920295535e-01
9.853536244778656084e+00
-1.495838595148441641e+01
8.706195934964798155e+00
6.071789911859282185e+00
-1.974203864574958445e+01
2.306532979033676867e+01
-1.419891867005045683e+01
1.048006124755311852e-01
8.769700455681682882e+00
-6.489921619977160994e+00
-3.841079145567380948e+00
1.254951784515825963e+01
-1.099258973881261880e+01
-1.551968225300049298e+00
1.706052807403057159e+01
-2.471626596435337930e+01
1.911931746309176816e+01
-4.443888014535219533e+00
-8.698775796889492540e+00
1.133221439292652555e+01
-2.935620011354712844e+00
-8.252761902572570918e+00
1.172129938923404957e+01
-2.986035567253647827e+00
-1.271114737111855320e+01
2.422145747164274354e+01
-2.295301238484566397e+01
9.490701563806075214e+00
6.751429889610538027e+00
-1.463541076729464763e+01
9.738385148469145491e+00
2.365152700023318566e+00
-1.053244138704823385e+01
6.810224544779286404e+00
7.229197931922673348e+00
-2.150207197444022000e+01
2.506258078391526567e+01
-1.453820833014544789e+01
-3.154536064164862541e+00
1.595768471379636466e+01
-1.577736957517471339e+01
4.564008212961697453e+00
7.326422616061498694e+00
-9.256633499353256411e+00
-1.328824512701389793e+00
1.677124826967071769e+01
-2.499482716003928218e+01
1.881628143171008105e+01
-1.603362466068772196e+00
-1.511696630308978939e+01
2.032120036788329998e+01
-1.179704119125812056e+01
-2.295053714655665988e+00
9.831800980970397674e+00
-4.192599049431633418e+00
-1.051852880255341383e+01
2.255744532943123204e+01
-2.160222446548691266e+01
6.831888673350959174e+00
1.222796566157540532e+01
-2.280318604392406812e+01
1.850261248557176685e+01
-4.089483326122687501e+00
-8.293964307002783087e+00
8.566019415062971376e+00
3.453169836399418990e+00
-1.786066799331058164e+01
2.232911735283302690e+01
-1.173105313979261055e+01
-7.696902594708346257e+00
2.290760236317440146e+01
-2.386817996648660412e+01
1.112758148287960225e+01
4.700126077008194514e+00
-1.116203575910665791e+01
3.586538177967896424e+00
1.131655350853202080e+01
-2.067573193571264767e+01
1.550309668422767828e+01
2.173463747329329898e+00
-2.062266735957953401e+01
2.721404807175372298e+01
-1.798052130462886211e+01
5.890396651303630993e-01
1.158550509086652625e+01
-9.745537849690991905e+00
-3.594731498037099904e+00
1.662413354661858378e+01
-1.746794186187156583e+01
3.534095692813512102e+00
1.625148514451946369e+01
-2.809229721432169669e+01
2.378215600342790381e+01
-6.948351296659699194e+00
-9.739039650370095558e+00
1.426996083359390255e+01
-4.460108127826377000e+00
-1.047558828312159562e+01
1.716534659054167378e+01
-8.569170771113231666e+00
-1.037830053016226373e+01
2.635573552687541365e+01
-2.775823598172920725e+01
1.356674737050997770e+01
5.845339490885337774e+00
-1.661370331756541674e+01
1.193791759643596784e+01
2.821383024643870030e+00
-1.442847950303394988e+01
1.214682948469027401e+01
3.793966019065726947e+00
-2.218615728450651048e+01
2.933619431294657076e+01
-1.955484084107580856e+01
-4.242000817524064771e-01
1.651791389550228928e+01
-1.798490168500697450e+01
5.528247089279670234e+00
9.417570265506398641e+00
-1.366639754957172315e+01
2.609402031953976575e+00
1.607698773813701010e+01
-2.822930834631352326e+01
2.406641471779698804e+01
-5.773364122694282230e+00
-1.405140622418889507e+01
2.191974846742021654e+01
-1.364768343601574863e+01
-2.607964715893005270e+00
1.280017858018264221e+01
-7.959927199096019201e+00
-8.771997517106289166e+00
2.448264929289841518e+01
-2.641659315393034291e+01
1.186511563999973617e+01
9.605553361551503855e+00
-2.332772604499131575e+01
2.061769042634685789e+01
-5.266497715084744513e+00
-9.545142569537118149e+00
1.152642623396111787e+01
1.168201615628090551e+00
-1.847363210166533420e+01
2.617966973721823365e+01
-1.695784677456904532e+01
-3.843778807048203294e+00
2.211890554379212759e+01
-2.564826067849941182e+01
1.330734357424147873e+01
4.229654508403609015e+00
-1.282055647860620340e+01
5.803642604304072528e+00
1.086649307063169445e+01
-2.325233564163510636e+01
2.027092410016480173e+01
-2.387638199550648821e+00
-1.854183730833672428e+01
2.818507907126352663e+01
-2.056963438182663495e+01
2.526231710564770250e+00
1.166589760452913893e+01
-1.130415388230099794e+01
-2.526691242137692139e+00
1.787293157846151814e+01
-2.124552796827347834e+01
8.175060141448000195e+00
1.315038640068106801e+01
-2.798437156200503040e+01
2.618788919508756763e+01
-9.891672543656040872e+00
-8.223888339471567832e+00
1.469834875826636633e+01
-5.592937445744195379e+00
-1.059363683019559232e+01
1.962393773686303433e+01
-1.266302609013386160e+01
-6.728185781820543276e+00
2.514537595959748728e+01
-2.949198283698244794e+01
1.693590094351944586e+01
2.972720847271895117e+00
-1.564051482651015412e+01
1.257831524699474457e+01
2.209280318756101202e+00
-1.548746205043592994e+01
1.517204179563410449e+01
1.812922715723104261e-01
-2.009573530938824248e+01
3.009661608639973451e+01
-2.275346897524490686e+01
3.357931219422991553e+00
1.411889820207339596e+01
-1.767478011213067646e+01
6.347287837130157762e+00
9.247541493362991361e+00
-1.529192241639231753e+01
5.585776244834233850e+00
1.353187741400774513e+01
-2.795172748322534062e+01
2.658618178413676958e+01
-9.887110602679459959e+00
-1.045394584524844461e+01
2.038528151267388111e+01
-1.412851549390714467e+01
-1.591284729868259973e+00
1.293750520141309934e+01
-9.793064295456044732e+00
-6.322907995153205896e+00
2.334683381191623397e+01
-2.792452387627252008e+01
1.570344487673750677e+01
5.250532449884265596e+00
-2.053238997455848747e+01
2.029675300739224397e+01
-6.610755373189048711e+00
-8.358989714745179711e+00
1.188988981788533650e+01
-6.082439010130160639e-01
-1.686891779804388491e+01
2.657437225233683620e+01
-1.998950371071024890e+01
6.887864454362766509e-01
1.827564820934613721e+01
-2.423262429183498767e+01
1.442136783041806858e+01
2.105718148731988926e+00
-1.162658734634046631e+01
6.409498003950472977e+00
9.320146834272161840e+00
-2.267984533766691868e+01
2.213205283204550966e+01
-6.476894031887768577e+00
-1.408225735908599674e+01
2.561208541747157952e+01
-2.096138902611465937e+01
5.051092432936827414e+00
9.083470116519151816e+00
-1.041247430964760312e+01
-1.607422364072905507e+00
1.669949925904551691e+01
-2.180276977734016697e+01
1.126531283721264565e+01
8.655812035058758624e+00
-2.444171470434663362e+01
2.552468642545546018e+01
-1.222529957701329728e+01
-4.653440194439087740e+00
1.221775480438823180e+01
-5.380312913580255874e+00
-9.339808813493956308e+00
1.899838041058922045e+01
-1.435990819651543760e+01
-2.833779459608217532e+00
2.104789044629365691e+01
-2.766736157472618629e+01
1.853695006557272151e+01
-1.018611161617772431e+00
-1.174094084944568905e+01
1.088951250060382492e+01
1.455964380449845663e+00
-1.403514306048454507e+01
1.531280852661888581e+01
-2.531217324066282082e+00
-1.602220127642804215e+01
2.725902516990267799e+01
-2.323019842665786783e+01
7.130281959377356316e+00
9.213701526478466519e+00
-1.439771213034378583e+01
6.065417553157863573e+00
7.499255223487991451e+00
-1.397791624998499493e+01
6.689136926625952384e+00
1.013170650275563034e+01
-2.448964111860246362e+01
2.577138287778781844e+01
-1.283593232369805648e+01
-5.140600036494046066e+00
1.567437116381258910e+01
-1.242469573906289249e+01
-1.610965816569649434e-01
1.052284815507123028e+01
-9.092529157774592363e+00
-4.207595086515385496e+00
1.983196156899247242e+01
-2.591375665738766543e+01
1.736403934569718288e+01
2.188750506314027788e-01
-1.479905278479928299e+01
1.701188589497032666e+01
-7.133684458426864161e+00
-5.396585750493834155e+00
9.464947152755030402e+00
-9.713346732368399739e-01
-1.396600426385731453e+01
2.372045475113488067e+01
-2.012078617449716944e+01
4.766404102679199895e+00
1.213547328307389606e+01
-1.947940503686340463e+01
1.358012747449122593e+01
-7.414326475072776645e-01
-7.828768635070099791e+00
4.783540189853749958e+00
7.677403461818886221e+00
-1.954351803565476686e+01
2.076538558960761804e+01
-9.056060958975466590e+00
-8.266411186687818713e+00
1.977532630330273378e+01
-1.852016581992213418e+01
7.119545721320506892e+00
4.489555248159250667e+00
-6.843188580963617262e+00
-1.745008517267828463e+00
1.396325464403877881e+01
-1.924708809838383416e+01
1.202272276625430969e+01
3.900076773084271586e+00
-1.813358730180998890e+01
2.152410093688423842e+01
-1.296445415347703722e+01
1.948257044243639768e-02
7.041669829128609948e+00
-3.165693619447898843e+00
-7.697924961595060900e+00
1.579968283018078523e+01
-1.325377598707987303e+01
2.375248139868384456e-01
1.502400491112634917e+01
-2.243636641737148096e+01
1.760773284465566846e+01
-5.023560779521469399e+00
-5.547349227553712403e+00
6.588040157384886797e+00
1.497848743985692010e+00
-1.089566828377814467e+01
1.259999651791648212e+01
-3.508012563371280645e+00
-1.107080713405655992e+01
2.138016033525750714e+01
-2.057287322003033125e+01
9.809305900222820895e+00
2.765053351721862285e+00
-8.306786866315189144e+00
3.960042678818727957e+00
5.168184742854593061e+00
-1.018388020938110650e+01
5.448376540409730850e+00
6.952825726149633567e+00
-1.872177694680355131e+01
2.163076825125669345e+01
-1.372887078904162195e+01
7.372583940276857817e-01
8.371310294011472308e+00
-8.161704389310120433e+00
6.866234280250278488e-01
6.367877940326637898e+00
-5.828674120001233305e+00
-3.300855943663995262e+00
1.500146163476919448e+01
-2.081660873330065442e+01
1.628967852349475365e+01
-4.322477863904701678e+00
-7.068988364250725631e+00
1.081686374226146974e+01
-6.011579710492530815e+00
-1.688753215450160994e+00
4.672173957659256693e+00
6.076583573797158522e-01
-1.084244227848017061e+01
1.840716608576702740e+01
-1.721690321174903104e+01
7.384066729984409605e+00
4.864354192656119125e+00
-1.188332776411924741e+01
1.027934296566342098e+01
-3.230781996760434538e+00
-2.236353083336610759e+00
8.363025024345004388e-01
6.852741139898924416e+00
-1.486346438272615345e+01
1.648031011993660755e+01
-9.436158316687141223e+00
-2.314654223013654644e+00
1.155254794119943362e+01
-1.315888495534297675e+01
7.778870804966844688e+00
-1.040829907948916500e+00
-9.726133767161262433e-01
-3.535025155303456401e+00
1.074897109160565734e+01
-1.428277007651458419e+01
1.018062003652719660e+01
-2.426389578949006420e-02
-1.020027952441754948e+01
1.454843115890905558e+01
-1.144460468516568774e+01
4.619758734135794853e+00
-3.303361979320129649e-02
1.218048031593350622e+00
-6.636890655520829796e+00
1.101374072033639528e+01
-9.541604767364461281e+00
1.686732817282209140e+00
8.311446746232359573e+00
-1.457117292425497013e+01
1.388774453753643456e+01
-7.949851004129369514e+00
1.833739604487666597e+00
-1.947708670443049073e-02
3.021423125053726011e+00
-7.176343246552667310e+00
7.663449776675795633e+00
-2.366988099972860304e+00
-6.392070116147632319e+00
1.353596500905258360e+01
-1.497798133387045638e+01
1.055741778742079617e+01
-3.971114992302222646e+00
-1.553027943104061670e-01
-2.467892899732886391e-01
3.300541753865358530e+00
-4.873642883021773287e+00
1.959488994136232787e+00
4.882770964577846762e+00
-1.187065608632820002e+01
1.479871999169489882e+01
-1.211684789225716941e+01
5.959676007779169282e+00
-4.203750768582343866e-01
-1.535373898180545815e+00
1.432275075436688638e-01
1.618046749021216257e+00
-5.644326094104192837e-01
-4.087715376130869771e+00
1.003982109942984202e+01
-1.361612613217778467e+01
1.249428788541196411e+01
-7.371771811117323381e+00
1.356065546181995707e+00
2.374446707313196292e+00
-2.816084990118504550e+00
1.620196235933924811e+00
-1.541247853214860353e+00
4.130030596358084338e+00
-8.460847261907817440e+00
1.181970421349583589e+01
-1.175765798736932410e+01
7.909156011509066886e+00
-2.222807168862967586e+00
-2.494919780589731406e+00
4.557150181558672131e+00
-4.404311572222507465e+00
3.961562504399482876e+00
-4.940196176884574797e+00
7.432252920214555303e+00
-9.845110570145809703e+00
1.015241131314834178e+01
-7.449785205645063080e+00
2.635153615244551162e+00
2.241540701327009888e+00
-5.397546948882956386e+00
6.416214462174641753e+00
-6.257457203658125522e+00
6.278415756282717197e+00
-7.085829571934231907e+00
8.092558946019241972e+00
-8.048019168464191964e+00
6.062685108024140845e+00
-2.322795625931075136e+00
-2.005521733594444633e+00
5.540546985321236129e+00
-7.505741704515163093e+00
8.027955065910507670e+00
-7.786395025464544872e+00
7.370078976968356343e+00
-6.854647508226434205e+00
5.864863976695151138e+00
-3.989077778645720329e+00
1.179868594260634396e+00
2.144758909137953751e+00
-5.312011353029950200e+00
7.709011728630764893e+00
-8.982639151204230288e+00
9.059175351322497960e+00
-8.067141701780787599e+00
6.265670084963825381e+00
-3.994303958621769013e+00
1.593549603902842060e+00
7.161145993180699776e-01
-2.911828571411174238e+00
5.090142952003512633e+00
-7.233331049407302871e+00
8.993265682464624433e+00
-9.724456527225834535e+00
8.839831352627292915e+00
-6.280769127325325663e+00
2.725659557235637465e+00
7.060346563155581734e-01
-3.118644368674944545e+00
4.402100782896242848e+00
-5.226912617245674575e+00
6.411644623772174256e+00
-8.115866425569867815e+00
9.515691500351838528e+00
-9.300395309517730524e+00
6.688247669006563534e+00
-2.192614416358495077e+00
-2.517686488848926096e+00
5.657275891544252033e+00
-6.530879066233382879e+00
5.974838697802245413e+00
-5.634589955105757220e+00
6.579659733972619939e+00
-8.326326931299915302e+00
9.089016686606719020e+00
-7.152795926687443462e+00
2.348233140412119724e+00
3.549851001182213750e+00
-7.905611924043341787e+00
9.043599250293947733e+00
-7.431878499923840309e+00
5.271948770059529110e+00
-4.744642328283068089e+00
6.235716214444659400e+00
-7.948430382433729235e+00
7.282199883683668773e+00
-2.973006127531921727e+00
-3.668455080314256378e+00
9.460590187406621610e+00
-1.155758218590460373e+01
9.514179775446152121e+00
-5.597096025132371366e+00
3.034985053766976471e+00
-3.501938883963768845e+00
5.781612852146784221e+00
-6.706119166698407241e+00
3.714808872560531938e+00
2.926403045333930919e+00
-1.001949198176807698e+01
1.362852640641805735e+01
-1.196182344637104578e+01
6.727630518427336170e+00
-1.859460027513293312e+00
5.222674521014170068e-01
-2.682230913398822025e+00
5.153393336564672467e+00
-4.154296693567388843e+00
-1.560003669943055726e+00
9.441335022699353985e+00
-1.483070293548352403e+01
1.437720323785893584e+01
-8.592793874069970528e+00
1.532418937503909007e+00
2.232553782598573289e+00
-1.068030608074630905e+00
-2.514409919091378676e+00
3.884910557322551306e+00
-4.772307620951465879e-02
-7.781743774439503269e+00
1.483736086224697281e+01
-1.629021249027768548e+01
1.093394855271953503e+01
-2.208943899965024826e+00
-4.299586779747474274e+00
5.035702676431199620e+00
-1.122654276712944821e+00
-2.594051229550976334e+00
1.431382534676030716e+00
5.294628444964047276e+00
-1.348757597173413814e+01
1.723982406712208615e+01
-1.333897566080144870e+01
3.845670806067876590e+00
5.307119028943569461e+00
-8.700188951958512718e+00
5.468773463054504624e+00
1.315222376315867692e-01
-2.125003132921531090e+00
-2.399383711425409516e+00
1.082773894929277780e+01
-1.685870039293997280e+01
1.530582911631779197e+01
-6.194761011736365397e+00
-5.046168773417382347e+00
1.153688430706089996e+01
-1.006590639587723324e+01
3.446858442192589855e+00
1.747995253318331610e+00
-3.820111936940868702e-01
-7.119792601127132414e+00
1.494664730876267811e+01
-1.632554371997211007e+01
8.833195238060614685e+00
3.517651816256313069e+00
-1.310550675560249445e+01
1.434972394566590559e+01
-7.868785090006230831e+00
-8.095695187307905272e-02
2.508552328609294335e+00
2.813586073029480161e+00
-1.152018482148337952e+01
1.597153924513887979e+01
-1.122381600175298111e+01
-9.464541855526249492e-01
1.312918874791665935e+01
-1.773406115256876703e+01
1.267123048755651027e+01
-2.881708788088146456e+00
-3.511363677983228904e+00
1.513503251175150055e+00
6.829047459257395758e+00
-1.398066190760354033e+01
1.279926237591064009e+01
-2.241195862787915161e+00
-1.155096945303724887e+01
1.970412538285383164e+01
-1.725974337711237894e+01
6.912000169346051770e+00
3.077773234612602327e+00
-5.241135082510701260e+00
-1.335513871817743947e+00
1.031231110959343411e+01
-1.305596993957991359e+01
5.474829786528498055e+00
8.557586814953349830e+00
-1.990368863879383809e+01
2.099306906985604115e+01
-1.156596682260216014e+01
-1.114351929863689694e+00
7.802068752194762702e+00
-4.341682958242771839e+00
-5.175105213517227298e+00
1.164339881743232397e+01
-8.123483675894487277e+00
-4.565405143781701369e+00
1.820200061148271686e+01
-2.328057003495469957e+01
1.623756435098323436e+01
-2.222100771514801565e+00
-8.774812144380852885e+00
9.511408722159789164e+00
-9.846093806542297600e-01
-8.433952816570519317e+00
9.593767725709076544e+00
1.691797989655245971e-01
-1.472893758283239940e+01
2.367749236787423328e+01
-2.024167553167424671e+01
6.531887377230301439e+00
7.958031056909113055e+00
-1.351002973627247883e+01
7.532239894355796217e+00
3.561654437135802542e+00
-9.427295026645062137e+00
3.939750429549134125e+00
9.871553012965918583e+00
-2.196299080675895965e+01
2.291443618696858664e+01
-1.121847406022261495e+01
-5.414309217529559071e+00
1.580218573054190401e+01
-1.372628140158853682e+01
2.577823902770082221e+00
7.382143976086088522e+00
-7.074260990262002835e+00
-4.231023756563843108e+00
1.818804994449274659e+01
-2.371592344327759960e+01
1.556765109013533888e+01
1.475259764501895887e+00
-1.606686351665833712e+01
1.882021218573551735e+01
-9.367376344602558191e+00
-3.485050147675309073e+00
8.656345704039923206e+00
-1.454895542152710775e+00
-1.268471716987119535e+01
2.231943734732335827e+01
-1.884884918553825628e+01
3.294257163161641966e+00
1.425501288830786173e+01
-2.217013881930963493e+01
1.604435366864644052e+01
-1.954845593119765912e+00
-8.310173841306223608e+00
6.413331633727334058e+00
6.033766272920184193e+00
-1.867320060274200699e+01
2.042393077288730296e+01
-8.168826503590828736e+00
-1.060892154159239986e+01
2.333206521291311475e+01
-2.180194100708015270e+01
8.374227882931844391e+00
5.928711244163410221e+00
-9.947129119446003642e+00
1.005816127359580037e+00
1.302411088855714638e+01
-1.984721217516567648e+01
1.236234255836597384e+01
5.639129408422546064e+00
-2.213379062105793338e+01
2.590166482238274170e+01
-1.502304885968297654e+01
-1.702946417972503568e+00
1.153871082800147718e+01
-7.596240462187612508e+00
-5.898657481597878061e+00
1.694136098639586407e+01
-1.514092196275287350e+01
-6.098712778880077678e-02
1.870988405239382146e+01
-2.778060092689784710e+01
2.106240101781368423e+01
-3.891861857312448603e+00
-1.093124529127471867e+01
1.293534250566577271e+01
-1.957552300303463610e+00
-1.183705566782778185e+01
1.593241505420703064e+01
-5.300905762039684888e+00
-1.349344744405547480e+01
2.713723706628791277e+01
-2.567924032429734282e+01
1.015217041334393855e+01
8.174435369532897511e+00
-1.636956729344791484e+01
9.673972767460353950e+00
4.969433839564405098e+00
-1.441618340625269212e+01
9.627145843208928966e+00
7.164693868305126223e+00
-2.398275564856074027e+01
2.820153898829511974e+01
-1.623729251131226903e+01
-3.627241995360144244e+00
1.748889489389469531e+01
-1.637012643617277519e+01
2.969360464663012955e+00
1.057939137874435431e+01
-1.222051921769531013e+01
-5.627880311246995504e-01
1.864935294535390398e+01
-2.819702520275567537e+01
2.128323518987824770e+01
-2.083903585358714228e+00
-1.618943334067058260e+01
2.127520638324200419e+01
-1.111572656373898127e+01
-4.730744844345183608e+00
1.260850772283905918e+01
-5.427043726436567184e+00
-1.175339520592147124e+01
2.554075844468325940e+01
-2.452317273219031080e+01
8.146291925775374310e+00
1.269391221770059985e+01
-2.383506293148243316e+01
1.854672186393294808e+01
-2.531278695254681299e+00
-1.061610367686866674e+01
9.995275011275110089e+00
4.117815468256420530e+00
-2.044110932177829199e+01
2.539723454601325159e+01
-1.367053806993775389e+01
-7.526335515023142797e+00
2.379092919010972196e+01
-2.440311615096528897e+01
1.039202888681731274e+01
6.397845663772073976e+00
-1.252130692315110316e+01
3.335808231078857489e+00
1.341963909224785212e+01
-2.363557957986477476e+01
1.781327090931264934e+01
1.443707755308294649e+00
-2.121814421828875652e+01
2.800593109295206062e+01
-1.792625847008254425e+01
-4.237970379104218921e-01
1.266176838767948709e+01
-9.710490328200782173e+00
-5.247035534759426412e+00
1.930240954363316064e+01
-1.989547349609592786e+01
4.665955400851112600e+00
1.651881352451898977e+01
-2.894973980378136957e+01
2.422104172155057000e+01
-6.579161745196639544e+00
-1.040093879558902579e+01
1.425499346374110843e+01
-3.156328250396867485e+00
-1.279411097104966188e+01
1.949947817690070195e+01
-9.905123122095609745e+00
-1.036897204469808287e+01
2.715920008720533119e+01
-2.849872986739116243e+01
1.372284991302061918e+01
6.055720876573768230e+00
-1.646565026337580306e+01
1.084144259336938632e+01
4.791300987561324831e+00
-1.653056361826920195e+01
1.349059657386290922e+01
3.627406106850952661e+00
-2.290050406712994402e+01
3.022248956367059236e+01
-2.007684027123195847e+01
-2.341186818526321822e-01
1.615427731499551101e+01
-1.695633147610761426e+01
3.828787893534066900e+00
1.123412476365795243e+01
-1.486210510979429955e+01
2.781129802206587343e+00
1.674588408875825962e+01
-2.916937943162489333e+01
2.479429977657323647e+01
-6.247111307863678853e+00
-1.347243352059185284e+01
2.085861341208548936e+01
-1.210739909278342807e+01
-4.165755879454865251e+00
1.376017838709746499e+01
-7.991828626582070605e+00
-9.496068645660272978e+00
2.546053853530603561e+01
-2.722682623411825631e+01
1.247406179492601375e+01
8.888541232904168865e+00
-2.219906701497686186e+01
1.913064929348514198e+01
-3.881637396893036662e+00
-1.026221810533434109e+01
1.131706835744560458e+01
2.071634675006232662e+00
-1.954421168625464134e+01
2.701204778114717442e+01
-1.756073054363920249e+01
-3.121171272440549593e+00
2.096448129569430918e+01
-2.414943233957038871e+01
1.198339943101660765e+01
4.771710693261566938e+00
-1.233842355188553164e+01
4.611340824160103935e+00
1.213411236341327104e+01
-2.412167828527352498e+01
2.076981453159494606e+01
-2.961909475289492555e+00
-1.747394329020779224e+01
2.667599774053774198e+01
-1.920638697945886619e+01
2.037728048576057382e+00
1.096057729575593243e+01
-9.763723283790195495e+00
-4.112024444691616765e+00
1.886343636844873117e+01
-2.161219672264326874e+01
8.464445665033178301e+00
1.232942610377390125e+01
-2.654379001619498979e+01
2.473247994055418530e+01
-9.315300828461101190e+00
-7.419800816236104879e+00
1.282662083852361867e+01
-3.591374606264663427e+00
-1.183689165146546074e+01
1.991123336130976185e+01
-1.258492178856877430e+01
-6.328096710904613786e+00
2.392249320434655147e+01
-2.796496196213563934e+01
1.614953038230206772e+01
2.246251292366698848e+00
-1.354118701975428962e+01
1.012046903438868561e+01
3.849913862578379309e+00
-1.582311220035249733e+01
1.472485357733638089e+01
3.491982340212151925e-01
-1.928672450338226696e+01
2.860299935343144995e+01
-2.169160492466416557e+01
3.814011724509918544e+00
1.197552542373487228e+01
-1.480592042249910456e+01
4.192006703387832545e+00
9.810951701415124404e+00
-1.456701095765091480e+01
4.768120248494171598e+00
1.334349685212019843e+01
-2.667418777023567600e+01
2.526805112017504484e+01
-9.905656605863676134e+00
-8.505580805323074145e+00
1.724766790908509506e+01
-1.140754455343772378e+01
-2.576995257920259519e+00
1.211295612931852261e+01
-8.338558851740476285e+00
-6.929435253548669849e+00
2.252129643774396328e+01
-2.646697758907407305e+01
1.518374399882121395e+01
3.753577639103809815e+00
-1.735851931569541051e+01
1.705503239608392363e+01
-5.036767040746807922e+00
-7.675300167283756636e+00
9.920011404686118084e+00
8.929254451977091112e-01
-1.674599702248125155e+01
2.518617623264494654e+01
-1.892916449306539306e+01
1.506355445932359594e+00
1.536300836238045697e+01
-2.062545161766145441e+01
1.216482191866106177e+01
1.826701650387550835e+00
-9.366300643077192234e+00
4.021709024289036094e+00
1.011852858374669495e+01
-2.163707737737123438e+01
2.064349239806460190e+01
-6.461153167267729813e+00
-1.175276370417831906e+01
2.190025607679258002e+01
-1.803429885032885949e+01
4.686136125306132882e+00
6.836640267206945509e+00
-7.271524466045934609e+00
-3.467012634807500326e+00
1.630506359795100835e+01
-2.011019212592470495e+01
1.037372447518627361e+01
7.205924985719393661e+00
-2.096672024945006996e+01
2.206451697715414895e+01
-1.105028793714767055e+01
-2.761590937962813186e+00
8.580327031416310035e+00
-2.437197823686402032e+00
-9.872979580722997639e+00
1.741427966592273435e+01
-1.268322423308877944e+01
-2.483217641992707669e+00
1.818984667794630639e+01
-2.393612829401437025e+01
1.650016802234356206e+01
-2.228364296922739740e+00
-7.963619836059299573e+00
6.981545158700648734e+00
3.119890773414055296e+00
-1.291878624628261463e+01
1.307661917943199015e+01
-1.683578984124107780e+00
-1.414624192723047180e+01
2.362083810207922241e+01
-2.042027908175260720e+01
7.400161533022637350e+00
5.710784507602832960e+00
-9.787333984443861823e+00
3.189521446312700625e+00
7.202746961795615022e+00
-1.152203786560362708e+01
4.694305780605178668e+00
9.530821599873249284e+00
-2.136869767042350077e+01
2.242259445658298134e+01
-1.202641721438409306e+01
-2.328517327308475160e+00
1.074784371943137629e+01
-8.408557622604217130e+00
-9.709870166974514660e-01
8.260277835377223710e+00
-6.159512853089941231e+00
-5.050929912951079181e+00
1.765630570286390366e+01
-2.238814517143512717e+01
1.548838568343264299e+01
-1.544825362759755905e+00
-1.002523730711201466e+01
1.209020164583950496e+01
-5.050118907814412417e+00
-3.757149333598482244e+00
5.945140313648948904e+00
1.323924598760993110e+00
-1.310496534891282039e+01
2.046798490122042580e+01
-1.735861967707856479e+01
5.240248989495057685e+00
8.008276733646113144e+00
-1.403571848052514248e+01
1.021504491001678971e+01
-1.374894663848207799e+00
-4.177415444590878657e+00
1.206701109936872962e+00
8.382070271128609917e+00
-1.704491258047110591e+01
1.745180054896001920e+01
-8.158872771243160571e+00
-5.238676235679921689e+00
1.430423102823850812e+01
-1.404453580587444250e+01
6.473022127648601298e+00
1.208731027640331135e+00
-2.324821934458367600e+00
-4.101120842035000713e+00
1.266319331542404214e+01
-1.583733349724821515e+01
9.857271073468545808e+00
2.318428218835708599e+00
-1.318342660722677806e+01
1.628193066347715146e+01
-1.092303023083353608e+01
2.448842911607695072e+00
2.057931406943064978e+00
7.355117478682586807e-01
-7.938147264353005994e+00
1.281329076058897343e+01
-1.010505283416291533e+01
1.870393447233151818e-01
1.112745032407429591e+01
-1.691305619019373552e+01
1.424598176306621866e+01
-6.211021653481232363e+00
-6.551597307113947721e-01
1.441334427750296188e+00
3.460186709955049622e+00
-8.847202424202924576e+00
8.906945080030084227e+00
-1.834824544038249350e+00
-8.672886816124009357e+00
1.614816303881777060e+01
-1.615970280861101926e+01
9.515465112450582907e+00
-1.468006618210807801e+00
-2.381353527576867801e+00
2.917098278889058705e-01
4.494132721843195455e+00
-6.487351205432658752e+00
2.366714906589675760e+00
6.346786409234112192e+00
-1.437028722650682866e+01
1.660664060191805902e+01
-1.190773930536845171e+01
3.808347929673852050e+00
2.250210223245713959e+00
-3.014015318213608019e+00
-3.056941163048421117e-01
3.241248212809185070e+00
-1.738722617062717246e+00
-4.581514501384797100e+00
1.205951744687874516e+01
-1.574507155422122473e+01
1.310589462213731338e+01
-5.863557176663958259e+00
-1.381986978418055401e+00
4.611001686918350551e+00
-3.255328036474161024e+00
3.395471822695661501e-01
1.145386798486018876e-01
3.649702223200354645e+00
-9.706158692649541564e+00
1.390649357132751440e+01
-1.303420887455204635e+01
7.216378514893243334e+00
2.087510450122476158e-01
-5.191515711150047174e+00
5.881365305077887129e+00
-3.752068895046512864e+00
2.174737925670557459e+00
-3.629021922139218148e+00
7.727180495476053679e+00
-1.152731702594835639e+01
1.182178722708016494e+01
-7.600807824439734794e+00
8.226679971832862037e-01
5.032052190200951181e+00
-7.457474500466452660e+00
6.565597423902604035e+00
-4.696914541879678495e+00
4.401489190803510532e+00
-6.399435926809804442e+00
9.066866000385935820e+00
-9.767439743997925916e+00
6.940129792713150003e+00
-1.332608231884814032e+00
-4.513359963379745210e+00
8.064669179809595079e+00
-8.489222295129717821e+00
6.999369397167683360e+00
-5.686313472597893437e+00
5.820108108420490645e+00
-6.925620927227870816e+00
7.277661084927681046e+00
-5.351344317353301072e+00
1.075654803978352447e+00
4.041938861680050010e+00
-7.949709415863541295e+00
9.412890598913055129e+00
-8.690292354041092793e+00
7.099886573940225709e+00
-5.900188763977372020e+00
5.377296158432317341e+00
-4.788765744838674010e+00
3.116112648954622699e+00
1.800152835798396467e-02
-3.970025879060956164e+00
7.467345508934838172e+00
-9.415790297262883968e+00
9.506886059311263182e+00
-8.232171107434933077e+00
6.391273425013482168e+00
-4.525828869978499647e+00
2.686627635386166446e+00
-6.238373508693495495e-01
-1.833393600370351706e+00
4.527689700053385558e+00
-7.005436257955332202e+00
8.741380566722122936e+00
-9.359262906309140817e+00
8.726207034976679822e+00
-6.940456595402977769e+00
4.294079441287114385e+00
-1.237669730093559295e+00
-1.702992563081280331e+00
4.094858948783471675e+00
-5.778469430023409181e+00
6.906054859820677017e+00
-7.743900960959825497e+00
8.342925249779103325e+00
-8.347086450391538293e+00
7.163505491152274196e+00
-4.445703703171311361e+00
5.427322703394548142e-01
3.488223839422959216e+00
-6.418904770405175597e+00
7.605969439832652057e+00
-7.396236211061298249e+00
6.815883777498017437e+00
-6.717994323289990355e+00
7.028600837001013346e+00
-6.723514883457055724e+00
4.636114940453889055e+00
-5.215514524482767200e-01
-4.472551706927912818e+00
8.386613905801130642e+00
-9.733611157635612798e+00
8.540331553829393130e+00
-6.309311205551804136e+00
4.858906536688257560e+00
-4.889535273196806031e+00
5.401369443652237479e+00
-4.483598289643184742e+00
9.304362675544011196e-01
4.562970701918215966e+00
-9.623095878999608388e+00
1.177418444804977682e+01
-1.022229697383032132e+01
6.464103909443593921e+00
-3.183231805539519232e+00
2.216661030225592910e+00
-3.145700927707043348e+00
3.648251436560916439e+00
-1.410167880611696845e+00
-3.852521646916351017e+00
9.870277023601071065e+00
-1.330082999104341468e+01
1.216123780701232704e+01
-7.356433599095344888e+00
2.071793647676438255e+00
5.829548557379435891e-01
9.340712956216101759e-02
-1.905049158684728461e+00
1.556058569810213843e+00
2.606625989622701312e+00
-9.040353666366412355e+00
1.392742708390921003e+01
-1.395796527867370784e+01
8.876107678733632156e+00
-1.793815182413572629e+00
-3.052542232833255209e+00
3.443341788968297124e+00
-8.018083082279670037e-01
-9.983160821926513329e-01
-1.217864309056866823e+00
7.240343130952977546e+00
-1.338465173873488823e+01
1.516508905971522125e+01
-1.073749448920021266e+01
2.450122948284008118e+00
4.767417203130881909e+00
-7.022122259727904492e+00
4.333130974880002206e+00
-5.210194929285103527e-01
1.363608840109717946e-01
-4.762868503361191941e+00
1.157849309955513029e+01
-1.536911408040528215e+01
1.252290402492935684e+01
-3.944610486814037031e+00
-5.414214312553212949e+00
1.014044017343473669e+01
-8.362810050314152477e+00
3.087951040125651581e+00
2.128743681194513737e-01
2.043859279929179706e+00
-8.620703599635223924e+00
1.427079272239874008e+01
-1.375189894266463142e+01
5.989635080949256007e+00
4.853979231115389759e+00
-1.231989525494454085e+01
1.241944289482545472e+01
-6.584059225009948335e+00
4.880959703075591349e-01
4.066425777836242261e-01
4.825097221747007836e+00
-1.174997706482002968e+01
1.396555903346985872e+01
-8.145505489169799773e+00
-3.157924370834971128e+00
1.319058023549755632e+01
-1.595566160994545513e+01
1.068820304784798481e+01
-2.382812654382405526e+00
-2.089796653171167584e+00
-6.691071707515234834e-01
7.903444629164051882e+00
-1.281198337379935026e+01
9.888589336061631485e+00
6.088900007912396717e-01
-1.256159079531937905e+01
1.843460063867761534e+01
-1.491342227935322384e+01
5.399599423683886457e+00
2.605705459607589702e+00
-3.274297607646176722e+00
-3.048305484478291305e+00
1.011874701739536420e+01
-1.069772468557467349e+01
2.333005886352568226e+00
1.046541966484341657e+01
-1.941984333895700487e+01
1.867433798947075019e+01
-9.245096908998290175e+00
-1.729126583134235284e+00
6.424263311898094742e+00
-2.310995415916545781e+00
-5.939753075793445802e+00
1.014534423105225969e+01
-5.096255189748582382e+00
-7.167909465517634970e+00
1.865422655043714784e+01
-2.137524797804428900e+01
1.343463906666214314e+01
-5.397586765832391720e-01
-8.285736713633580663e+00
7.548230422714141241e+00
5.676956875934271451e-01
-7.978556132766179587e+00
7.085885477866375126e+00
3.140754050445753620e+00
-1.611424022505960352e+01
2.250547410040753959e+01
-1.735608599713360434e+01
3.958795478130716639e+00
8.534279807883898172e+00
-1.200429716001258917e+01
5.491391520593372100e+00
4.176590082894371392e+00
-7.780100083120914611e+00
1.000551591590205902e+00
1.203025811327712447e+01
-2.172693712105207453e+01
2.035826096158314868e+01
-8.065605809112428304e+00
-7.078072739906779987e+00
1.508627519040954645e+01
-1.157908929529465958e+01
1.025635170236661509e+00
6.820511184424663753e+00
-4.584829311095498738e+00
-6.867959222309661271e+00
1.893969504690134897e+01
-2.185094936910937591e+01
1.223576340717909794e+01
4.086352353246842206e+00
-1.636140884195807033e+01
1.697294277230848181e+01
-7.153025292294945992e+00
-4.081390535975993217e+00
6.986545568630247338e+00
1.272271686621840203e+00
-1.431420344666028477e+01
2.140118242842932972e+01
-1.576971845216691293e+01
2.151588977579521611e-02
1.563112078603569977e+01
-2.098954678097314996e+01
1.354413232613750750e+01
-2.937933249946911296e-01
-7.725030090812385453e+00
4.018927935997149703e+00
8.283907897517503116e+00
-1.881063095771217064e+01
1.799606420062395529e+01
-4.626164509655406043e+00
-1.297282005226975343e+01
2.308702000881847738e+01
-1.943651916490080467e+01
5.895543619654587175e+00
6.546135554059916650e+00
-8.279215746758248784e+00
-1.497736369084396557e+00
1.416140013117108154e+01
-1.837582509133949316e+01
8.991300872215235884e+00
8.741886526949862457e+00
-2.295115446079925903e+01
2.407181842354558654e+01
-1.209227066197039768e+01
-3.473147732396499876e+00
1.090083488821005986e+01
-5.261780743385082282e+00
-7.822002707665340893e+00
1.659183584661319344e+01
-1.236823502419816201e+01
-3.532110905572054982e+00
2.055157442279810098e+01
-2.680526783083421805e+01
1.810982753819975954e+01
-1.181903177356906864e+00
-1.148857653936112655e+01
1.118361979787334270e+01
4.111390152172047507e-01
-1.260910675397559366e+01
1.410676037348740053e+01
-1.900842077865633861e+00
-1.615842720253737497e+01
2.720339418651654384e+01
-2.313590894736282166e+01
6.849589004698126260e+00
9.925774415879599744e+00
-1.554163234987331776e+01
7.276749137565728276e+00
6.696091592835726303e+00
-1.375592175580598919e+01
6.742656599689043517e+00
1.031584923180410840e+01
-2.511487452430817058e+01
2.643452615090771829e+01
-1.277377073285018128e+01
-6.401701868628361325e+00
1.779957555756176646e+01
-1.437431792833230837e+01
5.975881972311825052e-01
1.113931389495042268e+01
-1.023571073959473310e+01
-3.774856297724501708e+00
2.070325806043462791e+01
-2.745388368406394619e+01
1.811231088971775449e+01
1.395200351176386855e+00
-1.769206100883828725e+01
2.005823016616433563e+01
-8.504990271411548619e+00
-6.393006256229297080e+00
1.178982690008085221e+01
-2.605568080912828322e+00
-1.443566451240802095e+01
2.591157778011459101e+01
-2.205379215090239597e+01
4.384211307804654290e+00
1.526891979468854288e+01
-2.366339286173049672e+01
1.613905734471238773e+01
-4.050225875653556962e-02
-1.107203601299971041e+01
7.975498742728952983e+00
7.027985789872541744e+00
-2.184405715685847582e+01
2.393354416072279633e+01
-1.009015516711906990e+01
-1.089565296119459248e+01
2.477783633552678211e+01
-2.260985754369421130e+01
7.462510544735843965e+00
8.061750084728410926e+00
-1.161257824638749625e+01
6.464458168373132807e-01
1.561230983173191689e+01
-2.333205662178305673e+01
1.485524187961389053e+01
5.208982723221154743e+00
-2.330409237510120590e+01
2.714533123831590089e+01
-1.500622224363066337e+01
-3.062595728575780107e+00
1.302487087814861333e+01
-7.672266724456204834e+00
-7.862033668707092637e+00
2.014115057905089401e+01
-1.791258880881265014e+01
9.668988036357757387e-01
1.947761235579671180e+01
-2.919822614097002855e+01
2.175076340712323386e+01
-3.331614619573673330e+00
-1.202295451301115392e+01
1.321539604620160802e+01
-5.568162820555304648e-01
-1.458777479647396547e+01
1.870557221520496682e+01
-6.731953438389798983e+00
-1.383890902733099537e+01
2.852366801225369386e+01
-2.684517900320481942e+01
1.031262479833600310e+01
8.750435670825082113e+00
-1.663671578575608123e+01
8.700222436335366183e+00
7.211339425923334545e+00
-1.696986686964005031e+01
1.123415670324041038e+01
7.162803918562102190e+00
-2.521589526988836383e+01
2.962482421613784211e+01
-1.696491258709577110e+01
-3.668004621193717618e+00
1.757978568393706453e+01
-1.565471733465165904e+01
1.202793499944345035e+00
1.277568201757919297e+01
-1.378801637014886694e+01
-3.544226946253994370e-01
1.969849242638533227e+01
-2.970348869209985310e+01
2.238935654014368382e+01
-2.507152558302515377e+00
-1.601988062068230434e+01
2.065886469708365780e+01
-9.724666760710420021e+00
-6.523766890614104419e+00
1.397080189808538897e+01
-5.673529952716149793e+00
-1.266913791848752524e+01
2.702796778754575158e+01
-2.582593962020605360e+01
8.898290007501589827e+00
1.226714690667535912e+01
-2.320439386050044561e+01
1.740183850515826691e+01
-1.104598732394713068e+00
-1.168265622647641244e+01
1.012489850448613993e+01
5.006450253697424913e+00
-2.188713611371383294e+01
2.675807604017224861e+01
-1.458879661818047424e+01
-6.923263231273994123e+00
2.310262899037351048e+01
-2.338509582080329707e+01
9.236773102501226518e+00
7.161918592942476458e+00
-1.242802868816982276e+01
2.348000397053519706e+00
1.487410158175936203e+01
-2.498373432107872816e+01
1.874773597895189425e+01
7.976906109260326616e-01
-2.050681753391974027e+01
2.704006093687517875e+01
-1.692456846235320356e+01
-9.534244324506380153e-01
1.231227107440636281e+01
-8.515863170786255765e+00
-6.806760954358720639e+00
2.064328684654376644e+01
-2.074346128330491723e+01
5.204586571308391640e+00
1.588730195889870345e+01
-2.802900450298521307e+01
2.327036817324558982e+01
-6.165683740205798458e+00
-9.842301118170476926e+00
1.279855264719541452e+01
-1.381955069504318789e+00
-1.420024293655676928e+01
2.022927142788832811e+01
-1.020784887569698363e+01
-9.963259051894892693e+00
2.635149075319197465e+01
-2.754575183364169888e+01
1.329200160243340001e+01
5.405617463791769772e+00
-1.476780593067444336e+01
8.768548080700179881e+00
6.377798560670228767e+00
-1.718914652714561342e+01
1.348524260017531162e+01
3.600950837007665939e+00
-2.233843615866801002e+01
2.928598579776338795e+01
-1.951860048172039441e+01
3.446656753928394323e-01
1.431771016495832427e+01
-1.456050764240010409e+01
1.939539603586312833e+00
1.193740219736141484e+01
-1.455632955050883837e+01
2.306825578567779811e+00
1.660088312684850820e+01
-2.834730745989043754e+01
2.405699361111010148e+01
