-1.175226474107843622e+01
-1.251539554602899784e+01
-1.191576919804990098e+01
-1.003940578527770811e+01
-7.078065594712987796e+00
-3.313874025839603110e+00
9.032179764264542943e-01
5.183394246481389800e+00
9.128179974712942624e+00
1.236245897138763539e+01
1.456479578691592280e+01
1.549368334686405291e+01
1.500765035699154737e+01
1.307763893061433258e+01
9.790664262087602765e+00
5.344447351817004588e+00
3.341525329613670436e-02
-5.772864358172649979e+00
-1.165715919651767152e+01
-1.718584574632589934e+01
-2.194157463967957611e+01
-2.555481896398387320e+01
-2.773188877050170831e+01
-2.827727542049879261e+01
-2.710863497141507850e+01
-2.426329477016946612e+01
-1.989582593131784094e+01
-1.426691423128342606e+01
-7.724428786976632821e+00
-6.781795376184298618e-01
6.429674824543431200e+00
1.315629311922637079e+01
1.908948315178862387e+01
2.387634453698676396e+01
2.724710653540323690e+01
2.903244370563025001e+01
2.917307955353659565e+01
2.772110078206149097e+01
2.483305276643159232e+01
2.075551883669665898e+01
1.580445212964396617e+01
1.033998538436328829e+01
4.738756679456662013e+00
-6.340646530372455736e-01
-5.450896578551462923e+00
-9.444050545089867299e+00
-1.242261763731831969e+01
-1.428279600789678483e+01
-1.501106970315792921e+01
-1.468023191513848680e+01
-1.343881503636413655e+01
-1.149499996210304786e+01
-9.096487844152964186e+00
-6.508097774346416564e+00
-3.988983754823878236e+00
-1.771336598748905367e+00
-4.225699068276045356e-02
1.069826912076522252e+00
1.503241321134778374e+00
1.265176988341831787e+00
4.278672075499159178e-01
-8.806336288627303333e-01
-2.490103114450333166e+00
-4.204925848561236634e+00
-5.822458440762321885e+00
-7.151365804805600135e+00
-8.028362869856008999e+00
-8.331980378831165268e+00
-7.992270821745385057e+00
-6.995752647172718497e+00
-5.385322913478937323e+00
-3.255312106297677310e+00
-7.422713532792082347e-01
1.987563799032434630e+00
4.752926918589654548e+00
7.372936256498077157e+00
9.681891355919661990e+00
1.154216702491580726e+01
1.285413015999685271e+01
1.356230504630518396e+01
1.365737529594980337e+01
1.317400184130063501e+01
1.218482063514895586e+01
1.079132630742931198e+01
9.112618552765674451e+00
7.273162885461064597e+00
5.390781897474228757e+00
3.566042719628781832e+00
1.874046913786340696e+00
3.593762876974366804e-01
-9.653736916831867632e-01
-2.117401720919093400e+00
-3.138143926110511295e+00
-4.084982793525460565e+00
-5.021127121797841042e+00
-6.004756641154767038e+00
-7.078608327667649469e+00
-8.261151424952128508e+00
-9.540356655907043404e+00
-1.087082420840360086e+01
-1.217471618899829799e+01
-1.334657110860098150e+01
-1.426169418960962076e+01
-1.478745332853366179e+01
-1.479650057262104923e+01
-1.418071275057454983e+01
-1.286452510559643336e+01
-1.081633185271517661e+01
-8.056750399979318189e+00
-4.662783437719556723e+00
-7.672466876187247209e-01
3.446767666752124981e+00
7.756185133788060959e+00
1.191236066917221237e+01
1.565857673261528760e+01
1.874928259209878689e+01
2.096952326512735709e+01
2.215292807499577776e+01
2.219668881655784887e+01
2.107215450046679805e+01
1.882999026080555893e+01
1.559926802888404396e+01
1.158034270707508284e+01
7.031880160285371772e+00
2.252899610595255453e+00
-2.438869324831115293e+00
-6.730673901231515543e+00
-1.033861565545747041e+01
-1.302979912526039463e+01
-1.464092553407760633e+01
-1.509175047411535431e+01
-1.439220578305839382e+01
-1.264247402511690588e+01
-1.002586110061716873e+01
-6.794893965111795886e+00
-3.251628883867216047e+00
2.763551927822653909e-01
3.462425018971219792e+00
6.007735124872899846e+00
7.666285753851285634e+00
8.266142826442292701e+00
7.725038179281883188e+00
6.058989111676192252e+00
3.383113942357202752e+00
-9.556693636252597268e-02
-4.092915561822024095e+00
-8.269002627678171180e+00
-1.225439118553989815e+01
-1.567937212678999970e+01
-1.820387868391773623e+01
-1.954571786909315989e+01
-1.950485449265894644e+01
-1.798176252903698824e+01
-1.498829884468424822e+01
-1.065012227167164305e+01
-5.200332760029745316e+00
1.035310155631471218e+00
7.660567148091288026e+00
1.423668561744973537e+01
2.031407364005021776e+01
2.546529350874751430e+01
2.931686317165861411e+01
3.157742561662648129e+01
3.206010901321746331e+01
3.069733446055177239e+01
2.754690008468273632e+01
2.278883553339267110e+01
1.671322765732076476e+01
9.699910977648649180e+00
2.191541066142956851e+00
-5.337923811568266785e+00
-1.241695728171695734e+01
-1.860987443531574570e+01
-2.354740660392117135e+01
-2.695215738317448739e+01
-2.865705798757225153e+01
-2.861548623582487494e+01
-2.690236053930439653e+01
-2.370621706677599150e+01
-1.931296994108767251e+01
-1.408268670492243402e+01
-8.421235161800883162e+00
-2.749032709449677814e+00
2.530672879596736369e+00
7.061555708962056421e+00
1.055974507198539669e+01
1.283324532021799769e+01
1.379384928582214798e+01
1.346075677827853667e+01
1.195576838403884778e+01
9.490585036460080559e+00
6.347353355313512857e+00
2.854107940770837182e+00
-6.428646231310723991e-01
-3.807507180416126236e+00
-6.341057571058227538e+00
-8.005588185095591669e+00
-8.642225273407959207e+00
-8.182706937185152185e+00
-6.653490812127759391e+00
0.000000000000000000e+00
2.029324272690926279e+01
-1.614282197749906445e+01
7.434859841576191286e+00
-1.520182584803900205e+01
1.923636548613522024e+01
-1.934290866011062704e+00
-1.145022884347913106e+01
-6.219758611661916348e-01
1.473396137610147605e+01
-8.921005439651068514e+00
3.443791110830584756e+00
-1.515336350477030081e+01
1.957785635405786451e+01
1.052759889559570006e+00
-2.010572356989927201e+01
1.590796697774461776e+01
-1.024879839086682942e+01
2.037444788210142832e+01
-2.293509265204003711e+01
3.093098027195140709e+00
1.118301816242157365e+01
-6.654358393817929596e-01
-9.764777832292795168e+00
1.923339645873642034e+00
1.424667741149798772e+00
1.308809650998856533e+01
-1.800192061917945097e+01
-2.113531951390826613e+00
1.903073213638478833e+01
-1.439249552556882961e+01
1.168416722018340259e+01
-2.412959902574656468e+01
2.554207209615714902e+01
-3.930158094879811159e+00
-1.066066845417243414e+01
1.754088179257408342e+00
4.689238998784192702e+00
5.345774492342334483e+00
-6.794825622224280437e+00
-1.017566262834101387e+01
1.566299101221322232e+01
3.187857195742743954e+00
-1.713989637251238918e+01
1.163743741975713064e+01
-1.165264494499211878e+01
2.626202131953937169e+01
-2.683996094046887748e+01
4.301499300118496905e+00
9.906423651049649948e+00
-2.488908664345977684e+00
1.355015405222932401e-01
-1.241895413127402747e+01
1.224325753763607949e+01
6.706739636823225048e+00
-1.270720226236527139e+01
-4.276583862005702841e+00
1.455541692902948370e+01
-7.778973840227815018e+00
1.018521721776273559e+01
-2.668467676250364207e+01
2.669898960443633484e+01
-4.099788686206361277e+00
-8.952977775674350269e+00
2.746256742128442063e+00
-4.381851234905898451e+00
1.884053168015479685e+01
-1.733078173062613558e+01
-3.011260545719179227e+00
9.319076770465709814e+00
5.374122642605520639e+00
-1.144087316341093086e+01
3.039114104495207691e+00
-7.429288625381782474e+00
2.543417368414814561e+01
-2.508746481910860027e+01
3.264006850288692974e+00
7.840076489844394203e+00
-2.444039875614885560e+00
7.775606586226753159e+00
-2.419939892698572592e+01
2.163580306991116586e+01
-5.673373597990973849e-01
-5.708491914980901250e+00
-6.467363387214234649e+00
7.989173173123990779e+00
2.290065448641239954e+00
3.636950728968111335e+00
-2.266701860389007805e+01
2.207511182547109385e+01
-1.785649330002919477e+00
-6.611646323767767619e+00
1.548544981303115797e+00
-1.011555692335767631e+01
2.815856041937898269e+01
-2.478652167904500558e+01
3.698895062788440047e+00
2.095755810981163592e+00
7.535378613728584085e+00
-4.408568612980198864e+00
-7.867437176342334304e+00
8.546975636109712671e-01
1.864698291889824944e+01
-1.782896875230614242e+01
-2.890656192512803813e-01
5.312695380012927515e+00
-7.748762431555644703e-02
1.128742684957298081e+01
-3.047920972153200836e+01
2.648958571170765453e+01
-6.092324174594573982e+00
1.304109363194858151e+00
-8.549968255407444317e+00
9.077888859342504446e-01
1.332751982761237564e+01
-5.649685925984693213e+00
-1.372453734706844486e+01
1.260210124958881295e+01
2.861204543480440066e+00
-3.986248156173026302e+00
-1.900928735228345712e+00
-1.127115095121697408e+01
3.103755243862727298e+01
-2.655302848882001143e+01
7.518455651902637982e+00
-4.296709431077866626e+00
9.477023725989786485e+00
2.318597078587817606e+00
-1.830701497180327308e+01
1.032379063582986234e+01
8.309899743712234610e+00
-6.715942673093040938e+00
-5.785244913723881055e+00
2.670573306852764617e+00
4.272848198220186688e+00
1.014097835627464939e+01
-2.983314217540982582e+01
2.490175359620695872e+01
-7.828206737470303267e+00
6.722098170807848661e+00
-1.027861420581692897e+01
-5.103513056374586299e+00
2.247120681392607366e+01
-1.445732597973759681e+01
-2.841719312372537498e+00
5.375441449295630392e-01
8.878908922535531545e+00
-1.396936930978119662e+00
-6.887104236153165360e+00
-8.058444077110037185e+00
2.698812921815336452e+01
-2.158438551047663623e+01
6.964674692880412188e+00
-8.466033932784412741e+00
1.091563059363079446e+01
7.318433543894151683e+00
-2.553826584421788581e+01
1.766763902035165756e+01
-2.246253466565804935e+00
5.546596461460472582e+00
-1.193600777927279388e+01
1.880675045636213127e-01
9.566418200306159747e+00
5.258778285485121273e+00
-2.273749926204197180e+01
1.677094658234664948e+01
-4.968218407168260242e+00
9.467817436455620239e+00
-1.135076875743370373e+01
-8.881380795013029683e+00
2.729965873593199177e+01
-1.963886147662190496e+01
6.558011193667873329e+00
-1.115819631902514253e+01
1.474136303898963440e+01
9.425441981443931638e-01
-1.212059471964606416e+01
-2.031813817906857444e+00
1.741105028831329449e+01
-1.074150573893726346e+01
1.974113698487048651e+00
-9.724107084749496366e+00
1.155159834789129825e+01
9.761312524788799294e+00
-2.763516240696598913e+01
2.014667934381862580e+01
-9.765184567403027316e+00
1.595429219006673272e+01
-1.708670352970652573e+01
-1.990460605377093017e+00
1.436071049174872272e+01
-1.301140107966443971e+00
-1.140846963378756307e+01
3.866618907132646221e+00
1.797074060588474964e+00
9.288407559890188736e+00
-1.149344975767346000e+01
-9.978628799758958223e+00
2.652138662806119385e+01
-1.907625519486695964e+01
-2.802872881818057493e+01
-2.585524813135624811e+01
-2.225698586543017399e+01
-1.748040434039819857e+01
-1.185311707023854133e+01
-5.760487375252542286e+00
3.823535497537875472e-01
6.160967996186677453e+00
1.119223137044067329e+01
1.515274985277571318e+01
1.780286291305591106e+01
1.900434099112760578e+01
1.873036456955536266e+01
1.706696280460468174e+01
1.420575180507741919e+01
1.042849254423936500e+01
6.084632403418506641e+00
1.563551098632722791e+00
-2.736343524885552547e+00
-6.439266137319156869e+00
-9.221977060006937066e+00
-1.083962820541302996e+01
-1.114549201424219582e+01
-1.010300536786597725e+01
-7.789157456439639304e+00
-4.388926027725664092e+00
-1.811671770647702573e-01
4.482965433130061683e+00
9.207408348609890325e+00
1.358226140051343123e+01
1.721613215069189096e+01
1.976723458172572379e+01
2.097081896353617481e+01
2.066079368655477566e+01
1.878385103591888949e+01
1.540499168707422761e+01
1.070401105965134647e+01
4.963211826256549664e+00
-1.452714371366019108e+00
-8.123089858190606805e+00
-1.460191203731511500e+01
-2.045042579620295697e+01
-2.526912420856704955e+01
-2.872675234960945900e+01
-3.058413504647961645e+01
-3.071106297587336087e+01
-2.909501897491693967e+01
-2.584116368201679848e+01
-2.116367584482626896e+01
-1.536920434391320001e+01
-8.833784341094071735e+00
-1.975052892121510251e+00
4.778066821210165571e+00
1.101588323257036528e+01
1.637635038775148999e+01
2.056927572880676180e+01
2.339458339036006507e+01
2.475338866067787080e+01
2.465122178818637622e+01
2.319336280881280032e+01
2.057286331778763611e+01
1.705238740170511491e+01
1.294145898936323746e+01
8.571022221146414211e+00
4.267382128929660290e+00
3.275852104211044447e-01
-3.001872588773584205e+00
-5.541442120128678539e+00
-7.188890450891797457e+00
-7.923029886325471338e+00
-7.800746867081445934e+00
-6.947815272223843763e+00
-5.544469076780965899e+00
-3.807106934172078461e+00
-1.967775548293396071e+00
-2.532099431268841627e-01
1.134810543254278770e+00
2.036196335468956509e+00
2.345070345562342062e+00
2.017171335878373384e+00
1.071688569361858079e+00
-4.124378265481398742e-01
-2.305248869249448163e+00
-4.438617161552125268e+00
-6.621978904181002434e+00
-8.659502194488212012e+00
-1.036716748101150110e+01
-1.158829047379293442e+01
-1.220619769090568241e+01
-1.215305167644016926e+01
-1.141418939468226590e+01
-1.002774965274263685e+01
-8.079786537962007742e+00
-5.695458602842229823e+00
-3.027213869807449775e+00
-2.411307206895791921e-01
2.497295118535500791e+00
5.036616449874886214e+00
7.250959473326462401e+00
9.048627228896981123e+00
1.037709974194887863e+01
1.122410419886663036e+01
1.161480706865128809e+01
1.160554706800571445e+01
1.127484963050800992e+01
1.071271085956115243e+01
1.000928957817301068e+01
9.244186742925631251e+00
8.477418982765552613e+00
7.743014545611880628e+00
7.045892385365928767e+00
6.362353576180383108e+00
5.644149697488737516e+00
4.825729420054403640e+00
3.833936422116099418e+00
2.599170121271936473e+00
1.066850799167308628e+00
-7.920303919490416789e-01
-2.972441031570912884e+00
-5.429913259329379294e+00
-8.078955328616622467e+00
-1.079565487545160885e+01
-1.342447014809788897e+01
-1.578880431355201885e+01
-1.770458193643335321e+01
-1.899573071964032067e+01
-1.951024579277447657e+01
-1.913540095180875156e+01
-1.781068440737009695e+01
-1.553717798394806771e+01
-1.238235922059610417e+01
-8.479665645726239376e+00
-4.022590664329728227e+00
7.464547645281296440e-01
5.551820752382052859e+00
1.010372881628327590e+01
1.411937272728421000e+01
1.734434893485481766e+01
1.957267052358164960e+01
2.066367891067400109e+01
2.055437165655435194e+01
1.926599911717961078e+01
1.690422216504961739e+01
1.365263338088583822e+01
9.759983834524346591e+00
5.521982377600716418e+00
1.259000171366105647e+00
-2.708620049035152633e+00
-6.085715243989708867e+00
-8.625897653329666070e+00
-1.015166055648688115e+01
-1.056930217641786385e+01
-9.877360984929374865e+00
-8.167755194891467951e+00
-5.619394148446392734e+00
-2.484633952281074087e+00
9.304647752830499385e-01
4.290600836409323549e+00
7.258533959091488796e+00
9.523077220209035687e+00
1.082554008380386179e+01
1.098246714674267821e+01
9.902777849749028860e+00
7.597828844062920695e+00
4.183462004921701727e+00
-1.262746302256849695e-01
-5.033387529830245732e+00
-1.017719475402594398e+01
-1.516102448303852590e+01
-1.958234653821156712e+01
-2.306402878355849850e+01
-2.528428996886696467e+01
-2.600299097031570028e+01
-2.508216372508313441e+01
-2.249910269438240107e+01
-1.835090510655025042e+01
-1.285000014531336276e+01
-6.310902621518048150e+00
8.708911452381182805e-01
8.246332403535392430e+00
1.534454198994264829e+01
2.170644986721293179e+01
2.691781677918627480e+01
3.063913928816338839e+01
3.263017045076809097e+01
3.276719599733667110e+01
3.105175840667302012e+01
2.761017552459788504e+01
2.268390511699821133e+01
1.661150675396735465e+01
9.803592886508248228e+00
2.712691873450667757e+00
-4.199674234352869462e+00
-1.049619440549761684e+01
-1.579474820659488188e+01
-1.979484228510806787e+01
-2.229755412957274885e+01
-2.321755056731473488e+01
-2.258637278063972786e+01
-2.054686142416271366e+01
1.163174526246426055e+01
-1.965177476341472129e+01
1.878635015544663034e+01
2.959257104648654213e+00
-1.611322593968259298e+01
4.412693934968929810e+00
5.169384607494039940e+00
3.419004568108110043e+00
-6.055707232112897742e+00
-8.266252241626801833e+00
1.116186123650089357e+01
9.601820786936098528e+00
-2.403319621740775247e+01
1.643195168817038265e+01
-1.203166277330850242e+01
2.204752565625484095e+01
-1.969150354391808477e+01
-3.858731239750752273e+00
1.723296315189224615e+01
-6.995116813293630109e+00
8.593693580194035064e-01
-1.064766734661399461e+01
1.046469116566310831e+01
6.806425760099739541e+00
-1.055436015672593797e+01
-8.740573192903681843e+00
2.033795406035958564e+01
-1.233811910586141281e+01
1.095818931691725417e+01
-2.303265310158589330e+01
1.970204180320000376e+01
4.702534191914772066e+00
-1.761398663461256930e+01
8.784474142902794824e+00
-6.256816568199786488e+00
1.735237578554585625e+01
-1.466488388037485002e+01
-5.088875119704334260e+00
9.681404487467760944e+00
7.535894716210250976e+00
-1.568304017497390923e+01
7.030878718684155260e+00
-8.524074547093709597e+00
2.259975907148123042e+01
-1.877491139911613161e+01
-5.505450435154871869e+00
1.719758794614535446e+01
-9.581347057073344331e+00
1.065877907401898206e+01
-2.310056073427716683e+01
1.830240388421746900e+01
3.310213248219210591e+00
-8.566378458090516901e+00
-6.148067212060368547e+00
1.037759992584708790e+01
-8.415073417467948680e-01
4.952692243609150502e+00
-2.084268854528152559e+01
1.692844084199897736e+01
6.280585162741856742e+00
-1.597679821331782435e+01
9.266580805072305083e+00
-1.378438377470566145e+01
2.752532498218153734e+01
-2.105578832558714097e+01
-1.667907818836350309e+00
7.244614559695708778e+00
4.743358744373225022e+00
-4.769899243591387616e+00
-5.827343755358938893e+00
-5.607433978826019683e-01
1.794877227030662681e+01
-1.424220647871112000e+01
-7.036730334475453041e+00
1.399711655418313860e+01
-7.810887806570076641e+00
1.545617401799353630e+01
-3.035189651975841940e+01
2.266095530268723479e+01
3.443559061961314338e-01
-5.761495898714465547e+00
-3.480527311522493505e+00
-7.780150771444027669e-01
1.253082727460049384e+01
-4.266166865348662185e+00
-1.418413579933563362e+01
1.085241006224494775e+01
7.776167764649825287e+00
-1.135342732947164457e+01
5.277596468707083766e+00
-1.561234378311129944e+01
3.141732187240595309e+01
-2.293207938013654257e+01
5.079373555689712383e-01
4.169771542706597778e+00
2.498145407729426282e+00
5.916459724450875868e+00
-1.881430475321985796e+01
9.103244759976503175e+00
9.873167742910577971e+00
-6.943064235759942804e+00
-8.493132339676318310e+00
8.183363331035916843e+00
-1.818353523566940355e+00
1.431020514068638327e+01
-3.068193596182964455e+01
2.177678710772333659e+01
-7.789325239112363519e-01
-2.526286141434280985e+00
-1.903701295155387996e+00
-1.033312320197653200e+01
2.424656688136200700e+01
-1.351928253941620461e+01
-5.373679919798210136e+00
2.733599267095620178e+00
9.173102966432141514e+00
-4.657634169692876469e+00
-2.337883196202924285e+00
-1.172065774644618585e+01
2.823175682314154145e+01
-1.920449779874086005e+01
4.104003021328530565e-01
8.883777858996029231e-01
1.765287325657014073e+00
1.377509208230819482e+01
-2.845139847230061747e+01
1.711002683757574516e+01
1.049618202034114489e+00
1.536221811345420463e+00
-9.793017703570475518e+00
9.680597988475163618e-01
6.901722608386063662e+00
8.114103338493540818e+00
-2.427162940143684011e+01
1.532724306718798246e+01
5.987073537149427693e-01
6.897699193061561651e-01
-2.106480577942785537e+00
-1.606628099015349775e+01
3.113514200176681257e+01
-1.952962716753877714e+01
2.756629478946167389e+00
-5.622983102935410926e+00
1.032242860553007446e+01
2.685787829089250067e+00
-1.154481249573144908e+01
-3.838888129060737953e+00
1.910963208843410754e+01
-1.035285886213098472e+01
-2.191307461181729366e+00
-2.160527267206501456e+00
2.904772540112128709e+00
1.711900335873865941e+01
-3.210821335574431146e+01
2.051779149449258455e+01
-5.750246778787754032e+00
9.296665600750328551e+00
-1.072552791126894078e+01
-6.110338166560120854e+00
1.592428914980892074e+01
-7.060861959251516495e-01
-1.313391110353652458e+01
4.571014158960760021e+00
4.255773011351102753e+00
3.485691453771295301e+00
-4.093631751347739822e+00
-1.693886382927437140e+01
3.129897555574159540e+01
-1.992059416057181664e+01
7.706364365476048306e+00
-1.235680412350504298e+01
1.096389748362680905e+01
9.131155479346785953e+00
-1.970836957393870392e+01
5.102508032649335945e+00
6.783672542718018228e+00
1.666921654138007192e+00
-6.633828027725726884e+00
-4.638595428486437910e+00
5.568007032228238451e+00
1.562265600842268753e+01
-2.875894680741176046e+01
1.770335410151244560e+01
-8.487105981424768686e+00
1.464654600274554674e+01
-1.099976474949402672e+01
-1.160449508038306732e+01
2.260117101853280275e+01
-8.945205000371942106e+00
-5.164976328651422754e-01
-7.972705753604822476e+00
9.132192161175209932e+00
5.605275679078034479e+00
-7.192820037956790813e+00
-1.334947332084957949e+01
2.465896547531905014e+01
-1.395459302609053687e+01
8.052010451974972227e+00
-1.606355450814250219e+01
1.079949687243557221e+01
0.000000000000000000e+00
7.575673237270830640e+00
1.467669482544510906e+01
2.086207608940047464e+01
2.575562291502686918e+01
2.907220078832780530e+01
3.063717507604771839e+01
3.039759625075399185e+01
2.842433700026799670e+01
2.490508453465528760e+01
2.012879218815857385e+01
1.446284470915583142e+01
8.324740732956367850e+00
2.150501347640534799e+00
-3.637755538759893437e+00
-8.662596100398829435e+00
-1.261808189964802907e+01
-1.529062048390894901e+01
-1.657234987393639969e+01
-1.646614966344626296e+01
-1.508203382428442119e+01
-1.262535410370679756e+01
-9.377874840394373024e+00
-5.673320671731040044e+00
-1.869406263312125560e+00
1.681398815449250739e+00
4.660053928345151419e+00
6.805884424937568511e+00
7.936368714138228420e+00
7.960310553105186315e+00
6.883479285199666897e+00
4.806412253346149299e+00
1.914699339606004358e+00
-1.537340642751043873e+00
-5.248174735778423639e+00
-8.893959391766998124e+00
-1.215479561881187465e+01
-1.474023072449309879e+01
-1.641200334347025702e+01
-1.700228839845001261e+01
-1.642609305000566522e+01
-1.468694919291377943e+01
-1.187560076911645623e+01
-8.161949205939521335e+00
-3.781051590949239483e+00
9.855786966138975203e-01
5.831775688862508744e+00
1.044982938166962327e+01
1.455304440543312694e+01
1.789599096950835033e+01
2.029092777218158972e+01
2.161923186475963377e+01
2.183711132632751628e+01
2.097536441098695192e+01
1.913344184187496211e+01
1.646852587667938650e+01
1.318072331179195267e+01
9.495749382033729091e+00
5.646634645036585631e+00
1.856007549269747869e+00
-1.679606713446777810e+00
-4.802262149299981964e+00
-7.400961923046867952e+00
-9.415435240243887449e+00
-1.083525730127120390e+01
-1.169466350885951655e+01
-1.206377962141448457e+01
-1.203728384721008027e+01
-1.172171059628544754e+01
-1.122268371418503818e+01
-1.063332500901144861e+01
-1.002492802786462534e+01
-9.440733708496594545e+00
-8.893318614375310460e+00
-8.365739057388282163e+00
-7.816200002604025698e+00
-7.185670982818698427e+00
-6.407584231089680671e+00
-5.418549083495474150e+00
-4.168919617232216268e+00
-2.632068063066409280e+00
-8.113430037227509217e-01
1.256083193864123260e+00
3.498969883438943995e+00
5.815505632338751951e+00
8.080316747003855937e+00
1.015440352581971339e+01
1.189711935820281852e+01
1.317908568184376783e+01
1.389481482841182469e+01
1.397380554912732364e+01
1.338898488602690939e+01
1.216158686293649183e+01
1.036186511482205574e+01
8.105406558639266734e+00
5.545213913958866314e+00
2.860120406989954844e+00
2.404543154095044599e-01
-2.127848804392764137e+00
-4.079309206290147927e+00
-5.483704582720180021e+00
-6.258241145322764432e+00
-6.375917154287500388e+00
-5.869204234452003455e+00
-4.828560275414615077e+00
-3.395730087996996716e+00
-1.752248691299264749e+00
-1.039973373499645248e-01
1.336964440349271754e+00
2.371790349515229934e+00
2.833807378693693479e+00
2.605373514207870222e+00
1.631090163499751888e+00
-7.390960185915934622e-02
-2.421494823867205159e+00
-5.254321930029098198e+00
-8.355782982072728515e+00
-1.146550346620912819e+01
-1.429928851828647751e+01
-1.657200799659954882e+01
-1.802161766742479188e+01
-1.843236315343224874e+01
-1.765522103440439494e+01
-1.562380050724448743e+01
-1.236424887236782588e+01
-7.998151666930425563e+00
-2.737959363850465788e+00
3.124935293997622487e+00
9.238749507888259771e+00
1.521522160215791963e+01
2.065715051230190014e+01
2.518750260202837410e+01
2.847785334407853242e+01
3.027393536570812671e+01
3.041624638237811240e+01
2.885401882766041837e+01
2.565134211869057879e+01
2.098482134188472514e+01
1.513280673121996145e+01
8.456885458895655461e+00
1.376938661156038357e+00
-5.658416928874718366e+00
-1.220380398490513230e+01
-1.784906670145600316e+01
-2.224882669321803519e+01
-2.514734610453968244e+01
-2.639677704796245905e+01
-2.596737516724479988e+01
-2.394886844577240481e+01
-2.054285264762686580e+01
-1.604677867228021526e+01
-1.083074994512388578e+01
-5.308908077975214468e+00
9.239211201844721444e-02
4.967165333388988024e+00
8.960622980223648781e+00
1.179586753543334154e+01
1.329439934128358125e+01
1.338886417019737962e+01
1.212707636798105426e+01
9.667033960867351894e+00
6.263345289578154507e+00
2.246156035945888974e+00
-2.005751757246129863e+00
-6.095566679704215396e+00
-9.640356128611951902e+00
-1.230177741061318564e+01
-1.381319630365078943e+01
-1.400110783466345232e+01
-1.279920808942340393e+01
-1.025404727679325489e+01
-6.521856595191543704e+00
-1.856832076487750172e+00
3.408177072676275010e+00
8.887042238576464470e+00
1.416979612436074021e+01
1.885384312821820885e+01
2.257452211490648963e+01
2.503267450363561153e+01
2.601712371789873401e+01
2.542038643802464293e+01
2.324647748774363976e+01
1.961029453470876405e+01
1.472872590791776481e+01
8.904262479400081531e+00
2.502462609118392578e+00
-4.074926368724055337e+00
-1.041908011545247703e+01
-1.614319627542754176e+01
-2.090937594641485120e+01
-2.445129721593783145e+01
-2.659105685666370533e+01
-2.724904343579788701e+01
-2.644627197740599200e+01
-2.429921024310851152e+01
-2.100771110234610717e+01
-1.683718786985414440e+01
-1.209658924745717812e+01
-7.114016021250288979e+00
-2.211952816878039130e+00
1.342645404462610514e+01
-2.436490580800828809e+01
1.187364213454554296e+01
-5.225579220983894047e+00
1.394891945447197301e+01
-1.153712592180784391e+01
-6.384598761051981874e+00
8.813773693792633424e+00
1.036574663286335252e+01
-1.927660815787960402e+01
8.880749853367120750e+00
-6.461029775852519919e+00
1.656692912564684406e+01
-1.033703522213978587e+01
-1.453907740636317847e+01
2.483780076183812113e+01
-1.359999695294996513e+01
1.004869821094883697e+01
-1.921749098084580609e+01
1.363079901353197521e+01
6.987332768076174538e+00
-1.026963397867800687e+01
-6.965372440195367609e+00
1.297580758091901743e+01
-2.792019399276272740e+00
3.869859813022925366e+00
-1.617960799405917172e+01
9.596967336725093389e+00
1.493301580915820459e+01
-2.394641442073479354e+01
1.393169906792586588e+01
-1.363607376174678443e+01
2.344692866628241745e+01
-1.520825516561835045e+01
-7.434238864415979364e+00
1.140503870307781575e+01
3.466456309225810273e+00
-6.180195995785815910e+00
-3.919651667741517631e+00
-5.179364615832646734e-01
1.498605343956844393e+01
-8.576954412320739962e+00
-1.464659301223407439e+01
2.171144707037524668e+01
-1.278673968378343417e+01
1.577101151959103831e+01
-2.637623843221275166e+01
1.609368929854810659e+01
7.753342019957778497e+00
-1.208285552474498203e+01
-1.864413546322367665e-01
-6.578359745013973026e-01
1.080879001283718388e+01
-3.290016604542724821e+00
-1.312537462842039204e+01
7.289277663022891041e+00
1.376141152764889952e+01
-1.824662630316761991e+01
1.020060033879246753e+01
-1.635232886668275043e+01
2.783373987971645391e+01
-1.615479194736548507e+01
-7.976612051479506249e+00
1.219515407360456827e+01
-2.582496976804970146e+00
7.090060047940312415e+00
-1.740875237381712282e+01
7.207514172752025772e+00
1.078038537459959123e+01
-5.761333362119180457e+00
-1.239488160395574035e+01
1.375076786816721786e+01
-6.324279759905204301e+00
1.540103414754067934e+01
-2.774937017554170993e+01
1.531404945714829502e+01
8.136339726723193166e+00
-1.167196973031641249e+01
4.595938400111998945e+00
-1.270486301791892103e+01
2.326581196230583970e+01
-1.087314849991352261e+01
-8.163404060214931590e+00
4.034988861096289625e+00
1.069028361592172338e+01
-8.493619092256420089e+00
1.413565493315898980e+00
-1.305777463131948579e+01
2.615954647562498536e+01
-1.355610726296431423e+01
-8.261523206350045001e+00
1.048721010184079461e+01
-5.675904469570808075e+00
1.715682430481832554e+01
-2.797243953778473724e+01
1.393872415896979255e+01
5.499852868711797349e+00
-2.164803814996657749e+00
-8.805150129468659159e+00
2.796552345549159213e+00
4.189646945597588434e+00
9.571254935295256061e+00
-2.320421017860005719e+01
1.093059175600210686e+01
8.374584511864743064e+00
-8.661275855359695797e+00
5.724354918252327451e+00
-2.019123101871149117e+01
3.119730038960301144e+01
-1.609656669735011292e+01
-3.010885764586491486e+00
2.152147420275483114e-01
6.898868798459909968e+00
2.990445295378888702e+00
-1.008258934860037570e+01
-5.278504449166676160e+00
1.911625867371731147e+01
-7.550122631279034380e+00
-8.488713172929536199e+00
6.260218198837495862e+00
-4.730500433761167578e+00
2.166172596535410122e+01
-3.270972997123458725e+01
1.710393700726492838e+01
8.963552923257442906e-01
1.743130868188124794e+00
-5.120452890863875339e+00
-8.513770789405960215e+00
1.583152236518045086e+01
5.784835603734326259e-01
-1.420413891296118791e+01
3.583607211386577340e+00
8.606086114023943523e+00
-3.391516744776818193e+00
2.771407548293122858e+00
-2.153980073647121429e+01
3.239685982430545153e+01
-1.680269273845518541e+01
6.805894570192276838e-01
-3.637629851073153731e+00
3.597400020707070212e+00
1.344133670175107476e+01
-2.100406680514747038e+01
4.098981604859763372e+00
8.828889459419869468e+00
7.547359072379862255e-01
-8.717142729660343647e+00
1.968139682986453920e-01
-5.877421202605037642e-03
1.991545786854165456e+01
-3.027211127106543387e+01
1.513268782447473271e+01
-1.606096840257870362e+00
5.398251925091655856e+00
-2.426464411162225332e+00
-1.748597880903862745e+01
2.520154739479054129e+01
-8.326595128466866669e+00
-3.377335097355815829e+00
-5.219851317941323288e+00
8.801007404198680106e+00
3.157832931601999071e+00
-3.337914451847299624e+00
-1.698902714718601459e+01
2.647441644150207196e+01
-1.213786547572604491e+01
1.824426974667188617e+00
-6.961994977140397722e+00
1.667011738015506062e+00
2.042542015229631502e+01
-2.808893180637060993e+01
1.171280126003600941e+01
-1.766570914984503915e+00
9.552777002371417581e+00
-8.827055366934736469e+00
-6.493441831827931665e+00
6.980063966354671301e+00
1.305478198600763662e+01
-2.125821660577248196e+01
7.964544372355476298e+00
-1.342294864511712760e+00
8.276917878837924292e+00
-1.337420818009322776e+00
-2.211733671191741024e+01
2.942012855021626905e+01
-1.393230430926743146e+01
6.250119479523918997e+00
-1.349879428927850711e+01
8.757519574805158413e+00
9.630473613827920332e+00
-1.061052273743870167e+01
-8.477613027516246902e+00
1.497497492858057200e+01
-2.851981705246151577e+00
2.283852721016632614e-01
-9.305427496958792233e+00
1.414759144669947011e+00
2.250844183054613978e+01
-2.905675499298553888e+01
1.475159463570581408e+01
-9.070195995487750906e-02
1.444969227207444362e-01
3.676375175048907096e-02
-4.540088373380957165e-01
-1.321891163434983696e+00
-2.516677027334887740e+00
-3.949831175238079695e+00
-5.503942660111513341e+00
-7.044700176466211161e+00
-8.434198473959337861e+00
-9.544290716375854799e+00
-1.026872667957032803e+01
-1.053295677284841680e+01
-1.030072257488095744e+01
-9.576872590008646213e+00
-8.406207242573081828e+00
-6.868535752638221581e+00
-5.070484585748369355e+00
-3.134899971928990947e+00
-1.188908009996183068e+00
6.481848396210221352e-01
2.275961120090272516e+00
3.621847558207145212e+00
4.647080416576775619e+00
5.349097104461680630e+00
5.760118177687200358e+00
5.942055973690584025e+00
5.978247737849360810e+00
5.962828400306040777e+00
5.988801187033048201e+00
6.136009579152590376e+00
6.460247068282274796e+00
6.984657099135233693e+00
7.694380564987991278e+00
8.535118429388127481e+00
9.415917531953828856e+00
1.021609014355204081e+01
1.079577806341224644e+01
1.100930651322135034e+01
1.072017587525398952e+01
9.816339050612434391e+00
8.224329379028368692e+00
5.920849110424096118e+00
2.940600655717048539e+00
-6.205696976903425366e-01
-4.607765631361964154e+00
-8.814480149869064363e+00
-1.299502166898549582e+01
-1.688111683000611052e+01
-2.020148398427580361e+01
-2.270286625282906101e+01
-2.417082782455329948e+01
-2.444857086067750629e+01
-2.345213070782701692e+01
-2.118054943355369346e+01
-1.771999516083077708e+01
-1.324125949293057936e+01
-7.990590866972597794e+00
-2.274365441573298341e+00
3.561385817383728281e+00
9.155128453941667743e+00
1.415585105533794774e+01
1.824896528985559740e+01
2.118003781691646381e+01
2.277443769242231753e+01
2.295126637507981116e+01
2.173035903972157712e+01
1.923167380933712778e+01
1.566697866188734167e+01
1.132435707564754424e+01
6.546633648432492514e+00
1.705322452901807395e+00
-2.827918027921478838e+00
-6.710111501585515725e+00
-9.653805739233158434e+00
-1.144978953823412127e+01
-1.198384341275067300e+01
-1.124613242013982450e+01
-9.332416008144010178e+00
-6.436888906950877676e+00
-2.837128511513192120e+00
1.127744794541312157e+00
5.084038107208847634e+00
8.653507107784808028e+00
1.148408472243273692e+01
1.327889471307414126e+01
1.382123935096498890e+01
1.299354608560882873e+01
1.078871578190238623e+01
7.312899486154945450e+00
2.779396288026117823e+00
-2.505940583368904129e+00
-8.166733600404038285e+00
-1.378390113432775799e+01
-1.892715863231762796e+01
-2.318779075149806701e+01
-2.621017129882662999e+01
-2.771959177299375909e+01
-2.754423427844710659e+01
-2.562956937947755875e+01
-2.204403939617868247e+01
-1.697555729315973139e+01
-1.071905813573859945e+01
-3.656028611163285369e+00
3.772443658693556578e+00
1.109706356638526081e+01
1.785379067889818927e+01
2.361684451910353388e+01
2.802877216279612327e+01
3.082533416532844228e+01
3.185337425375487896e+01
3.108038726939008711e+01
2.859514468999552150e+01
2.459942655539836665e+01
1.939158841793098986e+01
1.334330883733972684e+01
6.871369112050810912e+00
4.066737078587816523e-01
-5.637099300879862440e+00
-1.089283585207220106e+01
-1.506512256750674084e+01
-1.794935448786220178e+01
-1.944348443662693171e+01
-1.955167949157780782e+01
-1.837979296569918830e+01
-1.612319965469556848e+01
-1.304812726632397002e+01
-9.468102283806821617e+00
-5.717477023839085959e+00
-2.124190811247172572e+00
1.016070109837298618e+00
3.462309988417363815e+00
5.045571492411935921e+00
5.679952628893632394e+00
5.366586415001052934e+00
4.190457492363663050e+00
2.310507754480203957e+00
-5.598831394004477602e-02
-2.653360361882198148e+00
-5.210059998264352288e+00
-7.461863679054407505e+00
-9.173857567321050510e+00
-1.015944947565330381e+01
-1.029494095281326338e+01
-9.528593583323576865e+00
-7.883602119143666265e+00
-5.454901932347933524e+00
-2.400246053969310012e+00
1.073554200325922636e+00
4.727958328066870664e+00
8.312071184716392835e+00
1.158241502350846552e+01
1.432146848029852748e+01
1.635349555667784216e+01
1.755646117122286398e+01
1.786919716154857340e+01
1.729341017714325091e+01
1.589057271015978223e+01
1.377417145661059728e+01
1.109816642766804229e+01
8.042808271301687739e+00
4.799146661151103110e+00
1.553625815249162656e+00
-1.525898397896206404e+00
-4.301563358835347017e+00
-6.673446236705224521e+00
-8.583519054690327721e+00
-1.001546499122655831e+01
-1.099059748179232798e+01
-1.156048030596075193e+01
-1.179713936039829036e+01
-1.178195955669547601e+01
-1.159445599037947083e+01
-1.130208984015800056e+01
-1.095216948023120018e+01
-1.056664925044374748e+01
-1.014033433054354560e+01
-9.642649151527077578e+00
-9.022761905558644102e+00
-8.217513350808909323e+00
-7.161306714090676984e+00
-5.796904701535796178e+00
-4.085969720813091399e+00
-2.018185482449737833e+00
3.820869727533882099e-01
3.052447603407669519e+00
5.892916476901678635e+00
8.770380550262785846e+00
1.152681088515830155e+01
1.399065957420726392e+01
1.599051758485003205e+01
1.736986324330165843e+01
1.800158092190633496e+01
1.780089666432670015e+01
1.673546771042303760e+01
1.483157095368062706e+01
1.217564542502015534e+01
8.910830690270346466e+00
5.228573991826502620e+00
1.355816898702308038e+00
-9.777813018874120132e+00
1.682545941021777125e+01
-8.550944421023030984e+00
-1.240115820065736330e+01
1.391298350495391034e+01
3.664532099731644621e+00
-8.047573284389862636e+00
-2.884123495127909109e+00
1.391953873867645797e+00
1.002654940414991280e+01
-1.837707832699450705e+00
-2.163695737588019341e+01
2.697897514052162293e+01
-1.404754991870507652e+01
1.213298356691186086e+01
-1.933917613245839107e+01
8.166214248355540661e+00
1.466087180133141743e+01
-1.658926222140546614e+01
9.668379889301643715e-01
9.394933594580461289e-01
8.873991123805154757e+00
-3.346466730588081973e+00
-1.043698783709328737e+01
2.512465065633452177e+00
1.962833536865899120e+01
-2.328759921678885547e+01
1.181769886909231282e+01
-1.319343985431523159e+01
2.089906737823728022e+01
-7.566827657211114833e+00
-1.629773940174848690e+01
1.838234133019223293e+01
-5.020411970954518743e+00
5.878928797071535151e+00
-1.472034473566541024e+01
5.429480139430117092e+00
1.055087392763558540e+01
-3.321134206756330087e+00
-1.668459715908800334e+01
1.819728907848507049e+01
-8.181358799376518220e+00
1.293996626445078846e+01
-2.142709630863411263e+01
6.725057613248182520e+00
1.723977842529442484e+01
-1.909634515729012350e+01
8.152010924776966760e+00
-1.196466746906377665e+01
2.002725690184412599e+01
-7.418127165541080537e+00
-1.039820485120978510e+01
4.131919892509942294e+00
1.306813057920991561e+01
-1.202137633606780653e+01
3.371542339002895794e+00
-1.145703050361363751e+01
2.091366026328467598e+01
-5.625635508488803893e+00
-1.745909092206704116e+01
1.861195371740741322e+01
-1.009567216047329197e+01
1.693405295015061540e+01
-2.442911452864356292e+01
9.090085739299366807e+00
1.002208203105986684e+01
-4.810326020509807066e+00
-9.081193610564893604e+00
5.149424179434701543e+00
2.281779089189555521e+00
8.925640369583335954e+00
-1.941821424353900838e+01
4.268625416694098007e+00
1.697283763983586979e+01
-1.689610741665453375e+01
1.068393012844750167e+01
-2.049031854682842990e+01
2.761754584145920788e+01
-1.024148961525828838e+01
-9.474955332984261958e+00
5.230482716861570403e+00
5.042685811194333567e+00
1.980797227299382790e+00
-8.375818446052630151e+00
-5.608879493930618132e+00
1.706484964370958934e+01
-2.671211169793840767e+00
-1.584097046056588454e+01
1.400528575143148657e+01
-9.860554336766050199e+00
2.244460565383129591e+01
-2.936429461085901949e+01
1.070364453395208670e+01
8.814164095398934862e+00
-5.285729428706073207e+00
-1.263943145099638343e+00
-8.914838425366150787e+00
1.446472932173404757e+01
1.831203184326021471e+00
-1.403313113599921103e+01
8.681995812733891427e-01
1.416094144768629981e+01
-1.008212559463264846e+01
7.684798839617109856e+00
-2.272887274917184897e+01
2.953832232305015282e+01
-1.035726135611250598e+01
-8.097127734767934015e+00
4.897647441038214033e+00
-1.974625991575400974e+00
1.521426062055070894e+01
-2.009275839107504424e+01
2.046952949076067618e+00
1.054485164471961589e+01
1.088857899420004216e+00
-1.205982896186693409e+01
5.345642728430048507e+00
-4.326856247109978959e+00
2.139975943713609041e+01
-2.811584374188652191e+01
9.143094862558049485e+00
7.376573077081567398e+00
-4.022861577817955947e+00
4.444319836696361214e+00
-2.048806471211270974e+01
2.482831944926694590e+01
-5.657342629721652472e+00
-6.847675167698116461e+00
-3.133913265247842972e+00
9.684507483547546869e+00
-7.579663127815727819e-02
5.486953326443466672e-02
-1.863313289942134077e+01
2.518252426462523630e+01
-7.068139258595129704e+00
-6.696189154501429819e+00
2.657107341965054381e+00
-5.984797805468744514e+00
2.442053464819312580e+01
-2.829644154190973282e+01
8.652733931270656598e+00
3.196876147101151311e+00
5.189916463690607884e+00
-7.190624367561653685e+00
-5.406442349370858658e+00
4.785512249029499898e+00
1.470974074362428041e+01
-2.092764977415122374e+01
4.206860030170554765e+00
6.087072078151057219e+00
-8.362723415111377179e-01
6.515389088559624398e+00
-2.679344204602531931e+01
3.020716135019058157e+01
-1.073421165985775971e+01
1.634663336834529801e-01
-7.173328684815496459e+00
4.731224098817953916e+00
1.076203347048802428e+01
-9.797490195045659434e+00
-9.993059162992597777e+00
1.563067790942237423e+01
-6.973123658527349278e-01
-5.565264414663905868e+00
-1.365646958522783727e+00
-6.040241798809608653e+00
2.750098331579378552e+01
-3.037772947872172224e+01
1.167488734330717648e+01
-3.018412928526564620e+00
8.999338133459072964e+00
-2.445873662549988836e+00
-1.565810551487103908e+01
1.456339793797114268e+01
4.901008793432909627e+00
-9.641149066015691105e+00
-3.267618764608512194e+00
5.130609388952651173e+00
3.841498109958576102e+00
4.646965833459543838e+00
-2.655636548068998337e+01
2.874695934952266185e+01
-1.133821106619746999e+01
5.197897643193094552e+00
-1.058739660662345372e+01
4.510912528423620671e-01
1.979169812765827885e+01
-1.867663205706643836e+01
1.263310016007062053e-01
3.353433282686162364e+00
7.453251529876629533e+00
-4.767036517870318235e+00
-6.458442013780397062e+00
-2.498912836233857959e+00
2.408958156929861616e+01
-2.538063180842565103e+01
9.689479778103979868e+00
-6.589060584088481498e+00
1.186665885103056439e+01
1.167230545664557972e+00
7.227503239866001294e+00
8.481339608409488307e+00
9.312677437484980558e+00
9.706490358103854632e+00
9.685456301255626954e+00
9.306103693211566608e+00
8.651612486817382930e+00
7.822004020636875055e+00
6.922709914696442368e+00
6.052673202121130913e+00
5.293188979480788703e+00
4.698631245999288275e+00
4.290041966140125673e+00
4.052292508373836810e+00
3.935190105537121674e+00
3.858523256540878243e+00
3.720654566265793939e+00
3.409912973868202357e+00
2.817743095172140055e+00
1.852365799007958280e+00
4.516117017496132924e-01
-1.406381133190907740e+00
-3.695762285183104012e+00
-6.339750893336011828e+00
-9.212145286698341096e+00
-1.214368737580995194e+01
-1.493296984289353091e+01
-1.736114848155204271e+01
-1.920934783061646201e+01
-2.027735999131480327e+01
-2.040206192331612911e+01
-1.947393400022083654e+01
-1.745015952016994376e+01
-1.436301665470975131e+01
-1.032262467917420423e+01
-5.513548396935232354e+00
-1.852631216399363012e-01
5.363003514996064425e+00
1.080205046158026860e+01
1.579568363895547201e+01
2.002516811431537747e+01
2.321324671963499497e+01
2.514579692467596317e+01
2.568933318011964673e+01
2.480284799278677355e+01
2.254290137670196259e+01
1.906138352459240437e+01
1.459594927263283282e+01
9.453709322865993414e+00
3.989314518633868545e+00
-1.420959928342613310e+00
-6.407173293471724485e+00
-1.063356536504992000e+01
-1.382410461359413745e+01
-1.578369933351666710e+01
-1.641334436835274246e+01
-1.571793107077211360e+01
-1.380601182878542232e+01
-1.088143892060852025e+01
-7.227440947280713957e+00
-3.184307108939154141e+00
8.776290516255365048e-01
4.587621952072289844e+00
7.604446414071989402e+00
9.644264655947552001e+00
1.050420017242011994e+01
1.007970724553034536e+01
8.374296167704695648e+00
5.500764353684403751e+00
1.673746390907055126e+00
-2.805920434458406554e+00
-7.573868687400317157e+00
-1.223020050674248083e+01
-1.637066998973620358e+01
-1.961863619211171894e+01
-2.165529541837073424e+01
-2.224581776201797823e+01
-2.125931648572199606e+01
-1.868104666177597295e+01
-1.461582525208137895e+01
-9.282341954871499823e+00
-2.998735566403158970e+00
3.839511168782292927e+00
1.078770761689765223e+01
1.738400166467162222e+01
2.318291063262936902e+01
2.778779419278885143e+01
3.087980781601932279e+01
3.224114738006297642e+01
3.177083707315209438e+01
2.949188861393329120e+01
2.554932454408345421e+01
2.019925954082037123e+01
1.378991627680043663e+01
6.736062979083625279e+00
-5.111488816676843516e-01
-7.496634095258556840e+00
-1.379364556553561272e+01
-1.903344405848326204e+01
-2.293016950760060269e+01
-2.529911374293509851e+01
-2.606712601859507572e+01
-2.527450632530351982e+01
-2.306840710523079352e+01
-1.968841873011833599e+01
-1.544560648964926486e+01
-1.069675093382078757e+01
-5.815882450592734898e+00
-1.165370179571758591e+00
2.931186130168100590e+00
6.212201229330177377e+00
8.495774106995279240e+00
9.690546707460386600e+00
9.799081400406411291e+00
8.913694425376522901e+00
7.205282618576871911e+00
4.906225455834293925e+00
2.288891057116265060e+00
-3.584108126020053575e-01
-2.756026360695698507e+00
-4.656109142179332139e+00
-5.862494988811437935e+00
-6.245781267633029543e+00
-5.752518263888482863e+00
-4.407926288007803173e+00
-2.312093683507342234e+00
3.698568703657212353e-01
3.422667001668790121e+00
6.599551240022123011e+00
9.642893448950857760e+00
1.230528232470620509e+01
1.436915827040576588e+01
1.566350759282676464e+01
1.607632917940225781e+01
1.556198643826365391e+01
1.414300846236672982e+01
1.190637961794520017e+01
8.994815357089201768e+00
5.593925574573781034e+00
1.916482318566677279e+00
-1.814788629249244778e+00
-5.384397447937095293e+00
-8.599821750938906106e+00
-1.130451840356964155e+01
-1.338723654355124459e+01
-1.478701203952869392e+01
-1.549362673025988002e+01
-1.554372608146651835e+01
-1.501316987597832409e+01
-1.400650895188235268e+01
-1.264470967504506405e+01
-1.105236805442017634e+01
-9.345658434210040610e+00
-7.622149411981698819e+00
-5.953404272031418643e+00
-4.380986180626156745e+00
-2.916138219837372869e+00
-1.543038144962296077e+00
-2.251721912138926474e-01
1.085935592877881328e+00
2.440633612526883045e+00
3.880821653756890477e+00
5.430551383217185446e+00
7.088612835062912509e+00
8.823978517620053807e+00
1.057469740228213340e+01
1.225049084252424514e+01
1.373893290743891882e+01
1.491473312844575361e+01
1.565131451326412915e+01
1.583362488253163747e+01
1.537096005262380238e+01
1.420852965817121039e+01
1.233656705350468386e+01
9.795969663891588297e+00
6.679740857625187544e+00
3.129865097193986756e+00
-6.703462494494729640e-01
-4.507986158956097889e+00
-8.155520986718098442e+00
-1.138783432422348874e+01
-1.399995285282258806e+01
-1.582394813827568214e+01
-1.674352472051296203e+01
-1.670495277704648274e+01
-1.572327346664050651e+01
-1.388307633012475684e+01
-1.133359110794358315e+01
-8.278314439653586376e+00
-4.959864728053796412e+00
-1.641185160017039735e+00
1.415442250037397542e+00
3.969881033727622466e+00
5.824342148972384337e+00
6.840580378853319488e+00
6.952567015249810467e+00
6.173458270546629656e+00
4.596124039018532947e+00
2.387019318497896059e+00
-2.262709756587550913e-01
-2.291125121136571607e+01
2.177283089215845990e+01
-4.660579797526938073e+00
2.821822010803167746e+00
-1.159948021710668797e+01
4.444279967942016185e+00
9.067359606010366946e+00
-1.782863968938519506e-01
-2.033657406140462598e+01
2.046753468180124003e+01
-6.799643847131172869e+00
7.144239634104251557e+00
-1.278090293710996583e+01
-2.358877568304571515e+00
2.483426424324368043e+01
-2.355796039975422929e+01
8.317939080102895844e+00
-8.487428031102158599e+00
1.543929542898612439e+01
-4.120913133582272181e+00
-1.151347669441862642e+01
3.114878654293749882e+00
1.562062621179120647e+01
-1.430641462681709797e+01
2.841089803405965952e+00
-6.884003165973608951e+00
1.329253976496441325e+01
3.111512561195787452e+00
-2.545983943577818209e+01
2.383119901504643678e+01
-1.078862752296073957e+01
1.328836629798325220e+01
-1.871808653548298906e+01
3.748472134193306715e+00
1.364740351126179085e+01
-6.018443393551428322e+00
-1.032739828171233043e+01
7.284796524637911830e+00
1.924320595433226089e+00
5.894976821373853149e+00
-1.338538163942936343e+01
-3.449910316510706121e+00
2.477520918182383269e+01
-2.250090417719939495e+01
1.186065443616999282e+01
-1.693733987018028131e+01
2.121229071035474334e+01
-3.276346230611915544e+00
-1.533576285694819319e+01
8.597009296542942991e+00
4.875495780731362139e+00
1.487673154992295577e-01
-7.164091732630926579e+00
-4.322609251326766433e+00
1.306592934195717426e+01
3.432346710368327614e+00
-2.285579988273281771e+01
1.959246177912206832e+01
-1.143614201225741489e+01
1.923526021757421489e+01
-2.274598966029567038e+01
2.657042542763363713e+00
1.647062051317772102e+01
-1.058207815860264844e+01
3.152151432852132729e-01
-7.516965152595657784e+00
1.249943244346705384e+01
2.359405112953674610e+00
-1.236304770681464582e+01
-3.144473019776956590e+00
1.985886700060533983e+01
-1.524742735050085329e+01
9.538965913133786501e+00
-2.008514088830285971e+01
2.320419743201575002e+01
-1.851392105656221032e+00
-1.697703011428362885e+01
1.174981671980444453e+01
-4.855168253474404061e+00
1.434812033346793037e+01
-1.753328959955442201e+01
-2.294995701930773180e-01
1.132602298301424071e+01
2.691192791094902503e+00
-1.601121379712071757e+01
9.714018723596193894e+00
-6.313135020837864708e+00
1.949835950679289454e+01
-2.254182050670720017e+01
8.332581096126383535e-01
1.681815370267327125e+01
-1.193882205274019803e+01
8.414173034300652887e+00
-2.021016230614687004e+01
2.187999085071048810e+01
-1.829269296104822473e+00
-1.002112165504901320e+01
-2.187202509223160618e+00
1.159194307830082238e+01
-3.329665547988615248e+00
2.012026095010071458e+00
-1.759281885054098993e+01
2.078758753869216136e+01
4.066636550306625963e-01
-1.599760686056425385e+01
1.106312990970851295e+01
-1.074583774669537384e+01
2.474165506086396960e+01
-2.519428142475702970e+01
3.584437114675725233e+00
8.526889898080193930e+00
1.746949033642241744e+00
-6.911554940202083941e+00
-3.503086922714884643e+00
3.020724365711471293e+00
1.458314335486328517e+01
-1.804261731973924654e+01
-1.858299191557025054e+00
1.455888893811745710e+01
-9.119497691167447684e+00
1.170552603486017418e+01
-2.767758296111915683e+01
2.719757650098292956e+01
-4.827690102284428519e+00
-6.928535807333621399e+00
-1.474789984243146890e+00
2.288967223473026280e+00
1.034552800140873252e+01
-8.377241972817598636e+00
-1.076364410213992606e+01
1.447369229685883596e+01
3.491160211122950940e+00
-1.258197819806153461e+01
6.188426845173699675e+00
-1.126052255052477946e+01
2.886798470831698182e+01
-2.769945064127095335e+01
5.391906496633800394e+00
5.311814455542493540e+00
1.456116254403561072e+00
1.971820036827656608e+00
-1.675443405464469038e+01
1.361640084732207434e+01
6.485328429468194322e+00
-1.030170142198221583e+01
-5.254957244657152415e+00
1.017738201167819057e+01
-2.428860793739551216e+00
9.491670202253558841e+00
-2.828805955348784096e+01
2.661273458722660123e+01
-5.165148495067414025e+00
-3.756882020903067776e+00
-1.750111471457450385e+00
-5.603679600706161779e+00
2.231407292807229226e+01
-1.829745102749960495e+01
-2.128678905392029641e+00
5.786080420869900820e+00
7.081872701934642578e+00
-7.478117814696286558e+00
-1.933031537070995398e+00
-6.586382654082799881e+00
2.603900599470977539e+01
-2.396106171762717452e+01
4.100512414211659795e+00
2.332595417118526360e+00
2.384688699864875971e+00
8.395309352470635034e+00
-2.666618689046590873e+01
2.201376274680696810e+01
-1.925753275572725354e+00
-1.206382110774234739e+00
-8.890371779304663491e+00
4.630247691528987630e+00
6.620135302572225378e+00
2.823582539398937552e+00
-2.233954454938686851e+01
1.987826661224464431e+01
-2.221050609504896300e+00
-1.091706557825790291e+00
-3.353970886273744068e+00
-1.020579482116069414e+01
2.953573473985264641e+01
-2.442415173104748050e+01
5.326727776823497074e+00
-3.157669134186759763e+00
1.059030286101384988e+01
-1.782687624358164413e+00
-1.132450557704517635e+01
1.448279869577385082e+00
1.750877109565359646e+01
-1.459964478467832905e+01
-3.806539255583203385e-01
6.733706312995835219e-02
4.618482211299245854e+00
1.097373195840991400e+01
-3.075049305541947575e+01
2.527942780503268239e+01
-7.779452712575381845e+00
