1.705624917990305889e+01
1.875030106426764576e+01
1.941832213623604630e+01
1.911857381913451093e+01
1.796825836508779162e+01
1.613002943511348519e+01
1.379577269690049235e+01
1.116913329835334956e+01
8.448312756175674565e+00
5.810573311414233721e+00
3.399683589356543578e+00
1.317235850033303457e+00
-3.816093236873842609e-01
-1.687806423056789296e+00
-2.633803834443076308e+00
-3.285261837577537314e+00
-3.730062400067006401e+00
-4.065778976672564937e+00
-4.386879659920030150e+00
-4.772924470744359660e+00
-5.278890518483655647e+00
-5.928530435670880117e+00
-6.711361923160478860e+00
-7.583528214314865679e+00
-8.472393760100558779e+00
-9.284380685324673976e+00
-9.915242043094277591e+00
-1.026173545976280366e+01
-1.023352622697525049e+01
-9.764124212071003228e+00
-8.819746183111785598e+00
-7.405186286205434953e+00
-5.566055139134437724e+00
-3.387087182674541452e+00
-9.865858414754260508e-01
1.492556900953811549e+00
3.894499209846089549e+00
6.063715174717528633e+00
7.858683975128194277e+00
9.164734415908808884e+00
9.904827743221085612e+00
1.004722479307942429e+01
9.609245768362853823e+00
8.656670209022852447e+00
7.298711811119828141e+00
5.678903828226333772e+00
3.962610300233249561e+00
2.322202120129611913e+00
9.211751676069335204e-01
-1.013823572006935514e-01
-6.445583297039849668e-01
-6.563230141185854016e-01
-1.401103016957527814e-01
8.434547282374511568e-01
2.180003526082579413e+00
3.709922804669965046e+00
5.241333033119040863e+00
6.566565891113492093e+00
7.480823888575309333e+00
7.801473447071714418e+00
7.386317181823816469e+00
6.149223886304781672e+00
4.071666291658846859e+00
1.209015817626023059e+00
-2.309151954295568299e+00
-6.285008968981117050e+00
-1.046443748186422695e+01
-1.455425039451483826e+01
-1.824345690117696250e+01
-2.122699037531076272e+01
-2.323006501400047341e+01
-2.403122099301394954e+01
-2.348216659942756479e+01
-2.152272928824537956e+01
-1.818957245877682993e+01
-1.361779579569377319e+01
-8.035079209060503658e+00
-1.748611508388869584e+00
4.874381101194244614e+00
1.143117100326469071e+01
1.751136925834227753e+01
2.272601615120152019e+01
2.673573211305351549e+01
2.927577250719207314e+01
3.017603309701311787e+01
2.937441228175589458e+01
2.692242496702559862e+01
2.298254420522001595e+01
1.781737572248077583e+01
1.177139813825476544e+01
5.246578721758712760e+00
-1.326344859376059837e+00
-7.518780674915562123e+00
-1.293507783946995460e+01
-1.724087821551477617e+01
-2.018687765215505081e+01
-2.162619305959471205e+01
-2.152401603583110301e+01
-1.995882219709438488e+01
-1.711505223332382997e+01
-1.326783566706880180e+01
-8.760940200251512877e+00
-3.979650506215549388e+00
6.793304639108246334e-01
4.838637672491964636e+00
8.169290874382003409e+00
1.041580230777253924e+01
1.141542522776037494e+01
1.111008182019356560e+01
9.550080110600260852e+00
6.889368302160788105e+00
3.372731465200675682e+00
-6.840416915853912982e-01
-4.919453677234562505e+00
-8.955070047802335509e+00
-1.242552342832339640e+01
-1.500742068600652956e+01
-1.644492153264899414e+01
-1.657002714242693031e+01
-1.531603851785543924e+01
-1.272318243474401811e+01
-8.936014969970839772e+00
-4.192850446182141866e+00
1.191922974120188883e+00
6.851238627512394430e+00
1.239262793560963871e+01
1.742726756667930488e+01
2.159857233672681787e+01
2.460816885093243300e+01
2.623731210029166760e+01
2.636218204640046281e+01
2.496198843257492328e+01
2.211937959460188807e+01
1.801324929984049561e+01
1.290461715769062323e+01
7.116777415267572238e+00
1.011328050401058221e+00
-5.038024231065527658e+00
-1.067185733725121111e+01
-1.556963069662486099e+01
-1.947067765881530832e+01
-2.219010996674123248e+01
-2.362858492440628311e+01
-2.377539249717885639e+01
-2.270485673681398708e+01
-2.056656990124245965e+01
-1.757044660006226877e+01
-1.396796265930210268e+01
-1.003120073971731507e+01
-6.031443985140787944e+00
-2.219033701036663864e+00
1.193957165703245948e+00
4.046969267492386280e+00
6.239237074176690712e+00
7.732663522025052139e+00
8.549314816240736192e+00
8.764010929246159876e+00
8.492883374085147707e+00
7.879082035768737668e+00
7.077013049431079672e+00
6.236565552688278835e+00
5.488733089736265391e+00
4.933862958957873524e+00
4.633491494434724522e+00
4.606371283830751118e+00
4.828899926979524082e+00
5.239754697205134093e+00
5.748159131335549787e+00
6.244888992669952010e+00
6.614893364968944311e+00
6.750280993152456332e+00
6.562411968362397374e+00
5.991939738613975663e+00
5.015857347891573781e+00
3.650894800988080391e+00
1.952964274150219559e+00
1.272446207651389827e-02
-2.052299395490695844e+00
-4.108280369864463211e+00
-6.017328714266597878e+00
-7.650236531666878115e+00
-8.898510895590463932e+00
-9.684541609812216123e+00
-9.968920313086377050e+00
-9.754189878670548097e+00
-9.084633494991534164e+00
-8.042081713912905272e+00
-6.738089799671007185e+00
-5.303182934238956925e+00
-3.874151612303184500e+00
-2.580577429780352539e+00
-1.531861506313386467e+00
-8.060043211433676191e-01
-4.412473156938077068e-01
-4.314440031420456734e-01
-7.257017043322715466e-01
-1.232452311043616078e+00
-1.827704945060363073e+00
-2.366840842367818887e+00
-2.698966480990978134e+00
0.000000000000000000e+00
1.866292037918237057e+01
-1.548806215212300330e+01
7.561772378029976593e+00
-1.398779753658127945e+01
1.790076958129169427e+01
-3.068273377860553985e+00
-9.303425134660852081e+00
-1.049677357876111827e+00
1.479366169193178848e+01
-1.047121066485833474e+01
3.811693989064274035e+00
-1.196543006050557523e+01
1.599363011720763872e+01
2.018876281637058234e+00
-2.090366487728733702e+01
1.823369563356720491e+01
-1.029762654114751719e+01
1.636144819177247456e+01
-1.983700888916012062e+01
3.962171738778658359e+00
1.036114172683361545e+01
-1.973071315561654160e+00
-1.074374375637809287e+01
6.124956332740507214e+00
5.808228562891208924e-01
8.069227946495306725e+00
-1.330714729682872388e+01
-3.637482744961772596e+00
2.234248846236177499e+01
-1.987182549538439247e+01
1.174977146117497107e+01
-1.740326762972635066e+01
2.051258760355344535e+01
-3.754654136490506389e+00
-1.233522299496972607e+01
5.748143596990322735e+00
6.093117526866305589e+00
-1.352405684011839693e+00
-5.183768048046138333e+00
-4.228586322536941999e+00
1.100332034440141271e+01
4.504352645588650006e+00
-2.268925497332161001e+01
2.018391987175561297e+01
-1.178149876706979882e+01
1.706870891073409524e+01
-1.998409957421408834e+01
2.608449602672364698e+00
1.495967666242060901e+01
-9.920459336396875827e+00
-1.260374482739197610e+00
-3.397593639440005919e+00
9.553717908749121079e+00
8.484327048743605104e-01
-9.422561920461486551e+00
-4.359920595665268017e+00
2.177281945975031263e+01
-1.908975239195735796e+01
1.040422794670936035e+01
-1.546096517658139291e+01
1.844563648388646016e+01
-8.049696330699847024e-01
-1.787534806668368148e+01
1.407197625663114948e+01
-3.305965026216258984e+00
7.680555121355261861e+00
-1.328573676823512528e+01
1.737301362315083253e+00
8.805059718278791081e+00
3.068874189677527120e+00
-1.956308612427004334e+01
1.665794372571460258e+01
-7.775959587552475405e+00
1.281741619734840754e+01
-1.620396364713869275e+01
-1.290400155642386082e+00
2.067250017301073939e+01
-1.776957337837786355e+01
7.177649358237569110e+00
-1.110565606873516131e+01
1.605860313958035945e+01
-3.303932520755573421e+00
-9.261885806927608655e+00
-6.379659905726260405e-01
1.617677414010690029e+01
-1.309946735492831849e+01
4.183013935448800957e+00
-9.480729932080468103e+00
1.364068040303307150e+01
3.272888317683688264e+00
-2.293953756755978901e+01
2.061498082769199769e+01
-9.994734287518957316e+00
1.337882130763446398e+01
-1.767014058651675867e+01
3.761304792884837767e+00
1.076137553083404619e+01
-2.782817270095449658e+00
-1.186618343595432989e+01
8.744848115541431710e+00
-7.173301665842402031e-03
5.857997009136182598e+00
-1.116579571150938222e+01
-4.747593116607622399e+00
2.431219851741238358e+01
-2.229096537407668421e+01
1.150591456129713031e+01
-1.433462556962832224e+01
1.805858511738753691e+01
-3.163174450644611113e+00
-1.313236960503219031e+01
6.915896836712807527e+00
6.992225311698929247e+00
-4.007671420496005332e+00
-4.317963823944740653e+00
-2.372660922536486083e+00
9.168144422690323481e+00
5.377649181468591166e+00
-2.451748057053481489e+01
2.259841059036203958e+01
-1.159649094345727782e+01
1.395334942790831079e+01
-1.730754438434334119e+01
1.699629104100451649e+00
1.608395045967940717e+01
-1.138676926490109231e+01
-1.984809352095855850e+00
-6.613929720515201449e-01
8.356361703728925505e+00
-5.851615919685713152e-01
-7.968434101539193293e+00
-4.925674590386476481e+00
2.340717267055009643e+01
-2.147998242135741975e+01
1.030074654482945107e+01
-1.236124563557726930e+01
1.563401060508156704e+01
3.265565142405835175e-01
-1.923938400582883901e+01
1.576616492742781261e+01
-2.704853504624233906e+00
4.824750297423776146e+00
-1.171894334320975872e+01
2.704193560444787536e+00
7.780403993448103961e+00
3.283647449514340622e+00
-2.097706992106142110e+01
1.902762317115757185e+01
-7.797311579045133278e+00
9.814019662231464380e+00
-1.336085758874941476e+01
-2.536856810864771106e+00
2.218032377879181638e+01
-1.961882561876202402e+01
6.654532182735625412e+00
-8.106437343479452551e+00
1.410729010444508091e+01
-3.788056468799185339e+00
-8.684632548369320304e+00
-4.877045982944743230e-01
1.736960633764951467e+01
-1.547298936036297512e+01
4.388065696632233781e+00
-6.665474137749097139e+00
1.087705400217374496e+01
4.522905756072348460e+00
-2.449613798750003824e+01
2.255325634953695513e+01
-9.518039501809145264e+00
1.023347784776497882e+01
-1.534659695722982775e+01
3.777689633560973093e+00
1.061805766337062629e+01
-3.283893538622461250e+00
-1.285956360758920525e+01
1.116192427944696064e+01
-4.630331260545670347e-01
3.324985943343358841e+00
-8.590250886027742894e+00
-5.896018730207718050e+00
2.583262033541802438e+01
-2.426668859304642467e+01
1.106364852759456774e+01
-1.106527510610918696e+01
1.540408642217787971e+01
-2.757533701781131441e+00
-1.338044543383777096e+01
7.729432048913974285e+00
7.824476876540350290e+00
-6.515905134475490357e+00
-3.544653198781709591e+00
-2.087773360305078540e-01
6.877285898125484742e+00
6.334541301492838450e+00
-2.593441227866004795e+01
2.458004318334627669e+01
-1.119943156521702221e+01
1.060766902245557830e+01
-1.439077558939488277e+01
-7.730818335002265229e+00
-1.086710698401464548e+01
-1.301997471346940038e+01
-1.396403339461711468e+01
-1.356988862181692213e+01
-1.181523658841788560e+01
-8.787684311533691783e+00
-4.679059060908672407e+00
2.283687209895175485e-01
5.582699763044614016e+00
1.098866559857907177e+01
1.603732321247713344e+01
2.033691289222145215e+01
2.354252263701733483e+01
2.538230034017637493e+01
2.567822715145638313e+01
2.435988993521269208e+01
2.147023370572008716e+01
1.716289336578466873e+01
1.169134935051211599e+01
5.390773443358598982e+00
-1.346019148675441812e+00
-8.096659628065987491e+00
-1.443921676684563593e+01
-1.998182814492281878e+01
-2.438976530119715136e+01
-2.740795123131056599e+01
-2.887732326205624389e+01
-2.874392779937353737e+01
-2.706020564077031310e+01
-2.397853158997639866e+01
-1.973766212170691858e+01
-1.464327375113205321e+01
-9.044201976318394287e+00
-3.306284244526202620e+00
2.214150497275920948e+00
7.195126693846893851e+00
1.137036393889669661e+01
1.454559981398434232e+01
1.660881184421647205e+01
1.753376558310658595e+01
1.737685770972762711e+01
1.626775362977759443e+01
1.439479598315111808e+01
1.198654638166396147e+01
9.291088438135846062e+00
6.554846859276898030e+00
4.002657939744437954e+00
1.820666205743776800e+00
1.433367052903764538e-01
-9.545110332212121129e-01
-1.460189020845120922e+00
-1.420161638200569953e+00
-9.320747809736058542e-01
-1.326729636303110027e-01
8.171952489439640033e-01
1.749072854480642647e+00
2.503395920101905148e+00
2.944551386883720312e+00
2.973210440903660157e+00
2.534931759148169483e+00
1.624384266911085506e+00
2.849423572147276040e-01
-1.396178046020475350e+00
-3.296682964116662617e+00
-5.270970359116285309e+00
-7.163766158711771581e+00
-8.824344496156696138e+00
-1.012002584302201313e+01
-1.094773933733522320e+01
-1.124263541039644387e+01
-1.098302253503528547e+01
-1.019125076479271641e+01
-8.930542788666727461e+00
-7.298146278958599353e+00
-5.415515875159288228e+00
-3.416499403259157130e+00
-1.434677324915432983e+00
4.089282902864042057e-01
2.016604375378499014e+00
3.322139760285784504e+00
4.295690649785617765e+00
4.944867968586855511e+00
5.311957177673379604e+00
5.467551914216404185e+00
5.501229118567057874e+00
5.510183365750663143e+00
5.586944968642975518e+00
5.807410406291680260e+00
6.220404169044097209e+00
6.839867695362629618e+00
7.640543401871559226e+00
8.557709018280311497e+00
9.491146519761660016e+00
1.031313344337988447e+01
1.087985758183414475e+01
1.104531395905575586e+01
1.067647722229934182e+01
9.668378560106029695e+00
7.957670905146691176e+00
5.533346340017867071e+00
2.443471282215070595e+00
-1.202886498165979923e+00
-5.238973932971554781e+00
-9.448904981994388663e+00
-1.358098699308784774e+01
-1.736492858115628479e+01
-2.053166894905051265e+01
-2.283429673103178104e+01
-2.406837588232111358e+01
-2.408998269929772462e+01
-2.282988632583169064e+01
-2.030256784915786739e+01
-1.660915165750786926e+01
-1.193378840704231436e+01
-6.533545180902351035e+00
-7.223837517271025632e-01
5.149700742707540080e+00
1.072089197276017103e+01
1.564332087352698686e+01
1.960842778867614555e+01
2.236994186496404780e+01
2.376264568931707544e+01
2.371538710540835027e+01
2.225722255529475291e+01
1.951609535496859493e+01
1.571002791046686298e+01
1.113139373422366418e+01
6.125386401216010412e+00
1.064273689961405367e+00
-3.680622653028340352e+00
-7.767077480280044632e+00
-1.090806219417702927e+01
-1.289374790844938623e+01
-1.360766339274178804e+01
-1.303569826712607593e+01
-1.126718864626526440e+01
-8.487934772171552567e+00
-4.965630272763412734e+00
-1.028780860814545228e+00
2.959291010205096217e+00
6.629361405741608593e+00
9.635901750323792925e+00
1.168504848381283523e+01
1.255874685510560518e+01
1.213315326338875977e+01
1.038981540804537929e+01
7.418702774304239966e+00
3.412788803828106232e+00
-1.345458529039579076e+00
-6.504690382618409039e+00
-1.167085122185089752e+01
-1.643693144731430422e+01
-2.041403078592848530e+01
-2.326135446860683231e+01
-2.471283822034140698e+01
-2.459835082061601241e+01
-2.285783486616313098e+01
-1.954728530008668486e+01
-1.483608922398299512e+01
-8.995910820680485642e+00
-2.381950448425964595e+00
4.592013022441287617e+00
1.148291767198881175e+01
1.784984919612632481e+01
2.328525132229393080e+01
2.744358949397135916e+01
3.006534888901421354e+01
3.099461673336838174e+01
3.018899935541034552e+01
2.772121661988635566e+01
2.377235350776346934e+01
1.861738073739080335e+01
1.260413433764367319e+01
6.127423565174725972e+00
-3.997187411642793009e-01
-6.575444629388946360e+00
-1.203694739562268445e+01
-1.648471383579930816e+01
-1.970143561910933983e+01
-2.156428757019697429e+01
-2.204981766631510709e+01
-2.123127935350625606e+01
-1.926882442071692125e+01
-1.639351773645594079e+01
-1.288659148636398832e+01
-9.055691556088280691e+00
-5.210058028725379486e+00
-1.636613114711088279e+00
1.421196213228880234e+00
3.780223821293060560e+00
5.328930964104075407e+00
6.032461990691142084e+00
5.931298472153825330e+00
5.133824503016961138e+00
3.803619309599855391e+00
2.142698100298998654e+00
3.722169858554025268e-01
-1.287678945795049046e+00
-2.637164193050149485e+00
9.447715390429225479e-01
1.665707104690520168e+01
-1.245691138134680997e+01
-2.703134045671126362e+00
1.984912864803948906e+00
7.208494605289272883e+00
-2.309341243404082533e+00
-6.038387160240381135e+00
-5.623490812255056426e+00
2.467618997571373640e+01
-2.345883689559309104e+01
9.982606664398893770e+00
-9.010064555340340675e+00
1.254642581880060170e+01
1.337108576766894430e+00
-2.005498852966592693e+01
1.702789851343411698e+01
-2.053053100686820009e+00
2.002835006331523005e+00
-1.015731144707275035e+01
3.942022225694138626e+00
6.260428032624030692e+00
3.681850098876691124e+00
-2.207896940388599560e+01
2.101760337222847852e+01
-7.611829014681160466e+00
6.546002515799367316e+00
-1.020945914095343632e+01
-3.697337991498501619e+00
2.314868351105509703e+01
-2.100699663216028412e+01
6.030199816198035023e+00
-5.088486881631535397e+00
1.211723211793612265e+01
-4.522100553254016830e+00
-7.593530770041372335e+00
-5.743055042827389656e-01
1.830960709928660179e+01
-1.750730774828835834e+01
4.403340094164869711e+00
-3.579463968360554027e+00
7.775372060632076199e+00
5.724925926602511872e+00
-2.552980877136863214e+01
2.401121440759321857e+01
-8.897837580218217468e+00
7.022005029845948876e+00
-1.294213072417850618e+01
4.022060980279981379e+00
9.943764153562703711e+00
-3.493972764381763518e+00
-1.366352164772380640e+01
1.328720358606963714e+01
-7.537566428525757090e-01
5.208531892268606356e-01
-5.648513624855995729e+00
-7.038259584642384326e+00
2.685522326920262515e+01
-2.575352331660639749e+01
1.044525088794826928e+01
-7.688917403081611646e+00
1.262900313825749166e+01
-2.556991743882869983e+00
-1.308280816653140377e+01
8.198940569598182293e+00
8.532606365184030039e+00
-8.784382031016242820e+00
-2.906172451183314465e+00
2.222200689572623844e+00
4.192865126280764798e+00
7.331456362543480765e+00
-2.688774725512291397e+01
2.607556155958810251e+01
-1.060407765939870117e+01
7.121306731292615488e+00
-1.131652357800589925e+01
3.706854853183081389e-01
1.667348497374520022e+01
-1.313320860387254996e+01
-3.362020774657413114e+00
4.445687418377614719e+00
6.161469828056317155e+00
-4.293485268502278629e+00
-3.687574221732000446e+00
-6.412052702549225991e+00
2.552488681047471175e+01
-2.496569819618357400e+01
9.454581091879598276e+00
-5.491800580213154426e+00
9.266979881821487908e+00
2.193490227419260030e+00
-2.030820907579420975e+01
1.785140068591637430e+01
-1.399161798289290992e+00
-6.875556236241537889e-01
-8.660702557998641637e+00
5.430620243769885391e+00
4.292443165149690820e+00
4.225617644020893238e+00
-2.281217317205384632e+01
2.256036558948206761e+01
-7.214892975102553230e+00
3.091299197015461075e+00
-6.833718151165446564e+00
-4.733557437633434617e+00
2.355590496560678915e+01
-2.192010859618643792e+01
5.347760623666736102e+00
-2.150431068479089269e+00
1.015608539296899338e+01
-5.496304254865416183e+00
-6.027413509560766158e+00
-8.643954688941914988e-01
1.893954399986861148e+01
-1.912850547041516336e+01
4.214501464447589107e+00
-2.930649043653685837e-01
4.417912016806089248e+00
6.836953465207515457e+00
-2.601195265225095454e+01
2.496667368493161376e+01
-8.171005365812305854e+00
3.842913407463900199e+00
-1.053127083069410297e+01
4.494752145460758186e+00
8.768462408425557797e+00
-3.441065041587584084e+00
-1.422115854265964074e+01
1.504092911426870494e+01
-8.550810925186880240e-01
-2.492621496895456090e+00
-2.419712853585155976e+00
-8.130019679729620918e+00
2.734536481330164648e+01
-2.672115801694014436e+01
9.680635961933303335e+00
-4.302745952825216769e+00
9.813616648189686487e+00
-2.571405703941799459e+00
-1.226041748461091174e+01
8.346362411532119552e+00
9.060958429900310307e+00
-1.072813837327656117e+01
-2.436772371333947973e+00
4.867938983361714378e+00
1.189490716781746560e+00
8.323181526415107001e+00
-2.733771557570475252e+01
2.704665432684655002e+01
-9.832663327871287606e+00
3.588861315897277748e+00
-8.169528037531657461e+00
-4.052230909032061845e-03
1.614522970062342466e+01
-1.343097576184651487e+01
-3.907937764028530214e+00
6.631489000053105265e+00
5.259404700868341109e+00
-6.495363675804817660e+00
-9.848657243255978244e-01
-7.246544612080686676e+00
2.590929338166256457e+01
-2.595443331244680962e+01
8.730532282928653132e+00
-1.897133479387894006e+00
5.883440447254070449e+00
2.869407000667669294e+00
-2.000244522299628258e+01
1.824493710160573556e+01
-7.937214206339082700e-01
-3.153345967070250389e+00
-7.282769591545109833e+00
7.138283566687320558e+00
1.938557221555979204e+00
4.871741222598300780e+00
-2.312942858847267402e+01
2.360218223484184819e+01
-6.611352326483242337e+00
-4.646598660297476258e-01
-3.322912054327416431e+00
-5.612657083663143531e+00
2.339719677143882848e+01
-2.235906068705115501e+01
4.653897809903302374e+00
6.119932289988696539e-01
8.286480782241618215e+00
-6.689651111662712424e+00
-4.040821398192887770e+00
-1.317455353060646761e+00
1.920977886256069311e+01
-2.027554671858365509e+01
3.816824398742927116e+00
3.114830058004487867e+00
8.939105062545746883e-01
7.820821052166423648e+00
-2.593015735643308517e+01
2.541293223420233005e+01
-7.379485512829292659e+00
7.934954279795878307e-01
-8.184837204937714716e+00
0.000000000000000000e+00
7.426905524932486458e+00
1.439330535058172345e+01
2.047089219504229618e+01
2.529336425789319165e+01
2.858163303045303749e+01
3.016257649725694279e+01
2.997997643293757264e+01
2.809687546044432693e+01
2.468924282026146955e+01
2.003149654457278217e+01
1.447504281431396933e+01
8.421513352412793196e+00
2.292768918141179224e+00
-3.500037933089187092e+00
-8.586001055496479850e+00
-1.266039429405127947e+01
-1.550509790546221822e+01
-1.700206213708302982e+01
-1.713890675564071131e+01
-1.600637307114612184e+01
-1.378797710214394456e+01
-1.074280936509941320e+01
-7.182941991383356317e+00
-3.447298037400125192e+00
1.259185069814219293e-01
3.226057627311840648e+00
5.594044368929561806e+00
7.041764643102959020e+00
7.465390653875779492e+00
6.851722918251123673e+00
5.277192328238827557e+00
2.899750686359974239e+00
-5.556510301123473994e-02
-3.316125310154724559e+00
-6.584611037987849969e+00
-9.563446551771336956e+00
-1.197879417370533162e+01
-1.360222045544887770e+01
-1.426836657382486173e+01
-1.388730883378908310e+01
-1.245074605128434087e+01
-1.003166126353820964e+01
-6.777633319965816305e+00
-2.898476408986696562e+00
1.350677715255846678e+00
5.689403231228048696e+00
9.833446305433692913e+00
1.351589876095280296e+01
1.650641530528735856e+01
1.862701487678813450e+01
1.976332520202601017e+01
1.987053326726319114e+01
1.897375775942528620e+01
1.716302384572563255e+01
1.458345700742625439e+01
1.142168520532173659e+01
7.889717682618480943e+00
4.207732926729414125e+00
5.872465668384219128e-01
-2.783957958342204719e+00
-5.753956747168000874e+00
-8.214990659485810198e+00
-1.010743478352314995e+01
-1.141931909243536580e+01
-1.218168619909384276e+01
-1.246043450405091235e+01
-1.234558965006894304e+01
-1.193914927306145302e+01
-1.134273929679337201e+01
-1.064629800264888004e+01
-9.918870647521835338e+00
-9.202366187340022208e+00
-8.508820943784847657e+00
-7.821360624898487046e+00
-7.098684735767759157e+00
-6.282549897899111890e+00
-5.307432788525552780e+00
-4.111336399193394442e+00
-2.646585020964115742e+00
-8.894447929245057338e-01
1.152491098588306784e+00
3.436009322224888862e+00
5.881644242269721268e+00
8.376929681201932709e+00
1.078338501566929963e+01
1.294672060783675782e+01
1.470942288152325084e+01
1.592462562914029434e+01
1.647001562560670251e+01
1.626047336693743972e+01
1.525822007653186674e+01
1.347942599402074038e+01
1.099651820629398635e+01
7.935785705898457110e+00
4.470284670511972536e+00
8.084632947071384024e-01
-2.820683565626676881e+00
-6.184789031638612045e+00
-9.066237127382386518e+00
-1.127972643289229637e+01
-1.268776744513241539e+01
-1.321273714566190272e+01
-1.284436651322110912e+01
-1.164189182328586725e+01
-9.730530524975790740e+00
-7.292412331866628961e+00
-4.552566889656651128e+00
-1.761001142424136745e+00
8.277450111722117754e-01
2.975928604287236823e+00
4.483066313034414385e+00
5.203804327900177107e+00
5.061641175094257150e+00
4.057253890267336516e+00
2.270593180390815924e+00
-1.435930751657372717e-01
-2.966615658614467854e+00
-5.932357789442400886e+00
-8.748243890018832403e+00
-1.111906678588244723e+01
-1.277180504846509912e+01
-1.347943681065754618e+01
-1.308179029721661024e+01
-1.150166465478022282e+01
-8.754794605398153351e+00
-4.952694040867688940e+00
-2.979617423985945202e-01
4.927775741781061924e+00
1.038252023698860071e+01
1.568785478321285787e+01
2.045644649293640782e+01
2.432103934570049475e+01
2.696272122286500306e+01
2.813626616064504660e+01
2.769054268745613712e+01
2.558232933730027270e+01
2.188236322267454170e+01
1.677303018619879538e+01
1.053774069776318356e+01
3.542674893128749947e+00
-3.787827163895095772e+00
-1.100045460407082842e+01
-1.764455273342410635e+01
-2.330384294256499089e+01
-2.762586686076711473e+01
-3.034694483399500342e+01
-3.131076861844553960e+01
-3.047922408832664587e+01
-2.793462524511013001e+01
-2.387319066647342325e+01
-1.859025737474140882e+01
-1.245835338162161321e+01
-5.899790209217006698e+00
6.441514416873914683e-01
6.745117901670202976e+00
1.201826324782705413e+01
1.614922941779506971e+01
1.891552833579446258e+01
2.020076889846284374e+01
2.000072959642889714e+01
1.842090924203552049e+01
1.566584419693304753e+01
1.202110942845158981e+01
7.829473825535793630e+00
3.463114847942843522e+00
-7.059193020390068796e-01
-4.334701156179910697e+00
-7.135639353607427182e+00
-8.897930002213987777e+00
-9.502650227160820862e+00
-8.930414148307132649e+00
-7.261104000202534436e+00
-4.665812691057872108e+00
-1.391739465701187228e+00
2.258679904287838269e+00
5.952694548795394169e+00
9.354205357982550595e+00
1.215064015250094975e+01
1.407763877207742276e+01
1.493965276034372991e+01
1.462491343117958209e+01
1.311368755303036160e+01
1.047928311506870358e+01
6.881844397471438946e+00
2.555539554363450705e+00
-2.209749483578740126e+00
-7.090715131536502014e+00
-1.175508855385875506e+01
-1.588634454580733291e+01
-1.920673310972622261e+01
-2.149689738423887420e+01
-2.261064566408865062e+01
-2.248386058589033709e+01
-2.113701557197998682e+01
-1.867128656632002404e+01
-1.525875344247626231e+01
-1.112763943408139333e+01
-6.543902808396522275e+00
-1.790744956478444116e+00
5.185327059061284771e+00
7.138552979182096081e+00
-3.162052781324844908e+00
-1.448132941768060888e+01
1.635512084533828414e+01
-7.522647468578611551e-01
-5.644276044098464062e+00
1.008480438780672506e+00
-9.129124277286988942e+00
2.728366659425869756e+01
-2.715511790188122632e+01
8.806107708851612870e+00
-1.004377564846938853e+00
7.035925771268338735e+00
-2.800550611952035140e+00
-1.095118998218879902e+01
8.204129432036395997e+00
9.357751633419095327e+00
-1.227271477616158535e+01
-2.161495265778876629e+00
7.666053423822755342e+00
-2.048174984292186362e+00
9.264834518984866207e+00
-2.725867904420536547e+01
2.747095270544148349e+01
-8.914946714857496346e+00
1.069374353072967132e-01
-5.033759683507767591e+00
-1.700653258338302720e-01
1.510160718051579565e+01
-1.337750100604048065e+01
-4.289343642995958383e+00
8.461968798897393285e+00
4.537731991470318249e+00
-8.862224028285258015e+00
1.989396154303781028e+00
-8.080632568117689374e+00
2.579824433318751886e+01
-2.639470598662327916e+01
7.832774720978075145e+00
1.679753233264035917e+00
2.484384164627083003e+00
3.346697514402773521e+00
-1.915844063790358121e+01
1.823006077064182762e+01
-2.871332657465137661e-01
-5.309034055218999626e+00
-6.069201533749314592e+00
9.022514321353657607e+00
-7.263484998788940494e-01
5.573615216686715890e+00
-2.299478721433437300e+01
2.410473088782935491e+01
-5.815217966994279841e+00
-4.031550185112484641e+00
2.312529999097518996e-01
-6.308669286912706120e+00
2.268495491994769253e+01
-2.233915958047744255e+01
3.996934648579512750e+00
3.109027725705434619e+00
6.563985970895561906e+00
-8.070264875031540441e+00
-1.702231352901883987e+00
-1.887692490139986745e+00
1.908033132630926687e+01
-2.090217549226137095e+01
3.215231232487507640e+00
6.559170899215828854e+00
-2.703328361863102547e+00
8.643847457079893104e+00
-2.528880088425611916e+01
2.535859949954178916e+01
-6.568538858994001473e+00
-2.033295669769173308e+00
-5.967649673375440500e+00
6.072632106167468180e+00
5.115374267055503132e+00
-2.700933909892518248e+00
-1.440078562716478494e+01
1.717573669771145006e+01
-4.404735459391577734e-01
-8.855672884877421325e+00
4.542693077684393899e+00
-9.997335536125593336e+00
2.666690403632978246e+01
-2.705690987027966088e+01
7.862834205454698022e+00
2.111256839846151756e+00
4.369135991026004362e+00
-3.233835614108379275e+00
-9.208798917651881411e+00
7.813562057491838075e+00
9.377258054604205029e+00
-1.335655311131196044e+01
-2.095438949358378267e+00
1.054592526149397891e+01
-5.428160533657601761e+00
1.011379635811929667e+01
-2.664028391455176603e+01
2.734249471612135096e+01
-7.886938400177331943e+00
-3.228907402049197461e+00
-1.989727229476599746e+00
-1.277829296668837600e-01
1.358829219964190393e+01
-1.301063109806022489e+01
-4.458862741449657108e+00
9.868472864076331064e+00
4.022120120033443769e+00
-1.133229245072954683e+01
5.146005643258284579e+00
-8.868472101213853875e+00
2.517476885283862487e+01
-2.627276122755056775e+01
6.791085328580705571e+00
5.144125390441280032e+00
-8.436380469070066113e-01
3.616239390035302037e+00
-1.781370794671254032e+01
1.784041755566047627e+01
7.247082443785668460e-02
-7.079464038841276619e+00
-5.056311307531624166e+00
1.103119015818819726e+01
-3.617052536048035893e+00
6.283277448276519017e+00
-2.238520273556009954e+01
2.404619497496067027e+01
-4.848979116346926688e+00
-7.516963826404523097e+00
3.737575663981229201e+00
-6.803698728454211420e+00
2.144850650540884729e+01
-2.188917299520053561e+01
3.424793606861912476e+00
5.259797735945273445e+00
5.035378161484574733e+00
-9.596235679869824509e+00
9.081671137350446621e-01
-2.526070513215715962e+00
1.852265160615304040e+01
-2.097832303074852689e+01
2.423933331106091771e+00
9.951378299624785484e+00
-6.279420906578502937e+00
9.280265882029610225e+00
-2.410911094412368172e+01
2.482692156667291528e+01
-5.784832315560030302e+00
-4.551842734219487596e+00
-3.936508125597361740e+00
7.125273629444999202e+00
2.773219063961401609e+00
-2.106844466660384718e+00
-1.394608643340340137e+01
1.746437210210076785e+01
7.523868853275850199e-02
-1.204350628393956590e+01
8.086846964700079354e+00
-1.070199392028969498e+01
2.550837297067278087e+01
-2.644363864134866660e+01
6.895103400978031871e+00
4.954958156627622401e+00
1.879374882008503889e+00
-3.850433409304029553e+00
-7.100956992874223772e+00
7.222985046321312552e+00
9.081815550754731348e+00
-1.393296854036203314e+01
-2.243429229464378949e+00
1.343085422043069954e+01
-8.854147246826929774e+00
1.083152928801327697e+01
-2.548812104554768609e+01
2.667164659546821781e+01
-6.789361864201734598e+00
-6.327213612469098081e+00
8.880395266323510839e-01
1.123483931181237239e-01
1.166590244839680501e+01
-1.237701917488439918e+01
-4.375357713553674976e+00
1.079626203614382440e+01
3.727795795669363699e+00
-1.383664302480740460e+01
8.389776174660239505e+00
-9.566663704475736552e+00
2.403702591293979651e+01
-2.559166141563505192e+01
5.641402582668682442e+00
8.403708992772671138e+00
-4.018813861788244068e+00
3.678490331337106234e+00
-1.602140196104907588e+01
1.712016233190023939e+01
2.413198996392464935e-01
-8.402264871321680317e+00
-4.270012002725950495e+00
1.204805142622793213e+01
1.540325468272038734e+01
1.802703567910519311e+01
1.973781615921653909e+01
2.040951952188859764e+01
1.998337592647407845e+01
1.847486015510316903e+01
1.597501545156228531e+01
1.264586086325535064e+01
8.710061530911938021e+00
4.435521165318776937e+00
1.159932755479875510e-01
-3.950835000990007728e+00
-7.486086962024343094e+00
-1.025145763887162431e+01
-1.206821710749217402e+01
-1.283186274396941329e+01
-1.252114419017981106e+01
-1.120061291193498043e+01
-9.016354634060984807e+00
-6.185107608569868631e+00
-2.977508771845652547e+00
3.033007391922168949e-01
3.346080279165998483e+00
5.856999675988070031e+00
7.584223980981477986e+00
8.339578406131073152e+00
8.015496073706623648e+00
6.595796316690945460e+00
4.159308765360425930e+00
8.759125701694217003e-01
-3.004842389584904350e+00
-7.171771867693724545e+00
-1.127544862216792332e+01
-1.495519961021066280e+01
-1.786764557089968264e+01
-1.971456438343201611e+01
-2.026787776493323179e+01
-1.938975299103646321e+01
-1.704616411748322946e+01
-1.331274446874574480e+01
-8.372346828216160830e+00
-2.504364650987298102e+00
3.933492946464151707e+00
1.052968793860780572e+01
1.684782022433211068e+01
2.245792993107645685e+01
2.696779119470155450e+01
3.005183420760651458e+01
3.147549579157930566e+01
3.111313303851627055e+01
2.895811434734972778e+01
2.512429063649102545e+01
1.983870116901151448e+01
1.342603278221781693e+01
6.285976783011118840e+00
-1.134834225917287664e+00
-8.374218532934088799e+00
-1.498682750242939044e+01
-2.057511062038834382e+01
-2.481657288106515580e+01
-2.748532579440903589e+01
-2.846637703484800141e+01
-2.776166438480419885e+01
-2.548747309022321872e+01
-2.186353247753134355e+01
-1.719471654863501797e+01
-1.184682561169722703e+01
-6.218359459526232591e+00
-7.104744232409112570e-01
4.302573805962328635e+00
8.500269304276343973e+00
1.163796628001347244e+01
1.356271281800502138e+01
1.422168189051496690e+01
1.366271271129405207e+01
1.202708501744689684e+01
9.535249675479958498e+00
6.466774135312089555e+00
3.136189456853144986e+00
-1.332853639129067957e-01
-3.036037063269828362e+00
-5.308303953193458824e+00
-6.748509257030166353e+00
-7.232162174312471770e+00
-6.720265934900119476e+00
-5.260706857893541866e+00
-2.982665049350330833e+00
-8.464009076428880007e-02
3.182820059012033909e+00
6.538200310003629667e+00
9.692151460231169580e+00
1.237079106746734425e+01
1.433731627645100559e+01
1.541024911529355990e+01
1.547694244717408552e+01
1.450138620341292217e+01
1.252583327559375448e+01
9.666272115695257128e+00
6.102266746299112476e+00
2.062124504081362275e+00
-2.195297396655210065e+00
-6.400600336505807064e+00
-1.029401908650630482e+01
-1.364414962165887601e+01
-1.626378395989417669e+01
-1.802168831325452558e+01
-1.884953187681207609e+01
-1.874360024953188741e+01
-1.776137262458662036e+01
-1.601346751839935223e+01
-1.365183233266188800e+01
-1.085533723427586139e+01
-7.814111319072535089e+00
-4.714016057892180811e+00
-1.722585451280179925e+00
1.022417403993244989e+00
3.420953318310286484e+00
5.414640989236732871e+00
6.986526647584629934e+00
8.156930491828244811e+00
8.975966136034180920e+00
9.513621820634336146e+00
9.848496763605641746e+00
1.005638554087082781e+01
1.019989009899506627e+01
1.032011538839265796e+01
1.043128299371667111e+01
1.051879858523243705e+01
1.054096139753349171e+01
1.043413946603449993e+01
1.012088668578980055e+01
9.520179040937330583e+00
8.558725340359089273e+00
7.182183381150545998e+00
5.365097807303612854e+00
3.118473351513918246e+00
4.940988593398447648e-01
-2.414973752032654630e+00
-5.478040901930186557e+00
-8.534313155627785363e+00
-1.140392167799740974e+01
-1.390151158722692060e+01
-1.585129771564113454e+01
-1.710228251199091076e+01
-1.754227273580088209e+01
-1.710938923199853079e+01
-1.579993995535851603e+01
-1.367180762277220651e+01
-1.084286752862086267e+01
-7.484368129392541036e+00
-3.809641784474784743e+00
-5.892812208204034619e-02
3.518548539499357197e+00
6.683835731709488748e+00
9.227274522146005964e+00
1.098569048787398827e+01
1.185626614296198689e+01
1.180584397062105673e+01
1.087475795868988193e+01
9.174725059528199722e+00
6.880811617090934362e+00
4.217983964040442402e+00
1.443215889163379728e+00
-1.175480900095367431e+00
-3.381448134322667443e+00
-4.951380498677510289e+00
-5.715107604363525162e+00
-5.571471068096404800e+00
-4.498889707393925796e+00
-2.559607925418182717e+00
1.028845339875625875e-01
3.273227815062554669e+00
6.679774323056206775e+00
1.001527254623470853e+01
1.296110794298725999e+01
1.521323404196326123e+01
1.650774882978990377e+01
1.664405469899946510e+01
1.550368875548023162e+01
1.306321488350839033e+01
9.400007650519649260e+00
4.690297812157728785e+00
-8.005518016690982286e-01
-6.734959827251396192e+00
-1.272607386265440077e+01
-1.836510351255678941e+01
-2.325102015105305142e+01
-2.702038749106743154e+01
-2.937504226687277509e+01
-3.010547729893728786e+01
-2.910808131095413387e+01
-2.639483902147763672e+01
-2.209465733174436508e+01
-1.644611576804339137e+01
-9.782092767292102309e+00
-2.507342991277716315e+00
4.929354260681614974e+00
1.206643224459687147e+01
1.846184828910150344e+01
1.310412539789316355e+01
-6.640755251944409743e+00
6.953461401322748259e+00
-2.129171831975142837e+01
2.342181876846149891e+01
-3.742571474810253651e+00
-1.082933572599305094e+01
7.108228541600315253e+00
-7.088774701354505048e+00
1.973329664332155531e+01
-2.104994770344468691e+01
2.982928381081864089e+00
6.994936263497107731e+00
3.737283351587658231e+00
-1.121685380130284315e+01
3.701073974735190841e+00
-3.182416504083299458e+00
1.752103284049883314e+01
-2.049098056252203293e+01
1.465694522327373406e+00
1.320214200686597650e+01
-9.741887167245698365e+00
9.712364596620279400e+00
-2.242867072638598103e+01
2.385463107798784677e+01
-5.074436761355781478e+00
-6.686637146605029614e+00
-2.138510191879841926e+00
8.302510883063309421e+00
1.969282201140747368e-01
-1.431938774763067634e+00
-1.309520544772301243e+01
1.719944392236524777e+01
7.803500521357502606e-01
-1.512223128586590448e+01
1.154521272858869096e+01
-1.121741981968621360e+01
2.383771407757856053e+01
-2.534711479752309060e+01
5.948428693674575385e+00
7.446139734997020199e+00
-3.762908200657602009e-01
-4.619824904577095381e+00
-4.707237796472331759e+00
6.485637003310408488e+00
8.443594046834416389e+00
-1.397163257567702743e+01
-2.600106674206928759e+00
1.624047935115658703e+01
-1.222854863739092224e+01
1.138520809496843178e+01
-2.382386355918571041e+01
2.548449095581873536e+01
-5.665907308635995676e+00
-9.103565784149186157e+00
3.533247003495642247e+00
5.300594699531977483e-01
9.408075516416866790e+00
-1.153010480446199004e+01
-4.005818541656449128e+00
1.120627673409912894e+01
3.659287131191517162e+00
-1.630137543137265155e+01
1.162260109634897987e+01
-1.013607922735180011e+01
2.239874456246612766e+01
-2.437097196164471669e+01
4.424267157100111980e+00
1.137165783844666933e+01
-6.966570263795245133e+00
3.543638777549427132e+00
-1.384867540487240234e+01
1.612204937839328522e+01
1.819761080219981508e-01
-9.229874197825267856e+00
-3.725211644752072004e+00
1.517497458011164468e+01
-9.700077173021622201e+00
7.539580367649341142e+00
-1.972019400879374729e+01
2.224390297954532869e+01
-2.532040551562823261e+00
-1.388088766985606881e+01
1.026146727327504138e+01
-7.164337215172968065e+00
1.759954125399701041e+01
-1.987264809322140025e+01
2.712309814276079756e+00
8.258839441044676377e+00
2.695224152196342260e+00
-1.287421302374512955e+01
6.580972596690205734e+00
-3.807523476539413920e+00
1.607360532018130783e+01
-1.944451202902662601e+01
3.707495450544047166e-01
1.622429620629408475e+01
-1.300302994089577169e+01
9.931293091630722714e+00
-2.030038203065272384e+01
2.249036930408535540e+01
-4.480813607114836117e+00
-8.374733732270279063e+00
-6.097596108532137293e-01
9.555538372714416084e+00
-2.520859082142263841e+00
-7.292095104424802798e-01
-1.183876696522659344e+01
1.637682203177696749e+01
1.651668662099774032e+00
-1.800682647624098820e+01
1.482541769704833534e+01
-1.152601936043814845e+01
2.170019448914784732e+01
-2.381249267990620311e+01
5.067579182303918017e+00
9.515445676494470817e+00
-2.351472830046418494e+00
-5.502745220532380799e+00
-2.116507132173032879e+00
5.657454763054665214e+00
7.446045091186450193e+00
-1.345951959835392131e+01
-3.150417668887640410e+00
1.889338701021237910e+01
-1.545560450931345287e+01
1.174910063641283386e+01
-2.168486983237585264e+01
2.382170928282577549e+01
-4.561348424494569898e+00
-1.148333490134499257e+01
5.889762260288590845e+00
1.095858604570571160e+00
6.899114746606779036e+00
-1.052790472126933174e+01
-3.326992644458568904e+00
1.107638880568806705e+01
3.810589304117355525e+00
-1.865002862255483151e+01
1.474659008012272210e+01
-1.054348812621350184e+01
2.028914598950027681e+01
-2.264591315203816890e+01
3.183067056351277735e+00
1.396937756863446722e+01
-9.621780327605364391e+00
3.231353558489757027e+00
-1.137456892474012449e+01
1.490527119057716021e+01
-1.348906602154489320e-01
-9.531080272785194651e+00
-3.425640783684412938e+00
1.717341569171751914e+01
-1.269619369940603981e+01
8.001566876410127094e+00
-1.769154033266432435e+01
2.054124619405400054e+01
-1.257955241308728489e+00
-1.659049022021248732e+01
1.312409045783323691e+01
-7.040334505974986889e+00
1.512038665130772586e+01
-1.841668388072382001e+01
2.647545574719951667e+00
9.011477758526327264e+00
1.923102587421734455e+00
-1.450513132504894287e+01
9.449219290064952759e+00
-4.355167426034427969e+00
1.419286901066469753e+01
-1.786040041845140536e+01
-8.245764192784399427e-01
1.893567441602086276e+01
-1.598261448050464750e+01
9.937500019705280963e+00
-1.779091534132654573e+01
2.079274208288457615e+01
-4.042869908913482746e+00
-9.567805346319412152e+00
6.254963727971389886e-01
1.082911646582980403e+01
-5.282707478046075877e+00
-5.033106782182983352e-02
-1.018085975797131049e+01
1.500989054269113332e+01
2.658472993085595260e+00
-2.061559684907417989e+01
1.784130854815655809e+01
-1.161905005654656264e+01
1.915546449424129705e+01
-2.189649178630198989e+01
4.294612921079604462e+00
1.110701805151279586e+01
-4.011663827257878623e+00
-6.452501682724240517e+00
5.759513595022062171e-01
4.794817130747971667e+00
6.084974477261139825e+00
-1.240128737137885295e+01
-3.870484490689029222e+00
-1.420382388724078382e+01
-1.277055061901898192e+01
-1.001435723100159692e+01
-6.092990345740080471e+00
-1.261398554160522600e+00
4.146422632632258853e+00
9.741835894847879374e+00
1.511037489091406449e+01
1.984277774820028029e+01
2.356587886685838740e+01
2.597100407086804452e+01
2.683770372759015288e+01
2.605101523317311063e+01
2.361094216389174960e+01
1.963343351355333866e+01
1.434279611568450008e+01
8.056125883542108568e+00
1.160948159806912905e+00
-5.912232504267413979e+00
-1.272039653024555506e+01
-1.883919670012186742e+01
-2.389254152146594734e+01
-2.757839002768309200e+01
-2.968888274616212897e+01
-3.012338388871039996e+01
-2.889356478949232709e+01
-2.612027394889099696e+01
-2.202256613463386259e+01
-1.689985281447125232e+01
-1.110864318348069446e+01
-5.035730687223550106e+00
9.300842516759613154e-01
6.425574910291541819e+00
1.113791132368726622e+01
1.482492263676979860e+01
1.732938923270905462e+01
1.858645096038143407e+01
1.862377488549743987e+01
1.755469910087475682e+01
1.556511244003880812e+01
1.289530077020386045e+01
9.818352750839022036e+00
6.616944738987966090e+00
3.560400488143388387e+00
8.838434646333006572e-01
-1.228962461864711475e+00
-2.657833434208575873e+00
-3.352634313788057874e+00
-3.333675359823476292e+00
-2.686222423504405654e+00
-1.549783673557623587e+00
-1.032463538579850848e-01
1.452751773502745536e+00
2.914643327731711864e+00
4.094318959233262056e+00
4.835540567222418318e+00
5.027050220521921631e+00
4.611362601689869223e+00
3.588623773025451325e+00
2.015356308568683197e+00
-1.647588715745662569e-03
-2.315615063265450857e+00
-4.753252818656246603e+00
-7.130121879540203267e+00
-9.266538634114787953e+00
-1.100260556178842819e+01
-1.221108825682986954e+01
-1.280707792319389249e+01
-1.275368900344772882e+01
-1.206341128530617901e+01
-1.079513124664582335e+01
-9.047223324341793216e+00
-6.947454296239794047e+00
-4.640713360972173795e+00
-2.275753884163991714e+00
7.804026479938386274e-03
2.091012235767678362e+00
3.884636549759962421e+00
5.334916795606938322e+00
6.425582103296342495e+00
7.176020293213288603e+00
7.635868498224143153e+00
7.876633155942563747e+00
7.981230181806785673e+00
8.032534634002892915e+00
8.102125227951844977e+00
8.240393568010269121e+00
8.469061876894391716e+00
8.776927232830114889e+00
9.119344833291172847e+00
9.421604882607329756e+00
9.585979593686516864e+00
9.501852880942481150e+00
9.058029090696077645e+00
8.156078194464736697e+00
6.723436370991222155e+00
4.724957309088551938e+00
2.171705355083842548e+00
-8.740092398597214540e-01
-4.298046429387491152e+00
-7.938618899329123124e+00
-1.159513742846618101e+01
-1.504119260512352163e+01
-1.804075636469984190e+01
-2.036636456676812301e+01
-2.181781720684620751e+01
-2.223982785472104595e+01
-2.153708068974643908e+01
-1.968531317961811666e+01
-1.673732480619153762e+01
-1.282319640268913830e+01
-8.144460678574272805e+00
-2.962455718850538489e+00
2.418420723148673623e+00
7.671398234905814739e+00
1.247044775852624454e+01
1.651406712594363313e+01
1.954787919797765383e+01
2.138422955818163018e+01
2.191716529993369278e+01
2.113150688630306462e+01
1.910516707821915361e+01
1.600439065086337465e+01
1.207214523791300387e+01
7.610442647756744172e+00
2.957866772254170940e+00
-1.536012309117566588e+00
-5.537382354832809384e+00
-8.754011070075581102e+00
-1.095810593988622017e+01
-1.200437444471165271e+01
-1.184179974134321967e+01
-1.051812258192449434e+01
-8.176582805729252001e+00
-5.045079355629530582e+00
-1.418508656187915218e+00
2.364410606283276817e+00
5.948066994113553108e+00
8.988563448211166929e+00
1.118176855287461180e+01
1.228859628246395275e+01
1.215549136436637845e+01
1.072845152541107439e+01
8.059406815756581466e+00
4.304362460649694633e+00
-2.866501891083483855e-01
-5.387129946401326919e+00
-1.061789297069021742e+01
-1.557531807518304845e+01
-1.986191581757759650e+01
-2.311688946306585990e+01
-2.504433868754222914e+01
-2.543692222226317767e+01
-2.419313136586568191e+01
-2.132680679750912844e+01
-1.696811935602234911e+01
-1.135588580153522464e+01
-4.821752494196764438e+00
2.232598106308599117e+00
9.363529605912171760e+00
1.611673022088267260e+01
2.205935277013536222e+01
2.681061828754966214e+01
3.006860680381988971e+01
3.163125458300162762e+01
3.141002366281341907e+01
2.943527168903369784e+01
2.585298360337960588e+01
2.091318221060587845e+01
1.495096103445566094e+01
8.361631774263013739e+00
1.571908080988601686e+00
-4.990675065353252116e+00
-1.092780156893238974e+01
-1.589764225204001313e+01
-1.963736299075059932e+01
-2.197927937918744234e+01
-2.285957607552242621e+01
-2.231909686115000468e+01
-2.049632850370787551e+01
-1.761329902604861530e+01
-1.395564235325032243e+01
-9.848505764711635635e+00
-5.630262348723672261e+00
-1.626117407292640316e+00
1.876341924332068700e+00
4.647804754979399711e+00
6.532595142039989256e+00
7.457678518913382959e+00
7.434791045511279783e+00
6.555725597638184965e+00
4.981351775062186960e+00
2.925432802041179947e+00
6.346916206578185893e-01
-1.633157648157424369e+00
-3.631577183003098064e+00
-5.145767782377995481e+00
-6.009998983548197060e+00
-6.120385037024203889e+00
-5.442190383613238147e+00
2.130981750328365365e+01
-1.844438700450474755e+01
1.190564349570621339e+01
-1.912325800329946546e+01
2.173700332646965450e+01
-3.519597357049287112e+00
-1.340412324331399141e+01
7.913143975726266710e+00
1.772019682240098426e+00
4.231280562117727406e+00
-9.430698271302546232e+00
-2.326689339860587680e+00
1.040209989673080138e+01
4.165738928916612238e+00
-2.080614869245445675e+01
1.766717701869207957e+01
-1.076292078178850176e+01
1.775234186834016725e+01
-2.046601276759864874e+01
1.962157930932217464e+00
1.612910973858156538e+01
-1.193060554301045073e+01
2.770137488524843761e+00
-8.687503106841468536e+00
1.353312774792463635e+01
-7.289976600059748790e-01
-9.292030851837173699e+00
-3.364110942705891283e+00
1.902753915448296240e+01
-1.553200205445173232e+01
8.305497092003502502e+00
-1.524144128551578703e+01
1.835805606680782986e+01
3.636362715291596714e-02
-1.888634464229333432e+01
1.563357093105230078e+01
-6.735924618025587840e+00
1.237963382657802214e+01
-1.674740551167430880e+01
2.815209356834193599e+00
9.229702274758007974e+00
1.423128027186555400e+00
-1.604332401519122797e+01
1.220722597695179346e+01
-4.783962403852905609e+00
1.190573662374888109e+01
-1.577644044012373570e+01
-2.079489685721612524e+00
2.126184596844064600e+01
-1.861026156785882435e+01
9.740783550818834513e+00
-1.497869413432401586e+01
1.882808323614103330e+01
-3.793160093520890008e+00
-1.023372750667908804e+01
1.555278282038115911e+00
1.206349547009908107e+01
-7.989540622602696374e+00
5.563924095852854634e-01
-8.139390373652027222e+00
1.312903991413913474e+01
3.763945462722031010e+00
-2.287292041991860359e+01
2.051557482535111632e+01
-1.149701532228350231e+01
1.627582542982320035e+01
-1.966526900601103378e+01
3.666992006459516062e+00
1.218033567436956233e+01
-5.334990596979965360e+00
-7.416619888022872864e+00
3.271521543036933544e+00
3.952332708131658379e+00
4.369190620138611258e+00
-1.081908114722267200e+01
-4.728814932905379465e+00
2.341437715595201041e+01
-2.111161964485892639e+01
1.184617079439033738e+01
-1.620447647713401551e+01
1.929511520803859170e+01
-2.581775908771338557e+00
-1.481782808991526679e+01
9.571734104639077145e+00
2.513925928125684273e+00
1.501815989087176506e+00
-8.298694126844818442e+00
-1.004703005798967652e+00
9.196664398100828919e+00
4.699768072176887301e+00
-2.269592233419912475e+01
2.029609677464281958e+01
-1.077671672707258921e+01
1.484622167417745153e+01
-1.789331068248208823e+01
8.049342846552507424e-01
1.779618688225448864e+01
-1.385191676997346377e+01
2.196305262495130250e+00
-5.882453915682107848e+00
1.207061307982259279e+01
-1.609276553934828158e+00
-8.516675863692482196e+00
-3.523185969713207299e+00
2.066636000847689303e+01
-1.811521568244009117e+01
8.424938801736947980e+00
-1.241956754394355045e+01
1.575237191342587550e+01
1.306727898014123257e+00
-2.070839207299707496e+01
1.773979120920433417e+01
-6.278789152165578535e+00
9.469100372898404672e+00
-1.493365282872348843e+01
3.232448354370765387e+00
8.908001850375088182e+00
1.186183932455722179e+00
-1.742175414098949204e+01
1.475963060272185956e+01
-5.058984129504003668e+00
9.253076515927654455e+00
-1.324540882442554235e+01
-3.350524884753749877e+00
2.313863910088148401e+01
-2.082747741518659979e+01
9.359949907914090872e+00
-1.195147687397895986e+01
1.666800825100305161e+01
-3.756307564163153145e+00
-1.035763902142562642e+01
2.179828710749794674e+00
1.319656657263230315e+01
-1.054384505047455889e+01
1.047897982510576753e+00
-5.745954012822936718e+00
1.078061026460935246e+01
4.926839314960956173e+00
-2.471184293866405213e+01
2.278204849959037404e+01
-1.116967142224481968e+01
1.314406187662587477e+01
-1.719202021862227525e+01
3.215855816386943289e+00
1.271156114735784115e+01
-6.312500071786569578e+00
-8.338760883899681176e+00
5.871449224711160930e+00
3.180753659021489099e+00
2.320696147147909727e+00
-8.751770327814799799e+00
-5.687799410262465827e+00
2.513866106489325958e+01
-2.338421750250514464e+01
1.157126789096057529e+01
-1.300541252910795542e+01
1.656951911582497416e+01
-1.784380831228546072e+00
-1.569225272779916480e+01
1.084728047968127917e+01
3.271722908376055727e+00
-1.190195785059297240e+00
-7.189764188697571612e+00
6.266874427991400154e-01
7.490634347108960256e+00
5.379994837597336321e+00
-2.425078359186454691e+01
2.255413320258797683e+01
-1.057621820155813630e+01
1.164085955164451924e+01
-1.500018136833047677e+01
-2.480705952159096839e-01
1.893088001400542808e+01
-1.535825237158080370e+01
1.552620779828526310e+00
-3.057903932790480450e+00
1.058200760439291876e+01
-2.773084331321403084e+00
-7.226629649516699061e+00
-3.876233173489344708e+00
2.202236497514809699e+01
-2.036128423563141965e+01
8.341972814681621884e+00
-9.288298705915909892e+00
1.279405650586349807e+01
2.510003592190023891e+00
-2.201036561712724904e+01
1.940633040675551513e+01
-5.704082475929567408e+00
6.485705627948021856e+00
-1.304524649217050758e+01
3.905928090843675093e+00
8.058685797023592556e+00
1.192611038770183818e+00
-1.857507727303419642e+01
1.701735065235249778e+01
-5.153102260210198793e+00
6.288762288662449684e+00
-1.033326090894760796e+01
-4.593443501838898158e+00
