0.000000000000000000e+00
2.088243169710506564e+01
-2.572616323536369975e+01
1.269781788578445614e+01
5.000089909986488834e+00
-1.207285691391703253e+01
5.120041376565595215e+00
5.544173171229386909e+00
-7.165500284168315304e+00
-2.758051231499148770e+00
1.466291192583349101e+01
-1.691721832377295698e+01
7.035711127244111296e+00
6.803620463872629642e+00
-1.441341661254564244e+01
1.286648152517454591e+01
-7.264295968688752936e+00
3.533785471343851903e+00
-1.978572203068095448e+00
-1.442609364820963691e+00
8.353996688093534573e+00
-1.423171036890874674e+01
1.263735162752187868e+01
-2.973117250468692241e+00
-7.310076921494246704e+00
9.509993133108146424e+00
-2.864084959787415841e+00
-3.950406994287465778e+00
1.576043077212940346e+00
9.503692587328782082e+00
-1.797679691225102516e+01
1.239374506607649451e+01
6.536773242768678216e+00
-2.471170661877278008e+01
2.674397969927697716e+01
-1.032370881955386643e+01
-1.112762949647208544e+01
2.048570985591273086e+01
-1.236570896489613602e+01
-2.695547197990649124e+00
9.078785903457463391e+00
-1.198865855339985131e+00
-1.168980298468813750e+01
1.518780610191098468e+01
-4.000387805276728770e+00
-1.314853434704965807e+01
2.212821435139674264e+01
-1.648519372874515199e+01
2.303154284049528933e+00
8.906215468633153165e+00
-1.114251036053268962e+01
7.726010481003653396e+00
-5.371340689732683416e+00
6.086897719438495002e+00
-5.836380226841987096e+00
6.827047796169432026e-01
7.298305593425061133e+00
-1.150392067980113353e+01
8.186904287129834756e+00
-1.209287381220049085e+00
-1.760788669707276988e+00
-2.049918253861958028e+00
6.620285866424953980e+00
-3.176669707383473984e+00
-9.484640872123781818e+00
2.155544693796971600e+01
-2.051396948561943390e+01
3.802589467051580296e+00
1.695473005734574912e+01
-2.544524239145463085e+01
1.550279807607156179e+01
3.013703213850911666e+00
-1.338851548811132020e+01
7.732586617338318646e+00
5.901534452329552316e+00
-1.183445383716514065e+01
2.340609009481038782e+00
1.468173823056515914e+01
-2.325649768899998904e+01
1.453679792709167629e+01
5.052825627697401067e+00
-2.015076917148320845e+01
2.052058880334219992e+01
-9.178623066696982136e+00
-2.383395843978149742e+00
5.918490643445886157e+00
-3.075843576892742792e+00
1.277314471048420330e+00
-4.502742460803167646e+00
9.207728150874721962e+00
-9.151870774780022089e+00
3.002213818284681146e+00
4.055478947798378364e+00
-6.330068594812109595e+00
4.150512370697011733e+00
-3.186928328303753943e+00
7.090289628136726918e+00
-1.191951678984510821e+01
9.427904220938051694e+00
3.411719276353171182e+00
-1.887818592640329030e+01
2.402955785908457997e+01
-1.297173574712313027e+01
-6.296236637766608801e+00
1.819504300081863235e+01
-1.381698523185252725e+01
-5.986105503469065781e-01
9.655629825658255783e+00
-3.858853832788636140e+00
-1.087594985836603456e+01
1.876464330752714815e+01
-9.580401445855684983e+00
-1.098847423539600143e+01
2.614516536082977893e+01
-2.332734219743729653e+01
5.386935712561749412e+00
1.273661838915359112e+01
-1.801158861950750634e+01
1.026031227614638119e+01
-1.765507743517886752e-01
-2.368040836152886186e+00
-2.496236190123396703e+00
6.538781752972947281e+00
-3.191675869873014104e+00
-5.575358672869909604e+00
1.200239076766893120e+01
-1.105437728577532752e+01
5.138496423347266528e+00
-3.227328404215152879e-01
-9.992031075877183532e-01
2.320398912169753913e+00
-7.582478079531675519e+00
1.461789942741975423e+01
-1.573988369718555091e+01
5.904378662398991118e+00
1.013962392353675668e+01
-2.031491904463984000e+01
1.616609388640033984e+01
-1.640071200875624413e+00
-9.831561120386787422e+00
8.040959795286370948e+00
3.763727867492275170e+00
-1.170795432252869261e+01
5.062254535518304621e+00
1.238937963395008879e+01
-2.493727619531986761e+01
1.955211516066071198e+01
1.403305655152519815e+00
-2.173135308061048931e+01
2.588660456962217893e+01
-1.262364246264947809e+01
-4.928416006493078427e+00
1.220743168288738723e+01
-6.310201455502907564e+00
-3.022826107133984586e+00
4.406779102351750410e+00
3.817785026233311285e+00
-1.286593492140028516e+01
1.312949404111417451e+01
-3.690692967470714514e+00
-7.641865669951593887e+00
1.276095978290150157e+01
-1.069070442869619164e+01
6.590315698578297798e+00
-4.552850655040836081e+00
2.954909128107759297e+00
2.377452248324147810e+00
-1.124288414610844100e+01
1.705555502225409370e+01
-1.304297324257306201e+01
3.529281275900215675e-01
1.129125104990953510e+01
-1.234669769875198497e+01
3.208567697435970700e+00
5.505532966063931610e+00
-3.430976822070357812e+00
-8.412366595049991957e+00
1.750917677936391570e+01
-1.183482028351817128e+01
-7.446583084229438043e+00
2.547158570681599343e+01
-2.670262010772557915e+01
9.393728920945051186e+00
1.245789158345387904e+01
-2.175022585995262148e+01
1.352300277759140101e+01
1.568970803450309148e+00
-8.379351193442156287e+00
1.789271478043056085e+00
9.336684664663055244e+00
-1.187206377779483901e+01
1.603071843709528821e+00
1.305910619312367160e+01
-1.970627939676380791e+01
1.361142033429145570e+01
-1.000950660719444052e+00
-8.247016532808148170e+00
1.003135249439563204e+01
-8.004318956065892721e+00
7.279452635825900408e+00
-7.860216465767610572e+00
5.303125908693204771e+00
2.601114113714110943e+00
-1.140821568647082351e+01
1.365353579373163129e+01
-7.025371539690151934e+00
-2.162072590023641716e+00
4.889657161127269447e+00
8.689025198859754440e-01
-7.180119523767511502e+00
4.023748248142581474e+00
9.421827987195117160e+00
-2.201705104179595907e+01
2.042242666288480279e+01
-2.522669629441216976e+00
-1.894429066545822238e+01
2.703625801515582339e+01
-1.594268960473085528e+01
-3.677978786109646236e+00
1.470249241014049879e+01
-9.406330184365289782e+00
-3.982254040292840358e+00
1.008540026015090696e+01
-1.662767267023031792e+00
-1.351794942032732116e+01
2.053220886010636193e+01
-1.174519720605297834e+01
-6.249945676320763255e+00
1.933949531272058664e+01
-1.892533841477019507e+01
8.499766950524113795e+00
1.662000329744070193e+00
-5.076935315656550429e+00
3.903688961719441686e+00
-4.141265960216800046e+00
7.640039533600732291e+00
-1.006988699916740337e+01
6.659634383623063592e+00
1.372463841530232376e+00
-7.429174483922880157e+00
6.761598639606159367e+00
-2.088869543272452667e+00
7.798222213504644174e-01
-6.124554705421294543e+00
1.235857239088676351e+01
-9.806684340019277357e+00
-4.303082273909951461e+00
2.073831635083785585e+01
-2.536288659012623015e+01
1.252399788860618735e+01
8.440793422043993743e+00
-2.081219007159107548e+01
1.564450815569067466e+01
2.368428126345101248e-02
-1.009855249808240529e+01
5.012626330823470866e+00
9.114631996718154383e+00
-1.664196624441861516e+01
7.848915739187588336e+00
1.138476460995780570e+01
-2.492628385553869208e+01
2.134512931286113613e+01
-4.014983511914060443e+00
-1.285418616264411007e+01
1.759699055389665645e+01
-1.064394752657134369e+01
1.775406566299162492e+00
7.885946433648340914e-01
2.131670920032136429e+00
-3.519402452016692440e+00
-9.596783927466141506e-01
8.098303651067062958e+00
-1.115444078282507867e+01
7.599394941846575158e+00
-1.676162727176452094e+00
-9.458686484577465414e-01
2.733442423138932043e-02
-9.337715001501880607e-01
7.539358111669930196e+00
-1.591162970340173821e+01
1.671516004285573587e+01
-4.966068013307711304e+00
-1.292893593466554236e+01
2.323508769138673102e+01
-1.732547646881033288e+01
4.788957714094461693e-01
1.233778756762308149e+01
-1.043273422211411372e+01
-2.299080913389079495e+00
1.113370712770918658e+01
-5.105204732427900183e+00
-1.172492868656248532e+01
2.355191203434963754e+01
-1.777047320041053524e+01
-2.782486434443457668e+00
2.208088809023446331e+01
-2.540310012712452803e+01
1.215163784330750829e+01
4.855058696429328080e+00
-1.209547732139125031e+01
7.281458693443250141e+00
5.559587650237896028e-01
-1.623414116811499497e+00
-4.805672490937245023e+00
1.083174935650472648e+01
-9.049059892637092872e+00
1.856164048380262166e-01
8.396908930446365105e+00
-1.081581790311325442e+01
8.137051118305240749e+00
-5.578639789694708639e+00
5.363598809175230464e+00
-3.916956311359179210e+00
-3.098523709295173845e+00
1.373618885027213921e+01
-1.945948975439184636e+01
1.320753991779612235e+01
2.224316494375385034e+00
-1.503373106037956397e+01
1.496431900769789891e+01
-3.502870043030679170e+00
-7.002619289384865553e+00
5.331537809007104833e+00
7.035266883311336095e+00
-1.663648734155781739e+01
1.107313790378106333e+01
8.106232008230730202e+00
-2.559709434772126002e+01
2.601752824660309926e+01
-8.209019637969515060e+00
-1.354310924018265183e+01
2.251437609235061998e+01
-1.429620532163525937e+01
-5.224817450636862759e-01
7.569958400240555108e+00
-2.334475850906877703e+00
-6.836201908147435446e+00
8.336300081938315287e+00
8.432306234010864543e-01
-1.271419795901915606e+01
1.682448492436292398e+01
-1.032297645077851200e+01
-4.637476800990107950e-01
7.457846267189848000e+00
-8.599729973490083168e+00
7.910277707768287314e+00
-8.867587577041792457e+00
9.437255157898997382e+00
-4.752111485300371641e+00
-5.712176843303378604e+00
1.522939361430827176e+01
-1.554240572968390310e+01
5.743778381976899716e+00
5.530090429263722740e+00
-8.021061698858527933e+00
4.182624941599675239e-01
7.599090109339069699e+00
-4.902693483921018114e+00
-9.006390181620828272e+00
2.190842003334545751e+01
-1.988054433901425000e+01
1.236138443214654714e+00
2.046224056370362021e+01
-2.798258882668548964e+01
1.597305269594788157e+01
4.328329323492300595e+00
-1.573591357004245950e+01
1.085719722359321970e+01
2.045079654896531984e+00
-8.189752436920096912e+00
9.833270243941196753e-01
1.205861119865362241e+01
-1.734799948117029800e+01
8.644731401671291948e+00
7.370655706067152479e+00
-1.809776947228260724e+01
1.679833355213002477e+01
-7.456572708504096703e+00
-1.026255607786548119e+00
4.101350301926139252e+00
-4.497878764997671475e+00
6.754876005471895262e+00
-1.054792627744683386e+01
1.075845679592230475e+01
-4.091678096534368869e+00
-5.715954804600098527e+00
1.071393866723607502e+01
-7.108385196909233983e+00
-5.643229640752700504e-02
1.787843907066115179e+00
4.867726529181591211e+00
-1.246557428184474681e+01
1.003928861886359414e+01
4.961825498872077134e+00
-2.202878514792342557e+01
2.609533991765115957e+01
-1.180692064185012313e+01
-1.038808899412591025e+01
2.296685360090195971e+01
-1.710582810213569971e+01
4.922050371198842811e-01
1.039777012972737147e+01
-6.109229992598852022e+00
-7.149896512842248697e+00
1.418206067809277116e+01
-5.969734626649956688e+00
-1.151640369108817197e+01
2.312336880707864140e+01
-1.880788565997758255e+01
2.446313443030568191e+00
1.274150791546256833e+01
-1.672837125925215673e+01
1.062834191869697165e+01
-3.175939066098122154e+00
7.590375156790729605e-01
-1.795846310960414804e+00
5.374398240032887131e-01
5.039706703758989548e+00
-1.048171753659817540e+01
1.011404854718728963e+01
-3.950070381100716954e+00
-1.944529950222559478e+00
2.320440630556166894e+00
9.272419547394505912e-01
-5.983138193980455100e-01
-7.142137878474108525e+00
1.672819227080424653e+01
-1.732266351711221830e+01
4.009751664010061667e+00
1.533959375745377152e+01
-2.560239683711585457e+01
1.809918751287053240e+01
7.091466475944878667e-01
-1.461964716946149068e+01
1.264009886110781977e+01
7.870196720951723179e-01
-1.037510140051468710e+01
5.117750871613306884e+00
1.074141059200477955e+01
-2.161743443113275731e+01
1.557889874806578234e+01
4.113879223930984708e+00
-2.192555721059844842e+01
2.427723969769471779e+01
-1.127867818259245425e+01
-4.785659583533010242e+00
1.172624568534322975e+01
-7.987955291933713120e+00
1.781191525803559550e+00
-1.117528550911936591e+00
5.709696231888695017e+00
-8.621810372468470263e+00
4.780396487314858334e+00
3.393037858630913117e+00
-9.046892425891428502e+00
8.618668095401963214e+00
-5.264068979268085258e+00
4.259460281347721811e+00
-5.959272689903870379e+00
4.852779779282643702e+00
3.585528328375404250e+00
-1.577752933908907629e+01
2.138819800332066734e+01
-1.312430200881785147e+01
-4.699725434002829161e+00
1.844159471377439985e+01
-1.728254065261589645e+01
3.721055898071798040e+00
8.410897070985006607e+00
-7.217389699485300625e+00
-5.430288466043420748e+00
1.539664930009065813e+01
-1.012567547580540150e+01
-8.513423072116820478e+00
2.509520349873094958e+01
-2.470186499117680512e+01
6.787226786485346608e+00
1.436050214694515148e+01
-2.274686291743099886e+01
1.464475236414602044e+01
-4.048922090287021547e-01
-6.664297618921629862e+00
2.800266800540057055e+00
4.269328148459558214e+00
-4.673439657539588232e+00
-3.284654062915356221e+00
1.213016082833668463e+01
-1.355525678118976352e+01
6.698342740313992572e+00
2.053031865362375363e+00
-6.548359200747504438e+00
6.871117258170496456e+00
-7.441953789859805823e+00
1.010308261917078454e+01
-1.079006895723587256e+01
4.203613380584952708e+00
8.573182058009630069e+00
-1.866706076567078298e+01
1.711779075147794771e+01
-4.365066283183460349e+00
-8.812632467970109573e+00
1.106445888176335757e+01
-1.758340854870307446e+00
-7.881285353283772110e+00
5.788289377877934072e+00
8.266043044532223050e+00
-2.124810754069579133e+01
1.890363087638272077e+01
3.476178391577811055e-02
-2.147784936192247329e+01
2.825388818791508072e+01
-1.557666592890610424e+01
-4.958552211364844808e+00
1.645415045225839989e+01
-1.202530562743302589e+01
-1.593256059632492949e-01
6.197838479372958176e+00
-3.046741995580255491e-01
-1.035806699856648194e+01
1.379078237930176343e+01
-5.308659816799016440e+00
-8.392315542623062896e+00
1.645375619816783797e+01
-1.418343139447148005e+01
6.069967488080331819e+00
4.853563050195939255e-01
-3.001130709785259754e+00
4.831472903341285985e+00
-9.051261938055940703e+00
1.316000342506831089e+01
-1.126181875316309799e+01
1.512928988060563196e+00
9.919240617233796797e+00
-1.382059363590109946e+01
7.348669405057272286e+00
2.240926378490934567e+00
-4.447093413693871788e+00
-3.368944565746655240e+00
1.225564517298033174e+01
-1.012454133339607409e+01
-5.380976274915859392e+00
2.272888173322535010e+01
-2.620947901345780906e+01
1.082853304243560899e+01
1.209710784768126501e+01
-2.459788795299687081e+01
1.814372601936717899e+01
-9.180619027980281288e-01
-1.054528384675205821e+01
7.101264005798469725e+00
5.054872237141219138e+00
-1.145682829353647847e+01
3.982411073455171646e+00
1.139396259077156870e+01
-2.078732687567358184e+01
1.577358584487427429e+01
-7.132761238164684325e-01
-1.239813990540431377e+01
1.541343172691517793e+01
-1.020025946811808915e+01
4.341638522979227588e+00
-2.247797141517576591e+00
1.512049148839591295e+00
2.324738267093446442e+00
-8.946910045086326591e+00
1.266803398370640110e+01
-8.905425965880096939e+00
1.950189050084292219e-01
5.628803252823601611e+00
-3.753127442807476122e+00
-1.855462092881124292e+00
2.241975815206714628e+00
6.410427669121522065e+00
-1.706223706132309559e+01
1.755471862238027825e+01
-3.055096006582239454e+00
-1.731859766962867653e+01
2.735574703735743896e+01
-1.845482706063655698e+01
-1.906663382156938091e+00
1.661700422881192907e+01
-1.458717675641804234e+01
7.104972732397536461e-01
9.460264732709877222e+00
-5.087690501799684739e+00
-9.484772186981004438e+00
1.919511024263481147e+01
-1.302905104511395962e+01
-5.374734209702092258e+00
2.127249213002221495e+01
-2.252785138943774967e+01
1.001407050190894843e+01
4.723470572192928429e+00
-1.109498230963862753e+01
8.392338117726595215e+00
-3.919435870604621286e+00
3.751670579161486607e+00
-6.519512488336891565e+00
6.300615729930838071e+00
-4.323246482133348279e-01
-6.955642283214568344e+00
9.570950899178649607e+00
-6.216629828451481821e+00
2.140910888566847525e+00
-2.674162402970861052e+00
6.340277921484072543e+00
-5.749853959164121342e+00
-3.827204640087438214e+00
1.732450801533181206e+01
-2.279884761947701577e+01
1.279169222816535978e+01
7.017885153400338361e+00
-2.142706394079121424e+01
1.922771127825123116e+01
-3.839091523179723353e+00
-9.700325086299271149e+00
9.026405831136276703e+00
3.662325503588660602e+00
-1.383643865937113304e+01
9.012666235801159331e+00
8.673514258282839506e+00
-2.398937753945127938e+01
2.278522461930399956e+01
-5.152887558487632802e+00
-1.489313125787734648e+01
2.242996641333723318e+01
-1.454060158350411136e+01
1.179715962966203513e+00
5.676876174633180838e+00
-3.154855402744782378e+00
-1.716950460647915122e+00
9.782906455897402154e-01
5.667256266212480575e+00
-1.132838344572152778e+01
9.980784030163730947e+00
-2.826344474643776028e+00
-3.723271486359732041e+00
5.530264182322988553e+00
-4.878384136246391556e+00
6.610549478624152542e+00
-1.096502427074867825e+01
1.189650644731843698e+01
-3.675710178352030510e+00
-1.111538321651853423e+01
2.163671947740292723e+01
-1.833402104455914383e+01
2.914019307553896709e+00
1.192882860606732365e+01
-1.392962237762089828e+01
3.095601098199942669e+00
8.033403458882121484e+00
-6.652761480084516066e+00
-7.238968225417592883e+00
2.006941943527389327e+01
-1.751744702757117267e+01
-1.269048906325918047e+00
2.197359492437307438e+01
-2.783734725115293784e+01
1.474819219536878201e+01
5.561344800814397971e+00
-1.682950521879510575e+01
1.285847989645983702e+01
-1.608933229858697800e+00
-4.160524542320885644e+00
-3.713721503704769944e-01
8.476059490076327307e+00
-9.956313384571750191e+00
1.816815649664370369e+00
9.293457597067179776e+00
-1.444547626836908094e+01
1.113871184165337525e+01
-4.372834035909265893e+00
-4.380872563211601900e-02
1.789369771371680518e+00
-4.887109211961930377e+00
1.097465605482099882e+01
-1.541837286108708405e+01
1.157186055721797757e+01
1.012971850276280783e+00
-1.387696883331481246e+01
1.666313862047370264e+01
-7.462336600160542233e+00
-4.418291229382854013e+00
7.124024945445492918e+00
1.685938396610761281e+00
-1.175240108555430574e+01
1.006329157508434058e+01
5.562034234703745028e+00
-2.283433168668039315e+01
2.570372760238438303e+01
-9.603243111952879829e+00
-1.353275525359031306e+01
2.565715993950099261e+01
-1.871220052982154058e+01
1.226748350694087719e+00
1.053510550152343939e+01
-7.943182806293078713e+00
-2.905297457663376548e+00
8.543585599994390378e+00
-1.928560577380737939e+00
-1.103423911183454109e+01
1.798248232206277564e+01
-1.231391105403059960e+01
-1.145575323472719065e+00
1.182822108948370854e+01
-1.367226222615053466e+01
9.360082044526809142e+00
-5.245061257008361899e+00
3.652961370000118890e+00
-1.300499752034047551e+00
-4.990317363012406027e+00
1.258526228440801376e+01
-1.460385043728868482e+01
7.555838573398578006e+00
3.574146577805603187e+00
-9.278175985389546909e+00
5.192495345722843325e+00
2.748954188050381831e+00
-3.958046689620694281e+00
-5.375554494798245209e+00
1.692240991705160624e+01
-1.741261189896986750e+01
2.119908052050298863e+00
1.882529114187419594e+01
-2.844992729513202789e+01
1.837055662043571402e+01
3.095448570920250830e+00
-1.827578168851149698e+01
1.620400442200266866e+01
-2.132555477198981642e+00
-8.419549972311168418e+00
5.002341083671765887e+00
8.008359072435297321e+00
-1.635824441493731740e+01
1.018152602820930497e+01
6.543646230515473228e+00
-2.014119921117191225e+01
2.019066979335272549e+01
-8.379523183913706319e+00
-4.669254236379568823e+00
1.020331658352683490e+01
-8.467112298653528768e+00
5.797667466576083228e+00
-6.218956028350672405e+00
7.226502425986904399e+00
-3.933821030900357396e+00
-3.884930581871279820e+00
1.041181522669146631e+01
-9.949857362176810938e+00
3.662158932672564760e+00
1.154453854375547373e+00
8.740675378116238292e-01
-6.513885152141861923e+00
6.595184728823033637e+00
3.821619278306093825e+00
-1.834968591934140392e+01
2.366212613263292042e+01
-1.221342033039499064e+01
-9.128228900186538652e+00
2.391289193054484130e+01
-2.073508587700207073e+01
3.835816623839407136e+00
1.084229691263848494e+01
-1.069659059055124573e+01
-1.801098314254404809e+00
1.200995180318173361e+01
-7.757111033182868098e+00
-8.599108017824246275e+00
2.231875757174052310e+01
-2.031289942107049029e+01
3.336960165638629405e+00
1.513030233457788576e+01
-2.156023838033888040e+01
1.396932486714934107e+01
-1.775213126271105502e+00
-4.622787513247699209e+00
3.370089463498028071e+00
-7.425855546824102760e-01
2.655038105126326542e+00
-7.938329737958506271e+00
1.033460521468918536e+01
-6.190825658045715940e+00
-1.196183836153028590e+00
5.426356037575306601e+00
-4.417224363798407438e+00
2.663117345941961034e+00
-5.440115444934995992e+00
1.144461832936901757e+01
-1.274057584487093031e+01
3.183709721669761183e+00
1.328037552154286516e+01
-2.406637534582021942e+01
1.915381947556783260e+01
-1.416772521765330417e+00
-1.480120647209305673e+01
1.652929967767219210e+01
-4.373701537152221874e+00
-8.064321598426030135e+00
7.466609480605944427e+00
5.972448188005779812e+00
-1.841922156610784356e+01
1.575748344129947931e+01
2.447381653097869592e+00
-2.194549952780300472e+01
2.673814467248826077e+01
-1.349458518834579301e+01
-6.128360287636782644e+00
1.684213306885345318e+01
-1.331405601989714604e+01
3.198958651186877944e+00
2.127843963506489189e+00
1.043336004769106928e+00
-6.475831812870342930e+00
5.946518280561504000e+00
1.746461791223505866e+00
-1.005429603370794212e+01
1.211985980452278611e+01
-7.735065394572117725e+00
2.409160626750439071e+00
-2.985131873307921291e-01
-4.827838514768458822e-01
4.657636327004138543e+00
-1.248186013265746830e+01
1.727503808532341623e+01
-1.168410213930082620e+01
-3.425355592697354012e+00
1.749026494177583402e+01
-1.916118918212287525e+01
7.431706208398645153e+00
6.541431777536809378e+00
-9.741910291895536034e+00
1.168748825619674303e-01
1.098698386607148514e+01
-9.858323605796917022e+00
-5.514727788373510187e+00
2.235717574749399361e+01
-2.459238278477906192e+01
8.151619750192653058e+00
1.466666852487260542e+01
-2.611096879348840361e+01
1.877805040309733542e+01
-1.395995595546042800e+00
-1.036346446517489994e+01
8.592883564898452065e+00
7.770835459861209493e-01
-5.522838211584862655e+00
-1.491081017286965960e-01
1.045957153376695814e+01
-1.478476185740587212e+01
8.512411074467589600e+00
3.086438570711191876e+00
-1.104045786444888932e+01
1.153704711336092892e+01
-8.121984780583357377e+00
5.868520760176685336e+00
-4.952563813188638697e+00
1.177567548240689543e+00
7.390180038865415746e+00
-1.586673560025289476e+01
1.624132410163655749e+01
-6.094930813343546916e+00
-7.265214054787794140e+00
1.279320163217937711e+01
-6.585187529882053248e+00
-3.599985668651092041e+00
5.703070725626950832e+00
4.079497756436802902e+00
-1.633081128261922998e+01
1.690641634739622745e+01
-1.219754570681323536e+00
-1.983229424773171345e+01
2.885684251683250068e+01
-1.783590387359199170e+01
-4.256768369156170628e+00
1.954948247096543668e+01
-1.742877838998175477e+01
3.421326921566657298e+00
7.284592334637663313e+00
-4.849115688763538046e+00
-6.371104545622364945e+00
1.318999743328789442e+01
-7.104290380101469182e+00
-7.600956499833947611e+00
1.856299393816037124e+01
-1.731753013001514674e+01
6.408737239241149908e+00
4.621292557648743582e+00
-9.059485956127000250e+00
8.195691616463452789e+00
-7.364623757305652774e+00
8.465139303467363874e+00
-7.823786270929863562e+00
1.586351319886609046e+00
8.062703164574186232e+00
-1.367285297209208572e+01
1.016664984277434591e+01
-1.011793618459702948e+00
-4.537310159777424801e+00
1.081146932031792796e+00
6.493723371672874833e+00
-7.375471300253600759e+00
-3.576155305363919013e+00
1.884111244756853054e+01
-2.396290512548853968e+01
1.139844302330502401e+01
1.098626191765809246e+01
-2.583447097096376766e+01
2.175083654285734980e+01
-3.693829983392472371e+00
-1.181034005761003236e+01
1.216803107139530127e+01
-8.116155298337313084e-02
-9.976889542084617091e+00
6.384243188130033886e+00
8.309427292414520494e+00
-2.013691643047832258e+01
1.734471442238410077e+01
-1.376162846071808055e+00
-1.506781905538003841e+01
2.014880699971995881e+01
-1.293079666245137815e+01
2.172102455608403204e+00
3.517492664810675240e+00
-3.422556631485550227e+00
3.035824660212767867e+00
-6.135672928990299368e+00
1.004768192011702510e+01
-9.178130821934111339e+00
2.280315483675804611e+00
5.266979528450954184e+00
-7.111098324631780265e+00
3.224717319623872314e+00
-2.746713339924866659e-01
3.966853964683690670e+00
-1.154518707841393521e+01
1.331264664569137146e+01
-2.739689541666555428e+00
-1.502156552633339537e+01
2.589841167621104034e+01
-1.954940954583040025e+01
-9.970984034062890800e-02
1.735775061972107380e+01
-1.878181647944605004e+01
5.537602497161669746e+00
7.984628085651635843e+00
-8.199528260531474544e+00
-4.521223076275028063e+00
1.635637601628756954e+01
-1.366798902412712202e+01
-3.552382901493515099e+00
2.140309528538682571e+01
-2.497940302821143632e+01
1.183514130791143870e+01
6.650323697588293115e+00
-1.648076981646389072e+01
1.336041330514401793e+01
-4.557260358586402660e+00
-1.476861367986170848e-01
-1.709843799453496516e+00
4.422152486072867816e+00
-1.866669167500382809e+00
-5.294524228171529678e+00
1.065721287878111845e+01
-9.531564103085933937e+00
4.054402375558708194e+00
-2.328356115234284651e-01
5.461503539799910101e-01
-8.984739457541852659e-01
-4.146416415778540809e+00
1.354330683043278682e+01
-1.869302083947106752e+01
1.159774431672526518e+01
5.668104974511788186e+00
-2.066936621565456278e+01
2.124228331947179527e+01
-7.242267414613680288e+00
-8.563600663332891827e+00
1.222341161546315291e+01
-1.970508363724727152e+00
-9.996891293759514241e+00
9.514248246166202350e+00
5.256509707055516678e+00
-2.132518814950884689e+01
2.290519639243412087e+01
-6.500010387103027476e+00
-1.547785161213173311e+01
2.594107986337068184e+01
-1.832209659275391544e+01
1.409249473517001583e+00
1.002898869507169977e+01
-9.013209395956028658e+00
1.256104913913402399e+00
2.475998844185191672e+00
2.207778595866705551e+00
-9.697009691049444768e+00
1.127957171563043204e+01
-4.462328554274947123e+00
-5.061391813844902998e+00
1.004800595651220974e+01
-9.051421458793326380e+00
6.513681467323852559e+00
-6.204461084876141008e+00
6.127728897098019267e+00
-1.155124522357984684e+00
-9.464795280824422008e+00
1.871358915782294474e+01
-1.753943022660595119e+01
4.554005889234824522e+00
1.078779296552886535e+01
-1.607626446284169930e+01
7.877660162473736349e+00
4.401399606567970579e+00
-7.430463205690587714e+00
-2.573485615355334044e+00
1.532206812422563402e+01
-1.605459253299683553e+01
3.676724349158417837e-01
2.032605734300685896e+01
-2.856627356205375179e+01
1.685225701610916360e+01
5.371675417803187358e+00
-2.040052651889206103e+01
1.820988667097581981e+01
-4.524007350242201575e+00
-6.087368313335524306e+00
4.616121778324878022e+00
4.635566702118789628e+00
-9.780949766740583584e+00
3.870922121715758557e+00
8.529116008881288735e+00
-1.658012247986572874e+01
1.397510820283578781e+01
-4.146629069667302936e+00
-4.575502867663943540e+00
7.678383045953703245e+00
-7.573111023746591286e+00
8.580326017161183927e+00
-1.044308732593525413e+01
8.306203720022296011e+00
6.794361197912970329e-01
-1.199679386296859107e+01
1.665413313989736466e+01
-1.020721971844386466e+01
-1.675215332863828621e+00
7.918492129362036280e+00
-3.125303375435139586e+00
-6.299084058831564192e+00
8.077305986854696584e+00
3.107195804697044039e+00
-1.880239869702362654e+01
2.370051752399388789e+01
-1.036080918793807548e+01
-1.255461046870900788e+01
2.714160162161422818e+01
-2.223377217090260061e+01
3.400259789680958100e+00
1.258078868072831469e+01
-1.338481983640815010e+01
1.912096258415538319e+00
7.800712489626161705e+00
-4.920960084224324405e+00
-7.829499898591358864e+00
1.751022323899915634e+01
-1.395346402787844120e+01
-6.878617763067795821e-01
1.470807876764845723e+01
-1.822127985084782509e+01
1.143945420981874506e+01
-2.359179708502168182e+00
-2.376616918991716787e+00
3.294540382142302715e+00
-5.096375034405454585e+00
9.378393551778549053e+00
-1.194885084043304957e+01
7.890969392336819155e+00
1.653168305292123552e+00
-9.281106919838467917e+00
8.724758625914013521e+00
-1.969855043730213140e+00
-2.231028502573146000e+00
-2.238032372133874404e+00
1.128179810411151784e+01
-1.360948532593434557e+01
2.352164644833839802e+00
1.630528391127698740e+01
-2.709106488493661757e+01
1.950337610724671222e+01
1.608174692671392236e+00
-1.953382961297386089e+01
2.061355173089764747e+01
-6.535445489225873317e+00
-7.806135212154904579e+00
8.821389795052471783e+00
2.945621621222012987e+00
-1.394985466749280967e+01
1.130077788425171725e+01
4.568899346527548033e+00
-2.036902185701936219e+01
2.260165154150639921e+01
-9.801191834041533824e+00
-7.117206134825423192e+00
1.574324082191280283e+01
-1.297818389603791189e+01
5.639263300390250144e+00
-1.735419032353735957e+00
2.369378570472193246e+00
-2.379323677902798195e+00
-2.177509604965062184e+00
8.740680684969071024e+00
-1.108720803218975881e+01
6.741587569634658550e+00
-1.875314164888015611e-01
-2.093879238543915555e+00
-7.076895666507461158e-01
2.331111206173382300e+00
3.367287207057095166e+00
-1.414370008334498507e+01
1.964716593837526659e+01
-1.131564049634517488e+01
-7.691083181105378586e+00
2.333600437374554915e+01
-2.284398775969854256e+01
6.883335785074506497e+00
1.043953093208075344e+01
-1.449285370201161172e+01
3.803672585206200996e+00
8.824643182834837063e+00
-9.037379239760770844e+00
-4.811809639838114272e+00
1.978085475773490032e+01
-2.068653936637955937e+01
4.680002651518718082e+00
1.595311704757294180e+01
-2.514534087052979316e+01
1.734000433821521270e+01
-1.256322237326965130e+00
-9.532853450759468217e+00
9.173320042463460666e+00
-3.125179662470445763e+00
5.168853516251878943e-01
-4.205504094621710820e+00
8.777370117041048303e+00
-7.559427425770689268e+00
2.641451114114743426e-01
7.019668900768772701e+00
-8.868250400850588022e+00
6.269493433526477588e+00
-4.575744915092709419e+00
6.255504093977061864e+00
-7.162915071148991508e+00
1.240058358950846262e+00
1.116580027408606668e+01
-2.106035859244115471e+01
1.846504825609618905e+01
-2.965279110508714844e+00
-1.405569024730932348e+01
1.903435418455828554e+01
-9.017945921933465669e+00
-5.146546970114425079e+00
9.091797678260316928e+00
9.162957082652329888e-01
-1.394205070070220209e+01
1.488338003477315752e+01
4.260234616025382337e-01
-2.030702235204748263e+01
2.758614865255152537e+01
-1.543303169464563496e+01
-6.421346595103786470e+00
2.080136454483019648e+01
-1.850766223785316100e+01
5.394588298461604481e+00
4.859284087224668980e+00
-4.292762031410873647e+00
-2.865874722222204518e+00
6.226484609522306535e+00
-5.587058925904333506e-01
-9.313002896884329473e+00
1.424459518888312459e+01
-1.024323901185742081e+01
1.648204495801518288e+00
4.525656158095607395e+00
-6.081419439494610835e+00
6.606376765086324099e+00
-9.417155273670902105e+00
1.211386246749508189e+01
-8.670264854766944751e+00
-2.805484859748041959e+00
1.559024171893078048e+01
-1.927742214518036690e+01
1.006084295328392031e+01
4.338354638593334478e+00
-1.120683817350461453e+01
5.187799211213685702e+00
5.954061371652116463e+00
-8.687409323208704848e+00
-2.439513233313788554e+00
1.825233651402576740e+01
-2.288864251742166189e+01
9.119383724320023532e+00
1.380386751285744396e+01
-2.779987320925683747e+01
2.215671469022696272e+01
-2.947392318539417744e+00
-1.313341165083147288e+01
1.429688990690915062e+01
-3.621602706098462576e+00
-5.546723296871451936e+00
3.395235713426856705e+00
7.189178781609142810e+00
-1.451586628932979295e+01
1.022299360139228419e+01
2.809535808152682890e+00
-1.406000805685752653e+01
1.581724435586273714e+01
-9.524118159360234870e+00
2.333627926356828475e+00
1.215763459201985475e+00
-2.974796497923379412e+00
6.866841508723577014e+00
-1.230586666261617168e+01
1.360022459805152195e+01
-6.506923514278039278e+00
-5.511998806189735589e+00
1.313380951740085756e+01
-1.021464443798348398e+01
6.711645927255887045e-01
4.792899161249309259e+00
3.105388896433129986e-01
-1.068054002307013484e+01
1.363412826529769717e+01
-2.025892474726669334e+00
-1.711151252367156061e+01
2.761946101888134564e+01
-1.900925321427128267e+01
-3.081626610756965867e+00
2.127393724213007431e+01
-2.196120962534212850e+01
7.320340266172794763e+00
7.541389754368143628e+00
-9.303255844647043915e+00
-1.309524771917581099e+00
1.127658784622214760e+01
-8.713848486299376361e+00
-5.484193389702795685e+00
1.887826981211320287e+01
-1.966180868630166856e+01
7.435440723249687522e+00
7.518453244746562625e+00
-1.463673327703432747e+01
1.216110011719185202e+01
-6.410680914900515504e+00
3.481388600505742836e+00
-3.020040564710599895e+00
4.092326241790240626e-01
6.082724142362990527e+00
-1.200047066579332800e+01
1.133230085092902151e+01
-3.815716817350646828e+00
-3.768235042769943810e+00
4.502152552282297826e+00
7.952577993664542433e-01
-3.789100886458824036e+00
-2.344183243899877311e+00
1.428221925071872178e+01
-2.012461532826921484e+01
1.084419345640273846e+01
9.451373529145431718e+00
-2.542547104197746677e+01
2.391574313775615934e+01
-6.348608196372544477e+00
-1.212655055096312395e+01
1.647848465560026554e+01
-5.545122198139923242e+00
-7.516326290670838794e+00
8.435598329333251044e+00
4.211068787773283972e+00
-1.777994403844649085e+01
1.799417329215404848e+01
-2.727742672470898189e+00
-1.608732452779015176e+01
2.373786123402546977e+01
-1.584267738133741865e+01
9.338293715175831622e-01
8.878891335470902035e+00
-9.049885431149224502e+00
4.767797148263366758e+00
-3.379331370258995548e+00
6.102151654089881916e+00
-7.734205149032364446e+00
3.721403561974923058e+00
3.977083066616220908e+00
-8.909044231933368252e+00
7.522487136161397636e+00
-3.254556179506375102e+00
2.360520134184107555e+00
-6.034172145474816951e+00
8.046064960759892415e+00
-1.433962031223574130e+00
-1.245723065739531066e+01
2.285549260146330042e+01
-1.899384605840258899e+01
1.361124168044784977e+00
1.698917642573901432e+01
-2.158173923759593293e+01
9.957390379188909790e+00
5.829221095738510883e+00
-1.063818527539779701e+01
8.276871048502156825e-01
1.224627600772841696e+01
-1.342599845704950567e+01
-1.153831565616172838e+00
1.978939028763030450e+01
-2.594231867197151331e+01
1.360350279234870285e+01
7.387437083974072394e+00
-2.073533540805424380e+01
1.829580345102951355e+01
-5.995408614740847852e+00
-3.630319579622101500e+00
3.870315713819053371e+00
1.125647818969292668e+00
-2.624064980824997839e+00
-2.753365024385969306e+00
9.940187240165757387e+00
-1.161676483104188939e+01
6.212859013683146969e+00
1.022885678152688937e+00
-4.463689424825473040e+00
4.296205143258756465e+00
-5.314440514963636453e+00
9.860534634845109281e+00
-1.344755942167564378e+01
8.914076389192198135e+00
4.739618835978109068e+00
-1.875588238508714056e+01
2.147302185203797364e+01
-9.720636897274655297e+00
-6.917340847909014379e+00
1.431173687834695407e+01
-7.195838857136252820e+00
-5.486558317808093221e+00
9.192896436923941650e+00
1.605384129100852597e+00
-1.722407859782698125e+01
2.155480382700411468e+01
-7.697456482447371684e+00
-1.471321371983248483e+01
2.779161648562394049e+01
-2.150748908088993261e+01
2.333136977151855973e+00
1.345197834304884132e+01
-1.486170517177300709e+01
5.144135988651192370e+00
3.280132796300851084e+00
-1.835528420026598440e+00
-6.422030415298706885e+00
1.123959253542589565e+01
-6.245978994081298197e+00
-4.940462904756451223e+00
1.313883950908374487e+01
-1.298937617608124739e+01
7.227375139109661006e+00
-2.101047665615956461e+00
-5.034483389008759247e-02
2.459123076127882612e+00
-8.300462519941305573e+00
1.485063362374322082e+01
-1.496603578248000765e+01
5.060654470762111501e+00
9.201089304196061747e+00
-1.672337920737222206e+01
1.152973801553751976e+01
6.516687718141831454e-01
-7.346292288278691629e+00
1.750876047302682537e+00
9.777470869091198225e+00
-1.339559943495577699e+01
1.761820350019130288e+00
1.743420816367945747e+01
-2.747618601852009945e+01
1.807182103888390401e+01
4.493868060669184317e+00
-2.253319903878641739e+01
2.277382026979037732e+01
-7.852003431714264181e+00
-7.203197636020311379e+00
9.618389848832958222e+00
-3.217742859862524618e-01
-8.419113081044908853e+00
5.969853576680012708e+00
6.288065139125407654e+00
-1.697709294994479023e+01
1.623171183147286101e+01
-4.790963783554377464e+00
-7.843261752184922386e+00
1.317782029407793054e+01
-1.091645041742090960e+01
6.848553176568547229e+00
-5.055517757432119730e+00
3.659325905450835581e+00
1.430495682506323529e+00
-9.750901266913356125e+00
1.499388178525856219e+01
-1.138387203228254307e+01
8.228486419085774273e-01
7.711682307242752721e+00
-6.918611725153676062e+00
-8.238988558207820390e-01
5.244186065306358557e+00
1.110426779731094271e+00
-1.397228482497553337e+01
2.012494185159731686e+01
-1.019318095894381671e+01
-1.091429685319957521e+01
2.688830897369370376e+01
-2.442039394099373339e+01
5.636596308148266843e+00
1.358564926317612098e+01
-1.811465818976270370e+01
7.126009397098902021e+00
6.120063937961621292e+00
-7.718212455589984700e+00
-3.489588582304739006e+00
1.538971545404847774e+01
-1.489766416738269861e+01
6.831266547921766019e-01
1.588341099006273183e+01
-2.174874722366151758e+01
1.385620877025789532e+01
-4.453968560709640201e-01
-8.073657868076651312e+00
8.628062508357142946e+00
-6.130300064679440553e+00
6.040482826492984181e+00
-7.860290431120769306e+00
6.602718106170413215e+00
1.355243848907466409e-01
-8.154526372571769599e+00
1.067728824100705154e+01
-6.035512276912484708e+00
7.752205466086614649e-02
6.933942603287412965e-02
5.562297683602686504e+00
-8.768663194604082278e+00
1.733010977656496365e+00
1.331636594975439536e+01
-2.406259318784972479e+01
1.911093796620566110e+01
2.266682532362258584e-01
-1.951707927877465210e+01
2.364246128700621341e+01
-1.065230714067329743e+01
-6.443600354597169400e+00
1.202170644792394327e+01
-2.590595808640455466e+00
-1.029804861859188492e+01
1.172168218501304437e+01
1.811054459738657307e+00
-1.880050491702067816e+01
2.367784286429365181e+01
-1.140030287761322292e+01
-8.252442975106722756e+00
2.019724093250001218e+01
-1.756241582104238574e+01
6.298437085986517303e+00
2.428252034395407044e+00
-3.342479293096495496e+00
5.240491204789439195e-01
-9.295162129530751827e-01
5.986625440039107460e+00
-1.040113803458874919e+01
8.763689384833238449e+00
-1.983627895747738012e+00
-3.796068637134501156e+00
4.380100503435842896e+00
-2.356047952836916259e+00
3.727795331994816053e+00
-9.909200096121097090e+00
1.442387651213142341e+01
-9.037248483225697626e+00
-6.436923673511898869e+00
2.141862273439762276e+01
-2.318169492401123932e+01
9.183927182715059701e+00
9.353615553637769864e+00
-1.714569105672864069e+01
9.076754452068009016e+00
4.927192609666860790e+00
-9.581569069531234106e+00
-6.434572755800438415e-01
1.576390776910325364e+01
-1.973949783600410512e+01
6.122245703413486950e+00
1.527079892961766205e+01
-2.711640126659738215e+01
2.028949537314998963e+01
-1.561310741339153374e+00
-1.352474574896760018e+01
1.504575318829641262e+01
-6.420864008451989235e+00
-1.064166943537246723e+00
2.701977443867349393e-01
5.564127399165062826e+00
-7.773229786543558895e+00
2.121465515033639004e+00
7.030643129415507175e+00
-1.196573522570066928e+01
9.802177301267171572e+00
-4.604536918711473525e+00
1.675207426434885072e+00
-1.104567667682276877e+00
-1.750703365246286225e+00
9.362403469293735014e+00
-1.695679854416280108e+01
1.601720538743229483e+01
-3.586750340043035834e+00
-1.263040376542879528e+01
1.995396150962191584e+01
-1.262230271433679007e+01
-1.978092982553734558e+00
9.824721956300018988e+00
-3.875620137968623702e+00
-8.617274516748034685e+00
1.290848447709448266e+01
-1.557176005380012995e+00
-1.728121745128223807e+01
2.667137556506380491e+01
-1.670710186135687536e+01
-5.820020976429691295e+00
2.327860158663784418e+01
-2.301440820718617886e+01
8.098196703861029633e+00
6.804178195057668965e+00
-9.743235867981049125e+00
1.883747005044748235e+00
5.463094320590265340e+00
-3.134463262265526851e+00
-6.972904500538859018e+00
1.472162212937475445e+01
-1.239623393055491363e+01
1.929894966086127983e+00
8.080896029727263397e+00
-1.139223210097971517e+01
9.265126248214095028e+00
-6.941918696356843554e+00
6.429231483372372935e+00
-4.283934330173412519e+00
-3.088189798721548307e+00
1.309180828932472096e+01
-1.764745092191235898e+01
1.123693590957559785e+01
2.166767922298400428e+00
-1.154042976075860061e+01
9.267536174826208395e+00
8.108550066926669686e-01
-6.666474313941566976e+00
2.922910504347715488e-01
1.324089656105554624e+01
-1.965994285699706268e+01
9.375515547464821964e+00
1.205418015336754323e+01
-2.769158257877472806e+01
2.433535785120493955e+01
-4.750922330314288899e+00
-1.478246918278751565e+01
1.934387236325346393e+01
-8.482171162995530977e+00
-4.684457944260573825e+00
6.895806065038181387e+00
2.686230859153655004e+00
-1.268682008779092030e+01
1.147648339699008169e+01
1.411114052630266791e+00
-1.535221273546915555e+01
1.922339820924689846e+01
-1.142138565829615970e+01
-1.983684872600797178e-01
7.126447537597684345e+00
-7.902222020848356010e+00
7.169373427329896131e+00
-8.436978820269455781e+00
9.446002385871695495e+00
-5.418657899838327907e+00
-3.913171074857375142e+00
1.216244189599319903e+01
-1.227365182825328205e+01
4.435127545817788786e+00
3.184879566721986244e+00
-2.642670816483116525e+00
-4.870140711705268188e+00
9.325705185278795994e+00
-2.128033027704102409e+00
-1.373416844109060264e+01
2.466122754010270768e+01
-1.881129853912957728e+01
-1.767600678685722793e+00
2.157864734705398391e+01
-2.515257817237076665e+01
1.106549985697662031e+01
6.984204348183434163e+00
-1.319685329133895557e+01
4.303323310502697119e+00
8.166396998825689479e+00
-9.814577297954397039e+00
-2.395692505902187186e+00
1.737987344258953115e+01
-2.085180522450565377e+01
8.870598671090350607e+00
9.000064012915267142e+00
-1.919361966631550942e+01
1.631064038003107441e+01
-6.286246045877724065e+00
-1.277980006645547562e+00
2.705845910816315758e+00
-2.026650535920181184e+00
4.340834290261001094e+00
-9.064758361786102725e+00
1.068936858882369023e+01
-5.757325162129426133e+00
-2.338704950940287297e+00
6.595802624553179783e+00
-4.264411029838047540e+00
2.992822676879534072e-01
-1.887702731931623745e+00
9.575054399568708519e+00
-1.503240974521846596e+01
9.040787542108997599e+00
7.860891386350344234e+00
-2.351736941895004662e+01
2.435631444676893409e+01
-8.452511610894539729e+00
-1.159180379526125648e+01
1.962682632813206496e+01
-1.076034452237883521e+01
-4.308138613238453374e+00
9.842226261618147731e+00
-4.025889144989953650e-01
-1.392963538736711548e+01
1.749497836881820234e+01
-4.424308103445460993e+00
-1.547387599190051688e+01
2.579106464048140168e+01
-1.852184274424479682e+01
6.417305903928669508e-01
1.334485213041952001e+01
-1.482579273713861312e+01
7.401606634335704982e+00
-1.041730384660587205e+00
1.273056434107759927e+00
-4.652783973560898012e+00
4.212063555809564264e+00
2.047765424684775404e+00
-9.029753138158350012e+00
1.056726669521065176e+01
-6.330376227822466895e+00
1.722203511122074815e+00
-1.077523224860440498e+00
2.234377393675599066e+00
8.602076771479847395e-01
-1.003066971903614935e+01
1.858137189655457178e+01
-1.673201492795276479e+01
2.118823183674925392e+00
1.571731957821440417e+01
-2.273821747629221335e+01
1.344941939926449237e+01
3.287011052216998408e+00
-1.216168008501750819e+01
5.989480257521507589e+00
7.251669037130920259e+00
-1.219237648413946573e+01
1.405697169882030195e+00
1.667378907339161742e+01
-2.523232393855180788e+01
1.494205353738640341e+01
7.037017757943806018e+00
-2.348990967889802306e+01
2.266127724609768990e+01
-8.035918941345922661e+00
-6.356361995875194459e+00
9.658332829865262426e+00
-3.314775481967940252e+00
-2.494785198700549600e+00
2.746662402222810329e-01
7.533675380726140958e+00
-1.217622145088257568e+01
8.251038980558075053e+00
1.078165210849350242e+00
-8.221034992875351222e+00
9.314376709968609447e+00
-7.241254363338640587e+00
6.692101369998121996e+00
-7.580639108858359343e+00
4.889616046552600181e+00
4.519617399719958684e+00
-1.602542950560748380e+01
1.989619121654968836e+01
-1.089033494596298723e+01
-5.083322027107986862e+00
1.515372543209109857e+01
-1.147315054310284310e+01
-7.747791407955197940e-01
8.025108193396720324e+00
-1.815208535338983964e+00
-1.212756755683906285e+01
1.875310337656872761e+01
-8.406945312831737738e+00
-1.285485743483299359e+01
2.781969321661062367e+01
-2.365339920264574403e+01
3.700464870510730364e+00
1.568819222558553683e+01
-2.011860323054647992e+01
9.556279254843088822e+00
3.257050742779224350e+00
-5.980091015892693207e+00
-1.842011512685388652e+00
9.754956878791817942e+00
-7.817849631692478596e+00
-3.510411150461392182e+00
1.451208582509276290e+01
-1.622138167036871437e+01
8.592758575868957749e+00
9.801455011940032325e-01
-6.049256247210593074e+00
6.876399214225750178e+00
-7.853365404353745305e+00
1.051457782958192588e+01
-1.082959631047909888e+01
4.217226681531562882e+00
7.516789739643039425e+00
-1.589901291360918023e+01
1.365033689234292602e+01
-2.751572582717619397e+00
-6.452092596512977174e+00
5.281883623912399628e+00
3.995243947614629754e+00
-9.715582503903256395e+00
2.604770071357815908e+00
1.371530601733888766e+01
-2.464729184121985739e+01
1.809992064858678518e+01
3.233130097247017609e+00
-2.312513194703406683e+01
2.606208940986244471e+01
-1.116760295900259869e+01
-7.445868113282384293e+00
1.412193966356925223e+01
-5.897812047759446230e+00
-5.923868967541037200e+00
7.752532445068027300e+00
2.908246873535921040e+00
-1.557785537384274477e+01
1.753769507494083513e+01
-6.070966137418086994e+00
-9.615557704091010294e+00
1.774270934766020247e+01
-1.455884589287846076e+01
5.952645324762492862e+00
2.009651239993344163e-01
-1.960304901596231941e+00
3.331876419269701017e+00
-7.522402240566132825e+00
1.191574372136881266e+01
-1.080151806846576257e+01
2.672600613468601338e+00
6.645116597888847565e+00
-9.343704544503150800e+00
4.105680810913181489e+00
1.831558042920171658e+00
-1.549285425477595624e-01
-8.882611133083459620e+00
1.527266597634245571e+01
-8.926980400332782395e+00
-8.984297274979788028e+00
2.500655905706464921e+01
-2.496319103539358508e+01
7.532810695411869872e+00
1.358109676473740102e+01
-2.168127161752862975e+01
1.218115892960229374e+01
3.661943368182202008e+00
-9.964985508838507755e+00
1.485557456551284794e+00
1.178867954527055595e+01
-1.488373437037990854e+01
2.636870109498969938e+00
1.532868594138930263e+01
-2.384926852529030228e+01
1.623903837096901981e+01
4.098915163450334020e-01
-1.291060455364733528e+01
1.418981534259984656e+01
-8.046499349827779923e+00
2.983547111295546728e+00
-2.767720282566618728e+00
3.725274659936828936e+00
-6.521442924057532231e-01
-6.157928968329268393e+00
1.088845683939857167e+01
-8.974764423901387289e+00
2.657032405684081056e+00
1.343530499972505954e+00
3.362846539194093154e-01
-3.325079735793937452e+00
1.943519616831093089e-01
1.029661405714189826e+01
-1.969523504589006890e+01
1.709659017794837865e+01
-6.886603367083704574e-01
-1.838877748529458245e+01
2.499976659196236639e+01
-1.397440588593569899e+01
-4.557128342869932069e+00
1.429248848520166248e+01
-8.016976875236544231e+00
-5.737618039223504773e+00
1.127121196413216886e+01
-1.297991554601125586e+00
-1.564570143864008500e+01
2.320262488243201204e+01
-1.281396729249647493e+01
-8.124050509676068899e+00
2.316024494239134768e+01
-2.170887087449252562e+01
7.652313445118984703e+00
5.870844203481278001e+00
-9.349133728067254623e+00
4.558200834885653308e+00
-4.014889974631241643e-01
2.542944484024411977e+00
-7.967835960198602407e+00
9.411634731214487459e+00
-3.900038230952191043e+00
-4.157975791557513290e+00
8.254138263816461318e+00
-6.986619498500866499e+00
4.891421405121064936e+00
-6.112603875020464983e+00
8.494880257309006311e+00
-5.471066409033753075e+00
-5.689221848018714667e+00
1.848403396475283245e+01
-2.168529211227652809e+01
1.034685012680597893e+01
7.859215571878706896e+00
-1.845522014963797020e+01
1.346194952950335733e+01
7.349050052954346768e-01
-9.288995669968185709e+00
3.404032189445115542e+00
1.068288973264967368e+01
-1.743874782531672096e+01
7.305703631455498837e+00
1.330989156099603221e+01
-2.727471758611002883e+01
2.238298240412005669e+01
-2.499347086245141014e+00
-1.628029992496724887e+01
2.040287733119915714e+01
-1.029978591679076061e+01
-1.882854363680644738e+00
4.983756026406744866e+00
9.986328245953135507e-01
-6.682354540535769161e+00
4.014372142643567010e+00
5.569415208507306758e+00
-1.338833646181750758e+01
1.281491656158079095e+01
-5.437298475057937175e+00
-1.876394556088857080e+00
4.856687197533666733e+00
-5.564450573267574640e+00
8.163233413981810571e+00
-1.222949286222612919e+01
1.198620884008662024e+01
-3.032033373285548450e+00
-1.085760388615034344e+01
1.926908861566744946e+01
-1.476391012726616836e+01
1.016896830066211344e+00
9.641858476248255982e+00
-7.905264215529669514e+00
-2.981063347480954917e+00
9.939892600907837661e+00
-3.144324302882163025e+00
-1.327776180228929093e+01
2.403292011735790368e+01
-1.699171348301021922e+01
-4.597264058622538840e+00
2.412104418587322385e+01
-2.633648710540854765e+01
1.093819820121296793e+01
7.823737785105452147e+00
-1.476043658389033020e+01
7.309320058903978179e+00
3.644253658803711993e+00
-5.585817949614590106e+00
-3.351441377854730064e+00
1.345406013222803487e+01
-1.382139755715626883e+01
3.065993501063454918e+00
1.008607586290077407e+01
-1.587409644979158685e+01
1.234037483411077218e+01
-5.302956300868919115e+00
7.851950287171414189e-01
1.109344757864548114e+00
-4.397305371095136195e+00
1.039503890166647437e+01
-1.447368317469306476e+01
1.073736849084439626e+01
4.145756391322614753e-01
-1.082623130029068115e+01
1.196079101542257206e+01
-3.893055088887066972e+00
-3.990703379772265080e+00
2.340980766541661318e+00
7.868048614751234737e+00
-1.515379964118720757e+01
8.699275059970116075e+00
9.789785991257389242e+00
-2.585724920355984580e+01
2.498303961530067596e+01
-6.435897637301528640e+00
-1.527652180906314427e+01
2.324534212033063341e+01
-1.328065974786824732e+01
-3.020355047645301383e+00
9.941605207368688468e+00
-2.556364653934428688e+00
-9.415882773400744199e+00
1.197670512299046663e+01
-7.950967377339486220e-01
-1.485010048665584392e+01
2.134059859348845123e+01
-1.349023650096615867e+01
-1.572250446426292747e+00
1.222565014613813794e+01
-1.313768808332304516e+01
8.327329752632810056e+00
-4.714158498694008159e+00
4.188947071504814268e+00
-2.817576493690963080e+00
-2.812397700428529213e+00
1.010699302452412596e+01
-1.255971052925413645e+01
7.223554168272365850e+00
1.128604239793595809e+00
-4.509176282121497792e+00
5.143473700691680861e-01
4.363365322422991355e+00
-1.388013092912530055e+00
-1.016502577648849481e+01
2.028370218308881689e+01
-1.710518508274352101e+01
-6.745471066959929374e-01
2.058315977786966045e+01
-2.667534098814758892e+01
1.416807549701315061e+01
5.767319149366247011e+00
-1.615613482493745323e+01
9.883780200460591914e+00
4.135401642748655071e+00
-1.017251807267457409e+01
1.222014329633543284e+00
1.424203491623432782e+01
-2.064087063176750192e+01
1.036958496580552413e+01
9.062968380309653682e+00
-2.229630889080468847e+01
2.016817959769950264e+01
-6.945260625904121632e+00
-5.357503263762762202e+00
8.806701757063619240e+00
-5.564210208868396457e+00
3.145757122339440492e+00
-5.253855019847734731e+00
8.275200762644333352e+00
-6.502975913629786220e+00
-5.473823746156698533e-01
7.230665678625455506e+00
-8.171819540043754770e+00
4.458338019965512267e+00
-2.273509885952276655e+00
5.228612334425880803e+00
-9.164256968726899544e+00
6.021875444384054532e+00
6.571074231852618297e+00
-2.041387823540437907e+01
2.297154599385797979e+01
-9.613223056005084644e+00
-1.043077400256746756e+01
2.135564279912597030e+01
-1.516498468839364655e+01
-7.102042796384768764e-01
1.042758193790369603e+01
-5.000669489880861462e+00
-8.966776972331764739e+00
1.576090779691170773e+01
