2.483801289362642883e+00
2.417496805222684841e+00
2.177737961901605512e+00
1.796680253293786667e+00
1.316835978316923672e+00
7.878935588324500472e-01
2.630120209868600512e-01
-2.051577371036832353e-01
-5.684530020069562539e-01
-7.869063669895171031e-01
-8.319214476735004027e-01
-6.886917451543075330e-01
-3.576854314088784292e-01
1.449207917895733999e-01
7.879069231311177646e-01
1.526749555557232352e+00
2.306340205664787479e+00
3.064519503769004061e+00
3.736208127961564873e+00
4.257872379290780884e+00
4.572035771242145330e+00
4.631539817372993362e+00
4.403268058761598880e+00
3.871076778090196679e+00
3.037722112436304300e+00
1.925633627707025841e+00
5.764551622920985885e-01
-9.506494943546255350e-01
-2.581850546197094864e+00
-4.232515930924742875e+00
-5.811869148407998509e+00
-7.228172213654353584e+00
-8.394127596201249375e+00
-9.232174387946873395e+00
-9.679355204356008713e+00
-9.691451564531169183e+00
-9.246125563134567571e+00
-8.344862211908759875e+00
-7.013576522291478099e+00
-5.301828022690936670e+00
-3.280668179986621524e+00
-1.039228071998870906e+00
1.319770381547523908e+00
3.685330948351630553e+00
5.944027938062525607e+00
7.986046956363673566e+00
9.711075963517647125e+00
1.103370853718542222e+01
1.188804897397401206e+01
1.223125517165659382e+01
1.204581730832145325e+01
1.134044440429654443e+01
1.014951241467025866e+01
8.531111599377034338e+00
6.563812453737178032e+00
4.342343525177613017e+00
1.972436536710458155e+00
-4.348593208563250601e-01
-2.769064007140654926e+00
-4.926016150776841407e+00
-6.813159689781573825e+00
-8.354073505844494818e+00
-9.491998902535994986e+00
-1.019218293507692508e+01
-1.044292893591235760e+01
-1.025532449515085709e+01
-9.661696737729041473e+00
-8.712920078723783490e+00
-7.474768129381478943e+00
-6.023555056407321473e+00
-4.441349293258595843e+00
-2.811061925710415021e+00
-1.211712346959367803e+00
2.858448633699484098e-01
1.622484009224834267e+00
2.753466564322443411e+00
3.650059559213442828e+00
4.300049951803375237e+00
4.707163669250245874e+00
4.889468913023415020e+00
4.876907778636315527e+00
4.708154170118836745e+00
4.427036014609329939e+00
4.078783459477586248e+00
3.706370697005160419e+00
3.347207104512474274e+00
3.030404473430424073e+00
2.774803291362886615e+00
2.587885359841961552e+00
2.465636261233417947e+00
2.393353627139560125e+00
2.347330334717670830e+00
2.297280129172557306e+00
2.209320847815178901e+00
2.049290888737420602e+00
1.786150461691565772e+00
1.395212096321298390e+00
8.609553541370442709e-01
1.792080285959039010e-01
-6.414814594770676948e-01
-1.579401037688934695e+00
-2.600218467454510129e+00
-3.658500534808812432e+00
-4.700129188182200046e+00
-5.665472422989768830e+00
-6.493113035804954691e+00
-7.123896159952147755e+00
-7.505029657727542158e+00
-7.593961904479425762e+00
-7.361770063496792638e+00
-6.795818251781542862e+00
-5.901487513205296409e+00
-4.702835661149563862e+00
-3.242111338100203799e+00
-1.578118891601296703e+00
2.164957083666592119e-01
2.058897406118142204e+00
3.860450158924300545e+00
5.531587288037218997e+00
6.986875673908691908e+00
8.149968007400271830e+00
8.958138939794547895e+00
9.366121712578696190e+00
9.349000579490748919e+00
8.903968798096819626e+00
8.050828896106377641e+00
6.831187229685781404e+00
5.306373912412098548e+00
3.554197102933685404e+00
1.664712536531177012e+00
-2.647494427521381866e-01
-2.135010128161916931e+00
-3.850603197945263734e+00
-5.325140973910272635e+00
-6.486167062395480798e+00
-7.279205677193290924e+00
-7.670765207631156102e+00
-7.650115849643292165e+00
-7.229734578165621706e+00
-6.444390913942307897e+00
-5.348928907147702638e+00
-4.014879482287598833e+00
-2.526107913657658521e+00
-9.737593726575046738e-01
5.491923818612369779e-01
1.953464609979611577e+00
3.158721531003165772e+00
4.098251520743016130e+00
4.722786608842270084e+00
5.003238428162099183e+00
4.932191570526279989e+00
4.524071658271283880e+00
3.813986622313256802e+00
2.855320666701816279e+00
1.716236200298724368e+00
4.753049645172577886e-01
-7.834583590159726052e-01
-1.975851783015766250e+00
-3.022706778845568820e+00
-3.854754284085311955e+00
-4.416840004041267420e+00
-4.671235131780663963e+00
-4.599846124298712979e+00
-4.205196476023852270e+00
-3.510130156942377955e+00
-2.556265719390614866e+00
-1.401307072512588903e+00
-1.153867941283746035e-01
1.223323716694981300e+00
2.533459521704297668e+00
3.735459341760245522e+00
4.756404482699211123e+00
5.534402040355025143e+00
6.022246152875167624e+00
6.190138670294430767e+00
6.027311488095083547e+00
5.542463014675468536e+00
4.762996317938944735e+00
3.733121650433206096e+00
2.510956537313744796e+00
1.164818004227102133e+00
-2.310499949073823167e-01
-1.601038291008217040e+00
-2.872732923589824683e+00
-3.981187698806432085e+00
-4.872644387847811842e+00
-5.507474824403933766e+00
-5.862171967538174933e+00
-5.930280358912527916e+00
-5.722226164327191000e+00
-5.264078605183655668e+00
-4.595343418072749486e+00
-3.765950597011317402e+00
-2.832649128620963630e+00
-1.855057522606629483e+00
-8.916384102030592285e-01
4.132838402560179425e-03
7.871516502995459241e-01
1.423398890192925315e+00
1.891812758801418859e+00
0.000000000000000000e+00
1.714277526589044243e+01
-1.195589340924970223e+01
-1.453666053962624716e+00
5.687872121399033531e-01
7.075936787962570307e+00
-2.816298363882730360e+00
-8.515813610860877958e+00
1.143014429964032885e+01
-7.429410505322930014e+00
4.533517043184901674e+00
1.173532483753874978e+00
-1.104761172611677722e+01
1.220105924959418608e+01
-1.254666677734250335e+00
-3.667206833763996698e+00
-5.029840134624349979e+00
7.025725780761461259e+00
9.199369260778398782e+00
-2.104787690845549264e+01
8.913185810007666632e+00
9.369916078593055531e+00
-9.469840854223541271e+00
4.680678369675206341e-02
-1.690395724521308152e+00
9.680822284056239013e+00
-7.627446060180105292e+00
-1.670596556447209835e+00
6.432163772066663121e+00
-8.447467420532291271e+00
1.150145426566012041e+01
-7.099827806790959706e+00
-6.262356168556543423e+00
1.155298165467810279e+01
-2.112771102564405812e+00
-2.512956284421465014e+00
-8.545417570646639760e+00
1.426316870638274281e+01
1.670290489551805369e+00
-1.897577021441014011e+01
1.391300149961502264e+01
1.599113854856423877e+00
-3.977781901064494807e+00
-2.336298147607036135e+00
-3.308365798935039015e-01
8.933099131633293055e+00
-9.848049836606524110e+00
5.014961018003269544e+00
-2.050157298687495633e+00
-3.536729195461554731e+00
1.327177660642725776e+01
-1.341878138864649372e+01
-2.031480477310102506e-01
8.041609183429038410e+00
3.923668740058482429e-01
-5.221275781184077758e+00
-8.131584170478104667e+00
1.939759013683519484e+01
-7.537483732464389519e+00
-1.176227891944321513e+01
1.312681983856735002e+01
-2.648871829822481594e+00
9.902292379095655184e-01
-6.123947694114805884e+00
3.519528917463125239e+00
4.451466068907218521e+00
-7.326525762987382784e+00
7.865707094407428102e+00
-1.013202048017919843e+01
5.047601289745867525e+00
9.433928499149013547e+00
-1.519224747489857563e+01
3.736708373510270409e+00
4.731603296078144893e+00
4.045733814864011180e+00
-1.085047762420294504e+01
-2.838764378352609974e+00
1.938682158614359707e+01
-1.427229127958379173e+01
-2.774149120919858991e+00
7.631386128481530307e+00
-2.047302760989623494e+00
2.685047718383342108e+00
-8.174149016663569967e+00
6.920398363588674329e+00
-1.609139011854009205e+00
-5.087519286258265216e-01
4.929719681120657171e+00
-1.396379400969806284e+01
1.329116040893057971e+01
2.367118374788177881e+00
-1.250139174611610926e+01
3.850425113751186235e+00
4.327401093955695721e+00
5.661645696546389495e+00
-1.633336247894041193e+01
5.502793509109380921e+00
1.367592194716187670e+01
-1.551493413960486478e+01
3.879123305417416567e+00
7.392027512251236887e-01
1.981351875739880697e+00
6.754118503561405973e-01
-6.662865714509700332e+00
6.962355339441469226e+00
-5.717366970408596316e+00
7.610167337812383970e+00
-2.841447252224564402e+00
-1.177101333851966913e+01
1.755052400890551567e+01
-4.177755230042802914e+00
-7.845999547679668673e+00
1.013748955914454575e+00
7.469955801837641296e+00
3.093382453628183537e+00
-1.820365965182045542e+01
1.312796353128102211e+01
4.617970878177909633e+00
-1.097292952785243436e+01
5.508632320309283514e+00
-3.910235742874215603e+00
6.279926834665758406e+00
-3.026337300110885309e+00
-2.248554967276069849e+00
2.634720710434473201e+00
-5.003070130356367606e+00
1.301180191953256404e+01
-1.199910602120881364e+01
-4.772255365977633446e+00
1.643719473856712554e+01
-7.192935318523463906e+00
-4.529881202376474292e+00
-1.972359054870889139e+00
1.229011876071245268e+01
-3.328629747543911499e+00
-1.464083363111312153e+01
1.632583530608847155e+01
-3.705754132207562002e+00
-3.190254467528355065e+00
2.180289970892218321e+00
-4.358250820083624966e+00
7.921964590942875084e+00
-5.299143892335637318e+00
2.269509142224670484e+00
-4.390216229256836300e+00
9.979309778869485115e-01
1.281888602036969438e+01
-1.838340996398154559e+01
3.532744857005919670e+00
1.141362867485904253e+01
-6.019565043346480238e+00
-4.644875710147918113e+00
-2.186551330771474788e+00
1.548950425588669688e+01
-1.079334998822894320e+01
-6.650193093766521457e+00
1.346422429933967813e+01
-7.621419218637987214e+00
3.879530871077586429e+00
-3.506254478918735096e+00
-1.297461203942000152e+00
5.972198346813884839e+00
-3.909554985768206592e+00
3.609927751453757772e+00
-1.054447590873231100e+01
9.910774282850532302e+00
6.883514349446967273e+00
-1.930075872548884064e+01
9.294105441408618162e+00
5.796959648046417612e+00
-2.545910347282595687e+00
-7.832023018438412976e+00
1.532459206824130060e+00
1.432743635484498412e+01
-1.547837315229904576e+01
2.323742949904249677e+00
5.908141237274991298e+00
-5.767846335199284802e+00
7.024659984700738491e+00
-8.033018154457714388e+00
2.522952526259399697e+00
2.017358031677108254e+00
1.013734358531339419e+00
2.387360743335698032e-02
-1.230387080877558326e+01
1.767965568869349724e+01
-2.100004086562974326e+00
-1.488306268780815245e+01
1.036893290849484650e+01
2.771088305146718334e+00
8.208310351468317556e-02
-1.153753407648116891e+01
7.746307336807345401e+00
8.356915067918542661e+00
-1.467613141140653887e+01
8.164397707735062681e+00
-2.691142040728554008e+00
2.834349181281927699e-01
5.439173318172082716e+00
-9.023932132642617177e+00
7.955872625529530673e+00
8.997018387404439821e+00
9.618267698855818892e+00
9.790488777134955356e+00
9.508034236048366949e+00
8.789144190756845276e+00
7.674987178417628897e+00
6.227387303797485174e+00
4.525365045668245934e+00
2.660690821996626099e+00
7.327102713381865584e-01
-1.157255457382433406e+00
-2.911605075668961984e+00
-4.441912758704854802e+00
-5.673822813054213654e+00
-6.551096015096267600e+00
-7.038571464028672509e+00
-7.123873361403180837e+00
-6.817768007263548924e+00
-6.153157832088769652e+00
-5.182781455998006770e+00
-3.975766536648858818e+00
-2.613250765719980162e+00
-1.183341604215506271e+00
2.242761544318327971e-01
1.523756459380612327e+00
2.638203927492974277e+00
3.504174651800891827e+00
4.075298463347706956e+00
4.324810952215322857e+00
4.246851974849171540e+00
3.856464192442207395e+00
3.188305604078102373e+00
2.294169058271114725e+00
1.239474454884626375e+00
9.896130661750213164e-02
-1.048143272561427697e+00
-2.123176107129713053e+00
-3.052993185968306378e+00
-3.774521668182719836e+00
-4.238629745019033557e+00
-4.413080589067511106e+00
-4.284396008069706774e+00
-3.858525220015383006e+00
-3.160289928214347732e+00
-2.231653799647516312e+00
-1.128937691882993644e+00
8.083305140453767024e-02
1.324210244326613939e+00
2.525957315119992774e+00
3.613741081852249959e+00
4.522584850341207385e+00
5.198805085760696443e+00
5.603189611613370147e+00
5.713226044990010521e+00
5.524251641242772237e+00
5.049465824212974852e+00
4.318819886563773025e+00
3.376869953279902692e+00
2.279744734176054166e+00
1.091434693937557654e+00
-1.203494280302304098e-01
-1.288475874685241607e+00
-2.350568952043222026e+00
-3.252795101357041752e+00
-3.953017618074663453e+00
-4.423123574055053631e+00
-4.650382873917292770e+00
-4.637764488100405202e+00
-4.403204466214608814e+00
-3.977889782842887634e+00
-3.403686864142976720e+00
-2.729899562796043178e+00
-2.009584754709145216e+00
-1.295681809966830134e+00
-6.372231337476628177e-01
-7.588609192491935218e-02
3.568775925758942424e-01
6.419388525933433787e-01
7.736716422621361389e-01
7.601362617442105618e-01
6.222533794936215834e-01
3.920255961299319303e-01
1.099289053451268927e-01
-1.783460207295055611e-01
-4.255770006205157330e-01
-5.868613131448157105e-01
-6.233638651539390452e-01
-5.056960145206406132e-01
-2.166804264333301866e-01
2.467041889139904853e-01
8.723519881206716065e-01
1.633122648633515084e+00
2.488017661591494623e+00
3.384387731632417573e+00
4.261048795054992233e+00
5.052121262295987236e+00
5.691355397191736110e+00
6.116668735740257823e+00
6.274601677293409452e+00
6.124396322486647115e+00
5.641421570078433589e+00
4.819703492762110741e+00
3.673372002944677472e+00
2.236899671176361792e+00
5.640823064156021971e-01
-1.274211014924990781e+00
-3.193413251223632621e+00
-5.099582703410977302e+00
-6.894434904308992529e+00
-8.480795563651639668e+00
-9.768156079211934184e+00
-1.067800139269303727e+01
-1.114858837746414721e+01
-1.113888115375115540e+01
-1.063139616231542206e+01
-9.633771776171068169e+00
-8.178951001418440114e+00
-6.323946972453375004e+00
-4.147244566423629486e+00
-1.744972456820728990e+00
7.739466508901287067e-01
3.293398505293758660e+00
5.696117904637042706e+00
7.869825915908613467e+00
9.713115663947563760e+00
1.114075279872588276e+01
1.208809079194250735e+01
1.251435307349918702e+01
1.240460054003955293e+01
1.177028010347845211e+01
1.064833300676615835e+01
9.098925574722557030e+00
7.201944807885171329e+00
5.052471960000591622e+00
2.755504729335739533e+00
4.202395361542601293e-01
-1.845752811508139413e+00
-3.942123127696434359e+00
-5.780795093460305623e+00
-7.290192615082419003e+00
-8.418417857310165786e+00
-9.135221109455461175e+00
-9.432678926399843178e+00
-9.324576229249768033e+00
-8.844566315859765382e+00
-8.043255187625373281e+00
-6.984418819482778318e+00
-5.740610239271089377e+00
-4.388444706284436947e+00
-3.003864136232856641e+00
-1.657675646530475611e+00
-4.116343409259322073e-01
6.847009710477767186e-01
1.596165663008870528e+00
2.303132680593283244e+00
2.801564464211032668e+00
3.102008729886714278e+00
3.227642192559647238e+00
3.211527136603897770e+00
3.093294758355537688e+00
2.915503358454343719e+00
2.719936667808841690e+00
2.544106885290871478e+00
2.418208594988941584e+00
2.362734975952291094e+00
2.386919037423753664e+00
2.488103325730296689e+00
2.652075653330161042e+00
2.854340312092074505e+00
3.062228497495620427e+00
3.237692667461794294e+00
3.340581216956739929e+00
3.332155388716267375e+00
3.178592066678409989e+00
2.854215251244586860e+00
2.344215686653740249e+00
1.646651239310291004e+00
7.735680650894851684e-01
-2.488587404391124358e-01
-1.381200283514417704e+00
-2.572631013168416914e+00
-3.763666524818649162e+00
-4.889619146810936456e+00
-5.884556999359653595e+00
-6.685514368625711690e+00
-7.236679582779798281e+00
-7.493282680217097536e+00
-7.424919446478524421e+00
-7.018080112265444370e+00
-6.277698261927103118e+00
-5.227595392826842158e+00
-3.909765346885668791e+00
-2.382516161360391571e+00
-7.175600864047617655e-01
1.003789105368441570e+00
2.695093261603737300e+00
4.269677172657316611e+00
5.645631956764119330e+00
6.750628769771319426e+00
4.079286819991859936e+00
-8.360071079928506066e-01
6.908761719254606248e+00
-7.514191690726405248e+00
-8.187598354999925832e+00
2.069115626927552398e+01
-1.002755659719949577e+01
-7.884148228043155626e+00
7.353208673493238479e+00
3.562931941176556094e+00
-5.399834873348701159e-01
-1.260743904425864947e+01
1.313203835857744828e+01
-1.164149952195998594e-01
-8.370232176277900393e+00
8.256458844019041621e+00
-8.342245971853554209e+00
7.018833485344194933e+00
9.787143638594857364e-01
-6.560672546993372656e+00
1.982505857889169221e+00
9.515486619993662742e-02
1.018046679389950349e+01
-1.565757690420650405e+01
3.245311470956615540e-01
1.768318995949429606e+01
-1.356263472016616589e+01
-2.053938594403324380e+00
3.033550802451480788e+00
6.828118463825190609e+00
-4.548659345168450940e+00
-9.282300895517385797e+00
1.436231926203743114e+01
-7.153287595582772163e+00
6.463173181505164067e-01
2.854259273317620860e+00
-8.806811932533587850e+00
1.099934429271037573e+01
-3.099989144866705182e+00
-3.008364599688571950e+00
-2.612816930538800708e+00
5.330396444693829672e+00
8.282255243680920032e+00
-2.041771967199748872e+01
9.495823750161275001e+00
1.037554037517351446e+01
-1.184317323259186594e+01
-3.130352296311755822e-02
6.117305451597165877e-01
9.581675154445241205e+00
-9.661912233457302435e+00
-2.413562682358534328e+00
1.007747568771485547e+01
-9.274163843159080045e+00
8.199128387156553899e+00
-5.114826506544199347e+00
-4.676068441656145325e+00
1.074660890678715042e+01
-4.156529090556071893e+00
-1.474904710050878975e+00
-6.641967928270656074e+00
1.272435003907703610e+01
1.281763426979394271e+00
-1.931699675470888167e+01
1.528093607955372235e+01
2.477877280934247750e+00
-6.777734051246626201e+00
-1.955659970830411432e+00
1.753063102705012088e+00
9.110262704473512940e+00
-1.250389828998334174e+01
4.834603200967237058e+00
1.806702116649239187e+00
-5.357594345367141742e+00
1.092037405401753603e+01
-1.168977309039299328e+01
1.147739274915595242e+00
7.433076062493984892e+00
-1.756406915404518987e+00
-3.821707359167678675e+00
-6.948133102422671570e+00
1.852939330163947673e+01
-8.006589947751056258e+00
-1.275476812245491587e+01
1.543789834526412896e+01
-2.354899984091036735e+00
-1.798207183951808563e+00
-5.570061487445310711e+00
5.599206429525479756e+00
4.732118934986882408e+00
-1.064263210926650238e+01
8.662495610807136259e+00
-6.716186159190955962e+00
2.726741981260778935e+00
7.980648514218232847e+00
-1.402547276095366868e+01
5.234179945100104092e+00
4.009995168934275434e+00
2.092705631794501642e+00
-9.405105363933518703e+00
-2.231325012940977182e+00
1.944442096128352304e+01
-1.543024584137007693e+01
-3.813654685275975620e+00
1.063176699309917872e+01
-2.463100506226649777e+00
1.872966453813287302e-01
-7.722491130192734587e+00
9.317387820945556953e+00
-1.642455395877936652e+00
-4.153211114143082305e+00
6.755132338251540247e+00
-1.148614315709875022e+01
1.111141009874084062e+01
1.409031014902478063e+00
-1.184277990389922053e+01
5.627368038693910890e+00
3.310513881066596831e+00
4.191106342666003570e+00
-1.530574478944116734e+01
6.015113277235135669e+00
1.449378364258858554e+01
-1.767900550035142260e+01
3.389461163966368318e+00
3.931091964413444551e+00
1.065077803580941840e+00
-1.547117048468272138e+00
-6.365917550141147352e+00
9.860488007350607376e+00
-6.503082250577279844e+00
4.221201926118177461e+00
-3.591637397620761618e-01
-1.033972162795728345e+01
1.599616835588436103e+01
-5.153085061861684579e+00
-7.381539367776253968e+00
2.913654935404625057e+00
6.253688611104122330e+00
2.148383416597878348e+00
-1.794055182117530478e+01
1.415303841220968195e+01
5.661726463413701005e+00
-1.402466238532723253e+01
5.884410584548271927e+00
-9.913006753979014540e-01
5.223010151052294603e+00
-5.224498281458805238e+00
-1.874415317615860221e+00
5.903473705276736538e+00
-6.734317262666828618e+00
1.044106682105086037e+01
-9.496606628588814658e+00
-4.070291571431214450e+00
1.562909179594116793e+01
-8.534450621695878425e+00
-3.922208988343529157e+00
-2.478399523449450470e-01
1.121115982958732005e+01
-4.042626010997381947e+00
-1.514465093512690430e+01
1.830002760278496154e+01
-3.095422825617648144e+00
-6.651935832067060517e+00
3.343789527229479752e+00
-1.914244692106914947e+00
6.983310937339379798e+00
-7.748187948534671854e+00
3.105817542197383041e+00
-1.189420240440706600e+00
-1.473184917287936990e+00
1.132598473232565439e+01
-1.646602745967388870e+01
4.070331281886147679e+00
1.110498823673017199e+01
-7.759757698589069719e+00
-3.759947320653371783e+00
-8.378202575983491052e-01
1.491947561454651350e+01
-1.179961059304125115e+01
-7.524477765667860751e+00
1.642688842441160091e+01
-7.920961221195987889e+00
5.928707780243303027e-01
-1.925000554580666101e+00
7.884975520947863359e-01
5.143263674723630885e+00
-6.679681443249599226e+00
5.197353518803906169e+00
-7.960043846428037639e+00
7.249062847740743720e+00
6.288242139692698629e+00
-1.826544365677596815e+01
1.018997528757536841e+01
5.561854656204048730e+00
-4.446580300592582802e+00
-6.819782069682271519e+00
2.584444386311164354e+00
1.441899308453625039e+01
-1.726826475567382957e+01
1.714577123022099414e+00
3.836503256277408624e+00
6.140251902327346301e+00
8.168582896398861593e+00
9.828810317252438367e+00
1.104678594309599760e+01
1.177071949283104146e+01
1.197376576335133791e+01
1.165523429511702602e+01
1.084035780829009532e+01
9.578639957265247418e+00
7.940885843242373454e+00
6.015095184496433767e+00
3.901463455477735653e+00
1.706786738413716087e+00
-4.614015173471375242e-01
-2.500621052153010559e+00
-4.318829845833332293e+00
-5.839098722458973434e+00
-7.003316564752650741e+00
-7.774728361925993703e+00
-8.139180809049541665e+00
-8.105029467017988765e+00
-7.701742658221466975e+00
-6.977315307709925918e+00
-5.994676063854209147e+00
-4.827328991449030937e+00
-3.554513456265228744e+00
-2.256190045358291485e+00
-1.008165172721926073e+00
1.223476894120612002e-01
1.080465308263063751e+00
1.826454878330677989e+00
2.337483509454012065e+00
2.608214264562444207e+00
2.650241052202841452e+00
2.490429146951436135e+00
2.168297263398496710e+00
1.732636594159222110e+00
1.237608336679142162e+00
7.385911563363343202e-01
2.880619995232949759e-01
-6.821292211838103636e-02
-2.944247135412345617e-01
-3.671944622805654035e-01
-2.771147333745944685e-01
-2.926668413282662584e-02
3.573107843026659403e-01
8.511527929794686642e-01
1.410787110730496341e+00
1.987866548083402130e+00
2.530794800385966603e+00
2.988593043085922663e+00
3.314739122297194029e+00
3.470713603112193013e+00
3.429007030661284094e+00
3.175379167528475932e+00
2.710211277238800065e+00
2.048853405268078021e+00
1.220936057394991003e+00
2.686852544382359875e-01
-7.556529223574521836e-01
-1.793111907111153869e+00
-2.781812518827806002e+00
-3.661027964088240605e+00
-4.375235942351387131e+00
-4.877886705097770559e+00
-5.134632688824382285e+00
-5.125798968741445805e+00
-4.847922136053925968e+00
-4.314245193477199258e+00
-3.554123830709462251e+00
-2.611370604079875868e+00
-1.541633484605653859e+00
-4.089693977391268831e-01
7.181724485457388063e-01
1.771302041508544534e+00
2.686295115871425665e+00
3.407568689052593136e+00
3.891751625141399717e+00
4.110606250676805296e+00
4.053003053624610885e+00
3.725809686144669008e+00
3.153624148672381722e+00
2.377355815183198384e+00
1.451732170643300623e+00
4.418790192263082339e-01
-5.808170189864374500e-01
-1.543306643135567313e+00
-2.375647271138057626e+00
-3.015640201948876609e+00
-3.413037095717133873e+00
-3.533041399994834020e+00
-3.358872056314218479e+00
-2.893213652008805870e+00
-2.158445655910321559e+00
-1.195619255582787144e+00
-6.222886772380942233e-02
1.171098304012545110e+00
2.424802050609504711e+00
3.615227885066780722e+00
4.659811698535722080e+00
5.482292628940432344e+00
6.017631308728386585e+00
6.216325564079701493e+00
6.047849757533235504e+00
5.502995287653341450e+00
4.594955190069579309e+00
3.359071340017651508e+00
1.851243808888503928e+00
1.450834904744580101e-01
-1.672033846262785506e+00
-3.503786168291582293e+00
-5.250316281747833713e+00
-6.813917860008031013e+00
-8.104660638553431440e+00
-9.045621186939055036e+00
-9.577408093353955820e+00
-9.661711726181703597e+00
-9.283666449831597944e+00
-8.452883738977286399e+00
-7.203093735919620322e+00
-5.590415588195649654e+00
-3.690358325473829026e+00
-1.593729117943320173e+00
5.983100632245834660e-01
2.779746970447694920e+00
4.845462727453004881e+00
6.696880484830957769e+00
8.247193145901842826e+00
9.425872018222841930e+00
1.018220382912183197e+01
1.048766400192841708e+01
1.033700560439688587e+01
9.748021472095196316e+00
8.760016818666089833e+00
7.431106240181254208e+00
5.834517706384982461e+00
4.054142739908652260e+00
2.179613134488837201e+00
3.012078676801165367e-01
-1.495101926922376645e+00
-3.132176988784306282e+00
-4.545542919720831243e+00
-5.686320677116806444e+00
-6.523104131219080948e+00
-7.042703682091209672e+00
-7.249748276568235283e+00
-7.165210702747138782e+00
-6.823988147164245177e+00
-6.271727445001499923e+00
-5.561128660977463944e+00
-4.747988914767169888e+00
-3.887259066298906607e+00
-3.029378508582174501e+00
-2.217128558713628017e+00
-1.483204595382504820e+00
-8.486539693528587502e-01
-3.222644332279842594e-01
9.907940347892185695e-02
4.291217879282693271e-01
6.901575509417499088e-01
9.103190698164196348e-01
1.120441129532830482e+00
1.350744980430598652e+00
1.627594837363446789e+00
1.970574544938565431e+00
2.390109522333167202e+00
2.885820906733494340e+00
3.445747576737574036e+00
4.046510863794440027e+00
4.654430304732559698e+00
5.227531187838262206e+00
5.718320428410068601e+00
6.077150804673848938e+00
6.255948633472899090e+00
6.212049671408873763e+00
5.911874551817658308e+00
5.334179483212088790e+00
4.472640148684080330e+00
3.337565501831582626e+00
1.956591106772376243e+00
3.742655267690784271e-01
-1.349486001101080745e+00
-3.141963270914654771e+00
-4.921230104940489625e+00
-6.600398747524498511e+00
-8.092415098717946620e+00
-9.315062241036450530e+00
-1.019587901821629039e+01
-1.067668857025268636e+01
-1.071744907545732062e+01
-1.029917464382511660e+01
-9.425726323361878656e+00
-8.124338449787233074e+00
-6.444820155938810302e+00
-4.457451206933392029e+00
-2.249670551340023472e+00
7.826984247744817047e-02
2.418448803357449606e+00
4.660929630539941471e+00
9.473582556390665488e+00
-7.062374379916439793e+00
4.318315226304242138e+00
-6.450617326418353059e+00
4.548753064311308769e+00
1.039504555379071604e+00
-1.839435258683495000e+00
2.336469808459107789e+00
-1.070780655689370597e+01
1.547636616042275293e+01
-2.332687551249637892e+00
-1.460634010469402178e+01
1.186020145581899143e+01
2.268922843785447618e+00
-1.676173753686496237e+00
-1.071970059109833073e+01
8.866522456851512857e+00
8.895080853990956271e+00
-1.743857581686270919e+01
8.399920610134731902e+00
8.526335141402707762e-01
-1.698085012121641313e+00
3.372563714913341393e+00
-7.660643045817015384e+00
6.283812065735293828e+00
-2.282465755325832291e+00
4.425047108338967305e+00
-4.870567103290128763e+00
-7.560311053713274276e+00
1.938913567582537212e+01
-1.052598554284929300e+01
-7.928545484963096968e+00
9.323859740827854736e+00
2.723546329765584417e+00
-2.023204719269621865e+00
-1.224174663981836808e+01
1.478927015684785928e+01
3.390712634094166233e-01
-1.186405937220631834e+01
9.585859963996911759e+00
-5.383197749382135910e+00
4.854361140209445757e+00
-6.969457857580794169e-01
-5.340211900085647834e+00
4.353781016111208046e+00
-1.955811181982574531e+00
8.488416571024616886e+00
-1.328979654907663033e+01
4.144391369587836493e-01
1.731427147360204799e+01
-1.475161939799172650e+01
-1.925307965008657973e+00
5.148291357683163483e+00
5.853405216512358678e+00
-5.912040096748180318e+00
-9.348034281323059247e+00
1.685756906447793213e+01
-7.386184128626668510e+00
-2.999468504878562314e+00
5.089142154058909462e+00
-6.681676326551418299e+00
9.073016566770700564e+00
-4.734945941064719221e+00
-1.653181330290322215e+00
-3.612728147911061782e-01
2.871662929575454548e+00
7.515855360088671056e+00
-1.885722049845015391e+01
9.699122226390258561e+00
1.056515191263417108e+01
-1.377002437975242444e+01
5.615994815102398618e-01
2.561760657820833842e+00
8.770096692274425010e+00
-1.127325410962197338e+01
-2.553915855086934084e+00
1.333892529196076993e+01
-1.057912315540392534e+01
5.051921864810421603e+00
-2.485797147032887011e+00
-3.247120509995825799e+00
9.193856335574619010e+00
-5.956971644843944702e+00
2.672205628750452533e-01
-4.907531472698039465e+00
1.034162791190147246e+01
1.166700305874518229e+00
-1.875306709871453492e+01
1.616255509518992639e+01
2.652299770137936719e+00
-9.147673703249875388e+00
-9.277000251763340977e-01
3.462654614298007694e+00
8.616147773161660695e+00
-1.471598475817607010e+01
5.167202388415310210e+00
5.374655491630166537e+00
-7.699160690380999483e+00
8.692158370585866933e+00
-9.231453509355809217e+00
2.269681246978251465e+00
6.086311813940630699e+00
-3.649090561967426538e+00
-1.681273782794359128e+00
-5.982087997286862802e+00
1.676714404497754884e+01
-8.058025636609908560e+00
-1.293522144927038298e+01
1.722104174730932513e+01
-2.675933264971924075e+00
-4.186984331416086391e+00
-4.374206971906810182e+00
7.268940159568584747e+00
4.410854541333327994e+00
-1.354662459353554382e+01
9.930226635701274063e+00
-3.495444002882086565e+00
-2.096715127549551028e-01
6.685871898352413467e+00
-1.208219772143910653e+01
6.433828728411676856e+00
2.565441547269834643e+00
4.050709060650392601e-01
-7.163604185168544802e+00
-1.941474425805588488e+00
1.862104645425353056e+01
-1.605184011708346503e+01
-4.168239370392694099e+00
1.312515793495197514e+01
-3.449306909173242452e+00
-1.926177033410905182e+00
-6.640983132402718425e+00
1.127910058484571465e+01
-2.202067983157896869e+00
-7.462538796672015806e+00
9.078934017252525024e+00
-9.155885877046483046e+00
8.211519147239375371e+00
6.945685425095868837e-01
-1.040763093599630373e+01
7.061231117829070314e+00
1.570472217639387047e+00
3.018151440728303214e+00
-1.343885290142957167e+01
6.078915586321853581e+00
1.451427287948838085e+01
-1.925094731609839371e+01
3.469585278369911485e+00
6.670557008309518032e+00
-4.173299783275545849e-01
-3.375739047429458406e+00
-5.473776007436914171e+00
1.233251576156649421e+01
-7.768283896804438982e+00
1.078153031894952818e+00
2.709715534210564325e+00
-9.079322783790869877e+00
1.365075517203241517e+01
-5.785854598629961210e+00
-6.171549171501533593e+00
4.447163915518447475e+00
4.292764358348193809e+00
1.573328937277070239e+00
-1.684153083646280180e+01
1.460937853059361302e+01
6.038135334520490005e+00
-1.650123864818980479e+01
6.762357237000006904e+00
1.525769198946444583e+00
3.588166150545267552e+00
-7.006586303907130997e+00
-9.565900449331610211e-01
8.796511048606491912e+00
-8.955523498141317873e+00
8.059413695597996252e+00
-6.295261547222468224e+00
-3.627426987324544605e+00
1.401619567819742507e+01
-9.454683029953933726e+00
-2.603215720795298616e+00
1.088509430887545815e+00
9.361402889767587610e+00
-4.280265503651532910e+00
-1.488028786479542553e+01
1.963810029291393633e+01
-3.020910791155667852e+00
-9.606667363466256049e+00
4.998560147571336820e+00
1.486437677896166321e-01
5.465282782965136477e+00
-9.770747331537108948e+00
4.442763069045879476e+00
1.708161722451281950e+00
-4.506024322076855881e+00
1.003171931491694124e+01
-1.376101822310196354e+01
4.229316312513613063e+00
1.002959234305198422e+01
-9.034719421123117655e+00
-2.180630813723733574e+00
5.896031899474833970e+00
5.880957766815152254e+00
5.547056315676048399e+00
4.915430487421549088e+00
4.025184773366337510e+00
2.931194332777633083e+00
1.700864347167323043e+00
4.100719102135186311e-01
-8.614636390821308609e-01
-2.035097515925232248e+00
-3.038158124570381258e+00
-3.808520449101821193e+00
-4.298564677872653839e+00
-4.478266461674813570e+00
-4.337217353825107757e+00
-3.885439179025689249e+00
-3.152930312189687889e+00
-2.187960513494141779e+00
-1.054209154609907495e+00
1.730855180892540979e-01
1.411735591844551996e+00
2.577691778971186398e+00
3.590299582350099605e+00
4.377399453275761410e+00
4.879954418609854905e+00
5.055915679107858551e+00
4.883081778348826063e+00
4.360767385885993441e+00
3.510169838250339236e+00
2.373400910181171497e+00
1.011232957454818671e+00
-5.003124635997613368e-01
-2.074334024403657217e+00
-3.618119273237915490e+00
-5.038610032139354544e+00
-6.247936845422992214e+00
-7.168689561628850626e+00
-7.738606249985628516e+00
-7.914397194145632142e+00
-7.674472548981727371e+00
-7.020408200074597538e+00
-5.977060369154777675e+00
-4.591320884108460731e+00
-2.929586775710124158e+00
-1.074094957729769817e+00
8.816595264430198142e-01
2.838148976843999360e+00
4.695372062078201125e+00
6.358417784754897717e+00
7.742707388824361381e+00
8.778608683627389553e+00
9.415157165328245981e+00
9.622674092118066014e+00
9.394139781013720381e+00
8.745256560667073131e+00
7.713215280063276502e+00
6.354257104987969917e+00
4.740193733954625621e+00
2.954109767617455251e+00
1.085517110208914282e+00
-7.747397612357047603e-01
-2.539518686701545569e+00
-4.130055020357913165e+00
-5.480004889024808534e+00
-6.538628423589040395e+00
-7.272942624480984719e+00
-7.668741069050712511e+00
-7.730450629867567258e+00
-7.479869059578860835e+00
-6.953897014937300725e+00
-6.201439438156985062e+00
-5.279700358461676402e+00
-4.250129104857903073e+00
-3.174292619183358699e+00
-2.109947138077512996e+00
-1.107563261669069155e+00
-2.075227846780771657e-01
5.618438758832589031e-01
1.185270884776126188e+00
1.660578593885728926e+00
1.997729896321480680e+00
2.217013739820183016e+00
2.346507392823087290e+00
2.419017463254899969e+00
2.468734126488376646e+00
2.527851278497106335e+00
2.623406218225161624e+00
2.774575952926230382e+00
2.990634433562795014e+00
3.269728161563894897e+00
3.598569792754161778e+00
3.953084457041533994e+00
4.299975848834950654e+00
4.599113253554234504e+00
4.806580989907276447e+00
4.878182305729897195e+00
4.773153951990627419e+00
4.457827981620035018e+00
3.908975238309362776e+00
3.116580831073201274e+00
2.085834777063054979e+00
8.381689591086238789e-01
-5.887683938747465540e-01
-2.142241129792409993e+00
-3.756624623660669737e+00
-5.356572804290802736e+00
-6.860983119171654820e+00
-8.187533358397539374e+00
-9.257521337815436624e+00
-1.000071198471178313e+01
-1.035988829517330245e+01
-1.029481370494436909e+01
-9.785343187587868030e+00
-8.833467225552224633e+00
-7.464133955418006394e+00
-5.724766601530553167e+00
-3.683471410497136667e+00
-1.426010876821604656e+00
9.483068325913966978e-01
3.331603454022392441e+00
5.612997020001476933e+00
7.684445557185389575e+00
9.446533863950584475e+00
1.081386847481219959e+01
1.171976548895276338e+01
1.211995469010383886e+01
1.199507906592522488e+01
1.135183814267428382e+01
1.022270232745968954e+01
8.664208939869300963e+00
6.753933756795015952e+00
4.586309636918672439e+00
2.267531404279181650e+00
-9.016046172924863100e-02
-2.374488904459125749e+00
-4.479097495424714026e+00
-6.309115540048761517e+00
-7.786015599850318658e+00
-8.851491472663104432e+00
-9.470144283319186229e+00
-9.630836354752670303e+00
-9.346652522550115805e+00
-8.653491617157889948e+00
-7.607391888572292871e+00
-6.280768253846625626e+00
-4.757801923379368247e+00
-3.129270449602836290e+00
-1.487135740778814608e+00
8.078257958218815205e-02
1.495731356147769198e+00
2.692258088185720322e+00
3.621514455887846040e+00
4.253449644702754995e+00
4.577785364460840611e+00
4.603741673258340938e+00
4.358560832805039809e+00
3.884950550664202140e+00
3.237633500865975567e+00
2.479242928006211155e+00
1.675841226933107553e+00
8.923574690727480441e-01
1.882398907516673603e-01
-3.863994451473837799e-01
-7.939068746800419518e-01
-1.011286565322241149e+00
-1.031350305953243396e+00
-8.627610771804783418e-01
-5.289869627047103506e-01
-6.625323743906896823e-02
4.793546975721882930e-01
1.055430605089990426e+00
1.607181746172721581e+00
2.081487341966276272e+00
2.430804453744672244e+00
2.616656989939875722e+00
2.612473262496846083e+00
2.405582495688964872e+00
1.998237929535087165e+00
1.407599864996564865e+00
6.646818408005690237e-01
-1.876674717688220362e-01
-1.097609661864971553e+00
-2.007797053867837356e+00
-2.859253643609764861e+00
-3.595395021489303566e+00
-4.165916260491709266e+00
-4.530285124703840260e+00
-4.660603707053558864e+00
-4.543643052540490501e+00
-4.181909761218163268e+00
-3.593667441756809744e+00
-2.811905031387464060e+00
-1.882313892497935903e+00
-8.604016647503360815e-01
1.920712413444705113e-01
1.211100692810562096e+00
2.134630700035819562e+00
2.906651569204610652e+00
3.480932080604729695e+00
3.824135583408919459e+00
7.917463878610764283e-02
1.357788460194813318e+01
-1.221944159090540793e+01
-7.751359033040117197e+00
1.876030349434999778e+01
-8.667542762613468454e+00
-2.265756690719348931e+00
1.751813938934705384e-01
2.482280499379637462e+00
3.754905524335383937e+00
-9.042474721489570655e+00
7.280740454767226311e+00
-5.622213227059129181e+00
3.918498348939134068e+00
5.973387576251925957e+00
-1.641271504137446868e+01
1.059863198046293142e+01
4.622377790645698425e+00
-5.863113723237352914e+00
-5.112923211121342071e+00
3.130936846302293297e+00
1.378829079366645161e+01
-1.839877172638250613e+01
1.616819104400219587e+00
1.248037958062449526e+01
-8.780592078548570711e+00
1.988590606442846465e+00
-4.314990382490307752e+00
6.158453628975586014e+00
-4.676208782119051222e-01
-4.330725293086508110e+00
5.193746465283890501e+00
-9.355558864989328427e+00
1.250694277940300125e+01
-2.156577353518460249e+00
-1.354883478794397433e+01
1.279607577023840825e+01
1.117828979355276697e+00
-2.932360755739639835e+00
-9.210054971970819793e+00
9.392747710412775675e+00
8.812439781382625625e+00
-1.953561611320242264e+01
9.042736904483206217e+00
3.934764559322765365e+00
-4.137342867956747661e+00
1.676108284699511231e+00
-5.728973232075539102e+00
8.059981980625309461e+00
-4.243489490194308544e+00
2.257481765888403658e+00
-1.592367597384315214e+00
-7.245101674925703783e+00
1.727659655104442749e+01
-1.048491851883849435e+01
-7.273524613657141202e+00
1.071533023710107280e+01
1.267144982395403741e+00
-2.967204216231314362e+00
-1.121649861718372598e+01
1.578262636776300099e+01
3.014274699959131887e-01
-1.475530940391998058e+01
1.128398512948123589e+01
-2.807825717969808288e+00
2.172324391626198725e+00
-1.972969156030398352e+00
-3.560576214548259344e+00
6.308076545407464764e+00
-4.544414962153510373e+00
7.102459662596384504e+00
-1.019326363082152120e+01
6.718206280133287578e-02
1.616343076213232877e+01
-1.530901550671260836e+01
-1.186638830495165386e+00
6.685075166429504279e+00
4.276355192167407893e+00
-6.678728668357617693e+00
-8.829698072313028945e+00
1.867099806548830543e+01
-8.001866213357097024e+00
-6.145499610616558250e+00
7.723975809500347012e+00
-4.912695114457157786e+00
6.579884901766361871e+00
-5.930703004100743136e+00
2.437524458987918585e-01
1.497875372754229772e+00
-1.876245967274146054e-01
7.106641999857398417e+00
-1.651422182800702387e+01
9.323481118599852735e+00
1.006259862577599051e+01
-1.503027235891851277e+01
1.698126032619660553e+00
3.932604353927345642e+00
7.376190890542291712e+00
-1.223091306810904300e+01
-2.217719131370534225e+00
1.596600341593991956e+01
-1.221401476161572930e+01
2.308061017580637753e+00
6.183407147051429575e-01
-2.201119053671274806e+00
7.057132035831474859e+00
-7.292816683709803627e+00
2.550053814596308754e+00
-3.555785562668393851e+00
7.279460137232907968e+00
1.519754875310223241e+00
-1.742358370626839559e+01
1.635374359845924630e+01
2.249307180876198409e+00
-1.086293220049176256e+01
6.100577966599916024e-01
4.572616720175987304e+00
7.586799351718999773e+00
-1.624896306505755561e+01
5.870890384536394890e+00
8.404403998895972450e+00
-1.039169173525912448e+01
6.818941667616511992e+00
-6.220266465270739786e+00
2.949302229624020111e+00
4.167697737776742350e+00
-5.072438841218036565e+00
1.029756843315246417e+00
-5.432870155380778776e+00
1.427066156700039912e+01
-7.501222132046272861e+00
-1.243801231639600147e+01
1.826391153879897189e+01
-3.475582185137214619e+00
-5.950732332725109153e+00
-2.683425544963016218e+00
8.304294428864562150e+00
3.632507232346302573e+00
-1.579959352958534424e+01
1.150652044261879681e+01
-7.091346549630204166e-01
-3.576077142372322992e+00
5.763258835899409682e+00
-9.540848539646828996e+00
7.130993310670083574e+00
5.690854964081055734e-01
-8.137959396157379288e-01
-4.298872057124118129e+00
-2.157170940116412083e+00
1.706877297754747147e+01
-1.594258134299749585e+01
-3.973984031755640967e+00
1.489207219862438691e+01
-4.856409732630488918e+00
-3.432795688004232737e+00
-5.085132325437031753e+00
1.258055489790585746e+01
-3.129662092645608240e+00
-1.019943422008064005e+01
1.171781943032241990e+01
-7.195122918724695893e+00
4.784741338700015056e+00
4.219465290747814734e-01
-8.374121841141828781e+00
7.953874084316078452e+00
-7.166142119651643938e-01
2.334942941272860395e+00
-1.090304833163003373e+01
5.511349605878310243e+00
1.388356655663157113e+01
-2.002737421271767104e+01
3.973868834711776543e+00
8.735617245917179474e+00
-2.302979197883419094e+00
-4.592215504955647454e+00
-4.150765176700952352e+00
1.415303289962209021e+01
-9.336861808622179737e+00
-1.591093742733341365e+00
6.165612296677204007e+00
-8.191680425482033456e+00
1.070785531621995901e+01
-5.888218333434944718e+00
-4.394698143080708164e+00
5.422564441782430578e+00
1.766543089639285746e+00
1.550312675227508485e+00
-1.507099084934026223e+01
1.431158312866534921e+01
5.893875157639667961e+00
-1.819041308377030219e+01
7.981728809328630270e+00
3.422110468578386744e+00
1.549748175216009605e+00
-8.158427655722572780e+00
3.294431410331624122e-01
1.109120050059726381e+01
-1.147150372549311648e+01
6.077817512165543334e+00
-2.602754054092396352e+00
3.095443233577236608e+00
3.349842546357097994e+00
3.443376938860399861e+00
3.405896082992332818e+00
3.273797141588211446e+00
3.086627927355639844e+00
2.883555157780460565e+00
2.699956416423392458e+00
2.564383984408199701e+00
2.496121389290732129e+00
2.503511174546436013e+00
2.583177854558575515e+00
2.720206925958324806e+00
2.889273364269462796e+00
3.056645748066278756e+00
3.182929526141887067e+00
3.226359189360144430e+00
3.146407873111680686e+00
2.907457036658589011e+00
2.482260185190309443e+00
1.854943843018119765e+00
1.023315704722833619e+00
2.924899604694886079e-04
-1.185684138718114511e+00
-2.491309697759652941e+00
-3.860152096944318600e+00
-5.225383023510249636e+00
-6.513360360630850998e+00
-7.647856542339846797e+00
-8.554680032394278655e+00
-9.166404894989550911e+00
-9.426908984102537303e+00
-9.295425782285249738e+00
-8.749838336328638277e+00
-7.788984828012513795e+00
-6.433801709093236454e+00
-4.727198653699797859e+00
-2.732635684830004852e+00
-5.314520318312658809e-01
1.780926347227141049e+00
4.099702938882318293e+00
6.316093341249908732e+00
8.323072613751962834e+00
1.002115875156871638e+01
1.132389665880431018e+01
1.216272021324400754e+01
1.249090287517691067e+01
1.228635792765138923e+01
1.155311487165809581e+01
1.032137483524579302e+01
8.646130499753851950e+00
6.604420002391520939e+00
4.291364448172085844e+00
1.815210179652408495e+00
-7.083445456411887609e-01
-3.162216897703654883e+00
-5.434056473122323538e+00
-7.422065310102270885e+00
-9.040192640641334876e+00
-1.022241396338755415e+01
-1.092585905206047059e+01
-1.113262233521634670e+01
-1.085016747684706218e+01
-1.011032116175076112e+01
-8.966933975095596310e+00
-7.492363829272001396e+00
-5.773004948351166732e+00
-3.904138923991752108e+00
-1.984420645197869426e+00
-1.103288952781875665e-01
1.629091776574802974e+00
3.156894291090385885e+00
4.412034960463433464e+00
5.352116362961259810e+00
5.954929962951986511e+00
6.218737264481114302e+00
6.161306956082448494e+00
5.817801922262665570e+00
5.237679418596064451e+00
4.480825866183761441e+00
3.613191094484698329e+00
2.702212887143384812e+00
1.812329917797381285e+00
1.000869357104261503e+00
3.145655521847481317e-01
-2.130796709416600265e-01
-5.634432495351293646e-01
-7.333495256350324176e-01
-7.345493564034542011e-01
-5.921698082536779317e-01
-3.422617743184037664e-01
-2.863095037119922637e-02
3.008171200217959473e-01
5.979576042700940341e-01
8.182800703293673372e-01
9.244088264996954685e-01
8.890670518103087616e-01
6.972814545496883731e-01
3.476770868744583076e-01
-1.472254101101702073e-01
-7.617296137679896439e-01
-1.458650335802428755e+00
-2.191852161846450819e+00
-2.909465809119219148e+00
-3.557562210965950378e+00
-4.084032538034186643e+00
-4.442407442655975203e+00
-4.595351658383450832e+00
-4.517590532533230174e+00
-4.198061797919130811e+00
-3.641136517763839731e+00
-2.866814370932561307e+00
-1.909866290660907406e+00
-8.179674958984761712e-01
3.510684264800554288e-01
1.532782961610941630e+00
2.660072295783340923e+00
3.667436078830516699e+00
4.495199135183577610e+00
5.093428748687495400e+00
5.425287080471356660e+00
5.469592350447980422e+00
5.222411519618360920e+00
4.697568267737867842e+00
3.926019196221133267e+00
2.954123984622955224e+00
1.840907015247121858e+00
6.544741177501269824e-01
-5.321957260702316894e-01
-1.645821324171896194e+00
-2.617464385646904201e+00
-3.386952504555699406e+00
-3.906794801030375464e+00
-4.145334421169064143e+00
-4.088928108112003912e+00
-3.743002852412053549e+00
-3.131909506083870642e+00
-2.297568833630357243e+00
-1.296982017703185885e+00
-1.987502905788707253e-01
9.211875031659855217e-01
1.984339108806782104e+00
2.914669002809168408e+00
3.643521454232415024e+00
4.114145830298374662e+00
4.285535334295534682e+00
4.135330504687173558e+00
3.661594822079246914e+00
2.883338257158814866e+00
1.839741340790266744e+00
5.881126027996979033e-01
-7.993089773007628906e-01
-2.239522451944942816e+00
-3.643658772722692341e+00
-4.922307800284729140e+00
-5.990957278599259972e+00
-6.775213290551620027e+00
-7.215482693171965778e+00
-7.270828694558674421e+00
-6.921759254004973272e+00
-6.171771423505296283e+00
-5.047549234062642221e+00
-3.597793705015444043e+00
-1.890746052557363832e+00
-1.054412964672657438e-02
1.947377305211728027e+00
3.881574049583425889e+00
5.690257631739260802e+00
7.277005409105089306e+00
8.556180209293254180e+00
9.457741848012926056e+00
9.931169755605466776e+00
9.948269716541553009e+00
9.504705031823181827e+00
8.620169085442638490e+00
7.337197601631350707e+00
5.718699820261825550e+00
3.844363437964403385e+00
1.806153859009851148e+00
-2.968198932577965632e-01
-2.363765420701687159e+00
-4.297670321388428860e+00
-6.010449623832381683e+00
-7.427481584084044464e+00
-8.491277288839365056e+00
-9.164085718720199836e+00
-9.429303571454788369e+00
-9.291633905853098341e+00
-8.776014814603145808e+00
-7.925414026968544690e+00
-6.797652936857565109e+00
-5.461479890191570874e+00
-3.992154237779522497e+00
-2.466827213873280744e+00
-9.600117913835737316e-01
4.605788670202942692e-01
1.737574868636115877e+00
2.826671045220049194e+00
3.698380401511874638e+00
4.338739932199202620e+00
0.000000000000000000e+00
2.573942048623361956e+00
5.029640266843432350e+00
7.254989974375198436e+00
9.149818061699974692e+00
1.063100256239938091e+01
1.163663321821561425e+01
1.212898374273605739e+01
1.209613678421519367e+01
1.155218202224718738e+01
1.053599156808461856e+01
9.108659787292630483e+00
7.349771805793015034e+00
5.352731652882441793e+00
3.219433257330357456e+00
1.054592272177217405e+00
-1.039928018667542364e+00
-2.970468430585263775e+00
-4.656299697758114142e+00
-6.033461626979600645e+00
-7.057512872557266448e+00
-7.705058177997582192e+00
-7.973996588377651129e+00
-7.882513071973995977e+00
-7.466912277187705449e+00
-6.778462075884918114e+00
-5.879471894864364501e+00
-4.838873165765821938e+00
-3.727594059419272909e+00
-2.614026668302764200e+00
-1.559871818469577676e+00
-6.166157919635586460e-01
1.771533873469923748e-01
7.974416355793101374e-01
1.235475784290096080e+00
1.497253119992314918e+00
1.602076162373610835e+00
1.580201603477337402e+00
1.469789173456024667e+00
1.313380029199556542e+00
1.154162339579805518e+00
1.032292364387012107e+00
9.815319367380275217e-01
1.026438479329173203e+00
1.180303262009471332e+00
1.443980302969505303e+00
1.805685719766965569e+00
2.241779635569288054e+00
2.718474447976431119e+00
3.194348908160113965e+00
3.623491305554416009e+00
3.959050832686324739e+00
4.156946854932180635e+00
4.179473293510886478e+00
3.998540505298140424e+00
3.598319608276786763e+00
2.977092713482771824e+00
2.148164491333067971e+00
1.139752542252540746e+00
-6.157891460831566022e-03
-1.235939701919005929e+00
-2.487308387306315538e+00
-3.692984216750839543e+00
-4.784803227915232604e+00
-5.698014908250943478e+00
-6.375487980036293578e+00
-6.771547341942434350e+00
-6.855184956988200184e+00
-6.612424187070915949e+00
-6.047668521858964752e+00
-5.183928632997699459e+00
-4.061892237214513202e+00
-2.737874894652463365e+00
-1.280761893965957299e+00
2.318828518876965283e-01
1.718309721302153648e+00
3.097405819133517646e+00
4.293550407218603482e+00
5.241201139918363339e+00
5.888922325977351768e+00
6.202598229899831672e+00
6.167622728585356207e+00
5.789918523556321972e+00
5.095710768732762297e+00
4.130056959949834905e+00
2.954212434041808777e+00
1.641983970932663128e+00
2.752881577719361594e-01
-1.060817723838028748e+00
-2.283329771298458599e+00
-3.316397843211712715e+00
-4.096017196978385400e+00
-4.574019543805698973e+00
-4.721113168043981290e+00
-4.528779015625548965e+00
-4.009899193976474763e+00
-3.198071869154247793e+00
-2.145647305931287718e+00
-9.205987671219115764e-01
3.975857403613419772e-01
1.722743820108779689e+00
2.967318050507007143e+00
4.047753150839503711e+00
4.889681331987620005e+00
5.432578077243578107e+00
5.633602039360497749e+00
5.470381847617305837e+00
4.942576383866995826e+00
4.072109587956408205e+00
2.902061501397759535e+00
1.494279082473312759e+00
-7.415171767149653093e-02
-1.715361842071370102e+00
-3.335815847663951672e+00
-4.841782360767512117e+00
-6.144830029818736605e+00
-7.167019687065224964e+00
-7.845482492804006114e+00
-8.136111783475282522e+00
-8.016150785734318163e+00
-7.485525884781399242e+00
-6.566851538971576474e+00
-5.304113470868315972e+00
-3.760116456284027464e+00
-2.012856969889359693e+00
-1.510446007338148711e-01
1.730954343470938017e+00
3.538445235231161057e+00
5.181686333748007911e+00
6.580809908381011653e+00
7.670095844328963075e+00
8.401353168643243663e+00
8.746222413474651347e+00
8.697280112010236763e+00
8.267901637773068302e+00
7.490915308204087353e+00
6.416154359703597265e+00
5.107079471891309730e+00
3.636698898341365727e+00
2.083052645269152237e+00
5.245492004774016115e-01
-9.645531577843751148e-01
-2.318243470385239924e+00
-3.482189046298111990e+00
-4.416303227205363058e+00
-5.096312419056762799e+00
-5.514252284930288184e+00
-5.677893970412985603e+00
-5.609171114711356765e+00
-5.341742663042149175e+00
-4.917881008612253524e+00
-4.384916285078515941e+00
-3.791493112776753716e+00
-3.183904228671500025e+00
-2.602755795946138928e+00
-2.080192552369645842e+00
-1.637869185114794401e+00
-1.285800267359847426e+00
-1.022158410406446949e+00
-8.340231843713037385e-01
-6.990163343292019604e-01
-5.876963507215057225e-01
-4.665317239634108049e-01
-3.012308289957184027e-01
-6.018014016903094898e-02
2.822668303192825690e-01
7.428991607312616097e-01
1.327380540561542421e+00
2.028786505393937123e+00
2.827075803891154759e+00
3.689561515028235927e+00
4.572378978644188408e+00
5.422878304906371127e+00
6.182803780705109276e+00
6.792065267422557895e+00
7.192861555821338904e+00
7.333885723855649630e+00
7.174329982815916829e+00
6.687413338993424716e+00
5.863179501856913944e+00
4.710353513674362169e+00
3.257101132662374443e+00
1.550601688038359516e+00
-3.445811905557214505e-01
-2.349270504848967267e+00
-4.373454394084726360e+00
-6.320871655037109349e+00
-8.094148692018382718e+00
-9.600192357289104805e+00
-1.075552095415843112e+01
-1.149121285979191320e+01
-1.175716918446463488e+01
-1.152542278453015534e+01
-1.079227876197439073e+01
-9.579138216719787380e+00
-7.931933487811567041e+00
-5.919184805827816476e+00
-3.628770206878812132e+00
-1.163577708623044771e+00
1.363723631675473058e+00
