6.205235538103703874e-02
-7.057552865978538037e-01
-1.554387826154658647e+00
-2.450943983565158746e+00
-3.350133915581147814e+00
-4.197426121427872303e+00
-4.933434092327818377e+00
-5.499146323995320884e+00
-5.841508119895322260e+00
-5.918814629850037257e+00
-5.705377058922987743e+00
-5.194978415403338268e+00
-4.402737139277256517e+00
-3.365137552163260715e+00
-2.138152662563807205e+00
-7.935622227537617590e-01
5.862593686290296091e-01
1.914660833808899287e+00
3.107599245879800520e+00
4.090488195591419185e+00
4.804392492438063655e+00
5.210997703674372872e+00
5.295881100531256713e+00
5.069754421236858377e+00
4.567525982924040662e+00
3.845224531808900004e+00
2.975022372519123159e+00
2.038772980661994083e+00
1.120621957549948089e+00
2.993460887545214000e-01
-3.588862616371505387e-01
-8.066638272877809657e-01
-1.019805502361260441e+00
-9.997129172127392494e-01
-7.733409313214956171e-01
-3.907356288567580549e-01
7.968989387362146459e-02
5.577610426899566320e-01
9.594662204292050411e-01
1.205502682545975812e+00
1.229670118733396489e+00
9.863297792827903088e-01
4.562082658375593569e-01
-3.500474946673897136e-01
-1.390973745803949946e+00
-2.596236118693348693e+00
-3.871354690364519513e+00
-5.104894401540070348e+00
-6.177578145682701916e+00
-6.972591607846512218e+00
-7.386219142536399218e+00
-7.337891418198855042e+00
-6.778745116013604743e+00
-5.697892941525195099e+00
-4.125772116807150169e+00
-2.134168557575518488e+00
1.672160685577379624e-01
2.637498338859507907e+00
5.114208490674157837e+00
7.425053576079259088e+00
9.400952398804594878e+00
1.088931406226710585e+01
1.176648254593183118e+01
1.194830911053983336e+01
1.139794112931198811e+01
1.013012138183252908e+01
8.211560382726482032e+00
5.757254819098213794e+00
2.922952611711398863e+00
-1.057173904890342797e-01
-3.126652042571452572e+00
-5.936197177837487793e+00
-8.344426863234293279e+00
-1.018956962959709855e+01
-1.135042242157167891e+01
-1.175573826650249565e+01
-1.138980386939394762e+01
-1.029372076612883724e+01
-8.562244766886886183e+00
-6.336395728815947592e+00
-3.792394051360877594e+00
-1.127783235892666269e+00
1.454165984621405006e+00
3.760525223055620092e+00
5.623957947891087272e+00
6.915911365447739101e+00
7.556671072253434041e+00
7.521446625899683269e+00
6.841974253810641393e+00
5.603485849502416904e+00
3.937271790742363997e+00
2.009427997810927291e+00
6.695067448316827097e-03
-1.879457222816371065e+00
-3.469194046083990290e+00
-4.609775705526189427e+00
-5.188825511007581603e+00
-5.144287713684901675e+00
-4.470221893302014138e+00
-3.217916613790719804e+00
-1.492186915766955169e+00
5.568836943464476885e-01
2.746118081313272619e+00
4.874369696985766609e+00
6.739376569643553694e+00
8.154971193168556454e+00
8.967229468197405851e+00
9.068214542386218824e+00
8.406154691111916932e+00
6.991174113566954951e+00
4.896049548068784674e+00
2.251865572543840344e+00
-7.611449413485411597e-01
-3.926895112105282415e+00
-7.009851455973384660e+00
-9.773271534560628027e+00
-1.199782964372823812e+01
-1.349914451422430162e+01
-1.414279884935884013e+01
-1.385563055688221645e+01
-1.263236493311964637e+01
-1.053702289257146596e+01
-7.698953384074686213e+00
-4.303765245711167253e+00
-5.798405334875885719e-01
3.218535026725182213e+00
6.830116983957228882e+00
1.000624703453629039e+01
1.252947190299879665e+01
1.422978161475303516e+01
1.499719997676366923e+01
1.478974863828580766e+01
1.363617260230537198e+01
1.163323002821213237e+01
8.937779236124661963e+00
5.754306431601844629e+00
2.318895868747147926e+00
-1.119078702934121150e+00
-4.316088466453286365e+00
-7.052899811668424945e+00
-9.150894254092452940e+00
-1.048499104717410191e+01
-1.099218530995003640e+01
-1.067507180701408842e+01
-9.600130209302029982e+00
-7.890968769949394002e+00
-5.717125802482515340e+00
-3.279379749196970728e+00
-7.927908703412999136e-01
1.531130875344659525e+00
3.501679613205355146e+00
4.964237182606780152e+00
5.812367376341481595e+00
5.995771634431275032e+00
5.523502044903501940e+00
4.462218902226229744e+00
2.929685733567727102e+00
1.084081540033220659e+00
-8.899533203681100346e-01
-2.797361700420434527e+00
-4.449467061018949288e+00
-5.680134591036582137e+00
-6.359969072550056168e+00
-6.407392362311297163e+00
-5.795706289651377574e+00
-4.555580663116458595e+00
-2.772783194897992409e+00
-5.813574438160733493e-01
1.847175454743881673e+00
4.317695403911968377e+00
6.627301562729092765e+00
8.581779081695156464e+00
1.001137889944560833e+01
1.078463943498285005e+01
1.081914577930569266e+01
1.008837675588774729e+01
8.624111465826548084e+00
6.514227938408621021e+00
3.896097579194476523e+00
9.461300418848628269e-01
-2.133674291580882620e+00
-5.131076840921940274e+00
-7.839630963890831694e+00
-1.007412270592436876e+01
-1.168421795854900402e+01
-1.256527056517848884e+01
-1.266548644595083140e+01
-1.198894048955284930e+01
-1.059428042856711549e+01
-8.589297263285807560e+00
-6.121866880223283403e+00
-3.368046260257966829e+00
-5.183182170521440923e-01
2.236894988083969693e+00
4.721295323934301180e+00
6.785256574624783710e+00
8.315910101672139731e+00
9.244044140415748956e+00
9.547366937708373413e+00
9.249989194555404026e+00
0.000000000000000000e+00
1.269819739025539107e+01
-1.372336938246168181e+01
8.076541356955667439e+00
-8.772212584015310455e+00
1.635086795197350895e+01
-1.812473357116068584e+01
8.283139747099660610e+00
2.171786191945066946e+00
-1.159216884998189201e+00
-6.963745067537047362e+00
8.759495435867012958e+00
-2.489222917772491606e+00
3.745923827112303539e-01
-8.968386576875229110e+00
1.798386660728130693e+01
-1.500275638321394922e+01
3.740223867935741353e+00
1.980339172030359585e+00
8.000704248189705048e-01
-4.206786735059555582e-01
-1.033401107503746985e+01
2.187415643840254731e+01
-2.140751678007043424e+01
1.185993295837171502e+01
-7.212154015658896355e+00
1.144202271597399090e+01
-1.330562941100607688e+01
4.761558111667453019e+00
5.522687991951459097e+00
-4.587949658616677695e+00
-5.342502804802121474e+00
1.014579507377239409e+01
-4.838382723948248199e+00
2.253959834725733913e-01
-5.195189873127809221e+00
1.212000474142142359e+01
-8.017519327409555530e+00
-5.521648784278863076e+00
1.422157602545622623e+01
-1.203572629941637118e+01
9.187958633238633155e+00
-1.526412651108039498e+01
2.358493434932356436e+01
-2.105639228895388371e+01
8.458380632267045840e+00
2.910028897112226787e-02
2.498620331456287147e+00
-6.292916850531483419e+00
9.963641777483367434e-01
7.766596721583645113e+00
-6.875745214760318191e+00
-3.732434699027756597e+00
1.011513185152974259e+01
-4.647675778430868654e+00
-3.320606870019425116e+00
2.582239398019366305e+00
2.444898945956468062e+00
1.206490272633892857e+00
-1.433571114152200998e+01
2.320104953718165319e+01
-1.938813893391042598e+01
1.168573902112175134e+01
-1.196810353476975308e+01
1.690430932091560123e+01
-1.359623934043339943e+01
3.718218347035655569e-01
9.416039432571025714e+00
-6.691384669651005979e+00
-3.181919951237572874e-01
-8.606884597414321547e-01
7.937615097592788160e+00
-8.037478823553358964e+00
-1.519353673663752069e+00
7.995781895722318566e+00
-1.864990125466945869e+00
-9.087739563700672818e+00
1.170783869655289777e+01
-7.110570201699597526e+00
7.978549306392885399e+00
-1.788914552790192403e+01
2.468899587280016306e+01
-1.835030942788717212e+01
6.077613114605184386e+00
-1.540528226168504711e+00
4.707879189123053365e+00
-3.071882204580523634e+00
-7.874082870243158894e+00
1.662645161139036887e+01
-1.266334288805220432e+01
2.481705064992270504e+00
-6.289697063186050485e-02
6.288625856160556360e+00
-8.696011657571466102e+00
1.677913763540235692e+00
4.148355096126102204e+00
2.024628716553405816e+00
-1.430979648925402969e+01
1.838067932422268314e+01
-1.236897065581706556e+01
8.569704284483304235e+00
-1.360839333094300052e+01
1.775272848029865003e+01
-9.910872422443102181e+00
-4.714210370475741207e+00
1.155238362501802030e+01
-7.765669725620019115e+00
5.394898434570723822e+00
-1.198255139548664516e+01
1.861391489719108705e+01
-1.381036255384795375e+01
1.877764789141801227e+00
2.645640650269049488e+00
3.828601654826970346e+00
-9.382595887107033406e+00
5.432828224107129067e+00
9.058213791323543873e-02
4.536627284620225353e+00
-1.587507652576819517e+01
1.946352666283825172e+01
-1.097194314025513862e+01
2.137724156068352421e+00
-2.547752799852120109e+00
5.302407707073826693e+00
1.495677669056381109e+00
-1.525814564391592398e+01
2.161309589695822808e+01
-1.541896992572268488e+01
8.047883859487761526e+00
-9.880368159488350344e+00
1.488985938606593962e+01
-1.085826603688182601e+01
-6.927899169677127489e-01
5.734672729312912054e+00
1.509593985629146040e+00
-9.979666454605172987e+00
8.489100826082202289e+00
-2.142859926005961757e+00
3.436375570954573799e+00
-1.196217189190909558e+01
1.415625123445467892e+01
-3.692733489282608694e+00
-8.673813937891335257e+00
1.094391624590246792e+01
-7.208208441562972801e+00
1.009663561054094139e+01
-2.021356805473894980e+01
2.439415380339961459e+01
-1.563598915361915331e+01
4.155952418336758214e+00
-2.517868194214084809e+00
7.478701748180655251e+00
-6.169016979892163022e+00
-3.155224694375721839e+00
7.876632051593295714e+00
-3.838392914326735905e-01
-9.708871572685293216e+00
9.391099611799027969e+00
-1.129454306405975217e+00
-1.925661237548736082e+00
-3.210035940494937901e+00
4.634034370762165622e+00
5.736393167154741235e+00
-1.883893095170104814e+01
2.118041356381052864e+01
-1.433088632930658335e+01
1.153486101201320224e+01
-1.686169886763254055e+01
1.902574420257108301e+01
-9.349571546210258433e+00
-3.857065404373828166e+00
6.819667593438699882e+00
-3.051073095606113839e-01
-2.357662277301567855e+00
-3.967924314446806822e+00
8.617444436738320945e+00
-2.265478012714274403e+00
-7.699382929250273122e+00
7.435002958952896535e+00
2.947064090926773794e+00
-9.953067487662767832e+00
7.272461853110055330e+00
-4.779548923412873407e+00
1.229609319432875125e+01
-2.328819104301819465e+01
2.380830974412624101e+01
-1.320024981513185658e+01
4.937720419717687825e+00
-6.352128074632223509e+00
8.290882106627783799e+00
-3.863038859216159082e-01
-1.177853130683030791e+01
1.423871997535860778e+01
-5.543185212457636624e+00
-1.001408710486287656e+00
-2.794325312583061383e+00
8.382368233718676009e+00
-4.719016226778418144e+00
-3.773667236966610439e+00
3.353159813392604605e+00
-6.389578826703021797e+00
-5.030359160929753770e+00
-3.348440610873443468e+00
-1.453542741930380799e+00
5.311781056295128423e-01
2.478663627661195079e+00
4.267511985065270075e+00
5.790781680806193599e+00
6.963349403973516871e+00
7.727273377742911009e+00
8.054799358193083236e+00
7.948857517282031715e+00
7.441116067485601171e+00
6.587862575003276433e+00
5.464158926567556307e+00
4.156846368648384527e+00
2.757052691524865651e+00
1.352869324936131878e+00
2.282212119125226479e-02
-1.169338495203423367e+00
-2.178144248371481240e+00
-2.978000586230749036e+00
-3.562836301889699797e+00
-3.943965824206522530e+00
-4.146479916761733442e+00
-4.204606972569283840e+00
-4.156567969423295317e+00
-4.039476946460499818e+00
-3.884813986746690873e+00
-3.714922554527383625e+00
-3.540865674853670875e+00
-3.361827724505381365e+00
-3.166085089514774076e+00
-2.933405523308609819e+00
-2.638588439024958543e+00
-2.255740701326959918e+00
-1.762805939515006415e+00
-1.145837231187825545e+00
-4.025258434851908262e-01
4.554296350894810885e-01
1.401415817063645264e+00
2.394615962609448090e+00
3.382335502178420494e+00
4.303772837828839570e+00
5.094916619862694063e+00
5.694129198168157657e+00
6.047894952928841050e+00
6.116180005622339877e+00
5.876870183826620853e+00
5.328825955676842696e+00
4.493210421609388661e+00
3.412899080660993789e+00
2.149954277008534476e+00
7.813270790372754959e-01
-6.068818150339558848e-01
-1.926128616087578571e+00
-3.092525541462013194e+00
-4.033706960762849292e+00
-4.694842852066726913e+00
-5.043242584385040139e+00
-5.071107159586103030e+00
-4.796146044885236215e+00
-4.259962044096676337e+00
-3.524307816986161690e+00
-2.665512716665515924e+00
-1.767550758604598649e+00
-9.143536829281577738e-01
-1.820543617154708471e-01
3.681331989055851017e-01
6.957334761454998517e-01
7.849683361827231032e-01
6.464513474883766264e-01
3.164101645916312933e-01
-1.465504718922741034e-01
-6.669085325702646116e-01
-1.159462462028513663e+00
-1.537728591702160141e+00
-1.722757448418783977e+00
-1.651568915190175790e+00
-1.284416841175960666e+00
-6.101750180612001140e-01
3.507170226867433183e-01
1.546109503681363240e+00
2.894922271830803862e+00
4.292716469632028797e+00
5.619674085207043035e+00
6.750376488122602936e+00
7.564594726893737686e+00
7.958189341462883704e+00
7.853177289553912033e+00
7.206063649311698072e+00
6.013654596951200304e+00
4.315757517665414156e+00
2.194419511884611929e+00
-2.303625811873457607e-01
-2.808232325161356346e+00
-5.368851889371612174e+00
-7.734308124461864331e+00
-9.732595702118803871e+00
-1.121111069612110001e+01
-1.204905834083419336e+01
-1.216773956165564563e+01
-1.153782902547419909e+01
-1.018298231367535323e+01
-8.179394158532296899e+00
-5.651251003852160615e+00
-2.762353468884788832e+00
2.954997311541349703e-01
3.316501655770977663e+00
6.096128922708375697e+00
8.446540642154729994e+00
1.021086255036543022e+01
1.127520658161388312e+01
1.157744319066860683e+01
1.111199328099620232e+01
9.930219204778310882e+00
8.136345111701933419e+00
5.879197596729124342e+00
3.340398634056864768e+00
7.199359572020105347e-01
-1.779743250549269185e+00
-3.969840157776547418e+00
-5.690211993384363787e+00
-6.822057846030681993e+00
-7.297241162025546402e+00
-7.103474775712767197e+00
-6.284927200493941157e+00
-4.938180726153775346e+00
-3.203852411933005406e+00
-1.254547146178613293e+00
7.198820532869509847e-01
2.528562984550079662e+00
3.995987675757952662e+00
4.977192889954568322e+00
5.370469146228669111e+00
5.126523493497653128e+00
4.253305008463482473e+00
2.816053057491425538e+00
9.325184658641962887e-01
-1.236294840204166690e+00
-3.499147966653501918e+00
-5.650308975773293163e+00
-7.486748690277364560e+00
-8.825388630343187657e+00
-9.518981150118326795e+00
-9.469299630780021459e+00
-8.636523206237711747e+00
-7.043999848724258328e+00
-4.777939948087491118e+00
-1.982000226858810832e+00
1.152868000404369209e+00
4.402545247581850951e+00
7.526755836508767672e+00
1.028763399004668067e+01
1.246837623530836581e+01
1.389049354589812957e+01
1.442827759229841966e+01
1.401930852229645552e+01
1.267014013451248289e+01
1.045667761748412161e+01
7.519182860753328868e+00
4.052268988682953932e+00
2.906448706568210971e-01
-3.508290275595122409e+00
-7.083649873048534218e+00
-1.019056363824135047e+01
-1.261845968436070287e+01
-1.420669901690438586e+01
-1.485634626326678642e+01
-1.453716723475756822e+01
-1.328932283367873524e+01
-1.121964937894341219e+01
-8.492843790888146671e+00
-5.318273827232498974e+00
-1.933476486242232451e+00
1.414335601191859304e+00
4.487289840324970136e+00
7.074889590780946591e+00
9.009657023990524038e+00
1.017917082996962286e+01
1.053358389201184941e+01
1.008807481426254071e+01
8.920097394024589121e+00
7.161710441588933662e+00
4.987662932213837053e+00
2.600244749736344119e+00
2.121644842153266319e-01
-1.971136921148440857e+00
-3.768295670687420884e+00
-5.036601518145751299e+00
-5.683178869930869404e+00
-5.671897214703383483e+00
-5.025491154848735320e+00
-3.822765394488599977e+00
-2.191162133903571174e+00
-2.953446660866934081e-01
1.677228875822676546e+00
3.532529363777629605e+00
5.086628194058772756e+00
6.181440005025615747e+00
8.067812080516372220e+00
-1.728686935207796793e+01
1.519217366648232570e+01
-9.599150769007946948e+00
1.209733657961120912e+01
-1.937341708273030960e+01
1.789948336309710442e+01
-4.888214874863886727e+00
-6.693992797008227136e+00
6.908880848367095595e+00
-2.825896238565611007e+00
6.510368822983934933e+00
-1.571398191696281721e+01
1.708138316707837845e+01
-6.988008800484409200e+00
-2.081718778521546298e+00
-3.879533916617718958e-01
7.906147141376845155e+00
-7.803468692608872992e+00
1.092707157747388358e+00
-7.659091646473670245e-01
1.117524036873518511e+01
-2.031588906476477518e+01
1.710409719045704691e+01
-7.392062771400459198e+00
4.369073507595055084e+00
-8.242749686279836396e+00
6.431899470970799726e+00
6.126438245904474833e+00
-1.794905831457923640e+01
1.739160542174413138e+01
-9.555298267165310833e+00
7.960614646676342332e+00
-1.387159632954299404e+01
1.498667482492973768e+01
-5.349360237048684574e+00
-4.339910781752675639e+00
2.119849304035726689e+00
7.528663647167201489e+00
-1.070465895132385903e+01
5.022052090322932649e+00
-2.410872027850770927e+00
9.691092867625613394e+00
-1.701647329805977904e+01
1.219750101279569776e+01
8.916560673740354659e-01
-7.999241218463546410e+00
5.586263012450308096e+00
-5.099741118767316728e+00
1.411670108980674954e+01
-2.359201168629172685e+01
2.103459647265911414e+01
-9.530116603914674300e+00
3.425150755191029628e+00
-7.195622130228360724e+00
9.737912286970640707e+00
-2.580117001973967206e+00
-6.216832312578225661e+00
4.014789071141038335e+00
6.859187542037979313e+00
-1.203498244804361583e+01
6.161975556058829184e+00
-1.453238348600827123e-02
3.001469034436904160e+00
-8.173061021909035162e+00
2.892092803134526768e+00
1.119969150555331616e+01
-1.969246720614250634e+01
1.629340583156409394e+01
-1.128710234854036898e+01
1.484495463014363281e+01
-2.101151848816092027e+01
1.704345786547785480e+01
-3.712984527288079484e+00
-4.770690169815184234e+00
1.352267789937271480e+00
4.109924001952945716e+00
-6.649304973589593715e-01
-6.768702552328599964e+00
5.365941123491155373e+00
5.055007072813438640e+00
-1.066652291059781632e+01
3.814770800103609361e+00
5.981569439946184730e+00
-6.915849266772307935e+00
2.726814996444477224e+00
-6.149669685073364533e+00
1.821487094360208303e+01
-2.543707168700417398e+01
1.948654880238422749e+01
-9.370180287433406363e+00
7.556423189092043913e+00
-1.136334258756015458e+01
8.072792649885391469e+00
4.303250612349512672e+00
-1.276635347317230895e+01
8.384777850065844973e+00
4.085425735220864496e-01
-6.142614549266889323e-01
-6.039498774686768101e+00
6.763810491287052251e+00
1.545035321852654242e+00
-6.609276596479348065e+00
-9.003063129975013013e-01
1.302184156426672956e+01
-1.616452355073146663e+01
1.098851659502707179e+01
-1.019745816144432737e+01
1.790586566123678125e+01
-2.252473417870937666e+01
1.427758589422304247e+01
-5.209413704839318537e-01
-4.717713256106153885e+00
1.098484442820555351e+00
-1.218910021539951316e+00
1.018353918405346370e+01
-1.709876978480779997e+01
1.168906379454609912e+01
-5.266517430665370592e-01
-2.168464621145242965e+00
-4.748036526501745236e+00
8.650547084034887035e+00
-3.287873292217291521e+00
-1.351140971075481367e+00
-5.331648949206059918e+00
1.748272777964042390e+01
-2.068512623514045856e+01
1.293865267075647374e+01
-6.787333974113466617e+00
9.553222181908392230e+00
-1.215691973059432840e+01
3.690995885953165967e+00
1.076233154174458306e+01
-1.665904251558859528e+01
1.111856689171784041e+01
-6.466694678157057119e+00
1.094076567166182201e+01
-1.625426918170533241e+01
1.105240198495082282e+01
5.850622875667248479e-01
-4.262746236203435402e+00
-3.578555007683032585e+00
1.073355012936396236e+01
-7.970079420332561781e+00
2.661641802169720794e+00
-6.510497311693305811e+00
1.644090113672302067e+01
-1.827478506194525210e+01
7.799312265483133721e+00
2.948197099843058666e+00
-3.770337774746069126e+00
1.068913499530372402e+00
-6.798267633590874048e+00
1.883804054833492359e+01
-2.320023198856464575e+01
1.490699077301415088e+01
-5.603696512982628164e+00
6.211967266600433746e+00
-1.112819269417365931e+01
8.002878180329322078e+00
2.189861102354587530e+00
-5.865854164167925155e+00
-2.591415408713253932e+00
1.192946179173566890e+01
-1.054355622245715551e+01
3.235655292036340391e+00
-2.738644817352188454e+00
9.290583627522515542e+00
-9.842700225911981349e+00
-1.766817444102937618e+00
1.466562403465250064e+01
-1.654891797468938819e+01
1.130734989323878459e+01
-1.188845331677120498e+01
1.960862568881942281e+01
-2.185923818958845999e+01
1.178443284456245088e+01
3.639836369730851118e-01
-1.822901086322810116e+00
-4.286674281199630343e+00
4.741152128498243634e+00
2.924924382760815789e+00
-6.629684872646620875e+00
-1.167357622023375230e+00
1.094967574698860702e+01
-9.652208934334334245e+00
-2.779345869245908318e-01
5.289783439311315227e+00
-1.669056369043014243e+00
8.074012702408088771e-01
-1.079323202341318932e+01
2.279034402157281036e+01
-2.338613052145755233e+01
1.421944830210760813e+01
-8.964441684570623181e+00
1.241406898947182214e+01
-1.376430368318115072e+01
4.267105158944995758e+00
8.093592807086393393e+00
-9.715765086539850159e+00
5.973158401178316756e-01
-1.988093360336294246e+00
-4.656502462459562786e+00
-7.213219835006632330e+00
-9.462329515271203917e+00
-1.122219227861786095e+01
-1.234026866708465064e+01
-1.270604596609477710e+01
-1.226098091470266738e+01
-1.100459123164028696e+01
-8.996125035007398907e+00
-6.351584721467993688e+00
-3.236253082432093198e+00
1.467657190827362790e-01
3.571149155408293474e+00
6.803997285488492253e+00
9.623226807068419930e+00
1.183435627043290950e+01
1.328535258931692553e+01
1.387834883048919465e+01
1.357728064376476240e+01
1.241080529228417362e+01
1.047023809194805288e+01
7.902636542099664041e+00
4.899550631192521877e+00
1.682307163962027730e+00
-1.515022167662816610e+00
-4.463628218119652047e+00
-6.957522508549803142e+00
-8.829251619179965260e+00
-9.962516531306391698e+00
-1.030069039993780500e+01
-9.850555417932550739e+00
-8.680962829978900785e+00
-6.916528889568954952e+00
-4.726880522770446014e+00
-2.312325042740914327e+00
1.128910320631328901e-01
2.338372074587587779e+00
4.174963590049341811e+00
5.470324618256532823e+00
6.121410554250608094e+00
6.082844782765921998e+00
5.370491490749156327e+00
4.059932847013660862e+00
2.279969722145017030e+00
2.016724213253573983e-01
-1.976126713205322627e+00
-4.043713406032598101e+00
-5.798361204049362172e+00
-7.061722488584512902e+00
-7.695306534096385320e+00
-7.612761618260554641e+00
-6.787934393025585322e+00
-5.258020300836984795e+00
-3.121516233430168263e+00
-5.311086753643734504e-01
2.317957011416812207e+00
5.203111248683341294e+00
7.892087892888779876e+00
1.016153522919170094e+01
1.181511556920237815e+01
1.269963425080213781e+01
1.271789224875321267e+01
1.183721556643778783e+01
1.009295821153224892e+01
7.586676124814349720e+00
4.479094597954537349e+00
9.784071846880444401e-01
-2.675183594322812830e+00
-6.227474263133595755e+00
-9.429405515259528414e+00
-1.205584388294716724e+01
-1.392253045642328146e+01
-1.489987544655850193e+01
-1.492253060402755338e+01
-1.399400894750544921e+01
-1.218601548190172323e+01
-9.632571706360097963e+00
-6.519426959954325085e+00
-3.069618154186451342e+00
4.736631347640275491e-01
3.865534318365686950e+00
6.877761525257837683e+00
9.315544771862981577e+00
1.103145594193194867e+01
1.193547689830210423e+01
1.200040678352451096e+01
1.126228444796695882e+01
9.815873100916411076e+00
7.805647136770621053e+00
5.413074030506983547e+00
2.841269136015350583e+00
2.982958520748886233e-01
-2.019526812554418349e+00
-3.942968813549266649e+00
-5.342675003559386404e+00
-6.138407638357021412e+00
-6.304063474490225083e+00
-5.868137524893707990e+00
-4.909681376964879718e+00
-3.550170700946979174e+00
-1.942024378264872286e+00
-2.547802800922904787e-01
1.339890510880926255e+00
2.683071681252629404e+00
3.642159231049362234e+00
4.121983396509478759e+00
4.072606202216594085e+00
3.493192391256929596e+00
2.431683605266705239e+00
9.803555554934497707e-01
-7.323234423733273601e-01
-2.552814489587745150e+00
-4.315655942849213389e+00
-5.857527336129482620e+00
-7.031057964769704682e+00
-7.717244129903835237e+00
-7.835467310950614994e+00
-7.350314802570325767e+00
-6.274676255218707865e+00
-4.668900825406117505e+00
-2.636124092212447145e+00
-3.141846475799923155e-01
2.135178028771486325e+00
4.538941878346642866e+00
6.726200460873750231e+00
8.541257869770246813e+00
9.855379604046737185e+00
1.057628528631670051e+01
1.065466808633393114e+01
1.008727928727812717e+01
8.916402695485903251e+00
7.225838308193314852e+00
5.133793332735652193e+00
2.783318609472135385e+00
3.311107103697352727e-01
-2.064389360996332190e+00
-4.254638424902017491e+00
-6.111460308602766567e+00
-7.535550361746094161e+00
-8.462408159367223348e+00
-8.865320767410240776e+00
-8.755273166695518583e+00
-8.177919362731850939e+00
-7.207985637299489490e+00
-5.941676729593148742e+00
-4.487800623322249827e+00
-2.958407238803896000e+00
-1.459745709106083478e+00
-8.428523073019489331e-02
1.095577183993557302e+00
2.031670087598710595e+00
2.701814920629717953e+00
3.109179476213582483e+00
3.279404090009213846e+00
3.255877808519808347e+00
3.093692558904966639e+00
2.852901930290008714e+00
2.591750198376964853e+00
2.360514758566119919e+00
2.196524778169523184e+00
2.120789335891682725e+00
2.136502518231269576e+00
2.229506820505215536e+00
2.370607210087792627e+00
2.519453736872792504e+00
2.629566373812996183e+00
2.653974563431386713e+00
2.550894325708313204e+00
2.288871486638157648e+00
1.850879225239091319e+00
1.236965383640017624e+00
4.651892122810381558e-01
-4.292454814102524274e-01
-1.396579337478169647e+00
-2.376561899384058041e+00
-3.303604171962713387e+00
-4.112528881809105030e+00
-4.744371993092636686e+00
-5.151684967607289778e+00
-5.302835299155427506e+00
-5.184898274952340458e+00
-4.804866604914439066e+00
-4.189063861242702913e+00
-3.380817573631891726e+00
-2.436612348599742184e+00
-1.421087052627016067e+00
-4.013493856303691487e-01
5.588542653320991427e-01
1.404562146007799051e+00
2.094100779296830694e+00
2.602243693608526698e+00
2.921728486496879995e+00
3.062992953219469072e+00
3.052162791546774834e+00
2.927493349688847779e+00
2.734619920491858203e+00
2.521090634699949540e+00
2.330731388403711524e+00
1.468252571663236417e+00
2.924375423391703421e+00
2.327873569821634181e+00
-6.957844415749317335e+00
1.464830031133739219e+00
7.211139974891719540e+00
-5.500761953673600324e+00
-6.353007118282915755e+00
1.450776616195670243e+01
-1.208635173632468351e+01
8.663299486475331435e+00
-1.434553636135307997e+01
2.316874725744849073e+01
-2.155423641166674287e+01
9.003584261187093318e+00
7.062835846703147125e-01
2.466271137186630824e-01
-2.937404922564859078e+00
-3.354549682371338548e+00
1.368173738505577219e+01
-1.448335807258392727e+01
4.432634289434354002e+00
2.959773712836123227e+00
8.680809643456610658e-01
-7.499505410502422365e+00
5.466032551950780416e+00
1.499183724067330026e+00
-7.043818304554205767e-02
-1.177531221781837978e+01
2.075769340750012049e+01
-1.753347324380018080e+01
9.898598591277441017e+00
-9.946135642808602739e+00
1.510772770791947295e+01
-1.229054980106825212e+01
-1.275025788262669657e+00
1.264713139735270531e+01
-1.176288352680925087e+01
5.738070949739945803e+00
-7.164906893253441211e+00
1.453843878865058770e+01
-1.490618575626991138e+01
4.578225124781459598e+00
4.107879030071403648e+00
-6.206405380417869821e-01
-8.452912435116690659e+00
9.924992253276872844e+00
-4.107386910142479586e+00
3.662296320160969731e+00
-1.312512659560712081e+01
2.078747887038229791e+01
-1.567862676903713748e+01
3.809598872433765493e+00
1.112349815049424429e+00
1.788091884059682002e+00
-2.035658736257928147e-01
-1.120163161398153662e+01
2.135214994156872947e+01
-1.880142312220066003e+01
8.825922109444853447e+00
-5.419814259279414514e+00
1.044740822057662832e+01
-1.180831776891669094e+01
3.188172748482221763e+00
5.208657354101565495e+00
-1.666076134554141497e+00
-9.190405617299251873e+00
1.308220834451496017e+01
-7.139862265296128996e+00
3.204659450012945054e+00
-8.566570890148872408e+00
1.398019261870766883e+01
-7.559410521804400318e+00
-6.698940609321176964e+00
1.425200346872672696e+01
-1.117949015018640502e+01
8.928016263440047950e+00
-1.562341006949964495e+01
2.288915705138671797e+01
-1.856249310369362604e+01
5.805653826030746423e+00
8.414457908174775014e-01
3.381858866863975521e+00
-7.309433806405843725e+00
1.885695387952542212e+00
5.509239108369183846e+00
-2.531885594966648778e+00
-8.515386774254018576e+00
1.321465499799222343e+01
-6.063665082245106142e+00
-2.015509722311618290e+00
9.865704909595853778e-01
2.895264542710040079e+00
2.744958226106652077e+00
-1.638624219123012082e+01
2.370621793075183348e+01
-1.837771711232741012e+01
1.089688192283602319e+01
-1.208280108140795228e+01
1.666982621033250922e+01
-1.213912185707317448e+01
-9.423478723199689711e-01
8.559882744013048494e+00
-3.697872040060397936e+00
-3.566101039952305207e+00
1.677035148654820507e+00
5.068916016855377293e+00
-3.980883184974635114e+00
-5.450530078367364695e+00
9.722372127962319865e+00
-1.304278522018504027e+00
-1.006008323320760489e+01
1.201353855246373570e+01
-7.750689991178985494e+00
9.968082036019419334e+00
-2.014357477775833871e+01
2.523897272317044482e+01
-1.712280609594342451e+01
5.025467464703014642e+00
-1.911137070738968102e+00
5.574532004744011005e+00
-3.268483951747585436e+00
-7.517497721942910438e+00
1.429826225889262048e+01
-8.353694749818227905e+00
-1.722255884567144735e+00
2.544296941891359687e+00
4.526691873845303249e+00
-6.581824821459084873e+00
-8.443755815178377588e-02
3.763991849714432902e+00
4.665195981864163954e+00
-1.716425268200667986e+01
1.988756226607925726e+01
-1.325385833638570254e+01
1.018560808465023015e+01
-1.547937038125002296e+01
1.817194987183754051e+01
-8.694671171921273256e+00
-5.589037620992313826e+00
1.050333482258558604e+01
-5.555274893089944932e+00
3.609476067528202492e+00
-1.047327018850067049e+01
1.587541604543287121e+01
-9.697664667839582364e+00
-1.588535754547327983e+00
3.742850991156565499e+00
4.440209897633582870e+00
-1.003471709236384335e+01
6.095407020218785554e+00
-2.027916067748528839e+00
8.357759344953585412e+00
-1.946860022889434561e+01
2.107347782078319653e+01
-1.121828400017839478e+01
2.789404698466796617e+00
-3.800406082939574048e+00
5.726615248723947005e+00
2.330286709363787345e+00
-1.562883496147172835e+01
1.986326961667202795e+01
-1.225799196165172766e+01
5.472014855166203340e+00
-8.383872510621932506e+00
1.319760391519290010e+01
-8.487180684454450841e+00
-2.108529421705349627e+00
4.519863395891674074e+00
4.683045813321652595e+00
-1.301525803405412596e+01
1.070207340246701655e+01
-4.734737400392321049e+00
7.000823104347704273e+00
-1.498829244133703398e+01
1.494716333622563731e+01
-2.829144320196560258e+00
-9.092764819994449965e+00
1.016494729561158117e+01
-6.494932555299866017e+00
1.030519848942403982e+01
-2.012226508402292069e+01
2.244720682134868284e+01
-1.246516652944795034e+01
1.985662729112193992e+00
-2.286338411018998151e+00
7.974718972806435602e+00
-6.376114945755157137e+00
-2.222304547823688026e+00
4.733711042953405723e+00
4.351956739760749926e+00
-1.374185999724064011e+01
1.162053333964872692e+01
-2.695223618075924144e+00
1.003673898022388045e-01
-4.809492099480488392e+00
4.283859096513648268e+00
7.582269429272832539e+00
-1.998951627225230254e+01
2.055165111092818364e+01
-1.836732345924354526e+00
-3.827987544224295657e+00
-5.306863108322277256e+00
-6.157807743630809405e+00
-6.321480638051129475e+00
-5.799395111924312118e+00
-4.653506189897921530e+00
-3.000771768226187852e+00
-1.003128064887983228e+00
1.146303797910038558e+00
3.239652693897085101e+00
5.072027090796838777e+00
6.459082440654503543e+00
7.252977890968491437e+00
7.355400463688743784e+00
6.726569642297427265e+00
5.389459422843285274e+00
3.428862149734507536e+00
9.853374995380348444e-01
-1.755493223332515784e+00
-4.577466652371522393e+00
-7.251056443346858060e+00
-9.551836755470041851e+00
-1.127874504774117881e+01
-1.227066906314952277e+01
-1.242001210413645040e+01
-1.168212888838504426e+01
-1.007985224804442126e+01
-7.702722246320417021e+00
-4.700952349950464182e+00
-1.274587970092294631e+00
2.341302961206753963e+00
5.894250633964290387e+00
9.133434152963243235e+00
1.182866777481887688e+01
1.378783389176286178e+01
1.487139898224285162e+01
1.500288223883809380e+01
1.417446957161181231e+01
1.244735193103551296e+01
9.946785149105631163e+00
6.852285052531806642e+00
3.383753035503575646e+00
-2.153568365029910892e-01
-3.696492766526080942e+00
-6.824628494378176313e+00
-9.395600658239837699e+00
-1.125082148502343138e+01
-1.228824936205151630e+01
-1.246880837984219070e+01
-1.181781815216649534e+01
-1.042139678200840791e+01
-8.418200124039655563e+00
-5.987227244961886186e+00
-3.332725947107251230e+00
-6.674494940447327496e-01
1.804370391626923142e+00
3.902966702828633672e+00
5.486636872490574746e+00
6.461947783173735083e+00
6.789785517729523434e+00
6.486837812615691590e+00
5.622474441748228635e+00
4.311365731257499334e+00
2.702521559906401194e+00
9.657150343122242742e-01
-7.235457167053489513e-01
-2.199232756875746375e+00
-3.318939158555441082e+00
-3.975790756810016369e+00
-4.107174146595395037e+00
-3.699601839556371452e+00
-2.789363176995685922e+00
-1.458961784222211566e+00
1.703121828741505084e-01
1.949012482884884712e+00
3.712451731666851273e+00
5.294805801943439860e+00
6.543228117228449214e+00
7.330807799375637757e+00
7.567314763305108549e+00
7.206869325106621815e+00
6.251936535512947479e+00
4.753353722979438700e+00
2.806427637857341395e+00
5.434578921113146777e-01
-1.876670128593041831e+00
-4.280950079163487132e+00
-6.495749624788146548e+00
-8.360239619216240925e+00
-9.738683784082606820e+00
-1.053062470179399668e+01
-1.067818823941065709e+01
-1.016997493923371110e+01
-9.041292082485322013e+00
-7.370779860249308868e+00
-5.273774404205942901e+00
-2.893005696070989785e+00
-3.874292209137824017e-01
2.079878793718446417e+00
4.353780930417777029e+00
6.298141254295133606e+00
7.805046771781208648e+00
8.801517343798316517e+00
9.253258303098732540e+00
9.165265209520699230e+00
8.579353853105244454e+00
7.568938455926830677e+00
6.231596381920383010e+00
4.680121293289955631e+00
3.032866144887227833e+00
1.404205999036378216e+00
-1.040920989501468163e-01
-1.409913367744616730e+00
-2.455737786544589518e+00
-3.211166841587622223e+00
-3.672942745622623573e+00
-3.862591029095248096e+00
-3.822021075888442532e+00
-3.607586521482340380e+00
-3.283224718347660609e+00
-2.913352701619024820e+00
-2.556192681308739445e+00
-2.258135101448833559e+00
-2.049629138402732309e+00
-1.942931140425014469e+00
-1.931856351918318948e+00
-1.993485729730772871e+00
-2.091595562769799077e+00
-2.181419571429116022e+00
-2.215235141952969222e+00
-2.148197412724482724e+00
-1.943832412739420867e+00
-1.578643550223799430e+00
-1.045379563199147377e+00
-3.546470958836724918e-01
4.652857835027217615e-01
1.370473116526478963e+00
2.304867936371474357e+00
3.205147081282795796e+00
4.006320778641850211e+00
4.647590778999922456e+00
5.077898935284760995e+00
5.260639112512977889e+00
5.177085958135982047e+00
4.828216548190661150e+00
4.234753582007486195e+00
3.435427198068266019e+00
2.483620773104342927e+00
1.442718437619852523e+00
3.805941907893832798e-01
-6.362370508414381121e-01
-1.548254972451209799e+00
-2.307825569080483419e+00
-2.882890185409437755e+00
-3.259108355005214896e+00
-3.440259317926561700e+00
-3.446874729781548297e+00
-3.313246194121648891e+00
-3.083109685693703472e+00
-2.804439582374020912e+00
-2.523875258058411397e+00
-2.281344038301381438e+00
-2.105431340567743170e+00
-2.009982548025187832e+00
-1.992307121330946451e+00
-2.033203691926141587e+00
-2.098849120589164396e+00
-2.144410911420580046e+00
-2.119068103503061629e+00
-1.971977412075305303e+00
-1.658613451599152189e+00
-1.146855378100289924e+00
-4.221937442371292981e-01
5.085079256706770412e-01
1.615146468055603801e+00
2.844695177423462340e+00
4.123796499350985911e+00
5.363515767231997522e+00
6.465934386307633730e+00
7.332077003998520581e+00
7.870522822692277209e+00
8.005960490289428577e+00
7.686918672119651852e+00
6.891944778178793030e+00
5.633610791486330704e+00
3.959890217259309342e+00
1.952660985205410871e+00
-2.766715213660821959e-01
-2.594189403777983571e+00
-4.852638489489834228e+00
-6.902088178573761112e+00
-8.601248200183064796e+00
-9.828532858259190874e+00
-1.049195572393426446e+01
-1.053700777162638502e+01
-9.951815589741844548e+00
-8.769083051530829565e+00
-7.064573600892869010e+00
-4.952170626164130951e+00
-1.315829307465342524e+01
1.120623977465327492e+01
-1.676687897565611962e+01
1.773339386799251471e+01
-7.249319276126533040e+00
-4.609284460257006444e+00
5.099930862247833652e+00
2.607105377604459484e+00
-4.848102622900680281e+00
-1.553613151266053594e+00
4.949666537344020512e+00
2.307220853182662346e+00
-1.101529932330705464e+01
8.255239491107726479e+00
3.416036841578690364e+00
-1.001728439755961375e+01
7.173005868005049024e+00
-5.913859438637729227e+00
1.453848562597079308e+01
-2.465498019761652415e+01
2.310829038423031534e+01
-1.169343071132837508e+01
4.493143274442719104e+00
-6.907922328523457445e+00
8.433557663709020602e+00
-3.815366533588804288e-02
-1.082218593540346241e+01
1.085817974008193687e+01
-1.079252892148836018e+00
-4.465093164971120743e+00
-5.139060993909030373e-01
5.947208050107276378e+00
-1.954678690023392562e+00
-5.140228564317808946e+00
2.129754952870981377e+00
1.063156656761937668e+01
-1.907685689532402051e+01
1.595429483114100577e+01
-1.075069068973862230e+01
1.404819436956743672e+01
-2.058331421640027159e+01
1.718492753708672183e+01
-3.441100881571907522e+00
-6.733751990645474805e+00
5.241276994159626668e+00
-9.882930847405653196e-01
5.211764992511053407e+00
-1.368724509469291206e+01
1.324719428763513029e+01
-2.574591914996272379e+00
-4.808274491327980904e+00
1.842343649662172567e-01
7.974421908980721341e+00
-7.655688045719486468e+00
1.873413522631282468e+00
-3.604047152686895128e+00
1.496512398705964664e+01
-2.281341972657244810e+01
1.778857686115826908e+01
-7.825709293277835599e+00
5.592986917339016983e+00
-9.242457962542541594e+00
5.999216652037520525e+00
7.080555976235753057e+00
-1.730481698964066695e+01
1.468604078664656498e+01
-6.509885458899152155e+00
5.919552000664403124e+00
-1.208119492515805860e+01
1.229267382964618704e+01
-2.593000273667724898e+00
-5.041074551695396977e+00
2.277623473595946635e-01
1.027734640431396329e+01
-1.280115532542114742e+01
7.077255273219208220e+00
-5.622691973834641921e+00
1.336842265932552287e+01
-1.909662714131329153e+01
1.207370006559557396e+01
1.512101932766197976e+00
-7.523836045857969168e+00
4.585397813952492463e+00
-4.937972154883828679e+00
1.439958667017499572e+01
-2.247057926333295441e+01
1.798375271687539367e+01
-6.360979732010902055e+00
1.939431790349609219e+00
-6.991078517750298538e+00
9.407472773206755789e+00
-2.330674344816321408e+00
-4.654802297395447042e+00
1.054203645927618282e-01
1.129115214344642837e+01
-1.504910249507904396e+01
8.025765311403045388e+00
-2.173620186123904396e+00
5.403708967139589703e+00
-9.143298335701999235e+00
1.779478870649758182e+00
1.270172457197671889e+01
-1.967090607699203986e+01
1.504709008731614261e+01
-1.046110668149345457e+01
1.470193613969733093e+01
-2.008529898494107613e+01
1.469935131291006769e+01
-1.614712371282482906e+00
-4.653986924267583980e+00
-7.284719195613558185e-01
6.382371257046830060e+00
-2.603625987218745941e+00
-3.878310197441090068e+00
8.921479542888324232e-01
9.478597681112219675e+00
-1.298786747041420320e+01
4.167308908884827190e+00
5.808208837474152730e+00
-6.267972990969624014e+00
2.859847007998470581e+00
-7.862473660802491437e+00
2.009093461884322451e+01
-2.552557825362499955e+01
1.796253309936282960e+01
-8.169965510883468340e+00
7.570985893054865912e+00
-1.145871326060584749e+01
7.346865413551256552e+00
4.620081893771581960e+00
-1.081499278742420422e+01
4.378491937827449831e+00
4.382973155444429558e+00
-3.402990369806398796e+00
-3.478732003966960917e+00
3.501927118497597746e+00
4.372586419638810895e+00
-7.120999613706429088e+00
-2.601054000867446092e+00
1.487387356442573960e+01
-1.693346108085242818e+01
1.162871959980575198e+01
-1.182792862419337787e+01
1.963904020397184524e+01
-2.258548604144968408e+01
1.274608565589523046e+01
5.236223598822925540e-01
-3.944577595595864850e+00
-5.401968254395290714e-01
-4.649365500910285220e-02
8.888028355417063153e+00
-1.408033035675246580e+01
7.077445244365780930e+00
3.504672891636745558e+00
-4.097666977982451719e+00
-4.093265348443377860e+00
7.866913204035247631e+00
-2.814384074500804189e+00
6.468320651770875784e-02
-8.625181518471109143e+00
2.055944979109823478e+01
-2.198773563522334129e+01
1.329040968295825564e+01
-7.748234760672952248e+00
1.089187753413606430e+01
-1.233948824769078456e+01
2.592030462719263628e+00
1.118709365297340774e+01
-1.489826301334537817e+01
8.078336920412183986e+00
-3.958902153408665470e+00
9.053012705961986484e+00
-1.362141198186956359e+01
7.534183112169761998e+00
3.052890920520815676e+00
-4.086506134789265943e+00
-5.556682539368742901e+00
1.260483561437535371e+01
-9.473230546220605675e+00
5.122425744585505036e+00
-1.020142322848645122e+01
1.954703194085596252e+01
-1.918521843480937150e+01
7.306898856016728061e+00
2.868401985904926565e+00
-2.743330521187321569e+00
4.651302123490337337e-01
-7.135535400911233062e+00
1.856075641076582983e+01
-2.082523222650345218e+01
1.131239464125602368e+01
-2.957222147888777464e+00
5.132380406658627159e+00
-1.033507522485723840e+01
6.860721598823699807e+00
2.269748009124033850e+00
-3.416410661058860931e+00
-6.722767424577014594e+00
1.549195747404423429e+01
-1.275715896780180536e+01
-1.430993760206224863e+01
-1.267099177218322659e+01
-1.023299685114876212e+01
-7.168501181218013940e+00
-3.693419463363079913e+00
-5.056820919524307456e-02
3.508708736310328646e+00
6.743377750512099311e+00
9.440543910692202445e+00
1.143089046663422081e+01
1.260055094026966316e+01
1.289852938835066709e+01
1.233914628223169530e+01
1.099938773620218768e+01
9.011441916965109655e+00
6.551085639054166521e+00
3.822906087494461147e+00
1.043581894649751263e+00
-1.575414061661218224e+00
-3.844300902043936485e+00
-5.609361196310146624e+00
-6.764083332360644185e+00
-7.256237694623946410e+00
-7.090390884986296882e+00
-6.325739267816067546e+00
-5.069524811401440623e+00
-3.466651418548484465e+00
-1.686420073294249811e+00
9.247762467873199554e-02
1.697442703650520412e+00
2.976643777539692337e+00
3.811683810898512270e+00
4.127241049725327571e+00
3.896929712277344748e+00
3.144947655908112427e+00
1.943431140613452346e+00
4.057916541686683587e-01
-1.323362597006338071e+00
-3.080844043212594308e+00
-4.698967138403823185e+00
-6.019911509747822187e+00
-6.909175665344781336e+00
-7.267019080549583343e+00
-7.036968855795608491e+00
-6.210719004019097156e+00
-4.829054089685087092e+00
-2.978758738850765031e+00
-7.858030074151756139e-01
1.594606234379954302e+00
3.990270117086200941e+00
6.225525482961144164e+00
8.134952098034780477e+00
9.576157380566900912e+00
1.044062799649135975e+01
1.066180995768404749e+01
1.021981657630052709e+01
9.142446109251174846e+00
7.502494150882361268e+00
5.411644479557481624e+00
3.011491644904835230e+00
4.624674627375604530e-01
-2.068405259529045637e+00
-4.419936085123764791e+00
-6.448382455906785715e+00
-8.037363537776453626e+00
-9.105340766362862936e+00
-9.610151567996739530e+00
-9.550337325652634490e+00
-8.963275639885608825e+00
-7.920387481220824810e+00
-6.519920343952546382e+00
-4.877990417745658114e+00
-3.118686058504845260e+00
-1.364083069119043756e+00
2.750026617310199484e-01
1.706793631449375459e+00
2.864281902253392964e+00
3.708532045787114040e+00
4.229398478053006727e+00
4.443729432705800342e+00
4.391345418854317728e+00
4.129263202572873048e+00
3.724772027162205124e+00
3.248046351854191549e+00
2.764993600604149115e+00
2.330986734137114880e+00
1.986025901182910669e+00
1.751721910463700960e+00
1.630311564525585233e+00
1.605718247509258401e+00
1.646478687272241892e+00
1.710185899856468072e+00
1.748964068501939195e+00
1.715405008521952546e+00
1.568364848596785599e+00
1.278045418420008517e+00
8.298641618065278891e-01
2.267409556413459981e-01
-5.104122443369176754e-01
-1.344037593325390523e+00
-2.222975298584073833e+00
-3.086905615446020601e+00
-3.871757605924152745e+00
-4.515563743700787391e+00
-4.964199759466029427e+00
-5.176462638475634037e+00
-5.128004728576799565e+00
-4.813752048834195385e+00
-4.248579521182689334e+00
-3.466181249854169977e+00
-2.516244549241862138e+00
-1.460196153107411465e+00
-3.659229673914332626e-01
6.980346667438177555e-01
1.668270885832459527e+00
2.491740507804562910e+00
3.129935533061354747e+00
3.561625184666830535e+00
3.783910847141619627e+00
3.811509327144285919e+00
3.674348643372264522e+00
3.413723943555714069e+00
3.077401630236137109e+00
2.714163882368590297e+00
2.368343318336431302e+00
2.074902659755045509e+00
1.855565879064643653e+00
1.716409396856922065e+00
1.647183066560311548e+00
1.622463508742837845e+00
1.604562219556870062e+00
1.547934600345150180e+00
1.404680367432060262e+00
1.130605798443484966e+00
6.912460044089880906e-01
6.722873728108169633e-02
-7.415969849965060590e-01
-1.713746398153292105e+00
-2.805731552551289365e+00
-3.953891709343361427e+00
-5.078370072192143425e+00
-6.088980922691686004e+00
-6.892523327180944293e+00
-7.400943832001198430e+00
-7.539645923228476931e+00
-7.255199400063833792e+00
-6.521723987107686860e+00
-5.345308537215042399e+00
-3.765974233152004746e+00
-1.856885984352225183e+00
2.792551599356336567e-01
2.516463485845451764e+00
4.713953823255927489e+00
6.726243229794581779e+00
8.414091553240721666e+00
9.655404881448102827e+00
1.035519960416357321e+01
1.045377478939826332e+01
9.932364479170688654e+00
8.815730572830485556e+00
7.171396631004585132e+00
5.105493981587306607e+00
2.755471625439615657e+00
2.801870653283620172e-01
-2.151876489618534727e+00
-4.375350151046855984e+00
-6.240662274718163260e+00
-7.625634717788225103e+00
-8.445033249157333444e+00
-8.657264624862325064e+00
-8.267634599259906736e+00
-7.327855609759009958e+00
-5.931797946865669857e+00
-4.207788849791088914e+00
-2.308054217161443766e+00
-3.961428529583832514e-01
1.366647867141330686e+00
2.834729336623873941e+00
3.890441435381856383e+00
4.454002368048515237e+00
4.490332175386931191e+00
4.012143293339080152e+00
3.078995563195490170e+00
1.792346702893364174e+00
2.869649838262748887e-01
-1.280619289891683721e+00
-2.745689164649471437e+00
-3.949825562110012900e+00
-4.755090523424076565e+00
-5.056705721387782404e+00
-4.793130229974399192e+00
-3.952641892956118230e+00
-2.575804506882657829e+00
-7.535363937581651683e-01
1.379142141013568246e+00
3.653244126533145231e+00
5.879065832622154986e+00
7.861511940965023371e+00
9.416267429767870567e+00
1.038549699956049466e+01
0.000000000000000000e+00
3.786665844996130126e+00
7.313728784583208409e+00
1.034097543170732614e+01
1.266545890095627058e+01
1.413647135356477591e+01
1.466645172230779082e+01
1.423699195403613693e+01
1.289949490674757016e+01
1.077046149613234149e+01
8.021809635792083171e+00
4.867018816513965618e+00
1.544220481195858863e+00
-1.702410334853504015e+00
-4.641480890822069938e+00
-7.071936444253623222e+00
-8.837970777920075349e+00
-9.840138833332227719e+00
-1.004183209141388744e+01
-9.470656005627015261e+00
-8.214661827477264922e+00
-6.413799000566903885e+00
-4.247335479214446430e+00
-1.918311223615102090e+00
3.636805840884268504e-01
2.399967348439268289e+00
4.019101725741823117e+00
5.090681606577097895e+00
5.535584404222181121e+00
5.331816867645960301e+00
4.515546359853289005e+00
3.177276629607769021e+00
1.453528003138547131e+00
-4.852536766727215678e-01
-2.449532561998975844e+00
-4.247019580367967784e+00
-5.699153982244759220e+00
-6.656371333138314306e+00
-7.010908581025582009e+00
-6.706106805509437940e+00
-5.741465336099723871e+00
-4.173052561437364361e+00
-2.109259812410452462e+00
2.977360928998873391e-01
2.864089568756494675e+00
5.388984328982808769e+00
7.670712410786688196e+00
9.522830376132478847e+00
1.078909209801943270e+01
1.135596602436355695e+01
1.116174874719527388e+01
1.020156855822621011e+01
8.527908743585477680e+00
6.246642796964300359e+00
3.508932810064065322e+00
4.996689452432852008e-01
-2.576603989493902791e+00
-5.511138262975471491e+00
-8.106583847601452675e+00
-1.019151396559475842e+01
-1.163275533045010057e+01
-1.234459511786400654e+01
-1.229420051515591084e+01
-1.150289952790712000e+01
-1.004330735878294512e+01
-8.032613449357977942e+00
-5.622643365221714262e+00
-2.987553320353908859e+00
-3.101844450122763774e-01
2.231813501176091119e+00
4.478988434040671152e+00
6.301220060200526163e+00
7.606157186213309274e+00
8.344374193624700453e+00
8.510945076937719733e+00
8.143433488536146569e+00
7.316589709069944547e+00
6.134306308385564677e+00
4.719592553934674584e+00
3.203467256004087549e+00
1.713730689340288382e+00
3.645552847370210348e-01
-7.522643229716168278e-01
-1.573728336450382015e+00
-2.069261584040378299e+00
-2.241353283992843171e+00
-2.123265818251045989e+00
-1.774121068831861159e+00
-1.271889125552000177e+00
-7.049694820420429053e-01
-1.631562560997901201e-01
2.711906839782125545e-01
5.309884567321963011e-01
5.706158909989065275e-01
3.699324746229916139e-01
-6.417187960023107429e-02
-6.987737573409629199e-01
-1.478310081112681917e+00
-2.330010301186203669e+00
-3.170835935666683980e+00
-3.915274680890723502e+00
-4.483274801902286555e+00
-4.807608391406888337e+00
-4.840017745291475215e+00
-4.555620443382809803e+00
-3.955213875592285877e+00
-3.065313404865898761e+00
-1.935962388709885129e+00
-6.365485643371959767e-01
7.499674595970153845e-01
2.133874421468928695e+00
3.425965445751802285e+00
4.544584247186841175e+00
5.421855016831347740e+00
6.008576396703887212e+00
6.277392576093664189e+00
6.224019040426125748e+00
5.866481338713247062e+00
5.242505644120221575e+00
4.405363403763091767e+00
3.418604340915986306e+00
2.350200921769514117e+00
1.266665687440165389e+00
2.276878930104473397e-01
-7.182300464830486675e-01
-1.536765767711963271e+00
-2.209172306179810530e+00
-2.732010174938458658e+00
-3.115316390731523555e+00
-3.379463975451171720e+00
-3.551091918288755700e+00
-3.658573248534600086e+00
-3.727529513905077696e+00
-3.776889829029824952e+00
-3.815932816019263818e+00
-3.842645987598290347e+00
-3.843599394993281404e+00
-3.795371916956271185e+00
-3.667404684654605340e+00
-3.426002724852277304e+00
-3.039078006120998321e+00
-2.481137462028311980e+00
-1.737977527530647714e+00
-8.105571588650790638e-01
2.824157807226725936e-01
1.503539443206121096e+00
2.797620427863261483e+00
4.094456669313943920e+00
5.313351502469730647e+00
6.369035396218022171e+00
7.178522186945887285e+00
7.668316201044414804e+00
7.781326784203478120e+00
7.482844410736439578e+00
6.764989572851700217e+00
5.649158515701767413e+00
4.186149896653356350e+00
2.453850437737544077e+00
5.525690615111615855e-01
-1.401680653393532872e+00
-3.285459435534249906e+00
-4.977099444301183340e+00
-6.366075308123759768e+00
-7.361766152684452891e+00
-7.900854341038812123e+00
-7.952701802690655519e+00
-7.522199797822702649e+00
-6.649790645434307201e+00
-5.408593789944860397e+00
-3.898813954389717118e+00
-2.239844967703354506e+00
-5.606884834086942604e-01
1.010536250095006583e+00
2.357121779649935522e+00
3.383450330844302911e+00
4.022984710169255962e+00
4.243864823809805564e+00
4.051593815497374074e+00
3.488537364010085184e+00
2.630227714361004221e+00
1.578738079296641672e+00
4.536497290295526952e-01
-6.186489712762064386e-01
-1.516434482392329475e+00
-2.133909811961681502e+00
-2.391273201864412723e+00
-2.242693395540057644e+00
-1.681452248596519983e+00
-7.417430656735221062e-01
5.031109830466664601e-01
1.945952252920308378e+00
3.454229322790268064e+00
4.880937147242690344e+00
6.077182494748982755e+00
6.905341496988182115e+00
7.251701208522694841e+00
7.037494159782806236e+00
6.227344289541723477e+00
4.834336907720516052e+00
2.921189745491050260e+00
