-5.895570215864179175e+00
-8.158878162951163304e+00
-1.009262014375175909e+01
-1.153264950101256758e+01
-1.234167769780525603e+01
-1.242185043135923728e+01
-1.172461782827884313e+01
-1.025696238073097000e+01
-8.083331673484771329e+00
-5.322970053894133358e+00
-2.142725460078124922e+00
1.254207692928373863e+00
4.642794523903841508e+00
7.792807044105716230e+00
1.048630075783434634e+01
1.253451093848663334e+01
1.379277887871244701e+01
1.417225589792470508e+01
1.364737819148170317e+01
1.225843953277271403e+01
1.010898434644715671e+01
7.358168085869294828e+00
4.208649611978214189e+00
8.909559577323875601e-01
-2.354438782579916012e+00
-5.295877963470315919e+00
-7.728605712218160839e+00
-9.490689105393876446e+00
-1.047546801741478717e+01
-1.063950125807570402e+01
-1.000534575930696768e+01
-8.658931713387833184e+00
-6.741745208096039832e+00
-4.438463386353480367e+00
-1.961068841969550114e+00
4.692326379574818240e-01
2.640779307603198678e+00
4.369332660436759497e+00
5.513566266755938194e+00
5.986859294697686629e+00
5.764397708885858229e+00
4.884979145869694506e+00
3.447362692156382025e+00
1.601464856512591961e+00
-4.648608441309590722e-01
-2.542347964471488364e+00
-4.418749545232018683e+00
-5.897617736370499131e+00
-6.815834843279374944e+00
-7.058399760503569986e+00
-6.569199848789281759e+00
-5.356831989694733842e+00
-3.494949948912008608e+00
-1.117073656176609031e+00
1.593738920521698965e+00
4.419524049860095616e+00
7.125151695610753677e+00
9.477710952942443257e+00
1.126593772192623000e+01
1.231807204595269489e+01
1.251665816965255118e+01
1.180904991582013608e+01
1.021273651153551043e+01
7.815029968190310150e+00
4.767118893931700185e+00
1.272956460384411237e+00
-2.426126386158050430e+00
-6.069842600379049102e+00
-9.398920284922255064e+00
-1.217501605358434524e+01
-1.419897379084253863e+01
-1.532597410363893786e+01
-1.547638049528396209e+01
-1.464144533353160149e+01
-1.288346172526084921e+01
-1.033040084264925262e+01
-7.165520203306612324e+00
-3.612829967818592003e+00
8.037139168036788739e-02
3.662459769817879351e+00
6.896413773455255303e+00
9.577203071774579968e+00
1.154628164026979142e+01
1.270209067081908572e+01
1.300582191987052383e+01
1.248209422590941386e+01
1.121461938110885370e+01
9.337342694007219279e+00
7.021904358195680373e+00
4.462550673034534121e+00
1.859806818910155091e+00
-5.957082948448402249e-01
-2.737993288367677636e+00
-4.437729670762566414e+00
-5.610784465087482964e+00
-6.222560143929346310e+00
-6.287971142666331836e+00
-5.867205300422702052e+00
-5.057784780406198166e+00
-3.983744170115265604e+00
-2.782968525793213299e+00
-1.593863298783528837e+00
-5.425522131850581964e-01
2.682815880886332272e-01
7.679721494739946142e-01
9.231805294832180486e-01
7.395618872031741731e-01
2.597482755583095937e-01
-4.420641953949386860e-01
-1.268338235243238188e+00
-2.108404679437606788e+00
-2.849675427504950065e+00
-3.388809431451662135e+00
-3.641808984896790058e+00
-3.552142633588623255e+00
-3.096188892037071039e+00
-2.285552339583492021e+00
-1.166096317643394276e+00
1.861626504819895445e-01
1.671871731791062743e+00
3.177205242098676052e+00
4.583937110278471394e+00
5.779791231078159619e+00
6.668131457079721436e+00
7.176131359089805706e+00
7.260719115741812502e+00
6.911809450034306579e+00
6.152591524836749315e+00
5.036914870496996599e+00
3.644079356013536497e+00
2.071565763084459277e+00
4.264199375063117969e-01
-1.183889674473773468e+00
-2.660292839341155791e+00
-3.919819749653207452e+00
-4.901512731327914096e+00
-5.570061452420709713e+00
-5.916904019194554110e+00
-5.958784996749317386e+00
-5.734006442580834140e+00
-5.296826182627339286e+00
-4.710628226511883732e+00
-4.040597508133784821e+00
-3.346665279433697293e+00
-2.677449737543285302e+00
-2.065803352137055349e+00
-1.526405225081168382e+00
-1.055620741719815570e+00
-6.336129647708359514e-01
-2.284539922073025586e-01
1.982269323414411755e-01
6.846874874396603472e-01
1.262340836911254760e+00
1.949611337015749069e+00
2.747093547311719508e+00
3.634610991012622527e+00
4.570588855221278557e+00
5.493926849151128167e+00
6.328306189464726117e+00
6.988612239426583272e+00
7.388926180386775400e+00
7.451357832271457760e+00
7.114875911341600911e+00
6.343254321599763657e+00
5.131299101124342066e+00
3.508648208087757236e+00
1.540635569637958557e+00
-6.740350354093260776e-01
-3.008773869485640073e+00
-5.317420778240817825e+00
-7.444792570466075787e+00
-9.238634520100355019e+00
-1.056198826187589646e+01
-1.130491264389026540e+01
-1.139451180880551817e+01
-1.080233675034733665e+01
-9.548425189222855991e+00
-7.701514226549050157e+00
-5.375278552127515930e+00
-2.720786872402753964e+00
8.429894279489413833e-02
2.848963220228684534e+00
5.383465618213540971e+00
7.514167252683584763e+00
9.097317295268553039e+00
1.003062594622037373e+01
1.026161487602959355e+01
9.791991722533722964e+00
8.677620432693608166e+00
7.024027115751161787e+00
4.977760425247465648e+00
2.714283613437912024e+00
4.233809482459651719e-01
-1.706713103049027236e+00
-3.505128353667898544e+00
-4.832771138183869830e+00
-5.594091582410395169e+00
-5.745174543968673220e+00
-5.297425677256009990e+00
-4.316493435412415813e+00
0.000000000000000000e+00
1.519166384739344267e+01
-1.536071285647262386e+01
6.741181020981180438e+00
-6.436526779839841339e+00
1.623486372952272561e+01
-2.008765000612538998e+01
8.988030489053379313e+00
4.342328340478816884e+00
-3.323967469725881863e+00
-8.601170057683720671e+00
1.371614276092830664e+01
-6.620867099502918407e+00
1.707623268099729863e+00
-1.044228126907843013e+01
2.286997223159222870e+01
-2.145891430984814363e+01
6.755662674732302087e+00
3.530176121029853675e+00
-6.003988050930546549e-01
-3.272380286099189739e+00
-5.467513672572722250e+00
1.997907631405177398e+01
-2.234294860860632070e+01
1.009129687875540782e+01
-1.557890679211026974e-01
4.227780021693851253e+00
-1.235783340762430527e+01
9.150257128054720468e+00
2.100285160511629279e+00
-3.859121299291036422e+00
-9.174666223660155495e+00
2.139213528710768841e+01
-1.861170474101882988e+01
8.132520115307908526e+00
-6.675844871013066673e+00
1.461400109656958790e+01
-1.539011085139347301e+01
1.018204255946407066e+00
1.480212154439761818e+01
-1.592580531926850895e+01
6.751396939842348566e+00
-4.700080399026294486e+00
1.369620515989792153e+01
-1.857811680143997535e+01
8.751305030514895833e+00
4.692793226080286928e+00
-4.426006166269957021e+00
-8.014581917375771525e+00
1.496654689397068694e+01
-8.996669369418496487e+00
3.301670913313377920e+00
-1.071088861202479769e+01
2.313929788950839850e+01
-2.268962838689264672e+01
7.980138644133502268e+00
3.725756821846746281e+00
-1.790024142446410504e+00
-2.962013566597236469e+00
-4.126994163420786066e+00
1.826443542599414727e+01
-2.156041709922617144e+01
9.658494379054198831e+00
1.336412868177299540e+00
1.846942854712895432e+00
-1.090823624632392708e+01
9.653903931825322360e+00
7.709682948326017637e-01
-3.248340280841122585e+00
-9.310936389936314228e+00
2.247725156389984846e+01
-2.079891308484712198e+01
9.770098249699703530e+00
-6.561604540644775163e+00
1.370148503708769638e+01
-1.540096687187476654e+01
2.029090529021124301e+00
1.422045955159894248e+01
-1.629574316661073397e+01
6.700793318441556679e+00
-2.941394360706731881e+00
1.102535284014554406e+01
-1.688018620130203473e+01
8.464977544685503119e+00
4.907612831080872873e+00
-5.392526877159684595e+00
-7.398422781755964017e+00
1.609337532780504532e+01
-1.132541834093465738e+01
4.919527907557736057e+00
-1.089729412939527720e+01
2.315187487911482833e+01
-2.365998955526933401e+01
9.130323029819011893e+00
3.850404206380240169e+00
-2.946302860184675243e+00
-2.609476356881420323e+00
-2.745978475287049747e+00
1.633224882781606624e+01
-2.052770907248709875e+01
9.145185565536614547e+00
2.752761063139944842e+00
-4.927230760415834965e-01
-9.384702950981619551e+00
1.010427197476174932e+01
-6.460513398667577789e-01
-2.517357227050460722e+00
-9.396767082515571801e+00
2.333117921065991140e+01
-2.277082907561765879e+01
1.133176006071951747e+01
-6.405074916009330543e+00
1.264100956797914677e+01
-1.523012853923174603e+01
3.025396918277510228e+00
1.344818830209217175e+01
-1.645949095428898090e+01
6.584299919418717728e+00
-1.178721916214412246e+00
8.253370618207066300e+00
-1.501263769777468937e+01
8.129757669707986523e+00
4.986176836348507280e+00
-6.211969931026718683e+00
-6.760507311960171961e+00
1.708210782091660818e+01
-1.357749754639353235e+01
6.542032827204983469e+00
-1.100238101227143517e+01
2.291174988755037134e+01
-2.436197686237428073e+01
1.019638529212194200e+01
3.896483133232691909e+00
-4.047568792030442175e+00
-2.225744872108921690e+00
-1.336793670072794704e+00
1.420251594791676375e+01
-1.925325880909744924e+01
8.553445885591175468e+00
4.078424851734404832e+00
-2.763278300658354780e+00
-7.805100206835360765e+00
1.049373533309193895e+01
-2.131160287608477866e+00
-1.675653793219625154e+00
-9.432276807764482740e+00
2.394474140188163602e+01
-2.450426876476152671e+01
1.280067108205074433e+01
-6.213148040300269237e+00
1.145217368789143819e+01
-1.488576592476164073e+01
3.999973219660388324e+00
1.248937423035411598e+01
-1.640870051146324471e+01
6.397580595139523041e+00
5.698541334938793668e-01
5.412376550168150224e+00
-1.299615333336644873e+01
7.746587018324760265e+00
4.930161637873509584e+00
-6.875236070278202050e+00
-6.108433415984928061e+00
1.791956561996028441e+01
-1.572382941973278392e+01
8.149507814085060531e+00
-1.102770723443666867e+01
2.242598568514991442e+01
-2.479085218667428592e+01
1.116937766603866677e+01
3.857583154531362801e+00
-5.072994718664056712e+00
-1.822183110703512909e+00
8.790509180118100119e-02
1.189774887650899871e+01
-1.774852513438385415e+01
7.886117010787677017e+00
5.300136809558168238e+00
-4.938117690141954341e+00
-6.187586735821824391e+00
1.081499302499897830e+01
-3.663330361943164526e+00
-7.346957741719926105e-01
-9.417767526728786365e+00
2.431151300491148604e+01
-2.597881369837652343e+01
1.416086237984380780e+01
-5.992869508405232359e+00
1.015603265942831257e+01
-1.437817426236771645e+01
4.945835611297868084e+00
1.135062666714869195e+01
-1.613786277579416861e+01
6.137129348832888631e+00
2.286628098202250214e+00
2.535144871483899998e+00
-1.085306823609766447e+01
7.316648903838198770e+00
4.743490580698840553e+00
-7.375795966103918744e+00
7.620074196639404995e+00
5.608938287952359047e+00
3.248043251355387184e+00
6.982762883175759328e-01
-1.869521899394426256e+00
-4.287831515288628381e+00
-6.405033376216900720e+00
-8.096273657884859531e+00
-9.271770355328674995e+00
-9.881963458074134010e+00
-9.919201348830933185e+00
-9.415964916203719781e+00
-8.439930529555248029e+00
-7.086436978313044754e+00
-5.469127100508722528e+00
-3.709665202397867567e+00
-1.927476723457080876e+00
-2.304150413511143469e-01
1.292862122865380492e+00
2.578214269336156050e+00
3.588683661434663996e+00
4.314414449654454309e+00
4.769998625569943584e+00
4.989661106588004102e+00
5.020888814258318789e+00
4.917237507171553723e+00
4.731104445869644515e+00
4.507230974875177765e+00
4.277600531923160254e+00
4.058235184597875467e+00
3.848184240144362889e+00
3.630762784669962162e+00
3.376859497306654134e+00
3.049915154791407623e+00
2.611997167940345310e+00
2.030278418303943067e+00
1.283181993440969393e+00
3.654817443489228879e-01
-7.082507389060301861e-01
-1.902298752832608297e+00
-3.160788346302837226e+00
-4.411010005927321842e+00
-5.568832006782367117e+00
-6.545742386689934023e+00
-7.256877268853171081e+00
-7.629273696814783179e+00
-7.609537752897790774e+00
-7.170149252515573224e+00
-6.313731135029905239e+00
-5.074785926440345207e+00
-3.518627934172989136e+00
-1.737497611090602412e+00
1.558900226038719694e-01
2.036862793448804609e+00
3.778667225040932998e+00
5.262849303092167474e+00
6.389216561317198284e+00
7.084471923145099659e+00
7.308708248082310455e+00
7.059128098758851166e+00
6.370591188146812023e+00
5.312871605395691255e+00
3.984803377031466809e+00
2.505779342150698419e+00
1.005318296816684054e+00
-3.883946492214711554e-01
-1.559978047789412514e+00
-2.417296594472343241e+00
-2.899910747438885661e+00
-2.984729624325883179e+00
-2.688300968084634146e+00
-2.065465725525592600e+00
-1.204429181616236910e+00
-2.186269645580436460e-01
7.639367830414558469e-01
1.612957612700721910e+00
2.208617571782640621e+00
2.453730756281697900e+00
2.284118312758127711e+00
1.676216037618526222e+00
6.511423060863876788e-01
-7.252473626466970913e-01
-2.346445270858274590e+00
-4.073275549666089290e+00
-5.745182985576462897e+00
-7.193923113318645868e+00
-8.258513228358742353e+00
-8.800161970421854107e+00
-8.715862251795460480e+00
-7.949413583213175372e+00
-6.498830435317068499e+00
-4.419378706906446297e+00
-1.821839704251789760e+00
1.133999296740114460e+00
4.250220541681483333e+00
7.305228051776463616e+00
1.007066504891399639e+01
1.232945091566092266e+01
1.389346774154694231e+01
1.461942430222249634e+01
1.442154732138355655e+01
1.327998759760184200e+01
1.124416358421544615e+01
8.430670326375135915e+00
5.015824025201457204e+00
1.223355132033631110e+00
-2.691831429118284991e+00
-6.462576019285094731e+00
-9.829577005791470867e+00
-1.256109605135112162e+01
-1.447067351776327016e+01
-1.543142039586756198e+01
-1.538572154251059487e+01
-1.434955133454400844e+01
-1.241103722903128315e+01
-9.723373352254634838e+00
-6.492646439918302370e+00
-2.961551890150491584e+00
6.096863603280215926e-01
3.963650156973235195e+00
6.865672323131776444e+00
9.121783652516349150e+00
1.059321976244154229e+01
1.120633208197673270e+01
1.095712870166580544e+01
9.910115680973614616e+00
8.191580547112431887e+00
5.977917780220286303e+00
3.480002842310195188e+00
9.249428916177266924e-01
-1.463257952130013084e+00
-3.482500304176269879e+00
-4.969294525398098905e+00
-5.811990659649155511e+00
-5.959454595629836149e+00
-5.424500288206013821e+00
-4.281832293708145443e+00
-2.660715616004169171e+00
-7.330319611670226276e-01
1.302234113235320567e+00
3.236741046225886986e+00
4.871249501082742128e+00
6.033224569344627142e+00
6.592091173019904993e+00
6.470858421996748433e+00
5.653141131274804110e+00
4.184999145568547796e+00
2.171454046293850304e+00
-2.320090024563450370e-01
-2.832226853360784613e+00
-5.414347990449060788e+00
-7.759679868740660957e+00
-9.663899423328937033e+00
-1.095411013117939447e+01
-1.150333402361564517e+01
-1.124124928043894656e+01
-1.016030382419765488e+01
-8.316724955064810132e+00
-5.826371167604892598e+00
-2.855798759856265079e+00
3.906930934557735213e-01
3.686951887232579050e+00
6.802479933419565583e+00
9.520128203015145729e+00
1.165254665559700165e+01
1.305608421201753622e+01
1.364106061660681846e+01
1.337764744781677351e+01
1.229696868070489302e+01
1.048743016972677111e+01
8.086678194213497761e+00
5.269937010619464957e+00
2.235755422528148628e+00
-8.096196277437806010e-01
-3.667942620240275176e+00
-6.163471466925636300e+00
-8.155136516742302888e+00
-9.545468657226088283e+00
-1.028567697525534896e+01
-1.037660843648444420e+01
-9.865677281640525820e+00
-8.840189401123694779e+00
-7.417778099408768533e+00
-5.734888308684276126e+00
-3.934379040418147788e+00
-2.153349335156582001e+00
-5.122305957025166112e-01
8.939639831218432198e-01
2.001568326854150648e+00
2.780984269824560151e+00
3.236111610006865646e+00
3.400706522084663064e+00
3.332159844408800087e+00
3.103405991211213966e+00
2.793820683355791701e+00
2.480029623903863722e+00
2.227526785514149843e+00
2.083894294716953421e+00
2.074237705305134405e+00
2.199218816488836659e+00
-5.449487190053440067e+00
1.859408810995081041e+01
-1.773625813538734519e+01
9.722009280838378231e+00
-1.097546594487530669e+01
2.170454175748766090e+01
-2.494519303890363915e+01
1.204131963123923299e+01
3.728642686369113335e+00
-6.002911219413421762e+00
-1.410349893606836602e+00
1.515263352505286321e+00
9.442709931368730381e+00
-1.602787389404623042e+01
7.146800966516856590e+00
6.406341992758279424e+00
-6.992302380494890279e+00
-4.550389480507506690e+00
1.106118031567110549e+01
-5.220407854879837828e+00
2.922223126658198833e-01
-9.353716424496566262e+00
2.442789564289874704e+01
-2.717706637138563508e+01
1.539742019330163636e+01
-5.751314795266877056e+00
8.774782326157268386e+00
-1.371959851295317279e+01
5.856219954872859290e+00
1.004105035095701481e+01
-1.564442177036744042e+01
5.800355909918899044e+00
3.954471863240917262e+00
-3.452991012336264487e-01
-8.607101273368167327e+00
6.841377493178777414e+00
4.432261157038374755e+00
-7.709762152060326557e+00
-4.790555363127904087e+00
1.909569248954066367e+01
-1.958792331676504972e+01
1.123958514758971106e+01
-1.084844008451149833e+01
2.076011863341056340e+01
-2.482688313534277214e+01
1.280527119707326555e+01
3.506053775904043324e+00
-6.819109073766967732e+00
-1.001803833796504506e+00
2.932358866877896375e+00
6.864119634534491254e+00
-1.410842262000227265e+01
6.339845699724363293e+00
7.387322165065539181e+00
-8.902866844162080184e+00
-2.911581819382316638e+00
1.122597737765147485e+01
-6.779421091572943148e+00
1.390160385563040446e+00
-9.240768531724448565e+00
2.429315798541690796e+01
-2.808486807144565134e+01
1.649666395912892725e+01
-5.495467367883597909e+00
7.331430042751413190e+00
-1.292403337352445902e+01
6.724633271411816438e+00
8.572163918101178837e+00
-1.492884893502466426e+01
5.385659431993999213e+00
5.557026706046473308e+00
-3.196085926502883812e+00
-6.283069246085098314e+00
6.322466110860212929e+00
4.004640270385358747e+00
-7.875922516570732945e+00
-4.138046343631150314e+00
1.941621430176278551e+01
-2.125361962507690805e+01
1.268253522302588010e+01
-1.064995193306099175e+01
1.960796813667854366e+01
-2.444106105984535660e+01
1.345539424988693966e+01
3.187745812212174901e+00
-7.505120904031756801e+00
-6.079091126821385416e-01
4.326334326824968102e+00
4.190338754379173025e+00
-1.200984923306662999e+01
5.470322069921537356e+00
8.235293537181036072e+00
-1.064909716743038004e+01
-1.288866638815283849e+00
1.130371374154254127e+01
-8.316902137957843166e+00
2.542741203781843762e+00
-9.079730292158425087e+00
2.390944076995226908e+01
-2.869147629197721727e+01
1.744631048002332108e+01
-5.232100394003200705e+00
5.849456837226791883e+00
-1.200700165150574250e+01
7.544902966373022046e+00
6.957785193933522905e+00
-1.399467655707569946e+01
4.892489079565418564e+00
7.078884132544345675e+00
-5.984905625603747836e+00
-3.906588250846555255e+00
5.761874411688904019e+00
3.470729114200143073e+00
-7.875735030119897395e+00
-3.497820830323742580e+00
1.954942688475848200e+01
-2.271013740750087706e+01
1.403167128208826142e+01
-1.038380834259789509e+01
1.826567222899358711e+01
-2.379602787775031913e+01
1.398700135731233374e+01
2.773246820033507198e+00
-8.046478036628457176e+00
-2.396449228469403891e-01
5.684529785880218178e+00
1.451028413701896724e+00
-9.754167105370029844e+00
4.543992354350391949e+00
8.944476910643430756e+00
-1.221277699391727545e+01
3.006329974914150327e-01
1.128946700717316887e+01
-9.809218257523776074e+00
3.732381166520381655e+00
-8.871564136841458392e+00
2.328172650990607195e+01
-2.898969941670723571e+01
1.823562216688833715e+01
-4.967663798165789402e+00
4.352475528421981821e+00
-1.098531420241265266e+01
8.311223399445609061e+00
5.213884558386643775e+00
-1.284848959719644768e+01
4.321390445283384452e+00
8.505753552036690479e+00
-8.680402728143100433e+00
-1.503765996961703877e+00
5.161834139015901712e+00
2.842399638890277913e+00
-7.713283921786755926e+00
-2.875132799905377734e+00
1.949113806752125555e+01
-2.393657981651907818e+01
1.526857337757251187e+01
-1.005424245453318477e+01
1.675289351580530450e+01
-2.290311509847813554e+01
1.439659157809362355e+01
2.263721287471805788e+00
-8.430938901304131150e+00
9.257862054503895877e-02
6.994613268739026779e+00
-1.323207441195482836e+00
-7.365469251882974966e+00
3.567270464027069821e+00
9.511139499116580964e+00
-1.357839804215709378e+01
1.840572960710275652e+00
1.117915434167829680e+01
-1.123290856203647436e+01
4.940540332031259751e+00
-8.617384092210141233e+00
2.241777429776424668e+01
-2.897598693149804561e+01
1.885553748060829449e+01
-4.708178328732980589e+00
2.863889561478111467e+00
-9.876814862305312914e+00
9.018199418369668763e+00
3.358408094909209218e+00
-1.149987576817247970e+01
3.674036930786299671e+00
9.824614787549583284e+00
-1.125255772329222737e+01
8.991110253900496119e-01
4.524853189112832297e+00
2.133104978549390296e+00
-7.395198054853866942e+00
-2.274581524739255123e+00
1.923926271927911813e+01
-2.491465210683018583e+01
1.637583895432474890e+01
-9.665852725808012025e+00
1.509110084801721285e+01
-2.177651489747962898e+01
1.468187298455100454e+01
1.661983806389297769e+00
-8.648685680183714197e+00
-9.781436228501481089e-01
-3.357903571542390608e+00
-5.645010880033336953e+00
-7.628014565644151368e+00
-9.116592469835351764e+00
-9.957930246148368525e+00
-1.005000690325774038e+01
-9.350684232743292412e+00
-7.881852937553177618e+00
-5.728303882533941405e+00
-3.031433267891520789e+00
2.168147127372055394e-02
3.212918408016855576e+00
6.310243645352139552e+00
9.085926538579979450e+00
1.133434776076575723e+01
1.288795820054564700e+01
1.363011377823616854e+01
1.350378223676256972e+01
1.251546884265491499e+01
1.073410829553863088e+01
8.285085770049235521e+00
5.339945837093369896e+00
2.102691118922182412e+00
-1.206165060535872691e+00
-4.366466798790062498e+00
-7.174831564538065365e+00
-9.459308579783876070e+00
-1.109114924072985886e+01
-1.199282479549998115e+01
-1.214175844724669950e+01
-1.156960783545002158e+01
-1.035730735118146306e+01
-8.626426050137634860e+00
-6.527687080838090239e+00
-4.227704994697804253e+00
-1.895111857661851307e+00
3.127458171622641281e-01
2.261448067618791136e+00
3.848571386779940262e+00
5.009534002999783908e+00
5.719867561899045327e+00
5.993891861010319566e+00
5.880086738312646943e+00
5.453736610718680211e+00
4.807644423109151077e+00
4.041854704894885408e+00
3.253379232799566090e+00
2.526880882146492091e+00
1.927147338051362180e+00
1.493989801866778322e+00
1.239952343901303822e+00
1.150939219405481495e+00
1.189586543699001187e+00
1.300947219377659003e+00
1.419847306842964230e+00
1.479126794415161150e+00
1.417910264789099983e+00
1.189068183228080500e+00
7.651246147567682954e-01
1.420318916992360236e-01
-6.595494734341904586e-01
-1.595577818746423127e+00
-2.602419272576963039e+00
-3.602713127603299537e+00
-4.512727188480369911e+00
-5.250473847931512061e+00
-5.743786178022078914e+00
-5.937559465093223743e+00
-5.799446298791737675e+00
-5.323444256741874270e+00
-4.531019706584267226e+00
-3.469649572195221854e+00
-2.208912238158156960e+00
-8.344952672476175781e-01
5.593112952482822697e-01
1.877920760844690395e+00
3.034761644216124932e+00
3.958800670169553726e+00
4.600556859730044579e+00
4.936030917559595999e+00
4.968174430731264302e+00
4.725760741475034443e+00
4.259771248995368964e+00
3.637653299587797484e+00
2.936015460485858597e+00
2.232482504014118518e+00
1.597520392028328517e+00
1.087051848043208313e+00
7.366139096294124222e-01
5.576658495554442929e-01
5.364517734819109762e-01
6.355757081302515488e-01
7.981810000665925386e-01
9.543654228731801581e-01
1.029233454518807545e+00
9.518101702888288607e-01
6.639349276237491715e-01
1.282289966664824643e-01
-6.657064775632579590e-01
-1.697561278626036785e+00
-2.915539692046315690e+00
-4.238753677937729947e+00
-5.562706906445431976e+00
-6.767493764717785965e+00
-7.728066210258200286e+00
-8.325701748522856604e+00
-8.459659395854632891e+00
-8.057952586302247866e+00
-7.086206210518485094e+00
-5.553698405022895912e+00
-3.515906783037208605e+00
-1.073166028884243950e+00
1.634624824379046881e+00
4.436960019915256126e+00
7.144731888440558620e+00
9.564377449627697203e+00
1.151304485548321033e+01
1.283353307755306361e+01
1.340773859228904286e+01
1.316743231106441314e+01
1.210138328707248156e+01
1.025812828936856924e+01
7.744035587331196346e+00
4.716698446089019114e+00
1.374086303945757592e+00
-2.059754225607838940e+00
-5.351352239027928448e+00
-8.275505967825129261e+00
-1.063259340832568967e+01
-1.226408498389138657e+01
-1.306497048254305682e+01
-1.299205007658632915e+01
-1.206736829158291080e+01
-1.037646363953251516e+01
-8.061532697444256712e+00
-5.310030001770650543e+00
-2.339608444903332529e+00
6.193839294715912658e-01
3.342422756716960652e+00
5.628819740366734159e+00
7.317739426254521895e+00
8.300889350969853808e+00
8.530823617057905039e+00
8.024161855817512290e+00
6.859448359848979493e+00
5.169824585348624879e+00
3.131124509872889483e+00
9.463895408453510960e-01
-1.171895206274995438e+00
-3.020344646591674564e+00
-4.422427607795343718e+00
-5.243921914635635950e+00
-5.404750348351611500e+00
-4.886178098761645217e+00
-3.732740670317019838e+00
-2.048714504672173309e+00
1.059638349324099060e-02
2.252044561553864899e+00
4.461199385364258418e+00
6.420897740923159347e+00
7.930224637868484194e+00
8.822318561148493998e+00
8.979486981500468090e+00
8.344335596966610424e+00
6.925942715102538116e+00
4.800520399484842216e+00
2.106462322451313707e+00
-9.658536773036803247e-01
-4.188701761062802120e+00
-7.314904088995318077e+00
-1.009753290448098895e+01
-1.230981059030987623e+01
-1.376357860920150600e+01
-1.432482036380986301e+01
-1.392496260919476825e+01
-1.256702500693350188e+01
-1.032610882960450027e+01
-7.344178488654290682e+00
-3.819554907726107729e+00
8.030848814426505555e-03
3.875617338174211834e+00
7.516962385264418067e+00
1.068266351938867587e+01
1.315884658982637134e+01
1.478294790096896705e+01
1.545536305383026487e+01
1.514608191134462700e+01
1.389584415836685238e+01
1.181179873957145787e+01
9.058095459605180366e+00
5.842241330732772298e+00
2.398384748745523876e+00
-1.031079296451761440e+00
-4.214077860006455900e+00
-6.946111434312330246e+00
-9.064833978271353843e+00
-1.046085413767293737e+01
-1.108398423521974507e+01
-1.094455559433599490e+01
3.790953936883489916e-01
8.244708068134515955e+00
-4.101192676889079181e+00
-4.869644831303302723e+00
2.547174171770751450e+00
9.933608089227206506e+00
-1.473333259324402000e+01
3.315574483984759624e+00
1.096961536816906246e+01
-1.256502121152819740e+01
6.147988206264961342e+00
-8.318452415703227132e+00
2.132802055970812916e+01
-2.865047399550478602e+01
1.929878191997681114e+01
-4.459138189257550344e+00
1.406557298632459485e+00
-8.700113992168422072e+00
9.660886503732172059e+00
1.411072646394149643e+00
-9.961334289658712038e+00
2.953245428683271889e+00
1.102385362232998389e+01
-1.367305005173070498e+01
3.275891570760617100e+00
3.853717711020593129e+00
1.357666573611044036e+00
-6.930532775015748825e+00
-1.700075106882125597e+00
1.879387006402865268e+01
-2.562891916868769471e+01
1.733732141210791156e+01
-9.223540107849283132e+00
1.330327376794984318e+01
-2.043307499543551486e+01
1.484177176582196012e+01
9.724881429107625763e-01
-8.692486356906247380e+00
6.111464315348982268e-01
9.423515267537043272e+00
-6.851558001887733340e+00
-2.294071506341776256e+00
1.491269755192968560e+00
1.021225359556693135e+01
-1.566796586587465612e+01
4.711395623108233011e+00
1.065868514563098302e+01
-1.378344649241027753e+01
7.335081620480058184e+00
-7.976177219795201445e+00
2.002544705427403215e+01
-2.801697979543278549e+01
1.955995814418457357e+01
-4.225423655366953746e+00
2.466412530365058586e-03
-7.474314387342180233e+00
1.023482720214921216e+01
-6.068647106314859485e-01
-8.248144303293400981e+00
2.162975857977645244e+00
1.209337880951534849e+01
-1.591559802445256366e+01
5.600870895484453271e+00
3.151491985033217702e+00
5.320410525642120803e-01
-6.330617010388028376e+00
-1.154805842505809643e+00
1.815720499028145341e+01
-2.606702776223077578e+01
1.813835488563835696e+01
-8.732444228143034337e+00
1.141358981236474079e+01
-1.889206104686319421e+01
1.487642794155274828e+01
2.012917009826553638e-01
-8.557819793879115622e+00
7.810289468347377806e-01
1.052043008216858944e+01
-9.543123557635666998e+00
3.327124628539772644e-01
4.076095552901852770e-01
1.034944745477140415e+01
-1.637578674418644198e+01
6.015085684415211631e+00
1.024525605650716820e+01
-1.486724113994139351e+01
8.482050837190108439e+00
-7.592111013544891485e+00
1.852541782707918117e+01
-2.708295970587820634e+01
1.963561407884305865e+01
-4.011224946298602489e+00
-1.327577124116170459e+00
-6.218733389508275700e+00
1.073608355876033649e+01
-2.672859906489808424e+00
-6.378194482227229400e+00
1.308314327398082400e+00
1.302471921791179632e+01
-1.795627136573960669e+01
7.849095328153021356e+00
2.421515841569839012e+00
-3.269297797412535900e-01
-5.608867882781705561e+00
-6.412375552194042871e-01
1.733368291575713727e+01
-2.621989037113507592e+01
1.876596217625889551e+01
-8.197879419126300249e+00
9.447098895697230603e+00
-1.717488980549842381e+01
1.478717787580775500e+01
-6.440043111101951823e-01
-8.242961976798664381e+00
8.822290025565786564e-01
1.152565068231759859e+01
-1.214528018617073890e+01
2.981352245013692226e+00
-6.953369561422810818e-01
1.034949068658235660e+01
-1.685343589050192037e+01
7.215120794112539926e+00
9.729327551389401307e+00
-1.579693937171101048e+01
9.569289896783432781e+00
-7.167950060986120420e+00
1.684548723039782203e+01
-2.585941187767258853e+01
1.952428812957475657e+01
-3.819978450524503799e+00
-2.564241173232903570e+00
-4.952625070547361119e+00
1.116126529586401617e+01
-4.763354647807512166e+00
-4.371775899544385169e+00
3.954399276186942869e-01
1.381110004923509393e+01
-1.977377244506253362e+01
9.996656330653300060e+00
1.667399405597273621e+00
-1.201782261460316192e+00
-4.780575538457870088e+00
-1.611048613319909784e-01
1.632985810362835721e+01
-2.608182808956815535e+01
1.920904297709821051e+01
-7.625271422690725664e+00
7.429389150228651317e+00
-1.530483670470649216e+01
1.457652393736748131e+01
-1.554338356905926588e+00
-7.749032102638096831e+00
9.095358737249172876e-01
1.243027825090563354e+01
-1.462836449835591068e+01
5.622032217417014088e+00
-1.808757921098796295e+00
1.021851682004717965e+01
-1.710071085353596132e+01
8.301519047137068341e+00
9.112042848936932060e+00
-1.655484626140903259e+01
1.057764714435470665e+01
-6.705534427882078319e+00
1.500518148568877663e+01
-2.436073946680377844e+01
1.922653091405799941e+01
-3.654316219567576240e+00
-3.689936683811969154e+00
-3.694906336658183577e+00
1.150755352265624332e+01
-6.854065252696498689e+00
-2.251340724237065771e+00
-5.684246187265709072e-01
1.444749733725516450e+01
-2.134968268113034640e+01
1.202097037161588133e+01
8.930149795603128382e-01
-2.074703726405713766e+00
-3.862661317360828850e+00
2.845758439254408856e-01
1.515436566633934312e+01
-2.565067048772574765e+01
1.945853977965782633e+01
-7.020095571221144581e+00
5.386248694590085151e+00
-1.330672181275150123e+01
1.424809180363432404e+01
-2.519294699925547221e+00
-7.079997743404355504e+00
8.591363964618663474e-01
1.322640713065555573e+01
-1.696402293979271292e+01
8.224838970231196811e+00
-2.923578894390797878e+00
9.964370235896403472e+00
-1.712052836427496061e+01
9.265933956231695134e+00
8.395711851533476988e+00
-1.712530930469488766e+01
2.173248009814298332e+00
2.563490180163383592e+00
2.868944041579647664e+00
3.129140565092893844e+00
3.380920589022545553e+00
3.652285713411101753e+00
3.957394277742166011e+00
4.293287533271228362e+00
4.638754284636841696e+00
4.955521864910028107e+00
5.191718569101432479e+00
5.287311205110693635e+00
5.181004966867277517e+00
4.817923019214563674e+00
4.157277453908369225e+00
3.179213198792927741e+00
1.890056562832185705e+00
3.253273408063068750e-01
-1.449932637425302762e+00
-3.343717883213595865e+00
-5.242436359792552736e+00
-7.018762788918026629e+00
-8.541374295806910766e+00
-9.685770458567020569e+00
-1.034524334208160390e+01
-1.044100873146287967e+01
-9.930544810356771279e+00
-8.813308169897041466e+00
-7.133200365033244061e+00
-4.977424863990490778e+00
-2.471681651424673554e+00
2.280317574891679300e-01
2.946437113256639595e+00
5.501969581238761009e+00
7.720711108963545399e+00
9.450113376535540510e+00
1.057134725148838683e+01
1.100920367331018568e+01
1.073865479626219965e+01
9.787449873986654225e+00
8.234446137305019064e+00
6.203733460089676299e+00
3.854972214165735878e+00
1.370694950169422555e+00
-1.058404987371911687e+00
-3.248985835018374235e+00
-5.040071077159089974e+00
-6.306287703714977155e+00
-6.968185748116850320e+00
-6.998729731691762268e+00
-6.425368385087390166e+00
-5.327460450472390363e+00
-3.829230167852879063e+00
-2.088812347641876510e+00
-2.842902291269826520e-01
1.402100598527828090e+00
2.800256355081889303e+00
3.767572520376642586e+00
4.202051051893278100e+00
4.051981542540804782e+00
3.321310792167989412e+00
2.070175324469117228e+00
4.104812257263693587e-01
-1.503159281876688569e+00
-3.486421179470343468e+00
-5.341128581704637668e+00
-6.872662390908462093e+00
-7.907439055459626331e+00
-8.308958068345679848e+00
-7.991015864281331815e+00
-6.926904447542687748e+00
-5.153736932442060770e+00
-2.771442773414450667e+00
6.358040108185014638e-02
3.149720955424560653e+00
6.255457248407878978e+00
9.137503922278373381e+00
1.156033919297180113e+01
1.331551797948060134e+01
1.423917395029141453e+01
1.422624510668533659e+01
1.324021232314562369e+01
1.131749784279870852e+01
8.566101842476880890e+00
5.158524273391167370e+00
1.319487336083192464e+00
-2.690597830508248300e+00
-6.595124161965411957e+00
-1.012219806813266132e+01
-1.302530076944374926e+01
-1.510205240441566588e+01
-1.620958038891027186e+01
-1.627526715305135596e+01
-1.530202639504949680e+01
-1.336770037343583084e+01
-1.061864675092376231e+01
-7.258052676492310340e+00
-3.529937364802024469e+00
2.998524792549754903e-01
3.964115503437598775e+00
7.214590851447363562e+00
9.840458220383819565e+00
1.168358652934638187e+01
1.264935427942375057e+01
1.271223836781196681e+01
1.191580436911930718e+01
1.036719336496418364e+01
8.226649642258189843e+00
5.693032713843955150e+00
2.986573365151639070e+00
3.303412506810826099e-01
-2.068025261603348319e+00
-4.032823361531148620e+00
-5.433692424710611313e+00
-6.194872054159849206e+00
-6.299625448336925615e+00
-5.789559176707093080e+00
-4.759004122591106167e+00
-3.345035742016371216e+00
-1.714070224121278851e+00
-4.624702247656609089e-02
1.481024517077925928e+00
2.708928827348858981e+00
3.511166423196996789e+00
3.804770966550004019e+00
3.556941310963599001e+00
2.787363573245651871e+00
1.565892588534861130e+00
5.861669117969370291e-03
-1.746339811282221710e+00
-3.524471122324365879e+00
-5.157252844389166313e+00
-6.483492611729913868e+00
-7.366221153793837573e+00
-7.704639617732366830e+00
-7.442883963735257069e+00
-6.574898937306679514e+00
-5.145056826181348519e+00
-3.244524558101879563e+00
-1.003744599225512957e+00
1.418280457135003836e+00
3.846950057034012715e+00
6.106151394966571999e+00
8.032271236832810857e+00
9.486966236294060550e+00
1.036765342347378649e+01
1.061489822910906078e+01
1.021615908002157092e+01
9.205669483239278250e+00
7.660571793247262562e+00
5.693732266448534141e+00
3.443937420099920210e+00
1.064374491679396240e+00
-1.289582284429128478e+00
-3.472231285779045606e+00
-5.358066584670789112e+00
-6.850132348269799110e+00
-7.885595573553059623e+00
-8.438190977360795486e+00
-8.517481175549235672e+00
-8.165160493425847932e+00
-7.448886165721319230e+00
-6.454323861253161709e+00
-5.276228181281164886e+00
-4.009432512786183622e+00
-2.740593406910975638e+00
-1.541427245807990509e+00
-4.640032587760614113e-01
4.615651987638629272e-01
1.226937718387365095e+00
1.843029615759359530e+00
2.335546704777165417e+00
2.739143910193668763e+00
3.090904521218897916e+00
3.423890040085727726e+00
3.761487673301575185e+00
4.113186620562713891e+00
4.472255487721577438e+00
4.815587425327975346e+00
5.105747454688350118e+00
5.295020855014640482e+00
5.331045712248386081e+00
5.163438124223071135e+00
4.750702527170254541e+00
4.066673961214460675e+00
3.105768893877138837e+00
1.886424291395030650e+00
4.522717154555087049e-01
-1.129191160694121621e+00
-2.770425376342052104e+00
-4.369916754453428531e+00
-5.819998246416096421e+00
-7.015755146311478008e+00
-7.864211632117501516e+00
-8.292942640420511324e+00
-8.257280946454722326e+00
-7.745394660578982737e+00
-6.780686837358300245e+00
-5.421201388386295505e+00
-3.755987368333625120e+00
1.148871185921991867e+01
-6.206848563423211118e+00
1.302575660365697274e+01
-2.260457029112117056e+01
1.874490321757131284e+01
-3.516029446352425314e+00
-4.689060382497905799e+00
-2.463890727618963439e+00
1.177271980088930903e+01
-8.920283856174256343e+00
-4.122978446034952782e-02
-1.575077994361729017e+00
1.493067022371847763e+01
-2.266867106541220522e+01
1.390104112653981439e+01
1.024859099670649698e-01
-2.927810979328953067e+00
-2.873412747334206152e+00
6.954840593206288446e-01
1.381783783073797878e+01
-2.492781096090630655e+01
1.950757913143414513e+01
-6.387817208241136413e+00
3.343327836908035700e+00
-1.120657839091699159e+01
1.380657604890361867e+01
-3.527230868768942429e+00
-6.242638885192349107e+00
7.286878875948765710e-01
1.390720403383984838e+01
-1.912556018771713440e+01
1.076012690372942160e+01
-4.030546869885631267e+00
9.596461806539277717e+00
-1.691884458935711777e+01
1.010172522011109386e+01
7.583819711106983164e+00
-1.749496430854234319e+01
1.228509294838328714e+01
-5.674022241494935059e+00
1.092993577623814971e+01
-2.061153625304866921e+01
1.808395017530754600e+01
-3.406046436348218354e+00
-5.548207599581222560e+00
-1.277033561459640865e+00
1.195514043257351133e+01
-1.093718810644828920e+01
2.232627530702592900e+00
-2.615420335948869912e+00
1.525917079579885183e+01
-2.371866225579741183e+01
1.561770075594544060e+01
-6.998276815900510428e-01
-3.743430400728311014e+00
-1.832199168710007431e+00
1.071962052503389273e+00
1.233279536959461886e+01
-2.391821664781756951e+01
1.935158622768791759e+01
-5.733835063999876525e+00
1.325806193360133500e+00
-9.031308493852804986e+00
1.325767479218534817e+01
-4.565424836870509040e+00
-5.246471212918224047e+00
5.173685236294289780e-01
1.446697541780496366e+01
-2.108826740951174372e+01
1.319888174420677984e+01
-5.120317646566981296e+00
9.125604018792113692e+00
-1.650453467723584566e+01
1.080400613893089812e+01
6.681020663136115978e+00
-1.765295206840443143e+01
1.295068575938182676e+01
-5.109331667824993595e+00
8.741629613695714340e+00
-1.840501538668208781e+01
1.725015198284921780e+01
-3.324425364798064386e+00
-6.256352349234949095e+00
-1.506919005941274037e-01
1.205380587816166837e+01
-1.288015533961221593e+01
4.543037173724062683e+00
-3.679547404687014467e+00
1.543333156122772465e+01
-2.449096222718586802e+01
1.715382729216828039e+01
-1.509346382660477826e+00
-4.504375661147067333e+00
-7.591720611587020606e-01
1.414971633352946512e+00
1.071351542546271673e+01
-2.263039259811787218e+01
1.898837116175917217e+01
-5.063428244506685161e+00
-6.419308822505154222e-01
-6.808330203207409781e+00
1.260801430344620755e+01
-5.620240008163673195e+00
-4.103629577697489594e+00
2.259043890235110652e-01
1.490122227085583262e+01
-2.282972616953224687e+01
1.551307732306965192e+01
-6.183545597455497145e+00
8.563828037298112150e+00
-1.588923347813430098e+01
1.136966732181790718e+01
5.693116937100456632e+00
-1.759110267968450714e+01
1.347092321650249147e+01
-4.515200544630107338e+00
6.485642814557256663e+00
-1.601083987003210396e+01
1.625185173034589425e+01
-3.270361894319428586e+00
-6.804992243196919866e+00
9.000974056293111758e-01
1.206832525649299726e+01
-1.472507714040892601e+01
6.861883952636029349e+00
-4.756857787343164112e+00
1.545523092655033182e+01
-2.498034002717178481e+01
1.849453548234157907e+01
-2.321292227175860035e+00
-5.194219053356128768e+00
3.250456455150279034e-01
1.726041664555659771e+00
8.975877258772456457e+00
-2.107630046881030239e+01
1.841818552289789324e+01
-4.381707427368208840e+00
-2.536602306193243450e+00
-4.565221176063013253e+00
1.186506457844296492e+01
-6.677305838860283060e+00
-2.828713138433515795e+00
-1.434272639805165284e-01
1.520668170367485672e+01
-2.433008408235781772e+01
1.767602104348790704e+01
-7.210974865688076108e+00
7.924185404947881928e+00
-1.508713983771812650e+01
1.179737665023376003e+01
4.627022746706857426e+00
-1.730408475584340167e+01
1.383300768504037670e+01
-3.894200873915138139e+00
4.187371023832084482e+00
-1.345697378157143831e+01
1.509916124258059256e+01
-3.242211506897075601e+00
-7.188256310034097041e+00
1.861818612012202223e+00
1.199892592091907062e+01
-1.644867017063302939e+01
9.160490183803986497e+00
-5.836171847405006829e+00
1.532863732705081006e+01
-2.518506476462589916e+01
1.962733878621143901e+01
-3.130712678856304443e+00
-5.797552534858345652e+00
1.399676843938338244e+00
2.007207277910800336e+00
7.137187739249749363e+00
-1.927123262635431900e+01
1.764374841360557156e+01
-3.693570785310611004e+00
-4.336323658300280215e+00
-2.329363217367472316e+00
1.103704699005806589e+01
-7.721711692963927121e+00
-1.438594204265466026e+00
-5.868186627232385710e-01
1.538135489957870838e+01
-2.557229867320436512e+01
1.966268359877354754e+01
-8.193530985275303991e+00
7.220537277164691403e+00
-1.411478734922932610e+01
1.208755577898993039e+01
3.490713559800614263e+00
-1.678951728988732484e+01
1.402612021884942983e+01
-3.249053274193510532e+00
1.872491753165999917e+00
-1.077316476867546058e+01
1.380384608209692843e+01
-3.237526186540979900e+00
-7.402974310924095747e+00
2.722654217359183448e+00
1.184644814880406116e+01
-1.802877917545184872e+01
1.149111263031960029e+01
8.356126177492408047e+00
4.738601013305048681e+00
8.949139374165380190e-01
-2.904683114034458669e+00
-6.396708878831596223e+00
-9.344488995298089407e+00
-1.155597860338070504e+01
-1.289794783877646189e+01
-1.330540466577372882e+01
-1.278552016385248535e+01
-1.141577237031424552e+01
-9.336498581651271778e+00
-6.738503197977246728e+00
-3.846770717912740167e+00
-9.016479123929816986e-01
1.860940506248551785e+00
4.228608679022453742e+00
6.029391110617772220e+00
7.145017488938548489e+00
7.519518930390377776e+00
7.162500146762132758e+00
6.146861725711980640e+00
4.601221823382707576e+00
2.697728022456904462e+00
6.363309946248174587e-01
-1.373119740052165749e+00
-3.129424998051578477e+00
-4.457654295725520299e+00
-5.224347537616466752e+00
-5.349028465231735474e+00
-4.811078181219800243e+00
-3.651414947344973072e+00
-1.968868336299251176e+00
8.841581392994513067e-02
2.335786159338610002e+00
4.568008063534843011e+00
6.576937582612536914e+00
8.169448299174476347e+00
9.184099895222237464e+00
9.505152266904751457e+00
9.072760310780509485e+00
7.888511814587294779e+00
6.015865792548925839e+00
3.575477280044683681e+00
7.358206650023140227e-01
-2.300088729713998248e+00
-5.310758098910827840e+00
-8.073728474957583501e+00
-1.038309030823644719e+01
-1.206557490897363571e+01
-1.299392745809880978e+01
-1.309650752448032307e+01
-1.236238777726734206e+01
-1.084160237519230918e+01
-8.640600504101794144e+00
-5.913353367223020740e+00
-2.848911703487846392e+00
3.435130492090001653e-01
3.450689550540829043e+00
6.271402013040584755e+00
8.631092624349571807e+00
1.039396983280210662e+01
1.147168037279982578e+01
1.182795204155414304e+01
1.147896568653402660e+01
1.048957767577752875e+01
8.965856981427224426e+00
7.044694943281324839e+00
4.881466656591435971e+00
2.636853456986175903e+00
4.639670992823510254e-01
-1.503152233679966310e+00
-3.158751452602448051e+00
-4.431615144194076095e+00
-5.287959001852684970e+00
-5.730885539381658234e+00
-5.796630200726289317e+00
-5.548104218434014356e+00
-5.066464231265889850e+00
-4.441589029085196927e+00
-3.762409139723597029e+00
-3.108011532754681561e+00
-2.540333850343113209e+00
-2.099082248327600375e+00
-1.799272490682273906e+00
-1.631528347427603665e+00
-1.565000000381147061e+00
-1.552513540264013336e+00
-1.537353957096058821e+00
-1.460937130204388978e+00
-1.270554013749099376e+00
-9.263781337950360850e-01
-4.070137181473132415e-01
2.869829997562236557e-01
1.131968182304056381e+00
2.082577955898289535e+00
3.075465777502168763e+00
4.035040110211265407e+00
4.880634058017054855e+00
5.534395889713760397e+00
5.929116259431447489e+00
6.015211203565507425e+00
5.766159184541872484e+00
5.181837877463981279e+00
4.289407903996644400e+00
3.141627027896729984e+00
1.812726845833539713e+00
3.922209569458678935e-01
-1.022783752932607815e+00
-2.336052257628105977e+00
-3.460662025904587491e+00
-4.326614128976776996e+00
-4.886883016852794803e+00
-5.121317218574697350e+00
-5.038004929344559457e+00
-4.671959055608804867e+00
-4.081233218067882085e+00
-3.340829144117828164e+00
-2.534973025061679763e+00
-1.748502741466810839e+00
-1.058203101321317341e+00
-5.249424458918403591e-01
-1.873985358806855572e-01
-5.801956338745872799e-02
-1.216597406626425126e-01
-3.370767054222998382e-01
-6.412030361564911018e-01
-9.558320579487817881e-01
-1.196114557639916587e+00
-1.280071503072358396e+00
-1.138207423624617576e+00
-7.222725428040679407e-01
-1.227430035008322817e-02
9.790223437765088743e-01
2.204652389111919852e+00
3.585341366974544641e+00
5.014699538295440462e+00
6.367379210642084786e+00
7.509565764008096167e+00
8.310933189873026095e+00
8.657027380609942924e+00
8.460962111753680404e+00
7.673333001078436411e+00
6.289374393187999068e+00
4.352594896060610452e+00
1.954412649403981517e+00
-7.703522076476132519e-01
-3.651911557684722531e+00
-6.497303369842621024e+00
-9.104668983506016389e+00
-1.127889433328051894e+01
-1.284734408045574128e+01
-1.367437182409916652e+01
-1.367335604056866316e+01
-1.281518677870514722e+01
-1.113239952341309902e+01
-8.718498578659662712e+00
-5.722404533840563801e+00
-2.338366115155030123e+00
1.207938461565736254e+00
4.676054817058402868e+00
7.828857047639042221e+00
1.045065825994036501e+01
1.236385865218766433e+01
1.344276260476329909e+01
1.362341199462920649e+01
1.290859786871204840e+01
1.136760128881488541e+01
9.130644625684583460e+00
6.378470972699817665e+00
3.327874946168796644e+00
2.143484785380391777e-01
-2.726748944627386262e+00
-5.278956280053312966e+00
-7.261871752908435340e+00
-8.545293918718606108e+00
-9.059174241164313912e+00
-8.798557447907978002e+00
-7.823101539730547671e+00
-6.251220950263498111e+00
-4.249346122124741498e+00
-2.017202776137492215e+00
2.296503237106484185e-01
2.278553852928579371e+00
3.938170010934967991e+00
5.055036902949431088e+00
5.526852466406485753e+00
5.311358330301032105e+00
4.430063041863062878e+00
2.966478186568576092e+00
1.059003624714485170e+00
-1.110949577351058259e+00
-3.334606092989294890e+00
-5.393929527421427395e+00
-7.080656898758562079e+00
-8.214655995166458169e+00
-8.660048843998394474e+00
-8.337727127226635560e+00
-7.233183729682592045e+00
0.000000000000000000e+00
4.051848846605529353e+00
7.826203013493785221e+00
1.106646816871123562e+01
1.355618953817987560e+01
1.513510491153412119e+01
1.571074716769645008e+01
1.526469581022853461e+01
1.385301344244730615e+01
1.160087592362779496e+01
8.691874885791738947e+00
5.352899470925908787e+00
1.835855310223228010e+00
-1.602275777322665240e+00
-4.719411868605206450e+00
-7.306773867163503411e+00
-9.204253342885531097e+00
-1.031154956102774278e+01
-1.059424231764019808e+01
-1.008439466189939715e+01
-8.875735955347678896e+00
-7.113922630899906174e+00
-4.982774215971851106e+00
-2.687702663330281627e+00
-4.377677786971722051e-01
1.572116323740522903e+00
3.177335644023663974e+00
4.256764752681482022e+00
4.741933069918851551e+00
4.621468657964360460e+00
3.940529307709773832e+00
2.795359651873514206e+00
1.323524310144077454e+00
-3.092739590546198514e-01
-1.924605246596180486e+00
-3.347594437769112474e+00
-4.422661449172579751e+00
-5.027373556016089040e+00
-5.083243771734300864e+00
-4.562586247942679307e+00
-3.490888599810532344e+00
-1.944551191157807501e+00
-4.424087374858132193e-02
2.055522575014852471e+00
4.179616329881721271e+00
6.147240890559062088e+00
7.787236547499956529e+00
8.952488521535290289e+00
9.532215502976386645e+00
9.461133673057950944e+00
8.724768355526272501e+00
7.360522878269614822e+00
5.454479137617689766e+00
3.134264972682757389e+00
5.586488854970044216e-01
-2.095214446759568361e+00
-4.645785483498309887e+00
-6.921204412299377218e+00
-8.772257167374649001e+00
-1.008320160714418989e+01
-1.077961956903444474e+01
-1.083273411417355092e+01
-1.025994624773254493e+01
-9.121673395377454696e+00
-7.514884001451271445e+00
-5.563991848714961108e+00
-3.409977479765639252e+00
-1.198726089437041509e+00
9.303972754956504332e-01
2.854773911484671967e+00
4.476740635300750171e+00
5.729174792643843439e+00
6.578106786469005485e+00
7.022293572852163379e+00
7.089965042512377025e+00
6.833205026797134707e+00
6.320627622160232661e+00
5.629140522148352588e+00
4.835639590496937146e+00
4.009449978398477832e+00
3.206223290538582127e+00
2.463829341122127037e+00
1.800562528903901338e+00
1.215738613081241759e+00
6.925116157448977239e-01
2.025164878308172156e-01
-2.882375469790408040e-01
-8.129183802130510728e-01
-1.397611377645087138e+00
-2.055966127101632068e+00
-2.785367656119069668e+00
-3.565088444703232717e+00
-4.356669457069761719e+00
-5.106544481237934363e+00
-5.750685294073357490e+00
-6.220828860550408734e+00
-6.451673317417395026e+00
-6.388314325105811875e+00
-5.993149325781709891e+00
-5.251509388533124323e+00
-4.175384448378852476e+00
-2.804778536812949419e+00
-1.206451461177354467e+00
5.299481341263057033e-01
2.298099720475753394e+00
3.983084592369301458e+00
5.470630162454002132e+00
6.656706622336241885e+00
7.456600188383896821e+00
7.812610931893518185e+00
7.699627630679726664e+00
7.128008935217547304e+00
6.143434286185299520e+00
4.823658739646027094e+00
3.272388698659968398e+00
1.610764530089186408e+00
-3.283398078544275123e-02
-1.533774390829476753e+00
-2.781974348957052534e+00
-3.691540430341075041e+00
-4.208349092606630037e+00
-4.314845210529164810e+00
-4.031572660788170559e+00
-3.415239568617160160e+00
-2.553432789515678536e+00
-1.556404064640782181e+00
-5.466260170585188760e-01
3.529658820502561412e-01
1.030989917225534569e+00
1.398791282762129828e+00
1.399722011747314365e+00
1.015626206314606428e+00
2.698620277035306270e-01
-7.735097543151443489e-01
-2.014402531229437798e+00
-3.324928985354798083e+00
-4.560529207605068081e+00
-5.573078136497915835e+00
-6.224846255349472557e+00
-6.402080513003177487e+00
-6.026972324845639051e+00
-5.066888476510678530e+00
-3.539951433547963155e+00
-1.516351522499302495e+00
8.848695162565725081e-01
3.503435977971587345e+00
6.149343024336305419e+00
8.617385017861334262e+00
1.070356003370847020e+01
1.222201237415436381e+01
1.302109485726762017e+01
1.299717230674327695e+01
1.210494576579393566e+01
1.036334201514923414e+01
7.856364157992437924e+00
4.728707824978696905e+00
1.176380105449582825e+00
-2.567021704404404581e+00
-6.247342761564463665e+00
-9.608894654322773121e+00
-1.241396528613230288e+01
-1.446124684833818108e+01
-1.560168127509049185e+01
-1.575041519892962327e+01
-1.489385962871902791e+01
-1.309123904726761012e+01
-1.047045858634681892e+01
-7.218579750185925015e+00
-3.567636418392635456e+00
2.230933760898938800e-01
3.886950471256921613e+00
7.170303872393011702e+00
9.851868974794285805e+00
1.175938345337028679e+01
1.278230385899655985e+01
1.287951100770492019e+01
1.208142123460427797e+01
1.048635959506825621e+01
8.251521951056483672e+00
5.579296345515259326e+00
2.700093159430987377e+00
-1.468833457349392191e-01
-2.733325939207748689e+00
-4.860351147107433434e+00
-6.374340110683189842e+00
-7.178803258989938207e+00
-7.241316621886507932e+00
-6.594993954983262796e+00
-5.334418297982182366e+00
-3.606420492583392257e+00
-1.596521614284638790e+00
4.877847024225436812e-01
2.435475338319263994e+00
4.050594379516859078e+00
5.169427247544536641e+00
5.674804199455650178e+00
5.506334379061812889e+00
4.665720479231170614e+00
3.216722757859521220e+00
1.279794063090159639e+00
