6.681182152651705675e-01
1.313219048533458277e-01
-5.604073355696397307e-01
-1.387228948970038012e+00
-2.310781733856150044e+00
-3.276081832516047676e+00
-4.215228396389417931e+00
-5.052636429839809651e+00
-5.711362288187767255e+00
-6.119971206292166066e+00
-6.219329420557698107e+00
-5.968692793916035022e+00
-5.350511081612613573e+00
-4.373468463711661869e+00
-3.073428056601676062e+00
-1.512127869964764448e+00
2.263279332268142152e-01
2.040943260779200408e+00
3.820853966277165892e+00
5.453343760135565432e+00
6.832200625454510678e+00
7.865724905054269023e+00
8.483723196409856726e+00
8.642903656431229820e+00
8.330221215084563369e+00
7.563893812664248983e+00
6.392007808478937569e+00
4.888834658687001955e+00
3.149173720340748162e+00
1.281200537824252805e+00
-6.015782753627878510e-01
-2.388594016641913509e+00
-3.980029825556354872e+00
-5.293550730024789708e+00
-6.269425499848604311e+00
-6.873665102093857726e+00
-7.098982383836757393e+00
-6.963571641071254703e+00
-6.507897289071619795e+00
-5.789850723811609257e+00
-4.878768501372388933e+00
-3.848891439040497353e+00
-2.772875923650671037e+00
-1.715943492349859767e+00
-7.311758087374058412e-01
1.436623693460585827e-01
8.875474399853504615e-01
1.495819420371953701e+00
1.978130536132540307e+00
2.355009092091610690e+00
2.653458151644704888e+00
2.902095892680223166e+00
3.126380820926242254e+00
3.344447210954923477e+00
3.564006291289676831e+00
3.780653837949957907e+00
3.977776321573226248e+00
4.128080104250770432e+00
4.196597765416449022e+00
4.144869085889622440e+00
3.935866863781148695e+00
3.539152141761121584e+00
2.935708199035879318e+00
2.121921624777665105e+00
1.112250601499987779e+00
-5.976120901669368379e-02
-1.342312935541974728e+00
-2.668029580676041235e+00
-3.958332688950799039e+00
-5.129163758163459264e+00
-6.097586265528250671e+00
-6.788694753608780275e+00
-7.142213586981241313e+00
-7.118178746503735610e+00
-6.701163139983318473e+00
-5.902623899616378900e+00
-4.761108765211302440e+00
-3.340243829691364574e+00
-1.724619997108207015e+00
-1.388277998815440339e-02
1.684507565861297129e+00
3.263256050253690255e+00
4.623292310886617074e+00
5.681235307204484108e+00
6.375635675772187483e+00
6.671470148039842840e+00
6.562511288506307494e+00
6.071378256028481246e+00
5.247274055877270804e+00
4.161613978416931481e+00
2.901930792780803348e+00
1.564588623218003072e+00
2.469362585815229050e-01
-9.604267725475255091e-01
-1.980615283855168052e+00
-2.756073854565377790e+00
-3.252387964706779933e+00
-3.460001653031318902e+00
-3.393742017631396379e+00
-3.090247161115176944e+00
-2.603579415904456962e+00
-1.999463160521538496e+00
-1.348702181804412259e+00
-7.203951953443703538e-01
-1.755744843250286458e-01
2.381583678862413400e-01
4.905287408854726028e-01
5.706914525194153320e-01
4.873870179610799713e-01
2.671844973401380496e-01
-4.897649187188055087e-02
-4.105744264608425231e-01
-7.631341425926385647e-01
-1.054130521922965524e+00
-1.238584492867836229e+00
-1.283804932286225275e+00
-1.172818499735196696e+00
-9.061609461239430452e-01
-5.018653042577203571e-01
6.340926316398043383e-03
5.724428062394981698e-01
1.142806364656072216e+00
1.661642985793772898e+00
2.076726886511746084e+00
2.344797742896007620e+00
2.436110268376904475e+00
2.337674266225052477e+00
2.054854626079347657e+00
1.611158959569725102e+00
1.046216050313677703e+00
4.121243405695449447e-01
-2.314904925412578918e-01
-8.232415023599655157e-01
-1.306018179592501216e+00
-1.632711825580133391e+00
-1.771067779472204728e+00
-1.707180647392946060e+00
-1.447272432093640759e+00
-1.017552654880093055e+00
-4.621394574689416945e-01
1.607954983416600703e-01
7.843249877951867788e-01
1.339032565289617560e+00
1.759674547251751431e+00
1.991619015177505059e+00
1.996454463232228083e+00
1.756228528359494501e+00
1.275895819241477547e+00
5.837126631411564404e-01
-2.704987059096204405e-01
-1.219100184690571353e+00
-2.182100547245197752e+00
-3.073869857380726156e+00
-3.810525400221524528e+00
-4.317341431962086418e+00
-4.535525502551958965e+00
-4.427753754352933058e+00
-3.981962226001888538e+00
-3.213041555915303160e+00
-2.162265157444425157e+00
-8.944795349982337385e-01
5.067179358323576910e-01
1.945411434268349282e+00
3.320865563061716763e+00
4.535453732688093709e+00
5.502342548928825572e+00
6.152281854970290453e+00
6.438930737521941339e+00
6.342280501562969519e+00
5.869904379591858401e+00
5.055955191893725775e+00
3.958028947866964575e+00
2.652196713820867746e+00
1.226662441787614410e+00
-2.253829296500815538e-01
-1.613080720693123027e+00
-2.854764114815584453e+00
-3.883779615945833097e+00
-4.652797801930080190e+00
-5.136287932345327434e+00
-5.331005232384273818e+00
-5.254524680673057446e+00
-4.942033614172714806e+00
-4.441750916366427049e+00
-3.809458748344799695e+00
-3.102703086608276983e+00
-2.375235688218226837e+00
-1.672231570111438970e+00
-1.026726900712692014e+00
-4.575913523182788545e-01
3.081066073077587397e-02
4.472882780211033804e-01
8.110097672144802594e-01
1.147542576028259820e+00
1.484200241054461022e+00
1.845218329008679659e+00
2.247299244617798397e+00
2.696029496525975677e+00
3.183586267200340103e+00
3.688021130818216253e+00
0.000000000000000000e+00
1.519308591443879664e+01
-1.142100018048168408e+01
-3.881641450001903415e+00
9.497117677736902408e+00
-9.684665451949743264e-01
-7.149704799706148250e+00
6.383052518623058447e+00
-4.467858026022905271e+00
7.345857219793195725e+00
-7.444904014679254445e+00
-7.145422756670001263e-01
6.126913710601084695e+00
3.295589402192373729e+00
-1.837234914489146220e+01
1.835025448984413288e+01
-1.647745392935357600e+00
-9.791242280069635484e+00
1.294943062325245364e+00
1.436753161841519599e+01
-1.697401061093165708e+01
7.065216209608016662e+00
-6.214938837971404340e-01
3.005466001444452750e+00
-4.796201702976461867e+00
2.107046287398016027e+00
-3.580362588855956929e+00
1.201253062529982074e+01
-1.462015690735100648e+01
2.645424514707586550e+00
1.062441292245774527e+01
-6.346020285426806851e+00
-1.108338664886545644e+01
1.825202066066624695e+01
-5.788870887840703361e+00
-9.097348461678251397e+00
8.573999976290922476e+00
1.887122633487381407e+00
-6.006017482125505680e+00
1.881716702775094063e+00
7.296087061938261176e-02
1.698522489841967742e+00
1.877142394276128945e+00
-1.067925468813098000e+01
1.103420073031661630e+01
1.850483277252791492e+00
-1.148909625602515483e+01
2.268654162793718232e+00
1.571918348211779559e+01
-1.920370571155925887e+01
4.749785703231596656e+00
7.200032031120906950e+00
-2.433163333029589204e+00
-9.047682932951133239e+00
1.179244430176115088e+01
-7.454606266701730100e+00
6.670832266031242241e+00
-8.554721813638817451e+00
4.264947442580652393e+00
3.148021173581281751e+00
-9.168084004683230148e-02
-1.388698954106164329e+01
2.022733499379392796e+01
-7.635283681535320888e+00
-8.794959942853898482e+00
7.546804245707446235e+00
8.641581365444380936e+00
-1.750767147788413780e+01
9.422143181516322130e+00
1.805214755050186692e+00
-2.628553228172718637e+00
-1.892567790850587350e+00
1.664752790722082043e+00
5.995538536026479015e-02
4.669943510910686157e+00
-1.006586760738567676e+01
3.583819005688547055e+00
1.082382603170908375e+01
-1.380097486239860416e+01
-8.303972108697368348e-01
1.400993796912896094e+01
-7.465907289174844585e+00
-1.008032552489875044e+01
1.608243000923438615e+01
-6.135687959933561864e+00
-3.128887069061991433e+00
1.005919251834841432e+00
4.422386446183070419e+00
-4.321740035065077201e+00
4.052119430094716535e+00
-1.007275612129793174e+01
1.424103405967288438e+01
-5.954543097845887090e+00
-6.681200540422129741e+00
4.866689326820816675e+00
1.200426476890844008e+01
-2.220696480424932062e+01
1.197025444396563643e+01
4.616413308076474209e+00
-6.287349229070881229e+00
-5.847527716700064992e+00
1.349908809828360567e+01
-9.520383371423708496e+00
4.410097395229183981e+00
-5.112272604058819780e+00
4.559017025713800741e+00
1.733490091265025512e+00
-3.838755291761524635e+00
-6.129299901352728952e+00
1.644670560344758314e+01
-1.018075033358994297e+01
-7.641729639272726970e+00
1.412950696300495501e+01
-9.656641541024355568e-01
-1.337013296173241450e+01
1.035858828634486528e+01
3.473758713069067916e+00
-9.455484702817379628e+00
4.465449045515849313e+00
-6.499465870347231888e-01
2.575154277978859430e+00
-1.990514321396445130e+00
-3.273154821636680811e+00
2.211876330767237331e+00
9.752569088293714827e+00
-1.806656530043775177e+01
8.846649545571446893e+00
7.582414887139868220e+00
-8.751084383887093310e+00
-7.618461284268715161e+00
1.992804293825355444e+01
-1.366806446706160827e+01
2.996112866209337255e-01
2.428874737579535648e+00
4.384355546110125346e+00
-7.812063165671334630e+00
5.965548983986698417e+00
-7.654777781061531172e+00
1.255154816705995025e+01
-9.352739970661623659e+00
-2.862894928987172349e+00
7.718048311409401840e+00
4.632377996774776463e+00
-1.925690967491717487e+01
1.565755331304875675e+01
2.248483086905545658e+00
-1.124182917549151384e+01
1.816845580223658718e+00
1.044172511136418890e+01
-9.932038476762826917e+00
1.859922828075253998e+00
9.885614156705455624e-01
4.868039936460197836e-01
2.427296151102304123e+00
-6.911760435553627957e+00
2.176706283433693212e+00
8.945532333099553313e+00
-9.392181122929562420e+00
-5.932318334078393818e+00
1.850381086873181502e+01
-1.121210407728001002e+01
-6.103853741689298396e+00
1.021357687938451875e+01
2.735118344203715246e+00
-1.412215206945820967e+01
1.155419665728352641e+01
-3.940402414613806137e+00
3.014982973226163487e+00
-5.173218675827381929e+00
2.436693913704205183e+00
8.459752043061374849e-02
7.092619735133056658e+00
-1.754042678150830881e+01
1.469362452043322520e+01
1.421571208812649090e+00
-9.967342663295978511e+00
-1.581586211888851956e+00
1.813430848940375739e+01
-1.804553437073403188e+01
3.361035238423839555e+00
5.570220888881720178e+00
-4.088370996092232090e-01
-6.880209708815710812e+00
6.430132221134813086e+00
-4.260440875848255260e+00
7.021191452089700746e+00
-7.671068910248596495e+00
-1.270152994880131114e+00
1.020293576871899077e+01
-4.224961365634278820e+00
-1.149038249878404372e+01
1.522849432047260265e+01
7.493377162561336291e-02
-1.511508107754109709e+01
1.132117280602005849e+01
3.523381968638599648e+00
-8.759028150422825121e+00
6.580336761348526409e-01
6.614807258753956809e+00
-5.734774795255901836e+00
5.210371694493339589e+00
5.463767827433636981e+00
5.355725224624992897e+00
4.904025804711373837e+00
4.152221099004465898e+00
3.165930808205866587e+00
2.027316133035671708e+00
8.282034567131720815e-01
-3.375475848819187163e-01
-1.381771959910811809e+00
-2.229156447774597538e+00
-2.823212105684345552e+00
-3.130554990750900046e+00
-3.143140093724456463e+00
-2.878276479561576728e+00
-2.376449153667806513e+00
-1.697167305443459506e+00
-9.132318018532992188e-01
-1.039515484259929679e-01
6.520735859746207286e-01
1.283953878084219458e+00
1.734672688790955153e+00
1.965872271348094280e+00
1.960854810214374133e+00
1.725558120745432023e+00
1.287452719394844847e+00
6.924971583072370152e-01
4.641357072287521923e-04
-7.209050817634179431e-01
-1.402359064401898614e+00
-1.979599959730524716e+00
-2.399153195698864316e+00
-2.623107426254755126e+00
-2.632301811749712339e+00
-2.427688799696671396e+00
-2.029775504052791835e+00
-1.476229029671870752e+00
-8.179035166933805723e-01
-1.136931605436706239e-01
5.752776173838285434e-01
1.191558152268700432e+00
1.686798003048011640e+00
2.026175806090854792e+00
2.191411382934023155e+00
2.182082536241369386e+00
2.015134623824357263e+00
1.722647792952703538e+00
1.348096797662889923e+00
9.414853767237216786e-01
5.538471900556318772e-01
2.316677561721860457e-01
1.179066632317615770e-02
-8.267438611004518378e-02
-4.502031318949928362e-02
1.140959301653059477e-01
3.675173487493015312e-01
6.742159785803645278e-01
9.834523758067585941e-01
1.240077494710909001e+00
1.390471210643062117e+00
1.388541166336529242e+00
1.201189288309219227e+00
8.126932847284815686e-01
2.275434756091669897e-01
-5.285867984854193402e-01
-1.409888666584275141e+00
-2.353447525577534449e+00
-3.284032966292573796e+00
-4.120257890391507694e+00
-4.781580786647445791e+00
-5.195536532872481850e+00
-5.304547608674655024e+00
-5.071692855253220777e+00
-4.484893138157573844e+00
-3.559105458240945374e+00
-2.336287601921577473e+00
-8.830891458636245250e-01
7.135758315154759890e-01
2.352731596708963036e+00
3.926818132713752796e+00
5.329827130843187710e+00
6.465419695059237526e+00
7.254347300595638259e+00
7.640555664369033551e+00
7.595463789710411362e+00
7.120067447759248935e+00
6.244703663497463531e+00
5.026513590631717321e+00
3.544837519150591199e+00
1.894950162367603275e+00
1.806813768452597557e-01
-1.493444900184858204e+00
-3.029889894114843329e+00
-4.344962050898362627e+00
-5.374310691262034645e+00
-6.076631896973172964e+00
-6.435334335550630946e+00
-6.458099413826881019e+00
-6.174459186055336168e+00
-5.631689508331719551e+00
-4.889459248520728885e+00
-4.013776140887926225e+00
-3.070817485275654679e+00
-2.121225631969099634e+00
-1.215385610784076587e+00
-3.900919710217141123e-01
3.331350663425267644e-01
9.479932826689567715e-01
1.461686221505507977e+00
1.891803460109108048e+00
2.262179337685281233e+00
2.598213886464718403e+00
2.922188571074843644e+00
3.249104846268636937e+00
3.583516109154667006e+00
3.917719030581803263e+00
4.231528705543420088e+00
4.493697324536883642e+00
4.664864149907869795e+00
4.701762233186271622e+00
4.562270430132283394e+00
4.210801397074902752e+00
3.623467269754194309e+00
2.792469914956356103e+00
1.729222161501387189e+00
4.658152500662371409e-01
-9.454038425678898960e-01
-2.434207118468941999e+00
-3.916689933800948431e+00
-5.301005740879029204e+00
-6.494179087511372295e+00
-7.409430683430293207e+00
-7.973384173562065413e+00
-8.132516649944804499e+00
-7.858265369072898743e+00
-7.150307759090619442e+00
-6.037681723715088822e+00
-4.577595370315989065e+00
-2.851973454966157728e+00
-9.619843154207426972e-01
9.790318388549630324e-01
2.853670726021545256e+00
4.548951959072373263e+00
5.964494792133053558e+00
7.019713161257900680e+00
7.659443841374056205e+00
7.857555010628198389e+00
7.618255291732046075e+00
6.975020032863408659e+00
5.987254664870144794e+00
4.735006349947664894e+00
3.312197843253527729e+00
1.818977189109244774e+00
3.538431736558300678e-01
-9.937861631790956274e-01
-2.149946350335298462e+00
-3.060930615816636280e+00
-3.696164706424198254e+00
-4.048971051337213467e+00
-4.135233476286241938e+00
-3.990161842628324518e+00
-3.663522649754817007e+00
-3.213831799548844792e+00
-2.702087865754587703e+00
-2.185651357200784073e+00
-1.712845779148911785e+00
-1.318773237669073506e+00
-1.022709291189100700e+00
-8.272812531968609662e-01
-7.194566519908538460e-01
-6.731909999375591536e-01
-6.534232483412545367e-01
-6.209784514861815818e-01
-5.378522823644316109e-01
-3.723189622784437436e-01
-1.033257757534324917e-01
2.762886680499363479e-01
7.580961727979391718e-01
1.318091788538930720e+00
1.918437361069204261e+00
2.510781618970837403e+00
3.040843234903131798e+00
3.453813701641206713e+00
3.700049623536723509e+00
3.740487708116957855e+00
3.551234103197684178e+00
3.126851336011652549e+00
2.481984488879886097e+00
1.651122446319518655e+00
6.864656816045435761e-01
-3.459473766041264442e-01
-1.371534900075488395e+00
-2.313426319192088965e+00
-3.099117550684995059e+00
-3.666919818650927532e+00
-3.971603840708961108e+00
-3.988705794098709845e+00
-3.717076501267190913e+00
-3.179410440396040372e+00
-2.420672455204633700e+00
4.671730744322265316e+00
-8.250607511155479301e+00
7.999116695679027167e+00
1.006375052805225323e+00
-6.653301221153664180e+00
-3.233955623927152967e+00
1.866000239372082703e+01
-1.852753325240945514e+01
1.723801805057762593e+00
9.571973338587397961e+00
-1.149525508086033376e+00
-1.401510444657406040e+01
1.637377796073916869e+01
-7.032511420465282548e+00
1.340589959231548001e+00
-3.579918042518974275e+00
4.419242509714190525e+00
-1.206500927455444128e+00
3.222939352445616912e+00
-1.244842237595142365e+01
1.508732230876459468e+01
-2.558552256654703427e+00
-1.099502878729083477e+01
6.561275212211956642e+00
1.093023285417269719e+01
-1.795401640453879111e+01
5.634056026746558032e+00
8.772125861699764826e+00
-8.174871701948928759e+00
-1.593684344494637806e+00
5.083370315468088485e+00
-1.329995480675172592e+00
3.391380414759599393e-01
-2.400293380574698432e+00
-1.893506383671287985e+00
1.140133603961460373e+01
-1.160156103716514053e+01
-1.870984587609775485e+00
1.169433317501386682e+01
-2.272400078295254033e+00
-1.574623741760255058e+01
1.910671994310613542e+01
-4.865900711022876024e+00
-6.648181233327596473e+00
1.982838110624420835e+00
8.730574394832409268e+00
-1.101386251489279289e+01
7.247866731837696364e+00
-7.371978036480353325e+00
9.287794344692880344e+00
-4.148288464608227422e+00
-3.843054039449580905e+00
4.677957766361151570e-01
1.408045264060001145e+01
-2.048242130965177665e+01
7.643724552562549235e+00
8.800382394436054412e+00
-7.477027243277030166e+00
-8.423198197541012178e+00
1.690908909310950747e+01
-9.074522889618556576e+00
-1.384332541848937836e+00
1.968488755576489613e+00
1.795887053004695755e+00
-7.552081392087028888e-01
-7.650779878506013265e-01
-4.864387643711387099e+00
1.064931943196100406e+01
-3.684346711693852860e+00
-1.125824152275995260e+01
1.419358955879966189e+01
6.899207238637876660e-01
-1.384591081299367943e+01
7.263342300759254577e+00
9.957154768089971242e+00
-1.567924530592583743e+01
6.132980238985689780e+00
2.400417981245727361e+00
-2.650455745534268104e-01
-4.284218014025170440e+00
3.530834953454917269e+00
-3.695357397068124605e+00
1.060958065294590646e+01
-1.495583489443661485e+01
6.058707850447525800e+00
7.041062205690461262e+00
-5.087919064875908504e+00
-1.201878270966428630e+01
2.215806163309768806e+01
-1.191683112780883391e+01
-4.337857122747542427e+00
5.860717690156422854e+00
5.737872211140800260e+00
-1.273201988609546831e+01
8.953919479415738181e+00
-4.768100801440422032e+00
5.899973778363925447e+00
-4.693519970100314964e+00
-2.445871688487351037e+00
4.528205965356800533e+00
6.113586983915078932e+00
-1.677076437917609297e+01
1.025787725673726847e+01
7.790573306968383349e+00
-1.420455713774424744e+01
1.095624915645200037e+00
1.290201298127242957e+01
-9.863580868874045393e+00
-3.354771505217067684e+00
8.820220796661882190e+00
-4.251780997949899721e+00
1.362859175492066033e+00
-3.484056368672782344e+00
2.089705219411519987e+00
3.900185078895767710e+00
-2.602911925715313490e+00
-1.006506320860253112e+01
1.858436154777403715e+01
-9.038001203441274001e+00
-7.583587145118158901e+00
8.668739647377606161e+00
7.593424588235999195e+00
-1.958550949826556931e+01
1.342439223496724310e+01
-7.050111818690902865e-01
-1.687657637986041514e+00
-4.506174654848032368e+00
7.061944790122125504e+00
-5.258123403219703285e+00
7.847739719945728609e+00
-1.328889787827679392e+01
9.644759626308903933e+00
3.270920711354216692e+00
-8.200888891718953744e+00
-4.513839417423412215e+00
1.926598572780435958e+01
-1.556132082371493475e+01
-2.212163981931477341e+00
1.095348415734510539e+01
-1.770424754983400017e+00
-9.825577596181117812e+00
9.161571677199194852e+00
-1.841618959870626959e+00
-2.727443737674339896e-01
-9.009071822556655729e-01
-2.965451262368111074e+00
7.798279068660825430e+00
-2.461893609037507868e+00
-9.288108007031771862e+00
9.655495147319683724e+00
6.064252597148797719e+00
-1.870892358321308535e+01
1.131627126419581408e+01
5.835230264851785087e+00
-9.763482389187876365e+00
-2.827579222965992400e+00
1.359493413972885989e+01
-1.107491745270442252e+01
4.302174917215580763e+00
-3.927823615664765455e+00
5.549315938945733606e+00
-1.875330916005593096e+00
-7.755839245960167716e-01
-7.114680421646075281e+00
1.807140804195890382e+01
-1.499243906233604307e+01
-1.529070907642230637e+00
1.009982178862034985e+01
1.525431574955049108e+00
-1.788021405644934703e+01
1.768038067003091385e+01
-3.429964657923874505e+00
-4.984992578854245515e+00
9.032788672764002769e-02
6.306459252882653743e+00
-5.505855909388555958e+00
4.049843776578187615e+00
-7.647102705090156327e+00
8.177137694006844981e+00
1.562489124709818711e+00
-1.087472396635129002e+01
4.552640205594927991e+00
1.152882652768116323e+01
-1.522091434107886343e+01
-1.499382798922979931e-01
1.499499420764369262e+01
-1.119148043006229898e+01
-3.150929058537813354e+00
7.990520545093284355e+00
-3.394855258281443966e-01
-6.068174739914821814e+00
5.078473210102734114e+00
-4.871701025521510076e+00
9.141987490459356991e+00
-8.541448618602013099e+00
-1.283311302555901534e+00
7.147705766384317094e+00
3.176446272619787070e+00
-1.890777928241015715e+01
1.866573223345553600e+01
-8.413725163969722587e+00
-8.416880499882287481e+00
-7.960681837586027321e+00
-7.080561126212433720e+00
-5.839571739106814263e+00
-4.323418788010373603e+00
-2.633796571695867783e+00
-8.805943739289705530e-01
8.263765694250696514e-01
2.385448023220890335e+00
3.710290909005697912e+00
4.735665754258626237e+00
5.421284084795576774e+00
5.753508407016348691e+00
5.744811226107770175e+00
5.431110634674519488e+00
4.867283597666661521e+00
4.121311723191258380e+00
3.267624466647047754e+00
2.380261871644110627e+00
1.526478540948867924e+00
7.613533128723934951e-01
1.238610735458980372e-01
-3.652851175166578201e-01
-7.038876244950484917e-01
-9.066632298083384667e-01
-1.002012992222391263e+00
-1.027539977311844765e+00
-1.024805157934580935e+00
-1.033876502514234463e+00
-1.088236741887884662e+00
-1.210570999617301080e+00
-1.409861029108941288e+00
-1.680077585610661561e+00
-2.000599656582653374e+00
-2.338314634575069384e+00
-2.651183876289746166e+00
-2.892909773157940734e+00
-3.018227735412563728e+00
-2.988280239905889868e+00
-2.775516765965893473e+00
-2.367604464416721566e+00
-1.769926022571277624e+00
-1.006374829459815157e+00
-1.183206158763061566e-01
8.382041938266640013e-01
1.796872957024339357e+00
2.686608909378937149e+00
3.437805297039991270e+00
3.988647666146165172e+00
4.290943671085019062e+00
4.314900987065924731e+00
4.052382327407554996e+00
3.518300370361368223e+00
2.749982491527665829e+00
1.804520281346623900e+00
7.543048271859230658e-01
-3.188816187225452792e-01
-1.330709549525679769e+00
-2.201481450592771338e+00
-2.863008022949087295e+00
-3.264562925234266721e+00
-3.377374101417910168e+00
-3.197236289715393198e+00
-2.744994585692464018e+00
-2.064838092751306142e+00
-1.220538612637684261e+00
-2.899541950879000463e-01
6.417256867928464725e-01
1.489401908994757440e+00
2.175501165433482154e+00
2.636768642447079536e+00
2.829817174985874484e+00
2.734941977068283681e+00
2.357864021672422261e+00
1.729249384059352579e+00
9.020496932702286585e-01
-5.309763505690273666e-02
-1.053998972466873463e+00
-2.014018977640451791e+00
-2.849550006057722129e+00
-3.487178153468080133e+00
-3.869918619649582947e+00
-3.961980206270839133e+00
-3.751653889730779845e+00
-3.252091025791714607e+00
-2.499927151883717613e+00
-1.551900125357155158e+00
-4.797889146282621753e-01
6.358543253090400693e-01
1.712604322822304459e+00
2.673071730374423360e+00
3.451206689178069720e+00
3.997447222526785637e+00
4.282277069237784062e+00
4.297910424533165852e+00
4.057997959623760309e+00
3.595432809175391320e+00
2.958509736620625219e+00
2.205839227072533326e+00
1.400527163268785680e+00
6.041901521181589629e-01
-1.286186722481681421e-01
-7.550484354149962218e-01
-1.247228362233178567e+00
-1.593898241010622385e+00
-1.800270407187479549e+00
-1.886177748026247603e+00
-1.882731266768383982e+00
-1.827857024426647214e+00
-1.761191804998400334e+00
-1.718879142588884967e+00
-1.728816425317691863e+00
-1.806858737429461570e+00
-1.954390162581973289e+00
-2.157537456808817034e+00
-2.388137239749836382e+00
-2.606391787381620251e+00
-2.764977018848145285e+00
-2.814215885565774844e+00
-2.707815715006706370e+00
-2.408600462076441406e+00
-1.893655229200519985e+00
-1.158342731961473415e+00
-2.187462534327719865e-01
8.877672812934007673e-01
2.103999718207393954e+00
3.356338373818193777e+00
4.559900222129209979e+00
5.624999684533880107e+00
6.464403297372147250e+00
7.000748635589332025e+00
7.173474391085576940e+00
6.944636879756702186e+00
6.303073543228672193e+00
5.266509054530004619e+00
3.881372672536731905e+00
2.220291223566321470e+00
3.774230762659707139e-01
-1.538013287886073499e+00
-3.409503947235966947e+00
-5.121670712074656073e+00
-6.568681811410535865e+00
-7.661954691382181437e+00
-8.336523022690728979e+00
-8.555554133259883898e+00
-8.312661607239640205e+00
-7.631846530655865379e+00
-6.565102941985340834e+00
-5.187920443090747291e+00
-3.593092120065153772e+00
-1.883373482301069934e+00
-1.636261062553101553e-01
1.466889316624704787e+00
2.921433952381232935e+00
4.131373290865857584e+00
5.050000280799487484e+00
5.654345118244893165e+00
5.944903953065603375e+00
5.943407254115795624e+00
5.688921939588959198e+00
5.232723892996151704e+00
4.632476418371000548e+00
3.946296983568644112e+00
3.227285641103813330e+00
2.519025430225712014e+00
1.852454540690937623e+00
1.244363151437337889e+00
6.975990795053648164e-01
2.028920863180370127e-01
-2.579562959658681653e-01
-7.079065946613153359e-01
-1.170024158923534952e+00
-1.662863160024249609e+00
-2.196417690571569548e+00
-2.769106630352447862e+00
-3.366152789550387325e+00
-3.959574013600233311e+00
-4.509838266242268467e+00
-4.969062252987024308e+00
-5.285470667900128205e+00
-5.408696523342205964e+00
-5.295405747425772525e+00
-4.914681124813883528e+00
-4.252606911100871301e+00
-3.315556135180949937e+00
-2.131792618505986336e+00
-7.511492723319377340e-01
7.572803471604845349e-01
2.309315134354910093e+00
3.811424540065107003e+00
5.167578773366726885e+00
6.286643790466644788e+00
7.089689372344627039e+00
7.516570799116470525e+00
7.531194847019559546e+00
7.124985143669077203e+00
6.318211394121687086e+00
5.159028500590698840e+00
3.720268986819462054e+00
-1.809614123204946523e+00
-9.310118638904679500e+00
9.857173079374845770e-01
1.363735754801839661e+01
-1.574143910972674654e+01
6.994556393739009614e+00
-2.070547244573735401e+00
4.158299350437483888e+00
-4.043313489134046534e+00
3.158079166488807488e-01
-2.869004014927867274e+00
1.286043497130819091e+01
-1.552210675437340903e+01
2.474544204039529571e+00
1.132458230812882682e+01
-6.749244718927348785e+00
-1.075282425679963438e+01
1.761039245797930164e+01
-5.468050223094335749e+00
-8.417731321628039609e+00
7.749588844855034964e+00
1.296943848753499440e+00
-4.146187691678495213e+00
7.734328059998469840e-01
-7.480141448417210182e-01
3.091564797427344580e+00
1.909244045551200086e+00
-1.209646855457702586e+01
1.214243269020240668e+01
1.878036917238534720e+00
-1.185671226624810615e+01
2.259494812285085530e+00
1.573883694194564953e+01
-1.896642042696565156e+01
4.980560193698738480e+00
6.063939626251961812e+00
-1.513095771520017507e+00
-8.402429969585444525e+00
1.021812978681798612e+01
-7.035213859856080276e+00
8.066997226471816163e+00
-1.000917653472931690e+01
4.034703435492379420e+00
4.512005546842593695e+00
-8.277135967811508621e-01
-1.424780684356570326e+01
2.069245980777614591e+01
-7.643635812006562169e+00
-8.767483616098310506e+00
7.373459049590257663e+00
8.191935762609890759e+00
-1.627233763546207612e+01
8.710491322493416178e+00
9.506795840511332862e-01
-1.295117316990931577e+00
-1.700487639207909574e+00
-1.511279223223622736e-01
1.463668158692594590e+00
5.047932188573533097e+00
-1.120386701535356444e+01
3.774763534784934649e+00
1.166087085109291444e+01
-1.454713766021065346e+01
-5.443473620365482102e-01
1.363761591337061496e+01
-7.034349758701729627e+00
-9.811853350525652218e+00
1.523856863219139157e+01
-6.121428661310314823e+00
-1.655222062843230812e+00
-4.872024298558317312e-01
4.145102023565609528e+00
-2.742012844161646701e+00
3.340993242156488741e+00
-1.112943952100427580e+01
1.564154090942530928e+01
-6.159814539585270587e+00
-7.365828282779118830e+00
5.279425859045705494e+00
1.201377942285140854e+01
-2.206039071933889062e+01
1.184412452781197445e+01
4.031874118377789529e+00
-5.402615297248781090e+00
-5.625789593984414694e+00
1.194191969217260052e+01
-8.374856995260834935e+00
5.124934103408550712e+00
-6.682388438691685195e+00
4.825307780198690999e+00
3.141225111528373581e+00
-5.195484906753968346e+00
-6.088343734859874345e+00
1.705341192669182249e+01
-1.031121938549660122e+01
-7.912281880026442060e+00
1.423515766369369828e+01
-1.220199043996540222e+00
-1.239767115688816190e+01
9.339942098948030846e+00
3.227488583533181910e+00
-8.162196863020321658e+00
4.029840972620569950e+00
-2.077002930652564583e+00
4.389105049093720901e+00
-2.190113127388165104e+00
-4.507589176213829596e+00
2.976964880933391733e+00
1.035893590570971412e+01
-1.905976567128960042e+01
9.215270065618312856e+00
7.550153001081834070e+00
-8.548025562786166986e+00
-7.560359450320879304e+00
1.920081848963091176e+01
-1.315675345247307249e+01
1.123402983664458787e+00
9.264820162385714042e-01
4.630054329744778485e+00
-6.306509114613137790e+00
4.550551139529617650e+00
-8.032865534318041512e+00
1.400227455004133503e+01
-9.922788626172188486e+00
-3.656195984298312496e+00
8.647318923262144352e+00
4.394330402695041826e+00
-1.923071079273723072e+01
1.543055580424910289e+01
2.160024221203058925e+00
-1.062513514678049020e+01
1.711613598676507308e+00
9.187267616429579675e+00
-8.369803517888538380e+00
1.822003346841815308e+00
-4.465763346233222464e-01
1.313785133054002685e+00
3.494920825226914385e+00
-8.663308506455887681e+00
2.742155117228993522e+00
9.600450841185482531e+00
-9.886254490086400892e+00
-6.184558946397533674e+00
1.886702751176704140e+01
-1.139584224288423364e+01
-5.540684209719168862e+00
9.275208053345599168e+00
2.922740833597939236e+00
-1.304020953012151729e+01
1.057624564635581166e+01
-4.664786068573922861e+00
4.843061625890289434e+00
-5.923513685374505400e+00
1.323079571930093401e+00
1.449414212626253473e+00
7.131366258600117192e+00
-1.856543247650048301e+01
1.526310432219860047e+01
1.617163820964603538e+00
-1.018835834053707146e+01
-1.479354518593702039e+00
1.758859480857116608e+01
-1.727781607030732047e+01
3.502034068341285611e+00
4.373085607309671552e+00
2.398759252596445180e-01
-5.725100431056325156e+00
4.575472557861697709e+00
-3.836436724575305046e+00
8.258729544653263588e+00
-8.666190985908729161e+00
-1.844899922631630940e+00
1.151082368498200736e+01
-4.864022992079733321e+00
-1.153592739725451999e+01
1.517007769849235110e+01
2.250839648553342176e-01
-1.483346055929859730e+01
1.103258813690832696e+01
2.765071448948303257e+00
-7.193537876879812387e+00
1.347874054417053102e-02
5.511636971710203170e+00
-4.416282535243322371e+00
5.067418289405569709e+00
-1.001763617419721086e+01
9.070530948887917333e+00
1.544374159440089045e+00
-7.608546757845927822e+00
-3.123356672286514701e+00
1.911507476655503623e+01
-1.876454629587800582e+01
1.905007375017402360e+00
9.006389420343936081e+00
-8.039757914559206853e-01
-1.323537300160753460e+01
1.507879125586894808e+01
-6.951411467453944226e+00
2.809185353239392668e+00
-4.738842775830985232e+00
-1.689858438496356197e+00
-1.670488451361269666e+00
-1.424214675600930846e+00
-9.654460804114992634e-01
-3.302109692499890503e-01
4.265337263698609771e-01
1.235421625223048103e+00
2.018644061127594647e+00
2.696846348354944745e+00
3.196342007215596581e+00
3.455996516085726888e+00
3.433153633678507344e+00
3.108056017009558580e+00
2.486340929401211319e+00
1.599359831765778228e+00
5.022625202287023249e-01
-7.300150752839816848e-01
-2.008533223627872566e+00
-3.237415863432133278e+00
-4.321602151160337080e+00
-5.174618218924154966e+00
-5.725701450032262052e+00
-5.925665104560618346e+00
-5.751000985149115508e+00
-5.205872087529462178e+00
-4.321831884318919847e+00
-3.155305367499027902e+00
-1.783061345374640005e+00
-2.960783074306179152e-01
1.207657985143237189e+00
2.630800146277419316e+00
3.884072576735378313e+00
4.892865475215318227e+00
5.602446263407770743e+00
5.981376761677905662e+00
6.022891095351697643e+00
5.744175529935415803e+00
5.183680004216207671e+00
4.396764751764795420e+00
3.450128293050203077e+00
2.415562433686707422e+00
1.363627053590398486e+00
3.578286753761319439e-01
-5.501764391092354156e-01
-1.323945019415079694e+00
-1.943913656260258804e+00
-2.407278538130536827e+00
-2.726173247750869777e+00
-2.924395451077232977e+00
-3.033072372945220696e+00
-3.085754287544769880e+00
-3.113475544962950980e+00
-3.140319299693686173e+00
-3.179965628875233374e+00
-3.233598729639969971e+00
-3.289407512045015469e+00
-3.323748884247290647e+00
-3.303870370623494424e+00
-3.191925190544422808e+00
-2.949874514049930951e+00
-2.544771924515210948e+00
-1.953874148779842557e+00
-1.169025261718159125e+00
-1.998191123611312570e-01
9.248482430144004951e-01
2.157077413090062290e+00
3.432183887702005443e+00
4.672720098300858105e+00
5.794009245243119999e+00
6.710745936567966474e+00
7.344104190165182899e+00
7.628728492294779784e+00
7.518975122535701772e+00
6.993820428517277143e+00
6.059956401313498553e+00
4.752742974254109853e+00
3.134867906893822109e+00
1.292762813273573341e+00
-6.689798669029620726e-01
-2.634767080782021154e+00
-4.486178850987970534e+00
-6.110498107526969314e+00
-7.408902579747739026e+00
-8.303648350085069296e+00
-8.743656909915388908e+00
-8.708051187592001696e+00
-8.207359241127997862e+00
-7.282301757820283328e+00
-6.000283644297416785e+00
-4.449902709972151094e+00
-2.733952700356761412e+00
-9.615192947432558146e-01
7.601643643656952332e-01
2.333427141315572939e+00
3.676809344689697667e+00
4.730131796687592427e+00
5.457613201661137836e+00
5.848843890718894656e+00
5.917617285868410626e+00
5.698809878822562958e+00
5.243668990927836226e+00
4.613999987067975539e+00
3.875829329502499476e+00
3.093149755852746541e+00
2.322326962904052827e+00
1.607666774790426523e+00
9.785161164305229420e-01
4.481125942401271711e-01
1.422146639248778044e-02
-3.385778608140981305e-01
-6.352541437780282463e-01
-9.057628933345407418e-01
-1.180074442605767659e+00
-1.483339087723565264e+00
-1.831716996542021025e+00
-2.229328576030932485e+00
-2.666664044822408375e+00
-3.120640512131461541e+00
-3.556325544477136447e+00
-3.930174434652052184e+00
-4.194470845659481029e+00
-4.302532524469190989e+00
-4.214157916991467800e+00
-3.900754336084477636e+00
-3.349607606837032847e+00
-2.566825434629975700e+00
-1.578605652436932738e+00
-4.306350797765718941e-01
8.143994122012361281e-01
2.081025381817783959e+00
3.286594222506932894e+00
4.347814822588373040e+00
5.187642597290952118e+00
5.741908336881313524e+00
5.965081137997148453e+00
5.834625737841628634e+00
5.353531351916259950e+00
4.550746374587480325e+00
3.479436962840061653e+00
2.213180971660298368e+00
8.403943131755692297e-01
-5.425524529101894977e-01
-1.838948466174991969e+00
-2.959438992199955543e+00
-3.829142720447876513e+00
-4.393575485466924668e+00
-4.622867885591638526e+00
-4.513912363633140856e+00
-4.090256349667005686e+00
-3.399755795307448203e+00
-2.510200053490819094e+00
-1.503296858397635383e+00
-4.675491160913640698e-01
5.093495293739200847e-01
1.347934355907081549e+00
1.983559041363721853e+00
2.371587747545344182e+00
2.490751149804257381e+00
2.344394848145006982e+00
1.959538953421666063e+00
1.383863911506492794e+00
6.809219859467448011e-01
-7.597039715495590428e-02
-8.105910083525877941e-01
-1.450791789454827674e+00
-1.934968433510343422e+00
-2.217442212950761160e+00
-2.272283483377740332e+00
-2.095255005594061970e+00
-1.703729873702489295e+00
-1.134626922081500178e+00
-4.405885630083891669e-01
3.152147035148773480e-01
1.065146934733067097e+00
1.743456812840070036e+00
2.292316668875801877e+00
2.666989396790868216e+00
2.839651795725514294e+00
2.801535900906235721e+00
2.563213504004337562e+00
2.153027718139013391e+00
1.613852172022468112e+00
9.985165389117753865e-01
3.643617546365318649e-01
-2.325322007927608237e-01
-7.428760517587140733e-01
-1.128916437405868889e+00
-1.367934409066684509e+00
-1.454159251810223985e+00
-1.398916268520691508e+00
-1.229001161736334558e+00
-9.834483944744741857e-01
-7.090196765396632461e-01
-4.548662711642531553e-01
-2.669028444179639692e-01
-1.824628801455019378e-01
-2.257829296094771010e-01
-4.047870367078458820e-01
-7.095205003169606783e-01
-1.112425038685506795e+00
3.669379175335118148e+00
5.626051163831977675e-01
2.519412834419993530e+00
-1.324719573415980278e+01
1.592305806477331132e+01
-2.393431044973302502e+00
-1.161235323342733672e+01
6.909636858324371467e+00
1.055140969436432563e+01
-1.722187247291057943e+01
5.291060231979612283e+00
8.035468529253428471e+00
-7.299669037740288857e+00
-9.974628488472898624e-01
3.196880292343495800e+00
-2.133431132395215979e-01
1.152198763149042460e+00
-3.770059142357616189e+00
-1.924584394921334596e+00
1.276291368805672910e+01
-1.265551627863940176e+01
-1.871369344271121005e+00
1.197553289715231628e+01
-2.229764173000308602e+00
-1.569719919760974847e+01
1.878339574659315048e+01
-5.093600716659219430e+00
-5.448849338169603485e+00
1.025173792380428495e+00
8.064292041336340588e+00
-9.407617102159825606e+00
6.817313550068005767e+00
-8.753912637139421804e+00
1.071679238952884816e+01
-3.924502942788143045e+00
-5.152988690277797268e+00
1.170466778499474003e+00
1.438847503157968077e+01
-2.085673315305126252e+01
7.634888975886828355e+00
8.696510864381913564e+00
-7.236576825892280240e+00
-7.948262795536044756e+00
1.559904276536099843e+01
-8.330875112607468935e+00
-5.057460591299109964e-01
6.106359666382190632e-01
1.606379242408854324e+00
1.051914800989364185e+00
-2.153993478310773035e+00
-5.219757948211661613e+00
1.172761991348137123e+01
-3.854520319351316893e+00
-1.203084146300099633e+01
1.486089181551025007e+01
3.938056235041353936e-01
-1.338537301067350427e+01
6.779322968436771291e+00
9.645098048681926883e+00
-1.476192237105081162e+01
6.101307166000678350e+00
8.952253814032529178e-01
1.248859632757905569e+00
-4.005627508626929512e+00
1.957718646430199883e+00
-2.990196902792460421e+00
1.163095895583584394e+01
-1.629628117421039590e+01
6.257659352622710003e+00
7.654499527031202177e+00
-5.440624454150988498e+00
-1.198927670627399955e+01
2.191422253147629462e+01
-1.175231428769575182e+01
-3.699402404521031862e+00
4.914447567421016849e+00
5.511494820305771647e+00
-1.113093919665326936e+01
7.784719686159656149e+00
-5.479400209369245545e+00
7.457072379138326212e+00
-4.953797005913934903e+00
-3.817764128904499898e+00
5.838905402117192445e+00
6.053388984738600875e+00
-1.729357068053124280e+01
1.034035633124979370e+01
8.006778939017609176e+00
-1.422150722871814210e+01
1.339322382603341577e+00
1.185826790450854240e+01
-8.788892850315402683e+00
-3.092564760277038971e+00
7.483598545930564505e+00
-3.800552716377968210e+00
2.790592736379715610e+00
-5.287955214865853293e+00
2.291704734372213448e+00
5.093371944892504999e+00
-3.332731214231256622e+00
-1.063354722770379190e+01
1.949160124608891209e+01
-9.378126094105084576e+00
-7.482048995281428638e+00
8.389157615338438845e+00
7.519469792076248993e+00
-1.877517002936888701e+01
1.286599222834560408e+01
-1.553627580620107196e+00
-1.475231637088256775e-01
-4.755632828221215469e+00
5.547908433492054314e+00
-3.844822472023142979e+00
8.209545518191136537e+00
-1.468952308006364760e+01
1.018590908801341754e+01
4.017746515892393511e+00
-9.056213390181348188e+00
-4.274009620274516585e+00
1.915098554270548448e+01
-1.526542378754701090e+01
-2.092440405480570309e+00
1.025797462145554562e+01
-1.640843206781257280e+00
-8.528366371204535668e+00
7.558742659453814738e+00
-1.800850584549906763e+00
1.167037215272594519e+00
-1.723955776975642173e+00
-4.014468513370842651e+00
9.504645529788669833e+00
-3.016974916795688522e+00
-9.881373081913103817e+00
1.008351884453364455e+01
6.293153934038635100e+00
-1.897792437601503934e+01
1.145083898044403981e+01
5.220828161027830205e+00
-8.749946310282624040e+00
-3.020525191440340151e+00
1.245975973222900457e+01
-1.005978497981240416e+01
5.027334244164181953e+00
-5.758178379362195010e+00
6.294832576934496160e+00
-7.816109266660786759e-01
-2.104092417194153519e+00
-7.142654889709133315e+00
1.902107907438497492e+01
-1.550482505267949129e+01
-1.685633116155980993e+00
1.023276329031259024e+01
1.443393639013767604e+00
-1.726017742557002066e+01
1.683887139056409055e+01
-3.576885793673024949e+00
-3.736438387352353452e+00
-5.806271005026131249e-01
5.137599241181786347e+00
-3.641440349974498503e+00
3.620594252029655014e+00
-8.854053424197608990e+00
9.136555407404863161e+00
2.116840832351738477e+00
-1.210968089168247630e+01
5.158503049398745155e+00
1.151136988842777598e+01
-1.507584066855011784e+01
-3.004406742670778785e-01
1.463123430860094132e+01
-1.084524400407359046e+01
-2.366638302695487361e+00
6.370107313944760818e+00
3.193063285253301409e-01
-4.947049588802009623e+00
3.750351137485345543e+00
-5.258540308991961787e+00
1.087523393370457114e+01
-9.585029021216850964e+00
-1.788636912921761635e+00
8.034345287889802734e+00
3.074964214172075216e+00
-1.928139530397326951e+01
1.882377854600758482e+01
-2.009773404694146226e+00
-8.661623327721020615e+00
6.048155310404865759e-01
1.281029731174753294e+01
-1.438771333877158654e+01
6.903146128951774152e+00
-3.554293289417860713e+00
5.319769842235976043e+00
-3.298393504438070778e+00
-1.426350888009650042e+00
-2.175004615072147374e+00
1.360740028261086820e+01
-1.628881765862986342e+01
2.315231499454233788e+00
1.185774522176308565e+01
-7.042242276769117737e+00
-2.045361841219624388e+00
-1.327999960023881654e+00
-4.479263902220167459e-01
5.783142756081334213e-01
1.716532072414364229e+00
2.915732922638719860e+00
4.110775086459026895e+00
5.226675665645605484e+00
6.184235140707729173e+00
6.906509138032682849e+00
7.325559506455930681e+00
7.388871112153568177e+00
7.064831593740352744e+00
6.346738484648504652e+00
5.254916188521093545e+00
3.836684087883827310e+00
2.164102514802361377e+00
3.296187651159440124e-01
-1.560076919890339475e+00
-3.391512602720547331e+00
-5.052617326150382837e+00
-6.440957766088085457e+00
-7.471347995458580193e+00
-8.082197939263386033e+00
-8.240068615231130877e+00
-7.942051956067370355e+00
-7.215776723225151734e+00
-6.117043471106569541e+00
-4.725292802305128603e+00
-3.137294368858000837e+00
-1.459592951736194744e+00
1.996506694657944614e-01
1.738741319496018622e+00
3.069785849318359627e+00
4.124690234554153179e+00
4.859348198580756062e+00
5.255717108858187103e+00
5.321666586791693021e+00
5.088682478951777277e+00
4.607695715502359235e+00
3.943465349747635074e+00
3.168063546588815615e+00
2.354077166434757729e+00
1.568150382508656904e+00
8.654452678994624115e-01
2.854975642250523471e-01
-1.501972568098643990e-01
-4.387033191220266470e-01
-5.942879842467101437e-01
-6.453871845484601133e-01
-6.302467889058337436e-01
-5.917152861754122473e-01
-5.717369307873900741e-01
-6.061147029450655310e-01
-7.200775182750014380e-01
-9.250998115425921320e-01
-1.217292487191109718e+00
-1.577524863038729963e+00
-1.973263039673760044e+00
-2.361937876372148359e+00
-2.695501993384115114e+00
-2.925714717466590731e+00
-3.009618236956305815e+00
-2.914644762715689730e+00
-2.622825572162107211e+00
-2.133655630758384714e+00
-1.465294300042073061e+00
-6.539415132658770169e-01
2.485952941870619437e-01
1.178951969445493297e+00
2.067524834106758025e+00
2.844574989595440417e+00
3.446556650200447436e+00
3.822075124109070909e+00
3.936904675038814361e+00
3.777575188881512336e+00
3.353162427585193228e+00
2.695078299934842825e+00
1.854840218947291897e+00
8.999853954630500086e-01
-9.153051087140243181e-02
-1.037966829789646717e+00
-1.860878762076279891e+00
-2.492012702475304486e+00
-2.879392255212220864e+00
-2.992037638344032580e+00
-2.822879113266822948e+00
-2.389584042985951395e+00
-1.733202884468060478e+00
-9.147350424479590014e-01
-9.903258538577514036e-03
8.974120638934190985e-01
1.722504407279548344e+00
2.387292823764801231e+00
2.827234384792538968e+00
2.997083694702401324e+00
2.874986729079297643e+00
2.464543460744152537e+00
1.794653905669909566e+00
9.171590787633763231e-01
-9.751590135705984208e-02
-1.166332365448746744e+00
-2.200695911990608877e+00
-3.113980427848285881e+00
-3.828858532995354835e+00
-4.283799224735732381e+00
-4.438171229143777374e+00
-4.275518187666810910e+00
-3.804737506073361697e+00
-3.059083239622987449e+00
-2.093107536242504008e+00
-9.778372373320560751e-01
2.053642282702924371e-01
1.371688291131451409e+00
2.439905538088559034e+00
3.338900301933127146e+00
4.013147649417355467e+00
4.426670709784570334e+00
4.565163055099052514e+00
4.436134588576457816e+00
4.067123759206707767e+00
3.502196670495806519e+00
2.797108294207125923e+00
2.013618311168689168e+00
1.213523440547792154e+00
4.529834097838172369e-01
-2.223220040780775619e-01
-7.807579453243469469e-01
-1.206706866066199701e+00
-1.500794960311138793e+00
-1.678393835502706599e+00
-1.766589708527678493e+00
-1.799963635314499655e+00
-1.815643140236205211e+00
-1.848156904586920612e+00
-1.924643051581262032e+00
-2.060926174458082460e+00
-2.258891915896738212e+00
-2.505458810931917135e+00
-2.773287544593608711e+00
-3.023192992803015677e+00
-3.208051172628370029e+00
-3.277838228779454521e+00
-3.185316894923179376e+00
-2.891809495923193030e+00
-2.372473297699394301e+00
-1.620526699725820752e+00
-6.499609802956860527e-01
5.035954333006058548e-01
1.784026757208487579e+00
3.117874850288274047e+00
4.419273205700018359e+00
5.596291867215439808e+00
6.558174994124252422e+00
7.222857587126570778e+00
7.524106987261829360e+00
7.417652563239855112e+00
6.885742548158015452e+00
5.939694019977627804e+00
4.620169541943817570e+00
2.995107232510110684e+00
1.155432840208533207e+00
-7.911252822901727599e-01
-2.727631835251167924e+00
-4.536340456045839353e+00
-6.107208310634549164e+00
-7.345836010675316885e+00
-8.180187970156550747e+00
-8.565552839323867573e+00
-8.487354839212649438e+00
-7.961611119234781597e+00
-7.033031180986547781e+00
-5.770954022930829375e+00
-4.263499227282780524e+00
-2.610453804624479623e+00
-9.155145568767883990e-01
7.214522693848095525e-01
2.211489347522557658e+00
3.482393903061650420e+00
4.482883281694673983e+00
5.184794185968742752e+00
5.583212861508818570e+00
5.694622465588107474e+00
5.553330798320820882e+00
5.206590392083985996e+00
4.708930275401851162e+00
4.116275176818007253e+00
3.480428967102082716e+00
2.844445433152136715e+00
2.239306840863166670e+00
1.682189538293213715e+00
1.176429993555140774e+00
7.131303048547046330e-01
2.741762151448903784e-01
-1.637010271842284093e-01
-6.242914300716277953e-01
-1.127230142363452092e+00
-1.683809917792646438e+00
-2.293763291820495098e+00
-2.943396907582380262e+00
0.000000000000000000e+00
2.003282462833237521e+00
3.887116113988285715e+00
5.540585278652249812e+00
6.869149743417061416e+00
7.801165444890019174e+00
8.292567281418286029e+00
8.329356687221537214e+00
7.927725529348263578e+00
7.131849934932048107e+00
6.009584799496878738e+00
4.646464464515127624e+00
3.138552000224574812e+00
1.584766814590282014e+00
7.935063509045736652e-02
-1.294896799070620608e+00
-2.472065434315367849e+00
-3.406850900699085027e+00
-4.076290299160452157e+00
-4.479454936288838063e+00
-4.635224648060855657e+00
-4.578440371942575915e+00
-4.354872497899071604e+00
-4.015539610947905125e+00
-3.610957081837657512e+00
-3.185884071613112489e+00
-2.775072641589029665e+00
-2.400410607357494897e+00
-2.069701736992584529e+00
-1.777157378543582356e+00
-1.505499056174980588e+00
-1.229408824938811096e+00
-9.199288419160284169e-01
-5.493166404734803887e-01
-9.581703606736979850e-02
4.521802433148822686e-01
1.093067053798258748e+00
1.810389258201869911e+00
2.572882217602921351e+00
3.336219150678475742e+00
4.046348247268932496e+00
4.644130745650691949e+00
5.070854639152535981e+00
5.274100752473644960e+00
5.213389411821392372e+00
4.865041982545031729e+00
4.225752180166105987e+00
3.314472127049413075e+00
2.172367771965790340e+00
8.607738519218746109e-01
-5.427361527194463076e-01
-1.949871888617552340e+00
-3.268293143995654404e+00
-4.408860622535170748e+00
-5.292844261398058414e+00
-5.858454458063986792e+00
-6.066110927619336124e+00
-5.901967088167687336e+00
-5.379355923268096973e+00
-4.538003068420696451e+00
-3.441048291948400006e+00
-2.170109945618100333e+00
-8.188007978814610954e-01
5.147579098966621469e-01
1.735787003468740375e+00
2.760393418532921306e+00
3.522162397547596413e+00
3.977235706583340580e+00
4.107447010685456590e+00
3.921256909429244430e+00
3.452424157468144017e+00
2.756548791388719444e+00
1.905809309313980959e+00
9.823729396306684070e-01
7.107133734506043687e-02
-7.480063001117862598e-01
-1.406349857863143260e+00
-1.852699577562557209e+00
-2.057067688861157873e+00
-2.012779603354124980e+00
-1.736385863019516806e+00
-1.265489772119468004e+00
-6.547233975851268761e-01
2.973069119716298392e-02
7.165478359750281356e-01
1.335998272285966904e+00
1.826389592274499263e+00
2.139627584553648987e+00
2.245398029690056418e+00
2.133606675318822976e+00
1.814881384714106316e+00
1.319123608692231553e+00
6.922787092439115497e-01
-8.340724289205569963e-03
-7.197128133068333433e-01
-1.379193284728023050e+00
-1.930445337887691348e+00
-2.328648469641066754e+00
-2.544497439521760107e+00
-2.566623557726133598e+00
-2.402225588105834309e+00
-2.075871911650630786e+00
-1.626612563704460612e+00
-1.103702512043274409e+00
-5.613706380871223978e-01
-5.315970951331761007e-02
3.735974025051911340e-01
6.826146710691141095e-01
8.523203145288429372e-01
8.779865742512262816e-01
7.721042850055357398e-01
5.629566847315090605e-01
2.915240882879752693e-01
7.016449946369357135e-03
-2.385314022656684907e-01
-3.960702678241372343e-01
-4.251748473569731956e-01
-2.989406608174891566e-01
-7.634102743917292599e-03
4.392970578238721835e-01
1.013093673543486783e+00
1.667499949125973213e+00
2.342401912359173721e+00
2.968992208304782388e+00
3.476012819851135749e+00
3.796516167186102741e+00
3.874524497646211874e+00
3.670963703060334815e+00
3.168301632858585570e+00
2.373428214619960563e+00
1.318465904042195769e+00
5.938070524680894025e-02
-1.327540119487261139e+00
-2.751085242023754596e+00
-4.111961774340672449e+00
-5.310519114259909301e+00
-6.254704970070608994e+00
-6.867576393280695690e+00
-7.093720627281507873e+00
-6.904029923165948546e+00
-6.298413354106520146e+00
-5.306204751537704212e+00
-3.984223488284582615e+00
-2.412646297420277364e+00
-6.890356539008013481e-01
1.078973228918733041e+00
2.781712894913060286e+00
4.315580379705409086e+00
5.590520890581215596e+00
6.536289874136697264e+00
7.106998566563799358e+00
7.283604071387312473e+00
7.074188867909799505e+00
6.512069595924717902e+00
5.651963280779677135e+00
4.564603895345618056e+00
3.330328638316443879e+00
2.032230511696130115e+00
7.494953021574941587e-01
-4.484943014942790462e-01
-1.506792933379209831e+00
-2.387902731269892609e+00
-3.072960229615218530e+00
-3.561079186276240094e+00
-3.867005369993572472e+00
-4.017397803318415228e+00
-4.046176269087110811e+00
-3.989455474060543239e+00
-3.880614863447366947e+00
-3.746027418045553503e+00
-3.601893742244513419e+00
-3.452507153562974107e+00
-3.290123237961823488e+00
-3.096438365626836386e+00
-2.845512477097086101e+00
-2.507818572695457160e+00
-2.054979739635228952e+00
-1.464676226197052067e+00
-7.251778977246590152e-01
1.610156138122542657e-01
1.174865799459173576e+00
2.280132161149469372e+00
3.424512954973918610e+00
4.542571970919642155e+00
5.560255921155920156e+00
6.400644437384118035e+00
6.990442847674938065e+00
7.266639769004931360e+00
7.182716085639040848e+00
6.713813209625216771e+00
5.860345495936226001e+00
4.649667973829470391e+00
3.135575179241140376e+00
1.395595198465574338e+00
-4.737618935878119553e-01
-2.363457922061762417e+00
-4.159583298652350436e+00
-5.751603022348502847e+00
-7.040517548761393130e+00
-7.946262055501589927e+00
