-7.167573478072364779e+00
-6.019479643005266389e+00
-4.632260600845699017e+00
-3.113970414625018002e+00
-1.573795649655065798e+00
-1.130191233601749445e-01
1.182897079976602317e+00
2.250431560166238576e+00
3.051828501215410050e+00
3.576352563441701715e+00
3.838944110164161039e+00
3.876489663756881754e+00
3.742143518019248827e+00
3.498313498976283853e+00
3.209040732182136146e+00
2.932549417486172594e+00
2.714714176417553748e+00
2.584092674314678373e+00
2.549009774167834586e+00
2.596972055324551221e+00
2.696458019567715247e+00
2.800892022265588199e+00
2.854391549259886585e+00
2.798698761186401818e+00
2.580585351132032024e+00
2.158966464614778591e+00
1.510980012973095032e+00
6.363805121065237991e-01
-4.402468788821018997e-01
-1.669740674742633768e+00
-2.981138504255492094e+00
-4.286782754957768837e+00
-5.489336894587799165e+00
-6.490101095738070036e+00
-7.197879080142117303e+00
-7.537579856939744971e+00
-7.457745286646284555e+00
-6.936277209156363810e+00
-5.983789262540216924e+00
-4.644215119217388832e+00
-2.992548112359948220e+00
-1.129845050959965125e+00
8.241241214118006919e-01
2.739982147230263454e+00
4.488841966720819698e+00
5.952534361048451572e+00
7.033083085436958370e+00
7.660602848288401212e+00
7.798927758893953843e+00
7.448472808989611060e+00
6.646071238749335919e+00
5.461794761353754524e+00
3.993027860814043706e+00
2.356307957225676653e+00
6.776384847771492748e-01
-9.178857293930446914e-01
-2.316243851972647150e+00
-3.423570627874501948e+00
-4.173379743924003904e+00
-4.531323317283053598e+00
-4.497103858973986235e+00
-4.103410140448973564e+00
-3.412013421631916010e+00
-2.507411523530045816e+00
-1.488622635987200349e+00
-4.598893370909595824e-01
4.788579877541301322e-01
1.240917934038665571e+00
1.760321514686532529e+00
1.997266966124986665e+00
1.941027279975982456e+00
1.610108438701801870e+00
1.049691003550945911e+00
3.266369368005702101e-01
-4.774355265617242772e-01
-1.274333652599085820e+00
-1.977944851476848509e+00
-2.512545551048666503e+00
-2.819987147891213741e+00
-2.865095377915269470e+00
-2.638793961976312108e+00
-2.158682308879763312e+00
-1.467039738128203874e+00
-6.264723296002451258e-01
2.863596766363079582e-01
1.188316701060205149e+00
1.997919490369342466e+00
2.643266343704818055e+00
3.068965427606805907e+00
3.241416724276189321e+00
3.151938102652795504e+00
2.817437714044099373e+00
2.278570765197343917e+00
1.595560450236762184e+00
8.420876128072244393e-01
9.784032127103503562e-02
-5.595547060300130049e-01
-1.062434455363825414e+00
-1.360063348096784530e+00
-1.423971423690296501e+00
-1.251131268849237976e+00
-8.646409797782763640e-01
-3.118163587877258447e-01
3.401576244957746908e-01
1.010631449767880774e+00
1.613366736086482067e+00
2.065150918505316291e+00
2.294339121515642343e+00
2.248507033675910982e+00
1.900470442356467338e+00
1.252069095484775296e+00
3.353120793121830978e-01
-7.892790909089142382e-01
-2.037036750603347990e+00
-3.305878912272714576e+00
-4.484840836415016518e+00
-5.463668071231784218e+00
-6.142625854379343053e+00
-6.441648782514335814e+00
-6.308002819816802997e+00
-5.721755128483298591e+00
-4.698535077007322869e+00
-3.289305420200935082e+00
-1.577124954140211477e+00
3.288506463363067844e-01
2.301638511490168959e+00
4.206275780576732792e+00
5.910410713458418286e+00
7.294737275092512796e+00
8.262385744247927377e+00
8.746473492238269642e+00
8.715181971579763598e+00
8.173943493913069958e+00
7.164574902395771439e+00
5.761461889878063403e+00
4.065153494821445612e+00
2.193948303860471682e+00
2.742223375340848701e-01
-1.569651326308755035e+00
-3.224917967942949382e+00
-4.598773697606954869e+00
-5.624725005091786301e+00
-6.266473924947788987e+00
-6.519058682203834110e+00
-6.407232314202127910e+00
-5.981312379632728771e+00
-5.310960488073206420e+00
-4.477530490046634171e+00
-3.565742573758007516e+00
-2.655486848092261098e+00
-1.814530626380225886e+00
-1.092801989733716450e+00
-5.187584369424995678e-01
-9.813939378752589704e-02
1.848348260799308473e-01
3.639948737413917224e-01
4.858831077792405417e-01
6.031222178636435061e-01
7.671946983880357784e-01
1.021391548167291052e+00
1.394670254041412871e+00
1.897071880413893741e+00
2.517193529160977938e+00
3.222010134408023418e+00
3.959107714538513623e+00
4.661150845506246476e+00
5.252183037457949233e+00
5.655171316036117446e+00
5.800073679539174520e+00
5.631643198313143195e+00
5.116192015610900867e+00
4.246622124648617103e+00
3.045180312489314645e+00
1.563598554173640576e+00
-1.194801816470638656e-01
-1.903639244606198044e+00
-3.673996210352860281e+00
-5.310080745199866392e+00
-6.695526178485224023e+00
-7.727730278884404669e+00
-8.326628564024664669e+00
-8.441789176370695813e+00
-8.057176572191798058e+00
-7.193129954819440286e+00
-5.905343898799536362e+00
-4.280901316104865906e+00
-2.431669134452722147e+00
-4.856012437266762904e-01
1.423319846454259352e+00
3.165648643009774776e+00
4.626648629197589457e+00
5.715202589988778392e+00
6.370703512702721838e+00
6.567345769819229240e+00
6.315465188044901090e+00
5.659836319276259964e+00
4.675102387664415993e+00
3.458763971445268481e+00
2.122364001077976070e+00
7.816602087844368718e-01
0.000000000000000000e+00
1.495794546076880494e+01
-1.113506470056332986e+01
-3.222167625214530595e+00
7.256246558089866738e+00
1.463249485754354762e+00
-7.949971825937427461e+00
6.476595929267620733e+00
-6.542412475975052821e+00
1.141140967239205750e+01
-1.045800236893037471e+01
2.140411059905362734e-01
4.318072562994892394e+00
7.795783891394421516e+00
-2.259531509606037858e+01
1.948606069593087398e+01
-2.546376881657553604e+00
-4.906136749613345671e+00
-5.372254746713571727e+00
1.677195171729175271e+01
-1.534443781588959688e+01
8.561327254142685916e+00
-7.965637380384255728e+00
9.374906011750210766e+00
-4.398064551247543363e+00
-2.740826343218891736e-01
-6.899956449286098525e+00
1.889325005015838599e+01
-1.670135531806952045e+01
-3.865431999715251976e-01
1.036747999583705848e+01
-3.631684788744449222e-01
-1.428679148045217318e+01
1.355493335374648645e+01
-1.255159871636947422e+00
-4.846367308234256654e+00
1.458969529764893469e+00
-8.114884240412503780e-02
3.445005857494106927e+00
-1.698474960124704003e+00
-5.952087148017831453e+00
5.318608087021245545e+00
8.764884379801078040e+00
-1.914192534858412742e+01
1.039919702109490629e+01
5.936248171409139296e+00
-6.934064891867572022e+00
-8.154885611418887237e+00
1.837469663384037588e+01
-1.320095696025281740e+01
4.944968266320519668e+00
-5.338353042779849567e+00
8.291469037528141683e+00
-5.638304606740648595e+00
4.252058920177322676e+00
-1.254641773964305784e+01
2.091713755412163778e+01
-1.408322066933602912e+01
-2.008566295823007053e+00
5.223374588411907382e+00
9.738208632915123175e+00
-2.221399554422313827e+01
1.595025624300755318e+01
-1.730668219671811947e+00
-1.609216656675980239e+00
-5.039940850962265628e+00
7.800874938164565009e+00
-4.896830966715223887e+00
6.153722878069761038e+00
-1.095710868449750386e+01
6.924797713578438874e+00
6.295114044271857168e+00
-1.097858075856163573e+01
-1.776823108510025451e+00
1.494461068184420505e+01
-9.086538205550024117e+00
-8.496236797333878599e+00
1.492168809813354713e+01
-5.382264035795303769e+00
-3.085119010851407051e+00
1.317395848277618242e-01
5.100843835303204621e+00
-4.289931927405253198e+00
4.550430318614745673e+00
-1.211613842990628953e+01
1.660342431208889380e+01
-7.218701810824784459e+00
-5.297394243491098109e+00
1.500465117969151052e+00
1.600630302358085899e+01
-2.400460078045046330e+01
1.255458890359671109e+01
1.129359267833018876e+00
3.630767981374720677e-01
-1.051305393746556405e+01
1.357005581813802486e+01
-9.847885294687282354e+00
1.002365133507899309e+01
-1.280097481298417250e+01
7.646973054937975967e+00
2.523238502743798684e+00
-1.546345622393834773e+00
-1.293808412964230214e+01
2.111950703439872612e+01
-9.487441550343564955e+00
-7.460399251465841708e+00
7.972291232755545742e+00
5.448542907749401643e+00
-1.231401177978486317e+01
5.739174166517690523e+00
1.323457793830537854e+00
-8.200858458369769677e-01
8.449132103190768461e-01
-6.513017444561596037e+00
7.778495041945779676e+00
1.973747908454357436e+00
-9.500330814959196957e+00
2.453543195260188270e-02
1.698662396125927287e+01
-1.893438187617354629e+01
3.735177729727458207e+00
6.793052141235977892e+00
5.811526460375171510e-01
-1.310782263340250076e+01
1.465311196889027556e+01
-9.090883843506201600e+00
8.436355874203911753e+00
-1.064509837124805713e+01
6.366225424239081221e+00
-2.135448261752515009e-01
5.576043118840132706e+00
-1.936952173144175049e+01
2.183872989343297633e+01
-6.676556885875922553e+00
-6.523369127624002672e+00
1.847171434423238168e-01
1.546684736743088884e+01
-1.881042144808968430e+01
8.467922680010692815e+00
-1.112904329120800284e+00
3.282826250973147619e+00
-4.902916580921818479e+00
1.316998698488062836e+00
-1.992465573424945013e+00
1.041479494144963169e+01
-1.294043084951730194e+01
2.687452456824366287e-01
1.334488955006963096e+01
-8.822146852726984179e+00
-7.879175699905538899e+00
1.313812929877941293e+01
-2.662037973592106255e-01
-1.234950272573656349e+01
1.044454188839960196e+01
-2.714356189337473246e+00
2.213153706068039739e+00
-5.340775104989058164e+00
3.008931053976284353e+00
-4.530787201606436554e-01
8.101594320471598110e+00
-1.920326092055757528e+01
1.639085369707696316e+01
-4.872102782346949823e-01
-6.695466468298810980e+00
-5.876470910366290212e+00
2.122704972314742378e+01
-1.953817356045392728e+01
6.339758442458425236e+00
-8.560662492989568051e-01
6.329673190649031334e+00
-9.971113923839471482e+00
7.670083539641604276e+00
-8.833948975252189584e+00
1.509008736537301942e+01
-1.381284062999577422e+01
8.245963134112512805e-01
7.379263679612927618e+00
2.729613175795789548e+00
-1.834950705225859124e+01
1.725502142772463543e+01
-6.835017021243654511e-01
-9.175369188795711395e+00
2.449899301499737003e+00
6.828720137084903108e+00
-5.788935796894325136e+00
7.996854088459710574e-01
-1.331934852385251222e+00
1.815860649700838936e+00
5.851733756132524888e+00
-1.312518893201986003e+01
6.404257016734236529e+00
7.625070554900312381e+00
-7.936883907740804212e+00
-8.774687728614733118e+00
2.099378321182196672e+01
-1.362919773028093218e+01
-6.046089771369240751e-01
2.097001637245823780e+00
7.305358755659383085e+00
-1.210510367266718035e+01
6.271021293419266840e+00
6.395511763668789484e+00
6.137091042496019000e+00
5.490056637076021318e+00
4.479702222425705038e+00
3.161493425133133250e+00
1.617521194317306010e+00
-4.950735589277144300e-02
-1.724250771823605755e+00
-3.288010362065167946e+00
-4.628497718740781863e+00
-5.649232584211457464e+00
-6.277733619249895369e+00
-6.471763580884791978e+00
-6.223057156874052254e+00
-5.558179442849475294e+00
-4.536416087093614102e+00
-3.244859643257588466e+00
-1.791106799058608479e+00
-2.941951663108681725e-01
1.125433275681114509e+00
2.356066683691123931e+00
3.304070336815459807e+00
3.901629866010568382e+00
4.112216847018517640e+00
3.933305569518484202e+00
3.396114537341294870e+00
2.562410944824306203e+00
1.518677109845307349e+00
3.681710994554410199e-01
-7.784014438491206889e-01
-1.812767546762206639e+00
-2.638638451794442563e+00
-3.180087063972629746e+00
-3.388017168871893414e+00
-3.244167076795530402e+00
-2.762316316303949026e+00
-1.986618404701393947e+00
-9.872423002997702257e-01
1.462537507617197863e-01
1.313191476800977586e+00
2.410918067938100595e+00
3.343989655683794027e+00
4.032560315043077992e+00
4.419225962299320187e+00
4.473722427568151971e+00
4.195080711796445705e+00
3.611080867467643785e+00
2.775096839433963236e+00
1.760664693271112746e+00
6.543137816988757738e-01
-4.526444483559159959e-01
-1.472586220291958625e+00
-2.329504855107612737e+00
-2.965660780394669516e+00
-3.346341817381889516e+00
-3.462308761696435422e+00
-3.329725488997771876e+00
-2.987614698514054368e+00
-2.493117127223740237e+00
-1.915041329074071097e+00
-1.326353233838446721e+00
-7.963544435243847808e-01
-3.833262236235150944e-01
-1.283697772851550845e-01
-5.105701660264028163e-02
-1.473306145156398905e-01
-3.898741473799529622e-01
-7.309331651289450171e-01
-1.107328711525100484e+00
-1.447188821742561915e+00
-1.677751394381123751e+00
-1.733480077869638869e+00
-1.563694345057701218e+00
-1.138950047198153293e+00
-4.555146842209998326e-01
4.625471700622245663e-01
1.563943916638611320e+00
2.773401479252905144e+00
3.997349854925773549e+00
5.131586076881481162e+00
6.070255119217643269e+00
6.715355805786295207e+00
6.985915654254036156e+00
6.825993219140169543e+00
6.210758212295791836e+00
5.150060715887501139e+00
3.689117009595325847e+00
1.906191641058057940e+00
-9.257926256923032504e-02
-2.180823761937343619e+00
-4.221408348352853501e+00
-6.076962981330181535e+00
-7.620571271419194659e+00
-8.745720337840152681e+00
-9.374665178731790505e+00
-9.464497566112465066e+00
-9.010407483228473069e+00
-8.045868245110325390e+00
-6.639742902315999729e+00
-4.890575455677892869e+00
-2.918572024854907632e+00
-8.559728816544429630e-01
1.163351151764665969e+00
3.014186592470261328e+00
4.589279777265036664e+00
5.806882920619805155e+00
6.615939015077614727e+00
6.998519187704657085e+00
6.969376372462027902e+00
6.572738345690653183e+00
5.876707671439892700e+00
4.965843782186603050e+00
3.932654665265774785e+00
2.868809036132379031e+00
1.856887478354425802e+00
9.634228738095567124e-01
2.338435888459016176e-01
-3.102593094235137627e-01
-6.713486419768832647e-01
-8.736936380319159090e-01
-9.589469586810237534e-01
-9.800412262536716268e-01
-9.940572195898067509e-01
-1.054809225049069710e+00
-1.205914022474293468e+00
-1.475056946842503880e+00
-1.870046680487758461e+00
-2.377071641326560236e+00
-2.961352140056070503e+00
-3.570144736584384582e+00
-4.137821084130922422e+00
-4.592535336820509073e+00
-4.863831827092545801e+00
-4.890443824740965617e+00
-4.627504649845771034e+00
-4.052437419765023918e+00
-3.168905457128092351e+00
-2.008381399587764182e+00
-6.291131567217735920e-01
8.874913341526085020e-01
2.442793808605949302e+00
3.928680242083634422e+00
5.236470814718661160e+00
6.266196037816432529e+00
6.935401809847583365e+00
7.186675019106301576e+00
6.993184994017788370e+00
6.361705681264892220e+00
5.332803836004418763e+00
3.978129900939644692e+00
2.395007838218230489e+00
6.987642955750603679e-01
-9.865562271815884188e-01
-2.538294096876843042e+00
-3.845220314279424123e+00
-4.816649985426721514e+00
-5.389826241176717936e+00
-5.534927259410158840e+00
-5.257257446131086809e+00
-4.596432046136893490e+00
-3.622630149538788480e+00
-2.430250286601368437e+00
-1.129532173476574197e+00
1.631130042338708730e-01
1.335209210061545804e+00
2.287869048651614001e+00
2.944148424096312944e+00
3.255376611529815278e+00
3.204920558125412100e+00
2.809074550939541393e+00
2.115025299439174056e+00
1.196104455318951487e+00
1.447818966988375644e-01
-9.359480389968015679e-01
-1.941996613736335808e+00
-2.777570257911263774e+00
-3.363675003895743476e+00
-3.644979871767767055e+00
-3.594440070853880620e+00
-3.215290955002348738e+00
-2.540267482710479641e+00
-1.628158924666023744e+00
-5.580512533706338818e-01
5.781821882028237436e-01
1.684426449820801919e+00
2.669104573486985377e+00
3.453376137218016506e+00
3.978003215615589561e+00
4.208264896409843914e+00
4.136490704422088882e+00
3.782011090656804964e+00
3.188568078764410618e+00
2.419468247238949932e+00
1.550971115093474184e+00
6.645690486468411873e-01
-1.610850970619721600e-01
-8.578184336156797762e-01
-1.374409020615870336e+00
-1.681266374931032148e+00
9.635217281981006465e+00
-1.013859008761901492e+01
1.434403632373076931e+01
-1.113921523169281969e+01
2.740325852954565988e-01
1.898862164683226439e+00
1.179149853758258715e+01
-2.396476124918667239e+01
1.670401235309063637e+01
7.932028610927144285e-01
-5.315934365614189083e+00
-6.449946757669074771e+00
1.573612771940721800e+01
-1.181931975874708840e+01
4.940016651509465007e+00
-4.902307165657581400e+00
5.301956516918460594e+00
6.512013887478635965e-01
-4.039383214184621096e+00
-4.693836624560494108e+00
1.501447101523320171e+01
-9.165157678329753921e+00
-8.635987229364952000e+00
1.532247160381525930e+01
-2.780905705925764693e+00
-1.015160997712771795e+01
6.239799713906985623e+00
6.358440175805649019e+00
-1.044436263145673927e+01
6.258857994289021676e+00
-5.634289471478174605e+00
8.665415893329559083e+00
-5.403360657615822404e+00
-1.990874001038437591e+00
-1.007702606401964296e+00
1.564571679740613597e+01
-2.273293466941709795e+01
1.068016182282634752e+01
4.706598615637444638e+00
-2.361881521367820369e+00
-1.325276207903081804e+01
2.041193702459161585e+01
-1.279660301211712969e+01
4.979371109671316020e+00
-6.178009983693719676e+00
8.162969013553194486e+00
-4.603221350044325533e+00
4.161082858884705971e+00
-1.299788697371021939e+01
1.889715064083761220e+01
-8.854245499260281704e+00
-6.839259161033544032e+00
6.683413932539274072e+00
9.392473317850019043e+00
-1.870170522325873108e+01
9.137125123333920129e+00
4.665668891368468074e+00
-5.762132299474528097e+00
-1.146924185447168787e+00
2.511631020427524064e+00
5.867438740513430950e-01
1.477826947784927958e+00
-5.412499932115893309e+00
-7.733712467794719991e-01
1.377117385257341375e+01
-1.519834375301859986e+01
5.486102439517583917e-01
1.019620951873841008e+01
-9.874462226372298090e-01
-1.604292795243297576e+01
1.890827757528737507e+01
-7.636673674664013589e+00
5.742610369320004793e-01
-4.698437257438087045e+00
8.965022367833679340e+00
-7.256878827435241597e+00
8.194991522427516273e+00
-1.568841230913509222e+01
1.757975618045283994e+01
-5.925029207931926223e+00
-5.164865346867557605e+00
-1.664342311487840398e+00
1.878475623389571325e+01
-2.270042639787682504e+01
8.524588860246428368e+00
3.745551571922420386e+00
3.788466256300893065e-02
-9.645984213130848417e+00
1.059793726020321358e+01
-6.304048319417247193e+00
6.889340628951404533e+00
-8.549069362284797080e+00
1.594580333507503500e+00
7.890471840728728203e+00
-4.234768107551207805e+00
-1.053270031768838777e+01
1.520368233097303801e+01
-7.054401418772080490e-01
-1.464094396865963965e+01
1.165983181434521221e+01
2.223334609977051457e+00
-6.560560749626889177e+00
-1.411484291754304454e+00
7.375234341620201306e+00
-6.009690828936857798e+00
6.695452202580423950e+00
-1.218369452360756888e+01
1.130839330952836264e+01
-4.713558835533806501e-01
-4.842839696022795515e+00
-7.034938631867907688e+00
2.240462577580531445e+01
-2.012357348671790191e+01
3.441766422673533832e+00
4.572273770750413746e+00
4.884719280798288210e+00
-1.595727892658618430e+01
1.492507770986054183e+01
-8.849255393251457491e+00
8.660885895903314591e+00
-9.845455356161977534e+00
4.174910002602364223e+00
1.101387712966396037e+00
6.106063746614745824e+00
-1.879206597302004056e+01
1.732090086261798945e+01
-2.563491757296452178e-01
-1.045609933676924896e+01
1.228900088352673947e+00
1.334129417513474714e+01
-1.325473588280028636e+01
1.678419047209691595e+00
4.261254472161369655e+00
-1.361659594704908605e+00
6.824591941586813926e-01
-4.383908342704496697e+00
2.322578461822481177e+00
6.068543098748624409e+00
-5.964730344241484516e+00
-8.325196187879219778e+00
1.950046979854963780e+01
-1.138319899426262438e+01
-5.133691654878591137e+00
6.947942522499165108e+00
7.486046602471558842e+00
-1.780257934472958681e+01
1.331725815927033096e+01
-5.681169239681412186e+00
6.105150200497236668e+00
-8.499393492035892450e+00
5.151059239630955133e+00
-3.499683568293967539e+00
1.221306084010839932e+01
-2.135342518318049798e+01
1.491893606484078916e+01
1.583319738314786562e+00
-5.670131141256694818e+00
-8.797407127171910091e+00
2.162354113714539849e+01
-1.617329877557497042e+01
2.433677847411754414e+00
1.170686056089649263e+00
4.756046588957970833e+00
-6.964404109532082110e+00
4.108773256719173261e+00
-5.963324931563685816e+00
1.142559509752678970e+01
-7.527004598133650859e+00
-6.267741189276790692e+00
1.175206439735276831e+01
7.474363025094671320e-01
-1.448527530733930391e+01
9.473847194143132810e+00
7.814421130642322133e+00
-1.475144670215308906e+01
5.998671055328196999e+00
2.133140394930397310e+00
4.556874002026365389e-01
-4.974827176504216020e+00
3.690235638523103656e+00
-4.097713869386916841e+00
1.232896337531221498e+01
-1.743986399321026326e+01
8.035733930295162253e+00
5.197667671491146280e+00
-2.170423210344027964e+00
-1.526497680248377264e+01
2.395685384487668301e+01
-1.326317481736911930e+01
-3.348005552246622329e-01
-5.305214029250127084e-01
9.944257776071811605e+00
-1.277760002071786261e+01
9.476843135362241100e+00
-1.033967558438139278e+01
1.349508703438475621e+01
-8.056579480177830987e+00
-2.875836540652288775e+00
2.478381919374626818e+00
1.218119615821996682e+01
-4.490403858344368615e+00
-4.724967399485086261e+00
-4.557741937888701855e+00
-4.013393059589974499e+00
-3.148473592129700016e+00
-2.046457076997340252e+00
-8.104198530039701254e-01
4.459864338277507168e-01
1.608476736216819969e+00
2.572111615940546603e+00
3.250432576863473866e+00
3.582948504161778569e+00
3.540315766719202895e+00
3.126761138107480686e+00
2.379543396878982975e+00
1.365513935960512182e+00
1.750950158778147303e-01
-1.085776891281582390e+00
-2.305016503101289693e+00
-3.374225087570100534e+00
-4.198120418536002596e+00
-4.702728422694742783e+00
-4.841620908990041272e+00
-4.599664886493822102e+00
-3.993977124742052354e+00
-3.072031779266215956e+00
-1.907125797069557649e+00
-5.916429916407381917e-01
7.712482976295316206e-01
2.076694634702806574e+00
3.227221783339822458e+00
4.140945542572498361e+00
4.758199649988545055e+00
5.046006378142962490e+00
5.000021992296606044e+00
4.643827753558498195e+00
4.025685304683621624e+00
3.213109946214381285e+00
2.285814739545720009e+00
1.327724177809211703e+00
4.188350352429082157e-01
-3.722930726156152836e-01
-9.947039925278042816e-01
-1.419291066911082533e+00
-1.640736121584865481e+00
-1.676980902887067248e+00
-1.566311148878127835e+00
-1.362365770646665641e+00
-1.127585502831759845e+00
-9.257677135746151809e-01
-8.144823564020575724e-01
-8.381198279817816399e-01
-1.022283107290036241e+00
-1.370109311786835260e+00
-1.860921524866452348e+00
-2.451387637469691239e+00
-3.079120022548821112e+00
-3.668410994759608634e+00
-4.137586794557996051e+00
-4.407297487412499493e+00
-4.408957621181087916e+00
-4.092522898450095425e+00
-3.432834912753735424e+00
-2.433885495538736343e+00
-1.130533972357202099e+00
4.125616614726448361e-01
2.104785617224037342e+00
3.835908012898710417e+00
5.484428261684121786e+00
6.927224060224641988e+00
8.049681738089912386e+00
8.755426763012714275e+00
8.974795167705011067e+00
8.671286150908940726e+00
7.845404613958194773e+00
6.535525113891081261e+00
4.815665852580899298e+00
2.790329897675801085e+00
5.868267644371385483e-01
-1.654292211798151335e+00
-3.789886419304000498e+00
-5.685073525063340405e+00
-7.223363252914143828e+00
-8.315232806762832496e+00
-8.904437800310557094e+00
-8.971552665914623859e+00
-8.534478198125912130e+00
-7.645919153854137562e+00
-6.388097812080965276e+00
-4.865206518191709684e+00
-3.194292368873135946e+00
-1.495393559321544608e+00
1.182013852205310300e-01
1.548727290681869428e+00
2.721007327421406163e+00
3.587235890437362684e+00
4.129123753704665667e+00
4.357296958750814575e+00
4.308094307200963868e+00
4.038144721060644038e+00
3.617303484798603641e+00
3.120667572447392679e+00
2.620462322334976335e+00
2.178588570807561631e+00
1.840541937006280104e+00
1.631272113732207263e+00
1.553353767435157629e+00
1.587610814818173566e+00
1.696094315869120406e+00
1.827083905621989413e+00
1.921585353733457291e+00
1.920651107282712156e+00
1.772770260505604156e+00
1.440566858565383690e+00
9.061114637218006251e-01
1.742842432872402370e-01
-7.261841142015215134e-01
-1.744142347930893511e+00
-2.809827451934021170e+00
-3.840726829789220531e+00
-4.748963968875619557e+00
-5.449522381141104432e+00
-5.868530917969678740e+00
-5.950814801166057322e+00
-5.665973099800467594e+00
-5.012370180628684224e+00
-4.018614520748148955e+00
-2.742326276380279815e+00
-1.266244213586869893e+00
3.080300017226884624e-01
1.868129574218062805e+00
3.300164874331654730e+00
4.498298108339880308e+00
5.373796987378529622e+00
5.862750518923914633e+00
5.931741471460556525e+00
5.580946715590583196e+00
4.844362783779530446e+00
3.787109266847946465e+00
2.500023972071419465e+00
1.092007354239662442e+00
-3.192226232745116743e-01
-1.617158985892452439e+00
-2.696438293455368562e+00
-3.471803626158880718e+00
-3.885308593592285309e+00
-3.911128175990694622e+00
-3.557554546459966271e+00
-2.866006348389032343e+00
-1.907145622051519274e+00
-7.744536922556852776e-01
4.241573680413465719e-01
1.575947907949524884e+00
2.573313227167755457e+00
3.323221787922449710e+00
3.755296501261609521e+00
3.827832164364962431e+00
3.531230814733586687e+00
2.888571144932564394e+00
1.953286767392371726e+00
8.041874725429003501e-01
-4.617058556226763533e-01
-1.737849683465038986e+00
-2.917595778626939751e+00
-3.903486955646936707e+00
-4.615598884691970660e+00
-4.998191735100609101e+00
-5.024097221622226606e+00
-4.696479442174889662e+00
-4.047851861131452900e+00
-3.136485256121535947e+00
-2.040579095989281999e+00
-8.507698253984250503e-01
3.383044336592484491e-01
1.436585344289609267e+00
2.366521553721815607e+00
3.069612884845282164e+00
3.510981999084766603e+00
3.681577362889793648e+00
3.597840431408886541e+00
3.298913100724445879e+00
2.841695759805589194e+00
2.294269675317061274e+00
1.728350893652576215e+00
1.211531994719733607e+00
8.000845884108085393e-01
5.330379426635856177e-01
4.281230692959847595e-01
4.799889165672257541e-01
6.608753055761682482e-01
9.236869026977061470e-01
1.207176605506387945e+00
1.442737633955764043e+00
1.562141301801108773e+00
1.505457507105475212e+00
1.228367239373160835e+00
7.081239380463806299e-01
-5.246060333361590722e-02
-1.023450562714407486e+00
-2.148861599506498354e+00
-2.116165668042879489e+01
1.017324094064843365e+01
6.931405985634668809e+00
-8.237194604595783787e+00
-4.528580962929535048e+00
1.145873377706247354e+01
-5.542222957479078005e+00
-8.797999194735492967e-01
2.777096306795919789e-01
-8.080749879680788617e-01
7.177535935852580096e+00
-8.744906393435607939e+00
-1.420192022722826408e+00
9.758300339553517944e+00
-7.384324977341396590e-01
-1.664318172491285353e+01
1.944189360707542846e+01
-4.729883076755587723e+00
-6.143538063146225525e+00
-4.150050777616502984e-01
1.242146820159157095e+01
-1.415704667635919023e+01
9.262092340133794011e+00
-9.165045688406816993e+00
1.136074944953347554e+01
-6.483171450059247221e+00
-3.856802942141417390e-01
-4.775889652519534678e+00
1.911443390343371007e+01
-2.238966626728362641e+01
7.494220913152603636e+00
6.274296688993191040e+00
-7.935113976256822355e-01
-1.453185782559991424e+01
1.834018868021323101e+01
-8.758539900084205243e+00
1.764906814243503597e+00
-3.621416071400016978e+00
4.541657177634975007e+00
-4.382878546568598210e-01
1.211354344701928820e+00
-1.030127298576938877e+01
1.349805855280508204e+01
-8.506698888659456337e-01
-1.346756540661938395e+01
9.721071430279339509e+00
6.899804981878975951e+00
-1.284803461807748093e+01
7.474080370320010935e-01
1.173334739264667093e+01
-1.039249522732105646e+01
3.371063050913046588e+00
-3.118215088381494304e+00
5.851830281655177934e+00
-2.804508758064981677e+00
-2.059968827570166638e-01
-7.664089045265302325e+00
1.951504056160466405e+01
-1.729530774216949851e+01
1.216563414975629698e+00
6.788266181469804650e+00
5.102183616132607291e+00
-2.056125164766802982e+01
1.961938524377308113e+01
-7.059312336047751657e+00
1.534465251137664410e+00
-6.373148216741348904e+00
9.345822376895402073e+00
-6.874275466916685673e+00
8.493060554121989014e+00
-1.546188259189496961e+01
1.452813153126190215e+01
-1.142306853615521867e+00
-7.897046408109204663e+00
-1.721851277698309701e+00
1.769163153031512081e+01
-1.744451554382474256e+01
1.377159799790681927e+00
8.788794400823714881e+00
-2.845941557339834116e+00
-5.903963522113966356e+00
5.011786597073013105e+00
-6.711560316950802019e-01
1.805472180994801334e+00
-2.349808562581524374e+00
-5.879913677238341130e+00
1.388501826241557069e+01
-7.387748488646877831e+00
-7.197036505987889576e+00
8.354575330098743535e+00
8.043286928872511510e+00
-2.078721133693709788e+01
1.424915895632652507e+01
-3.381981471217549995e-01
-1.601197479860493544e+00
-7.035889127067500581e+00
1.141604377786617341e+01
-9.179546543697377103e+00
1.034601215611298031e+01
-1.509113858795305063e+01
1.181650803374671099e+01
-2.649876461536404548e-01
-2.635329158543870065e+00
-1.098101339787658581e+01
2.383711598283390742e+01
-1.735076890372265979e+01
-5.639711191873786333e-02
5.254391719873516386e+00
5.736051200989924936e+00
-1.484628713018793000e+01
1.144102979795753328e+01
-5.260954268907696019e+00
5.518862404296839053e+00
-5.574456965902559347e+00
-1.098194891143306151e+00
4.987258026684331824e+00
3.938403282886808299e+00
-1.502664302030916588e+01
9.812785626033583952e+00
8.128142129507626379e+00
-1.561688624114325386e+01
3.751528049905220374e+00
9.278131402103950265e+00
-6.101312423510051985e+00
-5.835381701551074052e+00
9.894941361536975677e+00
-6.279503450972121037e+00
6.314359022180750181e+00
-9.549797800593079700e+00
5.844072698743644878e+00
2.309904502963849637e+00
2.732553729577746893e-01
-1.526313576225167168e+01
2.317562026862711377e+01
-1.161461778583097448e+01
-4.124516156577602288e+00
2.639771787026523597e+00
1.243607004439199315e+01
-1.984360373591091431e+01
1.296141252861143300e+01
-5.673442320862829291e+00
6.763466945935523000e+00
-8.114764499682618037e+00
3.907432379785007015e+00
-3.337042056911790233e+00
1.270861123783930680e+01
-1.936305512104330262e+01
9.576086323750182316e+00
6.665366469653665860e+00
-7.369111818232978450e+00
-8.371542005301094491e+00
1.818306527133410100e+01
-9.437008234131347706e+00
-4.014467363360589403e+00
5.503043699803779276e+00
6.717732135091505352e-01
-1.592402064995183109e+00
-1.315604419501229527e+00
-1.415798037395745057e+00
5.951439053612292085e+00
2.395229995018435254e-01
-1.390224306343829319e+01
1.606809874423998608e+01
-1.499033275922078357e+00
-9.942557629386680418e+00
1.539298891018725968e+00
1.535354215472887063e+01
-1.883868698798878327e+01
8.309934799055639587e+00
-1.435222370462720498e+00
5.073091665651402238e+00
-8.620994074293161447e+00
6.543187450176387365e+00
-7.754400910816263703e+00
1.595294176017856813e+01
-1.837210195803112356e+01
6.537729794280632944e+00
5.345657906900337153e+00
8.040413425462755725e-01
-1.802600798209994792e+01
2.271852041473100314e+01
-9.213460059673222347e+00
-3.132417255195728778e+00
5.697800294787569442e-02
8.879659276502273713e+00
-9.751165633657148391e+00
5.981689380754446006e+00
-7.241533961234175365e+00
9.164272430413308967e+00
-1.802913689783008255e+00
-8.457721966654219159e+00
5.252499797936938997e+00
9.856699370804545168e+00
-1.537389315510059440e+01
1.402330324423839203e+00
1.425768046318047588e+01
-1.210384946562393260e+01
-1.246764443968330749e+00
5.809583590432620959e+00
1.440993469125261939e+00
8.496092984344252308e-01
9.112348420016596062e-01
1.017692934713426478e+00
1.212106870824106508e+00
1.522275387447934225e+00
1.956520796795353512e+00
2.501689934875426680e+00
3.123535505540509405e+00
3.769469248603670053e+00
4.373442113170990631e+00
4.862492806358510222e+00
5.164335176411983142e+00
5.215243350505935460e+00
4.967452313309511425e+00
4.395325038685734320e+00
3.499642728484543497e+00
2.309542749260185435e+00
8.818441521175710562e-01
-7.022566332530397748e-01
-2.342889744231835714e+00
-3.929155913334311911e+00
-5.348061432175004626e+00
-6.493963092402403880e+00
-7.277680857130855330e+00
-7.634451551813148384e+00
-7.529988459658573774e+00
-6.964071581391801935e+00
-5.971307358491934281e+00
-4.618945691813713061e+00
-3.001903629124407669e+00
-1.235395401421527817e+00
5.542152698233923092e-01
2.239562311167839326e+00
3.702552099125843377e+00
4.843878266850897063e+00
5.590952326671389194e+00
5.903563249010070457e+00
5.776778118311503007e+00
5.240838789583408541e+00
4.358074267631979914e+00
3.217111484512428898e+00
1.924904577388489635e+00
5.972933040021866091e-01
-6.510722252962288792e-01
-1.716552053442738757e+00
-2.515222122079988409e+00
-2.989710616945344235e+00
-3.113582766700955240e+00
-2.892915726178080238e+00
-2.364959772283673711e+00
-1.594044256086239120e+00
-6.651327742903425655e-01
3.243604004027635934e-01
1.273730109889378070e+00
2.088273777661793229e+00
2.687873301841957385e+00
3.014094492995357033e+00
3.035177316505738077e+00
2.748490445101665181e+00
2.180261225029239025e+00
1.382645014657935212e+00
4.284425767723114564e-01
-5.960117295902913614e-01
-1.599104389841563112e+00
-2.492554505506761497e+00
-3.199572700886013976e+00
-3.661807779967513277e+00
-3.844443096803936921e+00
-3.738984783959728997e+00
-3.363505865777515869e+00
-2.760352910176515628e+00
-1.991562423059688225e+00
-1.132450103874768299e+00
-2.640071624223745417e-01
5.351518112861375354e-01
1.196505665369071991e+00
1.668259756355396028e+00
1.920253314082796425e+00
1.946666672580378510e+00
1.766266681331878363e+00
1.420166482835895749e+00
9.673163804918069042e-01
4.781629842583975387e-01
2.709331381438651043e-02
-3.155980367756352489e-01
-4.914289063869961005e-01
-4.603702664379238918e-01
-2.057375504538923039e-01
2.631765749393220055e-01
9.110265978340201798e-01
1.678953461253816393e+00
2.489547800644378306e+00
3.253812759646388830e+00
3.879505909683430787e+00
4.280099533075009788e+00
4.383527616807493921e+00
4.139893500123383419e+00
3.527394343205997096e+00
2.555870480289578417e+00
1.267595869489977378e+00
-2.648284179783719772e-01
-1.943354641308406627e+00
-3.651767050899366041e+00
-5.264761865023446674e+00
-6.658062311430986036e+00
-7.718700665187576249e+00
-8.354574534171272049e+00
-8.502439725204069987e+00
-8.133632251836347749e+00
-7.257005972608538968e+00
-5.918812729885045698e+00
-4.199517211748839074e+00
-2.207805316485328184e+00
-7.228867171564207217e-02
2.068392690531226208e+00
4.076230478681165614e+00
5.824369537103875061e+00
7.206606256108200270e+00
8.145075141206699953e+00
8.595499232754905350e+00
8.549598669708393217e+00
8.034504405957116902e+00
7.109287966684587623e+00
5.858969326405940592e+00
4.386580929066621337e+00
2.804027318435299954e+00
1.222572649446829640e+00
-2.561952913946763388e-01
-1.548136773475108807e+00
-2.592411459854057743e+00
-3.354943156233533230e+00
-3.829261597070413803e+00
-4.034733190020391547e+00
-4.012436190390637591e+00
-3.819151999505135286e+00
-3.520113271297735658e+00
-3.181255880793998791e+00
-2.861756092614625491e+00
-2.607593786904752076e+00
-2.446771683749104920e+00
-2.386650069562895382e+00
-2.413643033014456929e+00
-2.495286124448903298e+00
-2.584449199598058300e+00
-2.625254499297769772e+00
-2.560089114623360196e+00
-2.336989206923545837e+00
-1.916631434946308721e+00
-1.278199143121832471e+00
-4.234941637205369425e-01
6.211699646595754132e-01
1.805546345585808066e+00
3.058519944244019406e+00
4.293433208232404041e+00
5.415222610239008638e+00
6.328733598590994269e+00
6.947455961951696679e+00
7.201865984731065318e+00
7.046581835021988205e+00
6.465633211568095007e+00
5.475307264004589669e+00
4.124245856978385305e+00
2.490715122385186220e+00
6.772245263122746994e-01
-1.197084140264760954e+00
-3.005649799397741795e+00
-4.624526316499560252e+00
-5.942373526955550211e+00
-6.869534441554954185e+00
-7.345400204098455177e+00
-7.343408891785063730e+00
-6.873228382330522912e+00
-5.979919070187324159e+00
-4.740137175173922301e+00
-3.255699899589301172e+00
-1.645066249803075920e+00
-3.347093233231390741e-02
1.457433239093547162e+00
2.719527202030666224e+00
3.666912764404123060e+00
4.242590717351298224e+00
4.422566512975236286e+00
4.217050613643829493e+00
3.668679965829333867e+00
2.847951745309785565e+00
1.846306663220290245e+00
7.675045595536880150e-01
-2.819186507827020627e-01
-1.202249335794837171e+00
-1.909390605558490384e+00
-2.342075424410380080e+00
-2.466872417121690475e+00
-2.280565426023105413e+00
-1.809731201292495761e+00
-1.107596791627939670e+00
-2.485056358450423442e-01
6.794635645025036697e-01
1.583017905101396172e+00
2.372507305015029822e+00
2.970291833795104086e+00
-6.832834455744115409e+00
5.495569141808267943e+00
-6.762718481919610447e+00
1.290731189374119303e+01
-1.218940223171128778e+01
8.088121572994886321e-01
5.313238544276210895e+00
6.250255091067240087e+00
-2.213066135259139955e+01
2.069158123598635157e+01
-4.341961803006293863e+00
-4.166897433091612868e+00
-4.467013601131923473e+00
1.514436104539274908e+01
-1.443515046224776910e+01
9.055419388357607957e+00
-9.334157656021627503e+00
1.037080619664684455e+01
-4.031064828422326940e+00
-1.899479658189234144e+00
-5.261853663857479546e+00
1.860406409899743707e+01
-1.789402135434018604e+01
9.337081231864399200e-01
1.046268093856825132e+01
-2.041682595989635196e+00
-1.237004150207821063e+01
1.287266505161929331e+01
-2.037290083744889735e+00
-3.665577100734856764e+00
1.189162628037902181e+00
-1.212277316216621159e+00
5.319657196411177402e+00
-3.014614251416864121e+00
-6.107915344842060890e+00
6.595558566609099671e+00
7.823666920636943800e+00
-1.977492005647839335e+01
1.233618275781237017e+01
4.282420834342349103e+00
-6.879921551220954612e+00
-6.855418892409898213e+00
1.718817523880095521e+01
-1.334711263533681702e+01
6.362632901014781517e+00
-6.895570859591011015e+00
8.784998374542078992e+00
-4.722395924499227071e+00
2.730657290880772692e+00
-1.179957965774373818e+01
2.171570622103849502e+01
-1.575130514816852312e+01
-1.090422668180735855e+00
6.042919480553511136e+00
7.866361032777071216e+00
-2.096702559323239257e+01
1.631221610657001264e+01
-3.108444271827546679e+00
-6.816577497212552572e-01
-4.553046496603809778e+00
6.163912164336911914e+00
-3.277421985353994760e+00
5.687774772983863691e+00
-1.184268612643247920e+01
8.157217186872840031e+00
6.159044908803549490e+00
-1.246564497212818345e+01
2.988350030364591570e-01
1.394728844922433986e+01
-9.792631033197210400e+00
-7.128235032687387118e+00
1.450770177265277638e+01
-6.538792596566070259e+00
-1.192107109027631395e+00
-1.105844159280701788e+00
4.926801347221966054e+00
-3.111562858051089453e+00
3.588031643167403750e+00
-1.245613167657907105e+01
1.823742646147093183e+01
-8.893921204346474596e+00
-5.016531085313161498e+00
2.795735952926772683e+00
1.448779320005177773e+01
-2.382262232003455793e+01
1.391068674963697660e+01
-4.765415602103058035e-01
7.739096667716811595e-01
-9.438418131794215071e+00
1.197523030660707022e+01
-9.029225105013743757e+00
1.057884978853335944e+01
-1.417885448859616915e+01
8.529276502507059377e+00
3.151524532445809434e+00
-3.392211026127744944e+00
-1.136457883354293230e+01
2.111835739031329950e+01
-1.082404075456718573e+01
-6.356753342167416498e+00
8.419154289885078413e+00
3.651953905557225433e+00
-1.056705217311354872e+01
5.261751683827299075e+00
4.915733192826610143e-01
2.870862060372151303e-01
6.912723431611617064e-01
-7.776617281250368663e+00
9.719384485427809750e+00
7.927625833905418418e-01
-9.944611897106421239e+00
1.449621417051106143e+00
1.622932033115812089e+01
-1.986846810045498302e+01
5.705160764244837424e+00
5.436533310550633047e+00
3.283424667424874599e-01
-1.176193784691255928e+01
1.360857201393169547e+01
-9.346676595382568564e+00
9.848471351600936785e+00
-1.211056530673933374e+01
6.679994983268001008e+00
9.346766391609708791e-01
3.947374911715702872e+00
-1.877478729059100715e+01
2.287383277843333929e+01
-8.321024632461492487e+00
-5.951407908067164243e+00
1.334158326941704331e+00
1.359453519067374216e+01
-1.779701180195126753e+01
8.969685290753874440e+00
-2.400575011451107965e+00
4.019217117422739349e+00
-4.259569013307163310e+00
-4.146409807311037810e-01
-3.775984920535035982e-01
1.010286354724609126e+01
-1.401464796514925482e+01
1.472298066405827388e+00
1.350629052253538021e+01
-1.056876320830171601e+01
-5.892062782870527649e+00
1.247623183787844425e+01
-1.168672909529027581e+00
-1.110028787853247501e+01
1.026148379861512083e+01
-3.957297970844226853e+00
4.023534361027396145e+00
-6.431884552305668912e+00
2.673581748478557785e+00
8.557780069335017004e-01
7.160666552688189412e+00
-1.974291470054969011e+01
1.817181123300186840e+01
-1.997001214279947590e+00
-6.800306598910452749e+00
-4.361611344071631535e+00
1.984849161112845195e+01
-1.961303616083959156e+01
7.727416274707106680e+00
-2.240914945958918381e+00
6.495405145246077261e+00
-8.775700679598900322e+00
6.057259162294399424e+00
-8.070847989805542966e+00
1.576306202155828906e+01
-1.524516311536816460e+01
1.530446890149760542e+00
8.342013109896475598e+00
7.205567661130425350e-01
-1.696586063977005665e+01
1.755205585781860833e+01
-2.048058853355083198e+00
-8.346641279605682584e+00
3.160024094746786361e+00
5.012331682879528572e+00
-4.188619377380801367e+00
4.589692205903145306e-01
-2.233319027217893105e+00
2.917664348437443600e+00
5.824608652433759026e+00
-1.458677867057471467e+01
8.390733651958043993e+00
6.690555390134616864e+00
-8.707820126903850877e+00
-7.301721075349938417e+00
2.050333973318065617e+01
-1.479331285966479825e+01
1.273413161639087576e+00
1.040655408948334859e+00
6.841923763250091106e+00
-1.074225918936476276e+01
8.662490466679699352e+00
-1.046805309802975259e+01
1.580320635728443435e+01
-1.253812194388187784e+01
3.366661495872840248e-01
3.331156345670867935e+00
3.629514135057150703e+00
2.048278746502699033e+00
2.429532109957990293e-01
-1.664937618405054165e+00
-3.543439817011367232e+00
-5.260601452614160678e+00
-6.694942107642320117e+00
-7.745067482417676175e+00
-8.337612095299233417e+00
-8.432841741260507007e+00
-8.027454734304761530e+00
-7.154368223196462040e+00
-5.879540657463889985e+00
-4.296139902492093654e+00
-2.516595338888892197e+00
-6.632510971417033829e-01
1.141549420311757546e+00
2.785080118082817080e+00
4.172723151909730532e+00
5.234622343765959585e+00
5.929964881878378336e+00
6.248580908659326028e+00
6.209799567315743118e+00
5.858751145080181466e+00
5.260534997118250011e+00
4.492860931057649054e+00
3.637900672953760850e+00
2.774144496048370101e+00
1.969041263024674748e+00
1.273110233229519661e+00
7.160590415779486406e-01
3.052392251729747485e-01
2.653804074267651636e-02
-1.524347414930922184e-01
-2.772310692716266067e-01
-4.000739034691171980e-01
-5.726792223737526832e-01
-8.391449391106533540e-01
-1.229654166027633888e+00
-1.755660803172219619e+00
-2.407080791146218868e+00
-3.151816221408507701e+00
-3.937710397975701326e+00
-4.696791608447650646e+00
-5.351434632708989447e+00
-5.821873729871230196e+00
-6.034357779392825805e+00
-5.929161372688409593e+00
-5.467662778459274620e+00
-4.637771767052563554e+00
-3.457131198123938987e+00
-1.973713503508159217e+00
-2.636688539991327573e-01
1.573465689206961171e+00
3.421840654664475068e+00
5.158080080840506731e+00
6.661039444732216097e+00
7.821694349206069319e+00
8.552292255646271713e+00
8.793951510604092192e+00
8.522018201409558458e+00
7.748681059497901202e+00
6.522580936468070689e+00
4.925413199262999697e+00
3.065785205349484510e+00
1.070833033000614165e+00
-9.237000366108623073e-01
-2.784084149016960108e+00
-4.389020961553022460e+00
-5.638974873467291538e+00
-6.463628823156279068e+00
-6.826841620753302919e+00
-6.728704253540742641e+00
-6.204548141539858008e+00
-5.321025925242260257e+00
-4.169640973274548301e+00
-2.858322475224551074e+00
-1.501809024102140677e+00
-2.117002933468210557e-01
9.129445874677388773e-01
1.793643333020776387e+00
2.378475904363375193e+00
2.645527032068692108e+00
2.603530029403562818e+00
2.289712989211665217e+00
1.765102589445671333e+00
1.107768880319495608e+00
4.046759054415098866e-01
-2.570784712604532452e-01
-7.988050181497787783e-01
-1.157751193220154295e+00
-1.292923443891692337e+00
-1.188680896775578866e+00
-8.557932255723663673e-01
-3.298979056662931786e-01
3.324614732740318601e-01
1.059806669729535411e+00
1.773109479278019762e+00
2.393863161511077031e+00
2.852053526798580041e+00
3.093256762515387059e+00
3.084178381248519507e+00
2.816099683538494158e+00
2.305900369407853479e+00
1.594559251517792431e+00
7.432773763564954894e-01
-1.724036214075034268e-01
-1.069921984902869383e+00
-1.867749692992244803e+00
-2.493401657360925672e+00
-2.890623395958892949e+00
-3.025055366154641323e+00
-2.887814158321240221e+00
-2.496626560944034789e+00
-1.894383859665376146e+00
-1.145228992250886035e+00
-3.285253457787558062e-01
4.687391820753102900e-01
1.160405119275223385e+00
1.669654951266342557e+00
1.936776328573128980e+00
1.925425481780224990e+00
1.626773558803522812e+00
1.061109676761332388e+00
2.767070880762618756e-01
-6.539883049697019501e-01
-1.640538076105511944e+00
-2.582527433380531257e+00
-3.378708209454192257e+00
-3.936446492557723165e+00
-4.180614143067398203e+00
-4.061103341141139467e+00
-3.558258529969126283e+00
-2.685700593686483284e+00
-1.490247760072233030e+00
-4.889590742642591081e-02
1.536915637792009015e+00
3.149281976028091901e+00
4.663379501924990400e+00
5.957762732342231971e+00
6.924520427809666145e+00
7.478408064210087858e+00
7.564160249643995471e+00
7.161344342500419735e+00
6.286331172285455793e+00
4.991211096505843159e+00
3.359750945904649733e+00
1.500745685639205407e+00
-4.606553222136497983e-01
-2.392893937067812171e+00
-4.168361421669800393e+00
-5.673281115964426746e+00
-6.816278018186073595e+00
-7.534922411174255430e+00
-7.799721906376618108e+00
-7.615268672440995701e+00
-7.018504797301945430e+00
-6.074325279600317984e+00
-4.868971737797794574e+00
-3.501859485015828888e+00
-2.076609232274401418e+00
-6.921111426048898174e-01
5.655712376154968801e-01
1.629743903509877079e+00
2.457517814430945968e+00
3.031790675574147276e+00
3.360666654555592103e+00
3.474450382058022591e+00
3.420580449179644766e+00
3.257059207566617154e+00
3.045072230534227931e+00
2.841559766777725038e+00
2.692497764704055552e+00
2.627568364222629960e+00
2.656756802811872209e+00
2.769217254589869448e+00
2.934522840075913130e+00
3.106176622163900447e+00
3.227033604228651598e+00
3.236090251808459328e+00
3.075956438362726697e+00
2.700248678638682343e+00
2.080140620002500995e+00
1.209377701059450416e+00
1.072013934190563234e-01
-1.181178135025992670e+00
-2.586691634901502113e+00
-4.020987316857944194e+00
-5.383120365730027501e+00
-6.567792802563515053e+00
-7.474422166166649006e+00
-8.016223680830711018e+00
-8.128471254363700993e+00
-7.775160349863381448e+00
-6.953425923406339138e+00
-5.695259923898968069e+00
-4.066308306239644565e+00
-2.161785941557681667e+00
-9.980580723707332957e-02
1.987347102587785352e+00
0.000000000000000000e+00
2.233215199715009813e+00
4.324021336478451438e+00
6.140791531741504272e+00
7.572560357584395163e+00
8.537176828214480651e+00
8.987059700936896434e+00
8.912094281508410987e+00
8.339460225049069919e+00
7.330447278058378480e+00
5.974576503052603904e+00
4.381574946671078941e+00
2.671931454977883647e+00
9.668745834380518822e-01
-6.213494246203725702e-01
-1.998062556752083108e+00
-3.092885271650713364e+00
-3.864071255560981299e+00
-4.300133056723392855e+00
-4.418696475350755826e+00
-4.262775217237032344e+00
-3.894889789934119495e+00
-3.389644756123784575e+00
-2.825509123995685545e+00
-2.276604315914885213e+00
-1.805287923782309178e+00
-1.456231507907717493e+00
-1.252536037078881392e+00
-1.194224184806476075e+00
-1.259214133701606952e+00
-1.406637066451424722e+00
-1.582133052961229414e+00
-1.724569002300094578e+00
-1.773485672501230459e+00
-1.676511205472347665e+00
-1.395982724456983792e+00
-9.140947114776252214e-01
-2.360358052331958945e-01
6.092292287361731340e-01
1.570646778119109577e+00
2.579104462654869145e+00
3.553447471082326281e+00
4.407927176682768788e+00
5.060382114416810850e+00
5.440371035769566710e+00
5.496470923253466978e+00
5.202020641685450641e+00
4.558727437852305719e+00
3.597746425794208225e+00
2.378074835025953959e+00
9.823517757996265143e-01
-4.896025151398362141e-01
-1.928959233519695449e+00
-3.227050532991061260e+00
-4.284719453139992140e+00
-5.021006250889922917e+00
-5.380377069192354256e+00
-5.337824130808253464e+00
-4.901352393559185394e+00
-4.111599214797687196e+00
-3.038590120231462244e+00
-1.775891944286108748e+00
-4.326608445273446568e-01
8.757246575682053891e-01
2.037624137789537215e+00
2.954809975233053443e+00
3.550998325911855602e+00
3.778477068951120899e+00
3.622238796548699291e+00
3.101247978802457617e+00
2.266726286905536014e+00
1.197605701941873546e+00
-6.448532870455381261e-03
-1.233826659304823270e+00
-2.370795575463577887e+00
-3.311482418489835489e+00
-3.967138015387938310e+00
-4.273864352969727776e+00
-4.198129958117621463e+00
-3.739597062151218676e+00
-2.931026397199361533e+00
-1.835287414157077857e+00
-5.397598415290008056e-01
8.513565376793299500e-01
2.226124035126449741e+00
3.474522636303441825e+00
4.497816640103435404e+00
5.216804442452364299e+00
5.578232716069931207e+00
5.558829693654784521e+00
5.166633739428760030e+00
4.439542308189346365e+00
3.441259742722997395e+00
2.255056862566477971e+00
9.759495206802957235e-01
-2.979603524081220201e-01
-1.474171399653930514e+00
-2.473696737094611020e+00
-3.237488279927994483e+00
-3.730804254770931916e+00
-3.945153810570257491e+00
-3.897686243570372966e+00
-3.628136340375908375e+00
-3.193668769967761278e+00
-2.662161628837973915e+00
-2.104613746102182326e+00
-1.587438756615567215e+00
-1.165414050893623266e+00
-8.759842090066749520e-01
-7.354830387564343930e-01
-7.376487807005513986e-01
-8.545814169984273789e-01
-1.040050736528428166e+00
-1.234831679252244463e+00
-1.373541594217960959e+00
-1.392301688151143191e+00
-1.236456800306021453e+00
-8.675724104185920105e-01
-2.689873493231704771e-01
5.506700977170759792e-01
1.556407817249059189e+00
2.688414371603852882e+00
3.866151859686447256e+00
4.994682305115074605e+00
5.972694679313950594e+00
6.701528439491199585e+00
7.094381444319228791e+00
7.084855929532655416e+00
6.634039749820928478e+00
5.735438045299620313e+00
4.417252718650847676e+00
2.741737490844633029e+00
8.016142044424010571e-01
-1.286201807401220698e+00
-3.389076854950041184e+00
-5.368643140930313251e+00
-7.091459864770573773e+00
-8.439451176838897339e+00
-9.319232809085931990e+00
-9.669529873374996143e+00
-9.466049933185756160e+00
-8.723393701748832996e+00
-7.493841146232133710e+00
-5.863120558182641773e+00
-3.943528162659788006e+00
-1.864992855523799564e+00
2.351455409131157914e-01
2.222770909828875929e+00
3.977137307638664687e+00
5.399678601413160806e+00
6.420759709368191182e+00
7.003837820506278788e+00
7.146737244411863976e+00
6.880000612810023064e+00
6.262538437742182218e+00
5.375035059088004274e+00
4.311760578852593007e+00
3.171568465226332734e+00
2.048915833105744433e+00
1.025723429565648104e+00
1.647976620937861014e-01
-4.946229479552894936e-01
-9.388443200596152671e-01
-1.179103574979149638e+00
-1.248500351448708079e+00
-1.196838463089166193e+00
-1.083937881052795982e+00
-9.721160708313782983e-01
-9.186089078696242360e-01
-9.686984596221970278e-01
-1.150238532638680589e+00
-1.470126608827534653e+00
-1.913076365345678376e+00
-2.442816986933917356e+00
-3.005605660871769835e+00
-3.535710804741894364e+00
-3.962327481566906506e+00
-4.217241788885925935e+00
-4.242481619807549009e+00
-3.997184806339404872e+00
-3.462983130756341676e+00
-2.647335943059369257e+00
-1.584437673955297887e+00
-3.335516674800182990e-01
1.025132835677201593e+00
2.396785980168073316e+00
3.679821567735630961e+00
4.774677210987546161e+00
5.592691624953976870e+00
6.064258303106528913e+00
6.145489071691086380e+00
5.822747075684738149e+00
5.114595489285451713e+00
4.070938848288370160e+00
2.769387406054730327e+00
1.309128125832567102e+00
-1.971844489974584058e-01
-1.632819396109919108e+00
-2.886821869173540112e+00
-3.863456871970571971e+00
