4.986230551203894024e+00
3.879894084097703200e+00
2.619987182585456154e+00
1.247074019273098688e+00
-1.934082929235110271e-01
-1.652523211330849229e+00
-3.079384217117033806e+00
-4.422837367795688479e+00
-5.633226257770340695e+00
-6.664182096864729843e+00
-7.474376681253030341e+00
-8.029173138504081209e+00
-8.302108797132465412e+00
-8.276146596999783611e+00
-7.944636253903351708e+00
-7.311933935962668052e+00
-6.393639389367219650e+00
-5.216422022774040101e+00
-3.817422049049186583e+00
-2.243228894837969278e+00
-5.484561215224736941e-01
1.206050629089110870e+00
2.955319385615202243e+00
4.632602520096836152e+00
6.171890097623734306e+00
7.510492918497190473e+00
8.591594887690177984e+00
9.366670830501291789e+00
9.797666583493709780e+00
9.858843314878871666e+00
9.538197567844285629e+00
8.838382274413380202e+00
7.777071557157680282e+00
6.386732931790810142e+00
4.713793783367766110e+00
2.817213805195672993e+00
7.665004453853159205e-01
-1.360770784608190453e+00
-3.481846129392939915e+00
-5.511988104614816919e+00
-7.367852587842194545e+00
-8.970914288401097281e+00
-1.025079963579011100e+01
-1.114838517115472527e+01
-1.161852463401704583e+01
-1.163227910188706282e+01
-1.117854148931381530e+01
-1.026496890512687621e+01
-8.918163010963258586e+00
-7.183068605674525209e+00
-5.121592978275130825e+00
-2.810481788109734147e+00
-3.385199240813250299e-01
2.196843477189545091e+00
4.693319311219335432e+00
7.047902835613765404e+00
9.161131881955938638e+00
1.094130254985801187e+01
1.230846307552398322e+01
1.319801131334194366e+01
1.356373367161689814e+01
1.338014306797468755e+01
1.264399985050439312e+01
1.137493169135666271e+01
9.615104949199311690e+00
7.427939438145742201e+00
4.895899289149623357e+00
2.117432903193183336e+00
-7.968268916671306101e-01
-3.728457166196111672e+00
-6.556059675895507866e+00
-9.160300240965298713e+00
-1.142896298380133402e+01
-1.326180457026639914e+01
-1.457499765164945060e+01
-1.530496594469168770e+01
-1.541143543694553131e+01
-1.487955628991555734e+01
-1.372098699066755323e+01
-1.197387470643724150e+01
-9.701711891566567658e+00
-6.991097051010806140e+00
-3.948475133835077866e+00
-6.959782405715131404e-01
2.633471829652557439e+00
5.901603049065228035e+00
8.970551731644153648e+00
1.170869966349041924e+01
1.399634170807491351e+01
1.573093884177256285e+01
1.683172525326886415e+01
1.724346204499321900e+01
1.693916334107797894e+01
1.592166194639450261e+01
1.422392945326186720e+01
1.190811788745720534e+01
9.063344428637423178e+00
5.802295104398162096e+00
2.256775280987840304e+00
-1.427618034018857340e+00
-5.097486721067950199e+00
-8.598037918134124880e+00
-1.177963780905901459e+01
-1.450423426510496050e+01
-1.665137151751453359e+01
-1.812353376320594123e+01
-1.885057988357725023e+01
-1.879306735094528591e+01
-1.794430849642181869e+01
-1.633105478492933926e+01
-1.401276240993300704e+01
-1.107945294976156170e+01
-7.648243434572784771e+00
-3.858678332589666748e+00
1.329508759394686379e-01
4.160067075098044853e+00
8.052782025981086278e+00
1.164509098070750959e+01
1.478198149839693265e+01
1.732615075866861432e+01
1.916403906505395227e+01
2.021091339979610879e+01
2.041477284269915415e+01
1.975889588649643613e+01
1.826290619296178619e+01
1.598229577904326959e+01
1.300641035865168327e+01
9.454967780533356958e+00
5.473244332664580547e+00
1.226122339947920192e+00
-3.108756627759160729e+00
-7.348447777136382975e+00
-1.131245425307867158e+01
-1.483044370352397578e+01
-1.774959894791251713e+01
-1.994128417188184699e+01
-2.130673465852983739e+01
-2.178151749490414346e+01
-2.133856136934124592e+01
-1.998961340651695906e+01
-1.778504746222645139e+01
-1.481201859870530591e+01
-1.119102957332221315e+01
-7.071044027946502553e+00
-2.623344664991394293e+00
1.965609755331165776e+00
6.502029731007350932e+00
1.079301129892835753e+01
1.465477349840487875e+01
1.792056375534331636e+01
2.044788965950312587e+01
2.212476216000568741e+01
2.287467553302339240e+01
2.266010193323321076e+01
2.148434074233518487e+01
1.939163264262460729e+01
1.646552240522722599e+01
1.282552961673545688e+01
8.622259728755814479e+00
4.031155725317908889e+00
-7.548496061974838689e-01
-5.533471975303639212e+00
-1.010165982309509758e+01
-1.426425869671785307e+01
-1.784238446420970448e+01
-2.068114454577229822e+01
-2.265637242948507435e+01
-2.368008140536138484e+01
-2.370439701173454239e+01
-2.272379189489809548e+01
-2.077551891620690938e+01
-1.793821532279079634e+01
-1.432872932546050748e+01
-1.009729711403945629e+01
-5.421269863557109048e+00
-4.976535299173299176e-01
4.465223569390536440e+00
9.256561549228399244e+00
1.367208052839054133e+01
1.752276780284926261e+01
2.064300443697108989e+01
2.289772033028241438e+01
2.418826728016696848e+01
2.445675355490898539e+01
2.368864873415683547e+01
2.191354128722009875e+01
1.920401038912967806e+01
1.567265442458123559e+01
1.146739801072181031e+01
6.765273747846332064e+00
1.764941054856387526e+00
-3.321740517416353455e+00
-8.278724585984084783e+00
-1.289499277415091427e+01
-1.697357637069042369e+01
-2.033999742912922670e+01
-2.284976597017455902e+01
-2.439460970225938041e+01
-2.490716645507619020e+01
-2.436393503780988112e+01
0.000000000000000000e+00
2.225399482790107442e+01
-2.108772235522860328e+01
-1.965899157298370614e+00
2.236611434622225403e+01
-1.899435259139941579e+01
-3.706833649348958204e+00
2.137957324183307151e+01
-1.616978801920847886e+01
-5.022495370822257499e+00
1.933837718979743769e+01
-1.285874938560724878e+01
-5.759343005541923688e+00
1.637262737243720423e+01
-9.330447100697430329e+00
-5.827877017408734872e+00
1.268789953575273621e+01
-5.852395036732310984e+00
-5.213279488300019082e+00
8.547411256026160586e+00
-2.664979360816555953e+00
-3.978290335998416971e+00
4.248682805515645811e+00
4.069630474785235208e-02
-2.257977894195430046e+00
9.694260556697287257e-02
2.139511382112321058e+00
-2.468842563522124500e-01
-3.622149113724154823e+00
3.581956903988249508e+00
1.820198508684016003e+00
-6.667817402280475036e+00
4.395795583347414492e+00
3.691914216736202015e+00
-8.865083910516894150e+00
4.679665892858531961e+00
5.126122852255520890e+00
-1.011926299333016743e+01
4.589358424632632882e+00
5.915183911003608408e+00
-1.042266912325290917e+01
4.318233304186424704e+00
5.908187432130882044e+00
-9.852933527638299438e+00
4.073838320242741062e+00
5.027869863962775909e+00
-8.563157777132015980e+00
4.053169403977271656e+00
3.280472040398387357e+00
-6.764937497094432928e+00
4.419149844509605352e+00
7.574925728617527554e-01
-4.705990142546409238e+00
5.280778693538403346e+00
-2.370907492378805159e+00
-2.644647079459032213e+00
6.679024905604926232e+00
-5.870263934970529007e+00
-8.237697544184356957e-01
8.579959502839130892e+00
-9.462575131839148668e+00
5.533070649820581721e-01
1.087588219939444656e+01
-1.285147793125064553e+01
1.342419040655954632e+00
1.339438546891362947e+01
-1.574939571484657108e+01
1.471872211397054819e+00
1.591448980905873078e+01
-1.790402091406433982e+01
9.481156238233783284e-01
1.818826038953928403e+01
-1.912155617672658536e+01
-1.467226186068222304e-01
1.996575025420787952e+01
-1.928445597302568970e+01
-1.665121777226021837e+00
2.102076581237960085e+01
-1.836195206534411994e+01
-3.411173455983838476e+00
2.117485194297081108e+01
-1.641235794475527499e+01
-5.162524268551463180e+00
2.031705694295460773e+01
-1.357695808513625479e+01
-6.694979132931976551e+00
1.841744588345657974e+01
-1.006611683486655551e+01
-7.807222427025806155e+00
1.553294418599841720e+01
-6.139006319655180732e+00
-8.343105599956423646e+00
1.180485032637023224e+01
-2.078976709339225071e+00
-8.209199020824867077e+00
7.448181984763831309e+00
1.832986458762944526e+00
-7.385787728516016948e+00
2.733831256782279340e+00
5.344096274981514405e+00
-5.930156825247153485e+00
-2.034779362965140059e+00
8.252352920507750156e+00
-3.971795531505543764e+00
-6.548299234545391201e+00
1.042368734042800504e+01
-1.699970605325075823e+00
-1.051874159936178899e+01
1.180201710160092077e+01
6.551027445926083104e-01
-1.370482409034025828e+01
1.241129025476984538e+01
2.845609416597969066e+00
-1.593290567302283200e+01
1.234940221306528940e+01
4.631653029206471928e+00
-1.711150049891035607e+01
1.177468895006747296e+01
5.806364444669100067e+00
-1.723798191460956986e+01
1.088644511601927789e+01
6.218048492327193699e+00
-1.639685979433262730e+01
9.901513259169524517e+00
5.787102313598101233e+00
-1.474984469235499596e+01
9.029380376454808399e+00
4.515952372671685922e+00
-1.251872027669394427e+01
8.448361520658856705e+00
2.490948152563108309e+00
-9.962750601748167512e+00
8.285332939851384637e+00
-1.240500666407315933e-01
-7.352880818808142038e+00
8.601111182663476740e+00
-3.101824040511990788e+00
-4.945296055941331481e+00
9.382996712157293473e+00
-6.172352046275860538e+00
-2.956953184557010061e+00
1.054526904535420329e+01
-9.047784099914736089e+00
-1.545489422301184135e+00
1.193760891994375406e+01
-1.144941101371048475e+01
-7.954616757553099049e-01
1.336061317448328900e+01
-1.313399518133354960e+01
-7.122265970968228999e-01
1.458684145527280052e+01
-1.391688720900243759e+01
-1.223998276568131871e+00
1.538526374652189865e+01
-1.368966478189966196e+01
-2.191795948901274382e+00
1.554662160233674228e+01
-1.243056746514655941e+01
-3.426200778522335622e+00
1.490710993303135368e+01
-1.020670999982460359e+01
-4.709158229005629082e+00
1.336794128294410555e+01
-7.167866437685953329e+00
-5.818559075435604910e+00
1.090875556082223241e+01
-3.532447456518318152e+00
-6.553058131876400516e+00
7.593445294905041720e+00
4.329393007187499753e-01
-6.754572536393163240e+00
3.567719132931323145e+00
4.438327462127722001e+00
-6.326142479222315096e+00
-9.514506984345252327e-01
8.197183258982866150e+00
-5.243312165205765041e+00
-5.693540226296931905e+00
1.145252124873844757e+01
-3.557849685998942135e+00
-1.035767021583506420e+01
1.399979433168237897e+01
-1.393404788817417916e+00
-1.463905984339579547e+01
1.570434020109694018e+01
1.066475277427253232e+00
-1.825617781172439180e+01
1.651171867676007210e+01
3.596772238934283550e+00
-2.097595286713808349e+01
1.644999121455218472e+01
5.954006835155540855e+00
-2.263458945435887415e+01
1.562380330667225792e+01
7.901501184107877940e+00
-2.315196198095630820e+01
1.420095133044183378e+01
9.234324175227957454e+00
-2.253819036769516515e+01
1.239286544024346526e+01
3.454537328821225550e+00
1.618450332946772985e+00
-2.575646821954844512e-01
-2.086672642064991479e+00
-3.785589419564873381e+00
-5.278367194817704444e+00
-6.499789253176912140e+00
-7.398222449448740079e+00
-7.937802412478814240e+00
-8.099858889675957130e+00
-7.883524886077530880e+00
-7.305511720533105269e+00
-6.399070999643303281e+00
-5.212201993253945176e+00
-3.805197260065426246e+00
-2.247649055274011154e+00
-6.150627226957863236e-01
1.014760108586659548e+00
2.565396841453298826e+00
3.965365290945787713e+00
5.151405956407487885e+00
6.071334926324967185e+00
6.686338931484650416e+00
6.972611618124432198e+00
6.922262108265499592e+00
6.543461812146312617e+00
5.859831598361906480e+00
4.909107107857844987e+00
3.741153551366989571e+00
2.415431202816725964e+00
9.980376256585704597e-01
-4.415286752698555084e-01
-1.833726818672105185e+00
-3.112293783755445631e+00
-4.217369197803058967e+00
-5.098278360771520745e+00
-5.715844814511750194e+00
-6.044127311649662104e+00
-6.071504353772597895e+00
-5.801061175538721137e+00
-5.250267626283561029e+00
-4.449969242327654229e+00
-3.442746309101489821e+00
-2.280725354335523036e+00
-1.022952909608987326e+00
2.675386448400988160e-01
1.526829686417028764e+00
2.693226221586244140e+00
3.710237318019915520e+00
4.529275005981014068e+00
5.111948893512500369e+00
5.431848075251920704e+00
5.475728245049412024e+00
5.244051012863057082e+00
4.750853870027912151e+00
4.022961533347950258e+00
3.098580984799537141e+00
2.025351908495482078e+00
8.579500203501240208e-01
-3.446382235181268960e-01
-1.522035844544135985e+00
-2.615448061915966793e+00
-3.570543231152443209e+00
-4.340102784286717252e+00
-4.886312679418971072e+00
-5.182586662913751141e+00
-5.214834641005730020e+00
-4.982116531572111207e+00
-4.496651813418035104e+00
-3.783186173775961336e+00
-2.877747679782013179e+00
-1.825854283254847665e+00
-6.802608092263238149e-01
5.016443750412902247e-01
1.660666107032947814e+00
2.738715109141483861e+00
3.681665161620912397e+00
4.442016169928710845e+00
4.981234023034621927e+00
5.271653823979238318e+00
5.297854190836027932e+00
5.057435859916417975e+00
4.561166548983022651e+00
3.832484580975423327e+00
2.906384667584349657e+00
1.827739030265624010e+00
6.491342715088013193e-01
-5.716721993888915776e-01
-1.774553951595931878e+00
-2.899940706851755756e+00
-3.891725938006284302e+00
-4.700016527747385986e+00
-5.283591441801273270e+00
-5.611950064604037891e+00
-5.666850267832738375e+00
-5.443260514230918723e+00
-4.949678192669225929e+00
-4.207796612333523534e+00
-3.251534218944932775e+00
-2.125470154300010961e+00
-8.827588079483774663e-01
4.173788532149309560e-01
1.712468846309360693e+00
2.939769325028406932e+00
4.039285354513792115e+00
4.956669395607092632e+00
5.645868474741021714e+00
6.071390523319491805e+00
6.210079968128390249e+00
6.052315525005141694e+00
5.602570223662894477e+00
4.879303703342681153e+00
3.914188356542879887e+00
2.750702475846033224e+00
1.442153685813839736e+00
4.922319175192768625e-02
-1.362855544496500038e+00
-2.727352285889693917e+00
-3.979186565828060296e+00
-5.058017226844552461e+00
-5.911128857844682116e+00
-6.495977897656796785e+00
-6.782276527266818178e+00
-6.753513620903595083e+00
-6.407837994201813103e+00
-5.758258774151906678e+00
-4.832149545516294609e+00
-3.670075517735711834e+00
-2.323994781059711912e+00
-8.549142878885298558e-01
6.698928865191815518e-01
2.179981405936995742e+00
3.604995891109562756e+00
4.877950163760894853e+00
5.938370651763418273e+00
6.735156681014389690e+00
7.229022860090872804e+00
7.394407577196979275e+00
7.220755921351944551e+00
6.713113999482526850e+00
5.892003329769249120e+00
4.792577285145759980e+00
3.463094897067646727e+00
1.962779159850120969e+00
3.591558167476796015e-01
-1.275006888263627403e+00
-2.865017995637179737e+00
-4.337691030829275540e+00
-5.624720870005717188e+00
-6.665854170755721952e+00
-7.411706143744179798e+00
-7.826092155482679225e+00
-7.887764499348354441e+00
-7.591471660559802714e+00
-6.948288299467620277e+00
-5.985197570707304848e+00
-4.743941749076928893e+00
-3.279190863825997226e+00
-1.656110593615987892e+00
5.256141608237463458e-02
1.769798679249380058e+00
3.417779342008517851e+00
4.921430746897692110e+00
6.211862966762597971e+00
7.229533759748387745e+00
7.926999218367568822e+00
8.271122928633825921e+00
8.244640882747450661e+00
7.847008591404321720e+00
7.094489488372172303e+00
6.019478318670053341e+00
4.669088168294123875e+00
3.103063524254416006e+00
1.391112699176848544e+00
-3.902203090786060535e-01
-2.161003158163790516e+00
-3.841525470320212854e+00
-5.355908128091556364e+00
-6.635547308457123705e+00
-7.622236246287660499e+00
-8.270822141230473434e+00
-8.551276578034951115e+00
-8.450084367628324600e+00
-7.970886626920105300e+00
-7.134347790033678471e+00
-5.977251536280517641e+00
-4.550865718606476484e+00
-2.918649676267048410e+00
-1.153407294509974479e+00
6.659855392844984401e-01
2.458130996231803422e+00
4.142776098406325325e+00
5.644430080708677799e+00
6.895768349790530216e+00
7.840668726027582025e+00
8.436742340364105530e+00
8.657244509185785475e+00
8.492279078888827826e+00
7.949241831083570631e+00
7.052483103762489769e+00
9.801371144332879481e+00
-2.089176760409617373e+01
1.043104426249887950e+01
9.522306530265669977e+00
-1.838944040533587199e+01
8.541875065024711944e+00
8.397605042378970097e+00
-1.526885404732764151e+01
6.922425072361850340e+00
6.510612545271202478e+00
-1.180568135999888213e+01
5.719680722494700831e+00
4.021343879115852005e+00
-8.287493119717058931e+00
5.015353126460976085e+00
1.152561549419224285e+00
-4.986939307428819745e+00
4.817796070636954475e+00
-1.830546137979108590e+00
-2.136867004220103006e+00
5.061855270486990577e+00
-4.645123985063321470e+00
9.020421465499772751e-02
5.616657543609214542e+00
-7.017431823682728442e+00
1.596273836743873353e+00
6.300537685466114368e+00
-8.709024628623065922e+00
2.364384246748789664e+00
6.901570755566114101e+00
-9.539756286938256835e+00
2.456914252908998009e+00
7.201601762703009335e+00
-9.405339121002015190e+00
2.005905593825007216e+00
7.001301439875834198e+00
-8.287723872476938425e+00
1.196482633294673414e+00
6.143662677564734942e+00
-6.257270477200293612e+00
2.451136485874099158e-01
4.533498991366615272e+00
-3.466488328158261467e+00
-6.250272119189395070e-01
2.150899701924780416e+00
-1.359552883003964929e-01
-1.209056040400091625e+00
-9.428028831538197707e-01
3.466205293131947585e+00
-1.343166400318439813e+00
-4.607251090033384067e+00
7.049277603456520325e+00
-9.228738005681327294e-01
-8.633340747827093153e+00
1.032689204525154025e+01
8.514832024391694176e-02
-1.276062711117294235e+01
1.304331600489424403e+01
1.638850897068559576e+00
-1.670020399059844607e+01
1.499653585414629120e+01
3.624642005941913325e+00
-2.016084581564056677e+01
1.605589640228138748e+01
5.868881273829533285e+00
-2.287586509849688454e+01
1.617261251354067042e+01
8.155865385357497388e+00
-2.462805374242523371e+01
1.538218247360613589e+01
1.025047039977196484e+01
-2.527025460137623014e+01
1.379854228486959045e+01
1.192313769975548610e+01
-2.473953220254284702e+01
1.160062333387351785e+01
1.297464466988308374e+01
-2.306353668999946649e+01
9.012730448095130242e+00
1.325811356717373712e+01
-2.035842065977259452e+01
6.280767834534126237e+00
1.269598151722747659e+01
-1.681849840027274468e+01
3.646745856764421312e+00
1.129015435298923009e+01
-1.269864845647915530e+01
1.324161738679189071e+00
9.124247181944140195e+00
-8.291172562515352951e+00
-5.232536187033929309e-01
6.357607057607596701e+00
-3.899365911821166542e+00
-1.797281973206756867e+00
3.211638557254937965e+00
1.896284582933507323e-01
-2.473882892089962482e+00
-5.027132492851349443e-02
3.730046218265145708e+00
-2.603927567111619990e+00
-3.147284605523982037e+00
6.538373718814654900e+00
-2.305960162853295525e+00
-5.807700507391036382e+00
8.507870745660303768e+00
-1.751757966211546114e+00
-7.794984309658979704e+00
9.615387460021715071e+00
-1.146195614120532724e+00
-8.930664820516931002e+00
9.919890186083609507e+00
-7.035004071829558114e-01
-9.111829112937764208e+00
9.552937960942738727e+00
-6.223565733040734571e-01
-8.321470704178597799e+00
8.702152260094583980e+00
-1.062438903091607045e+00
-6.630649343523997707e+00
7.589416049041702195e+00
-2.124817940793121807e+00
-4.192227107801141273e+00
6.446056043533011426e+00
-3.838293569726284105e+00
-1.226776221235480246e+00
5.487552228425875533e+00
-6.153119887885638128e+00
1.997973894656409621e+00
4.890352570844879843e+00
-8.942841201101748183e+00
5.192146342104265955e+00
4.773145458130837682e+00
-1.201414125086231444e+01
8.070741770432700690e+00
5.184480684236996595e+00
-1.512379747239066319e+01
1.038004233148287980e+01
6.097978473272159583e+00
-1.800111050534309598e+01
1.192082517128526220e+01
7.415590736444629627e+00
-2.037361888832397483e+01
1.256613805614667001e+01
8.978557587084551983e+00
-2.199356629592556089e+01
1.227193441557937703e+01
1.058491774141842967e+01
-2.266249850064641080e+01
1.107957789692994766e+01
1.201176275004005944e+01
-2.225153889736927582e+01
9.110036137530173050e+00
1.303993934471001026e+01
-2.071530815180745577e+01
6.550408914549818107e+00
1.347865047385234050e+01
-1.809807403177244112e+01
3.634194654352041365e+00
1.318740947421635568e+01
-1.453148004806225480e+01
6.173157298593756614e-01
1.209306305816291527e+01
-1.022403022631817393e+01
-2.247664384109138602e+00
1.020009131266836278e+01
-5.443319561623421343e+00
-4.736531165265398968e+00
7.593067397986684952e+00
-4.927144965947687361e-01
-6.675108717450097373e+00
4.430948493012769163e+00
4.315266152526730181e+00
-7.955486259870873766e+00
9.336936278420466806e-01
8.686296441161196924e+00
-8.545179908290210236e+00
-2.637519356829774342e+00
1.236967364155688465e+01
-8.488349363409486870e+00
-6.004554412078739745e+00
1.517938683100233810e+01
-7.898997489171705411e+00
-8.898672103329406724e+00
1.700881346806162497e+01
-6.946895018496048735e+00
-1.108637274843069420e+01
1.783766897056391798e+01
-5.837710871944307378e+00
-1.239215954613213100e+01
1.773060470119197163e+01
-4.789416581085506053e+00
-1.271594773675875700e+01
1.682767827721646725e+01
-4.007411941081956641e+00
-1.204336792800828349e+01
1.532772399185106238e+01
-3.660950176653757993e+00
-1.044790966238624819e+01
1.346635013681135007e+01
-3.863311346434084470e+00
0.000000000000000000e+00
5.157182851883375996e+00
1.009523366506829589e+01
1.460437069677896815e+01
1.849311211397446186e+01
2.159644148720504830e+01
2.378283946984782915e+01
2.495988075180765264e+01
2.507815709304855289e+01
2.413335922487185314e+01
2.216642954689152845e+01
1.926178042869162610e+01
1.554365597113214292e+01
1.117079471253372880e+01
6.329623549293318163e+00
1.226275947476549444e+00
-3.922222345642956132e+00
-8.897221570041736527e+00
-1.348777269556647695e+01
-1.749960926924680749e+01
-2.076340231248951440e+01
-2.314193602034659136e+01
-2.453589891717847848e+01
-2.488804507339136762e+01
-2.418555037964984678e+01
-2.246046665503843798e+01
-1.978825816788667424e+01
-1.628448743932938569e+01
-1.209979643347653067e+01
-7.413402007534756422e+00
-2.425387680584671912e+00
2.651875317470695492e+00
7.602808296385894948e+00
1.221781675228150910e+01
1.630219983897013947e+01
1.968439734834986155e+01
2.222322344400476624e+01
2.381378093271516505e+01
2.439180741468647895e+01
2.393627270410219410e+01
2.247012249154134622e+01
2.005914304840333529e+01
1.680900239833911769e+01
1.286060132738508699e+01
8.383939526993419378e+00
3.570764989030647651e+00
-1.373674169831887060e+00
-6.239419135618582857e+00
-1.082075307473778558e+01
-1.492493370326538482e+01
-1.838033351810468830e+01
-2.104364252262044488e+01
-2.280583003783367957e+01
-2.359661677932281165e+01
-2.338727338922861065e+01
-2.219163419389220593e+01
-2.006529194967437491e+01
-1.710301740698896822e+01
-1.343452330076956969e+01
-9.218762616025216516e+00
-4.637012687526626209e+00
1.149527351367130024e-01
4.835264005183787184e+00
9.324566687657686259e+00
1.339447439411951102e+01
1.687550347067335466e+01
1.962415404546209885e+01
2.152884056220959863e+01
2.251442603854212621e+01
2.254517561385323887e+01
2.162601378774196448e+01
1.980204308673022240e+01
1.715635655018334305e+01
1.380624917698591503e+01
9.898001207580154670e+00
5.600465954548614178e+00
1.097744322886535784e+00
-3.418734870703003637e+00
-7.758386658744950815e+00
-1.173954347296337453e+01
-1.519708710034780808e+01
-1.798931723526316873e+01
-2.000377001212225636e+01
-2.116174709756502992e+01
-2.142137298938144596e+01
-2.077906257740669460e+01
-1.926934993982546374e+01
-1.696309977674322411e+01
-1.396419178208158485e+01
-1.040483267770002840e+01
-6.439707851896959490e+00
-2.239232164721089102e+00
2.017804453193825953e+00
6.151877915304789113e+00
9.990329514592158233e+00
1.337460111636029403e+01
1.616680175486003535e+01
1.825533293141856106e+01
1.955934282125860690e+01
2.003183190625112786e+01
1.966129191862686554e+01
1.847182378334515818e+01
1.652174569785501035e+01
1.390076675933537942e+01
1.072586189427547509e+01
7.136037715621963429e+00
3.286224087856124410e+00
-6.594392200178083030e-01
-4.534628734207029055e+00
-8.177874345555677493e+00
-1.143930837394793087e+01
-1.418684360484032325e+01
-1.631152503652263874e+01
-1.773183841080048495e+01
-1.839680573055153801e+01
-1.828775176216917941e+01
-1.741868358622352986e+01
-1.583528504926237979e+01
-1.361258689571413605e+01
-1.085142890463898979e+01
-7.673880183919551179e+00
-4.217825824468732776e+00
-6.309606923700883385e-01
2.935547027671549181e+00
6.333449613481501927e+00
9.423599478432928223e+00
1.208165636193530368e+01
1.420308755841421089e+01
1.570726025232337264e+01
1.654046664035325520e+01
1.667777029522534349e+01
1.612361401468586308e+01
1.491118292127930189e+01
1.310056951124898994e+01
1.077583743498097490e+01
8.041125926555960035e+00
5.015975133601146219e+00
1.830082601923328056e+00
-1.382278301826370459e+00
-4.487936908454455143e+00
-7.360359702776197111e+00
-9.884810099922797022e+00
-1.196292294402620904e+01
-1.351651175695692686e+01
-1.449046260897307192e+01
-1.485460987615707396e+01
-1.460453421333133761e+01
-1.376126980520659338e+01
-1.236995432889408164e+01
-1.049749908908146523e+01
-8.229396634792365717e+00
-5.665817212500182443e+00
-2.917172316378928265e+00
-9.934235998738305540e-02
2.671224515884589756e+00
5.282334506102126959e+00
7.630590960599400674e+00
9.625474049028905910e+00
1.119279700586041670e+01
1.227740859970262122e+01
1.284504621660340007e+01
1.288328193028888258e+01
1.240154345060513563e+01
1.143023116716583409e+01
1.001898996103984274e+01
8.234228487926781526e+00
6.156007873174936584e+00
3.874445075437977337e+00
1.485792729725337047e+00
-9.116334558354042272e-01
-3.221506900996182310e+00
-5.353354688833946717e+00
-7.226079672648027419e+00
-8.771004076049132792e+00
-9.934322399945928694e+00
-1.067887937534297293e+01
-1.098521934548414336e+01
-1.085188543285698337e+01
-1.029497873886498382e+01
-9.347018276667441228e+00
-8.055170096154466108e+00
-6.478938026688655150e+00
-4.687427740762269757e+00
-2.756309765918243393e+00
-7.646152336961042906e-01
1.208499592319419058e+00
3.086887505822341282e+00
4.800319727869922559e+00
6.287060730392331820e+00
7.496016662954185783e+00
8.388386555833459823e+00
8.938768619118528491e+00
9.135698153170515923e+00
8.981617754188945923e+00
8.492303609499895600e+00
7.695792790408793493e+00
6.630874754152810802e+00
5.345225107914186147e+00
3.893270595743523188e+00
2.333880966856582084e+00
-8.084655601298671002e+00
1.149081447608289785e+01
-4.657795370545812830e+00
-5.176187179899893742e+00
9.634326892042928137e+00
-6.011018772164458568e+00
-1.992016413823205934e+00
8.092369896203205570e+00
-7.814260902855147961e+00
1.176461490348042149e+00
7.003409528517106963e+00
-9.892790195880486692e+00
4.043057807286935201e+00
6.435913455265883876e+00
-1.202229075041421247e+01
6.353284893854374893e+00
6.382945897942024160e+00
-1.395078574029470708e+01
7.907679705517573154e+00
6.764835626450944162e+00
-1.542388960383189378e+01
8.579697147660940715e+00
7.439591485778028535e+00
-1.621087263430502645e+01
8.326454989302007448e+00
8.219952457327423190e+00
-1.612892475730473052e+01
7.191322681840970787e+00
8.895285262526396508e+00
-1.506317008188231021e+01
5.298155839771463427e+00
9.256049752087145421e+00
-1.298039417897788539e+01
2.837805513520397227e+00
9.118290329837407171e+00
-9.935061302051584775e+00
4.829413394669923587e-02
8.345606792831041787e+00
-6.066957709085706085e+00
-2.809327929198113694e+00
6.866310762432492609e+00
-1.590624237971156818e+00
-5.477011810184004403e+00
4.683958986975378380e+00
3.222446163474963488e+00
-7.725016998208595886e+00
1.880123528872656991e+00
8.067153243492478865e+00
-9.373973163811770704e+00
-1.390955940079106057e+00
1.263143400085963108e+01
-1.031151301380452345e+01
-4.915369699573796325e+00
1.662363656886090268e+01
-1.050184872931079028e+01
-8.438939650655649771e+00
1.979797997357294292e+01
-9.987382935926014227e+00
-1.169112496932239331e+01
2.197564537391760098e+01
-8.882253135989664372e+00
-1.441106649368545334e+01
2.305947667965129000e+01
-7.358524864119924125e+00
-1.637317571601182209e+01
2.304090079762235277e+01
-5.626491486834986233e+00
-1.740970496677668677e+01
2.199844704723189182e+01
-3.911132971498776811e+00
-1.742802304063090801e+01
2.008807473209064653e+01
-2.427172428928539460e+00
-1.642083673333110383e+01
1.752632470661871977e+01
-1.355309011422573207e+00
-1.446829223259677022e+01
1.456801459354704420e+01
-8.220848277868189058e-01
-1.173169194777374713e+01
1.148072800649151581e+01
-8.854741045662315457e-01
-8.439392211008755140e+00
8.518652990458058127e+00
-1.527702023101193518e+00
-4.866222497192906893e+00
5.898373823262470061e+00
-2.656066875210004063e+00
-1.308409965162788069e+00
3.779008866772471720e+00
-4.111726168506840473e+00
1.943560047012809378e+00
2.248636929069363966e+00
-5.685596824552093587e+00
4.631511105878637125e+00
1.318311098330671172e+00
-7.139793188485676012e+00
6.552989647872275114e+00
9.241870585776705838e-01
-8.232457359798214469e+00
7.579256977325615097e+00
9.374701378669372254e-01
-8.743481788076209682e+00
7.666127276709746141e+00
1.181094445475797450e+00
-8.498520094019781368e+00
6.856627847723365754e+00
1.451367846738314427e+00
-7.388839513638339795e+00
5.275266775859562607e+00
1.542316407831624936e+00
-5.384971863229722544e+00
3.114522206723433051e+00
1.270191474740948401e+00
-2.542729453852812682e+00
6.149337642412430194e-01
4.955888120694558197e-01
9.990927576971131430e-01
-1.959196038897245362e+00
-8.591264864991927652e-01
5.029182615992538352e+00
-4.346056672638562546e+00
-2.798917912711189615e+00
9.281385126093503857e+00
-6.311924823451984246e+00
-5.252863845606543514e+00
1.345790807853424376e+01
-7.673563395023225375e+00
-8.079016113027357449e+00
1.725582779709717940e+01
-8.315220177550010305e+00
-1.107689296216636521e+01
2.039433123447519591e+01
-8.198574086318295429e+00
-1.400638950910099823e+01
2.264005222948261675e+01
-7.364692749992917342e+00
-1.661123073844445486e+01
2.382804351486886674e+01
-5.927873004405119772e+00
-1.864462153740108974e+01
2.387635380316708122e+01
-4.062054383129521717e+00
-1.989451264340276282e+01
2.279280838697234302e+01
-1.981242842748005550e+00
-2.020592479200820435e+01
2.067335946573549066e+01
8.401721481194801555e-02
-1.949805384561332744e+01
1.769220231154724843e+01
1.911690265003314071e+00
-1.777438956048266405e+01
1.408466268658568055e+01
3.312235656082342050e+00
-1.512476919416368304e+01
1.012456899123242238e+01
4.149064015246828774e+00
-1.171908570792094650e+01
6.098358976940991383e+00
4.353357504594530525e+00
-7.793199145502528680e+00
2.278482225419974583e+00
3.931721892102984839e+00
-3.628376039649845453e+00
-1.101284774642715014e+00
2.965867919221246041e+00
4.737722243455033677e-01
-3.866199388380166191e+00
1.604330547775880689e+00
4.218429941066542455e+00
-5.914623090239577330e+00
4.704574213347756384e-02
7.344163234026569675e+00
-7.224475119785375377e+00
-1.475666148195866612e+00
9.646368745306258319e+00
-7.851514308331791092e+00
-2.727587065955142442e+00
1.099530847380157894e+01
-7.919717897676182616e+00
-3.492073439915551525e+00
1.134698705521224227e+01
-7.604820717819494647e+00
-3.595917802884865289e+00
1.074583340430240952e+01
-7.112763467935153017e+00
-2.929153407370418627e+00
9.318956877383730131e+00
-6.655306397423466080e+00
-1.458751655534656244e+00
7.262578389017523506e+00
-6.425343640885526675e+00
7.652343954989131447e-01
4.822006479226373266e+00
-6.574476018353681006e+00
3.611776728034914008e+00
2.267160519418061515e+00
-7.195164215289578280e+00
6.879103016089745282e+00
5.025692222686036104e+00
3.707610496830042734e+00
2.182966244723187899e+00
5.181450080100979960e-01
-1.212448433292795613e+00
-2.929714162020133017e+00
-4.553463704414196123e+00
-6.006144944425586552e+00
-7.216513042788454513e+00
-8.123074796085019145e+00
-8.677141703598801215e+00
-8.845342656007961324e+00
-8.611469996779504754e+00
-7.977561767970098749e+00
-6.964156967847311641e+00
-5.609698102106747797e+00
-3.969094507920674531e+00
-2.111499072374468433e+00
-1.173882355531858934e-01
1.924931190925246227e+00
3.923236455117510957e+00
5.785550829364225045e+00
7.424365329559694970e+00
8.760726820154904004e+00
9.728002388928402411e+00
1.027514193840429080e+01
1.036928137336318834e+01
9.997556734357004871e+00
9.168033946060024419e+00
7.909698020295362397e+00
6.271487838689697725e+00
4.320406136925804219e+00
2.138777040588651701e+00
-1.792365077614892499e-01
-2.531707706635095256e+00
-4.813436414991770107e+00
-6.920657003135938901e+00
-8.755752667785282384e+00
-1.023176216074217137e+01
-1.127647141312253254e+01
-1.183589860578622677e+01
-1.187700622443712639e+01
-1.138950651356972799e+01
-1.038666610445074667e+01
-8.905059724500368645e+00
-7.003269848220575966e+00
-4.759576822398523532e+00
-2.268730233968184962e+00
3.620650274856513917e-01
3.017777405943675717e+00
5.580591528691833503e+00
7.935143617756025947e+00
9.973716412524250785e+00
1.160115954672500393e+01
1.273931086911888855e+01
1.333071398008222452e+01
1.334145649311734161e+01
1.276299100315211099e+01
1.161284484936113159e+01
9.934173580336825182e+00
7.794164412781967144e+00
5.281347633381523465e+00
2.501923504000062692e+00
-4.247424607180718681e-01
-3.371264048493380905e+00
-6.207796214014810410e+00
-8.807770661011858238e+00
-1.105355118243070756e+01
-1.284175570337735728e+01
-1.408800421551321946e+01
-1.473087493527899028e+01
-1.473488412787614976e+01
-1.409234672450002179e+01
-1.282402333497357461e+01
-1.097851241422219459e+01
-8.630401843166803033e+00
-5.877249571381434556e+00
-2.835515762942186768e+00
3.643832939736793008e-01
3.583688588690033150e+00
6.681336543837960384e+00
9.520158258250843275e+00
1.197296661278364382e+01
1.392826053417647536e+01
1.529529029570505294e+01
1.600825383050424122e+01
1.602943057521364878e+01
1.535110480460073923e+01
1.399618281001426823e+01
1.201746533921423321e+01
9.495595950320815604e+00
6.535764721167056202e+00
3.263302480885878154e+00
-1.816491058529354774e-01
-3.650163939014476000e+00
-6.990994140110606381e+00
-1.005718745707675588e+01
-1.271256893528209986e+01
-1.483780019226660585e+01
-1.633574616498803778e+01
-1.713590779539186570e+01
-1.719771859712345474e+01
-1.651255172684038186e+01
-1.510433997232472514e+01
-1.302877154261384618e+01
-1.037108705614816984e+01
-7.242564918467653712e+00
-3.775840623614055147e+00
-1.192578021651167219e-01
3.569507274094788407e+00
7.130272524650879795e+00
1.040733145889878131e+01
1.325628375746981291e+01
1.555041444608491119e+01
1.718633913378381095e+01
1.808866339360597308e+01
1.821344623129590090e+01
1.755030892933323017e+01
1.612308915481495930e+01
1.398900353412016528e+01
1.123634715814071328e+01
7.980822823244098529e+00
4.360653396388179281e+00
5.306848321428931925e-01
-3.344267348912884685e+00
-7.096540920347661263e+00
-1.056291001116311179e+01
-1.359171076640737397e+01
-1.604949744401723777e+01
-1.782693594579409435e+01
-1.884367387778190306e+01
-1.905196991020427788e+01
-1.843891858575736720e+01
-1.702716749963300202e+01
-1.487408930336200719e+01
-1.206943840718253469e+01
-8.731588618776328303e+00
-5.002510343132894555e+00
-1.041701627647997341e+00
2.980666195894135839e+00
6.891092313070974917e+00
1.052026134408514402e+01
1.371040253815610299e+01
1.632217216894781586e+01
1.824075787773250212e+01
1.938093676434158752e+01
1.969086389706583162e+01
1.915442266636376800e+01
1.779203067015594542e+01
1.565986188235451948e+01
1.284751479619482240e+01
9.474224036630568335e+00
5.683776631966153126e+00
1.638350928812513096e+00
-2.488456471365443790e+00
-6.519114471734905436e+00
-1.027982782930693695e+01
-1.360806126348859557e+01
-1.635959027296207324e+01
-1.841477166154083989e+01
-1.968376024134408553e+01
-2.011044362054939327e+01
-1.967492242286558124e+01
-1.839442631653929539e+01
-1.632262410770289307e+01
-1.354735591735441069e+01
-1.018688406948256286e+01
-6.384823774749184722e+00
-2.303972184340604912e+00
1.880697600026230987e+00
5.989574540047994944e+00
9.846153415893301286e+00
1.328464896554945085e+01
1.615715056491023205e+01
1.834000746666405135e+01
1.973916796023496545e+01
2.029424118744243088e+01
1.998110577000067778e+01
1.881295245815989858e+01
1.683971594537668537e+01
1.414592085091623197e+01
1.084703560779800391e+01
7.084492615624337297e+00
3.019590716779048556e+00
-1.173455675244167384e+00
-5.315019716507089598e+00
-9.227792820424040698e+00
-1.274440864850411970e+01
-1.571463115480674233e+01
-1.801179671034048368e+01
-1.953823303091263242e+01
-2.022942230870698310e+01
-2.005673064230261815e+01
-1.902858817729043039e+01
-1.719007158775100663e+01
-1.462090971736580514e+01
-1.143200134776758503e+01
-7.760598212716394606e+00
-3.764363752407921648e+00
3.854337732575694453e-01
-1.339248288031962275e-01
-8.309313799457381577e+00
1.031211267395662645e+01
-2.140990975513510364e+00
-9.864485955675014850e+00
1.362531891519107674e+01
-3.564292479860602825e+00
-1.173814935369544088e+01
1.652910031478131359e+01
-4.281956541812311556e+00
-1.374956758240865540e+01
1.875670783267090869e+01
-4.250289347581321486e+00
-1.567813574088205542e+01
2.008938926990218476e+01
-3.506067264371937497e+00
-1.728631772199034344e+01
2.037717132203013293e+01
-2.160658582209868506e+00
-1.834485920851197704e+01
1.955326220208338839e+01
-3.866423166201944372e-01
-1.865770858105240038e+01
1.764066321272391846e+01
1.601657761806694502e+00
-1.808409353734183256e+01
1.475034339200829336e+01
3.571698494530190171e+00
-1.655547405172903552e+01
1.107116115221518982e+01
5.297874695104902720e+00
-1.408559536045364879e+01
6.852527995595830035e+00
6.585724376299272542e+00
-1.077254782767945684e+01
2.381521117515095209e+00
7.292701790398004036e+00
-6.792535612584305049e+00
-2.043306856103124680e+00
7.343392406001914452e+00
-2.385883526625665940e+00
-6.138855416531853848e+00
6.737612437761185902e+00
2.163411467138824484e+00
-9.662513591201561169e+00
5.550561059452443047e+00
6.552628838960491642e+00
-1.243287933188281080e+01
3.925002913362784618e+00
1.048736237164998641e+01
-1.434417354923383314e+01
2.056270498217981135e+00
1.370802010768728607e+01
-1.537299875067873955e+01
1.716087357631070898e-01
1.601320367722805571e+01
-1.557686221859747988e+01
-1.494036313667566063e+00
1.727768565234939757e+01
-1.508470912384814255e+01
-2.723314444526350186e+00
1.746323184886310642e+01
-1.408050920098570558e+01
-3.340264433265700994e+00
1.662121817873095253e+01
-1.278163171186945846e+01
-3.230155318449377866e+00
1.488679877044670974e+01
-1.141425829309426021e+01
-2.353316571254647549e+00
1.246521320833503843e+01
-1.018837053865481224e+01
-7.514950253971628413e-01
9.611593083191721121e+00
-9.274880293810882748e+00
1.453977666730334128e+00
6.606264668773997428e+00
-8.787242820642518382e+00
4.072103237437758594e+00
3.727982089272966704e+00
-8.769429415315460830e+00
6.859304767165840033e+00
1.227720380374775822e+00
-9.191483539334214470e+00
9.542045773137424192e+00
-6.944088221511570680e-01
-9.953108850273654440e+00
1.184278091094241958e+01
-1.906877637550323357e+00
-1.089491681174296289e+01
1.350669612183583723e+01
-2.357400726595041185e+00
-1.181617847093514051e+01
1.432660619562350135e+01
-2.075546297961217590e+00
-1.249725838254719434e+01
1.416354995423850482e+01
-1.167120855328048989e+00
-1.272442571033885272e+01
1.296104069504679934e+01
1.990276597103293188e-01
-1.231448700481609393e+01
1.075155074480592532e+01
1.810387537449192230e+00
-1.113669246948036040e+01
7.654572158312730856e+00
3.434327472162578943e+00
-9.129632242694551536e+00
3.866424738197523414e+00
4.843383292583955502e+00
-6.311335050873245756e+00
-3.572049648661426158e-01
5.839698345091473008e+00
-2.781459029823309059e+00
-4.724295149919663039e+00
6.276124560382040585e+00
1.284744197839223112e+00
-8.932846206386251708e+00
6.071838119299793668e+00
5.650185199454731411e+00
-1.269799667190539338e+01
5.220886347326286092e+00
1.003612744103500631e+01
-1.577726260186414109e+01
3.792804249488220592e+00
1.414687677083492545e+01
-1.799145928096519498e+01
1.925247242729790642e+00
1.769657354056372256e+01
-1.923930033176395327e+01
-1.906002045367818365e-01
2.043546932704908059e+01
-1.950430368404612835e+01
-2.330344002501937961e+00
2.217310884224355760e+01
-1.885340296903633117e+01
-4.260346569043341525e+00
2.279613326825026931e+01
-1.742748968429885181e+01
-5.762882879561082916e+00
2.227894471799739762e+01
-1.542491322492345951e+01
-6.659902093484614483e+00
2.068617080058631075e+01
-1.307966245800483485e+01
-6.832943716309235249e+00
1.816667376518222099e+01
-1.063647439309794507e+01
-6.237138266498252648e+00
1.493968017264088388e+01
-8.325410691989794998e+00
-4.907813098739163493e+00
1.127438164863500170e+01
-6.338482042082556944e+00
-2.958965283087573894e+00
7.464997825847233592e+00
-4.810680237574720408e+00
-5.736809975741046230e-01
3.803735295629571134e+00
-3.807320637781462125e+00
2.012607210789265633e+00
5.542772396396591361e-01
-3.318949724477475272e+00
4.534409175515652812e+00
-2.071622454026678106e+00
-3.264299097063956268e+00
6.721830923469347852e+00
-3.932183070999327512e+00
-3.500946320128158540e+00
8.327064564101842592e+00
-4.966561322815865154e+00
-3.842557211904557235e+00
9.149089198864878369e+00
-5.197727717009793302e+00
-4.080912528744284451e+00
9.054123683077053286e+00
-4.727054601562981517e+00
-4.010432177316808122e+00
7.989783699154291874e+00
-3.721240869434524257e+00
-3.452651431284421868e+00
5.991512150879287013e+00
-2.392958840080498195e+00
-2.278102288863292912e+00
3.180612031012649332e+00
-9.772285163825777943e-01
-4.233093924504238714e-01
-2.459610715602069675e-01
2.940585389928473958e-01
2.098901722674367143e+00
-4.033076310102565287e+00
1.216870495134641850e+00
5.196914754829865757e+00
-7.890486663009628643e+00
1.636514562279122842e+00
8.705994431027828995e+00
-1.151923138523567403e+01
1.463697044135599867e+00
1.240163895064572586e+01
-1.463881532747469905e+01
8.203521393905660375e+00
6.914068406160644997e+00
5.388109142661944517e+00
3.692499858083129638e+00
1.898750165425606262e+00
8.000153109862750966e-02
-1.691953357224438292e+00
-3.349488970393109888e+00
-4.831693170596237152e+00
-6.086547136503357436e+00
-7.072663950583968351e+00
-7.760532375123068149e+00
-8.133235285793357860e+00
-8.186635499048977138e+00
-7.929044290131598061e+00
-7.380408794909971704e+00
-6.571072878958625907e+00
-5.540181248338583941e+00
-4.333808050253515454e+00
-3.002898641053068474e+00
-1.601116454983246840e+00
-1.826860560765792840e-01
1.199681252485888194e+00
2.496701038831748320e+00
3.664201395093638958e+00
4.664526739219703622e+00
5.467620674003141445e+00
6.051764376369634491e+00
6.403962572365449191e+00
6.519984049411627680e+00
6.404077237387012289e+00
6.068393125096275931e+00
5.532157260735782067e+00
4.820639540717900573e+00
3.963974787592823290e+00
2.995888760639241255e+00
1.952383368147410536e+00
8.704317101240368615e-01
-2.132714789973215730e-01
-1.263464977802358113e+00
-2.247350403472391456e+00
-3.135472459844850235e+00
-3.902435098442934347e+00
-4.527446485630695960e+00
-4.994692852942810291e+00
-5.293547472762990758e+00
-5.418625935861724585e+00
-5.369702493374215457e+00
-5.151504441708220305e+00
-4.773402443335373668e+00
-4.249014438638260671e+00
-3.595739629051458053e+00
-2.834237162331260329e+00
-1.987861916717204913e+00
-1.082067457359609186e+00
-1.437841050606500914e-01
7.992216420474420602e-01
1.719001167669595098e+00
2.588086435444656885e+00
3.380156007701969223e+00
4.070697817597393353e+00
4.637660210152092510e+00
5.062080356899027578e+00
5.328676477007972423e+00
5.426387640196545625e+00
5.348842582193693573e+00
5.094737233496282158e+00
4.668099828912911420e+00
4.078422770988309409e+00
3.340642047044815932e+00
2.474948053528781777e+00
1.506416180664051918e+00
4.644513777274967836e-01
-6.179520197952798055e-01
-1.705125932342335338e+00
-2.759801814466330772e+00
-3.744315011533201343e+00
-4.621905217013018152e+00
-5.358070422852601489e+00
-5.921925399877130403e+00
-6.287511115641980730e+00
-6.434998987024975747e+00
-6.351733783456387172e+00
-6.033061547141185699e+00
-5.482894158423114561e+00
-4.713970091934948314e+00
-3.747781286376177690e+00
-2.614148553913851813e+00
-1.350442122192781591e+00
-4.591591191661636984e-04
1.387014183780484577e+00
2.759913280586794304e+00
4.064820810429031539e+00
5.249037947563141238e+00
6.262720991230136036e+00
7.060996425076536021e+00
7.605963917197646751e+00
7.868497196104664582e+00
7.829757237638723666e+00
7.482340760277353731e+00
6.830999445860034491e+00
5.892881183180238125e+00
4.697263397107801275e+00
3.284769440720993749e+00
1.706081226374013715e+00
2.018379337668235740e-02
-1.707800658010684369e+00
-3.409111614221628450e+00
-5.014086892003999374e+00
-6.455028138321328157e+00
-7.669076730490247407e+00
-8.600977027008491760e+00
-9.205604628451421689e+00
-9.450143468580542105e+00
-9.315807073457566645e+00
-8.799015858329834572e+00
-7.911963296333546225e+00
-6.682528387652308055e+00
-5.153519091442519517e+00
-3.381260114606960077e+00
-1.433567439282947831e+00
6.128200749032772787e-01
2.675256036311857155e+00
4.668530718379253486e+00
6.508408500400697072e+00
8.115210944187090547e+00
9.417292091349697358e+00
1.035425337024481962e+01
1.087975305007931226e+01
1.096377930510276855e+01
1.059427618747127298e+01
9.778037401169973108e+00
8.540812711430195492e+00
6.926604886037453390e+00
4.996169851001424966e+00
2.824767748922047073e+00
4.992462668270591930e-01
-1.885431570123585754e+00
-4.230076388477217009e+00
-6.435418476111895991e+00
-8.406336620267824244e+00
-1.005598851259128423e+01
-1.130966220699154334e+01
-1.210817680089875381e+01
-1.241067690230714682e+01
-1.219668896584285100e+01
-1.146733732518217685e+01
-1.024565251739855753e+01
-8.575942843084284561e+00
-6.522240405604051716e+00
-4.165873379649664088e+00
-1.602255190069983959e+00
1.062983106784400666e+00
3.718360280640348847e+00
6.251230976861405608e+00
8.552592373903573630e+00
1.052180513617630275e+01
1.207102292860743020e+01
1.312913435680955132e+01
1.364503952728824387e+01
1.359010980889512510e+01
1.295971277662606624e+01
1.177372336336291880e+01
1.007598529667505005e+01
7.932732118501831131e+00
5.430022516358751439e+00
2.670288340502337654e+00
-2.318664005756503332e-01
-3.154442887906179660e+00
-5.973201233392851250e+00
-8.566971797891474338e+00
-1.082289574026098755e+01
-1.264136679479919323e+01
-1.394045659437339069e+01
-1.465962581882930671e+01
-1.476255228921827367e+01
-1.423894368403391475e+01
-1.310524530620478600e+01
-1.140420047114399971e+01
-9.203270595178707936e+00
-6.591971792251312579e+00
-3.678232554286243072e+00
-5.839207798145986672e-01
2.560273933181131056e+00
5.620386914219260177e+00
8.464917391716006989e+00
1.097051261520933707e+01
1.302735002112843254e+01
1.454398122332762000e+01
1.545142292310767829e+01
1.570631073225373875e+01
1.529297111758256378e+01
1.422431255992075805e+01
1.254148761966473558e+01
1.031233073617875107e+01
7.628629950103464452e+00
4.602341987885593788e+00
1.360907022039705705e+00
-1.958140171494719084e+00
-5.213033818220189630e+00
6.835540876990817694e-01
1.601935358757329197e+01
-1.701252529802187752e+01
-6.432385638837843089e-01
1.927893155341604015e+01
-1.846843231239116179e+01
-2.387361402143617806e+00
2.191086373162268330e+01
-1.891406026396323625e+01
-4.365022525727335179e+00
2.368227119414631687e+01
-1.834333301086389767e+01
-6.357934322020133422e+00
2.441978671153884051e+01
-1.683517992926963913e+01
-8.137033937966332786e+00
2.402710095477020857e+01
-1.454400784154623771e+01
-9.487503135795510190e+00
2.249540721069688587e+01
-1.168305217540836871e+01
-1.023250721947729502e+01
1.990567374506397869e+01
-8.502321891456237068e+00
-1.025319755298379576e+01
1.642247624448083698e+01
-5.263381169997271236e+00
-9.502895359064989833e+00
1.227995401214805327e+01
-2.213513509141320945e+00
-8.013958632652155245e+00
7.761229909963730300e+00
4.381391620442620649e-01
-5.896570568385369526e+00
3.173278018045993409e+00
2.540082790847314698e+00
-3.329502995034373303e+00
-1.180329590945977003e+00
4.011694625848225115e+00
-5.437201071711981193e-01
-5.026159278729931401e+00
4.848879313110499467e+00
2.199585267891067009e+00
-8.144553142346286023e+00
5.121644764688176643e+00
4.634361640837337148e+00
-1.038789623244900184e+01
4.963906471294805556e+00
6.515960144497357831e+00
-1.169177891871445141e+01
4.556617883522475765e+00
7.645669606195370172e+00
-1.207802699538532210e+01
4.106001492301212252e+00
7.891067057527742179e+00
-1.164937994706984625e+01
3.819152238866789340e+00
7.200130752605769402e+00
-1.057642538009426048e+01
3.879551908381396963e+00
5.607674243448501628e+00
-9.078162344439252962e+00
4.425043342468163665e+00
3.233416752199696376e+00
-7.398191853232034099e+00
5.530565573692319603e+00
2.718315735827725454e-01
-5.778957058586492224e+00
7.197470173780012637e+00
-3.025271900534229452e+00
-4.436636181344809415e+00
9.350573469592857734e+00
-6.371756936924962034e+00
-3.539210746790681483e+00
1.184331565067342495e+01
-9.473529119795507825e+00
-3.189898448257078911e+00
1.447057488781216605e+01
-1.205570381625202359e+01
-3.417587850962629403e+00
1.698790511545861293e+01
-1.388792945680340907e+01
-4.175196874021089855e+00
1.913530851448160419e+01
-1.480540792725573240e+01
-5.346070579293298763e+00
2.066318421710139575e+01
-1.472358051317704408e+01
-6.757717373723483689e+00
2.135786078548994738e+01
-1.364507615937656837e+01
-8.201438374742950899e+00
2.106414546122587694e+01
-1.165828554420923879e+01
-9.455807201088227032e+00
1.970260594113279140e+01
-8.927753060692753095e+00
-1.031156686729617888e+01
1.727981262649998229e+01
-5.677386545141412277e+00
-1.059536602156104124e+01
1.389046004085718877e+01
-2.168190934885176002e+00
-1.018987299315225314e+01
9.711086627076724653e+00
1.327233397377878710e+00
-9.048171347028265643e+00
4.985942594106941073e+00
4.550877230815450147e+00
-7.200918208947503452e+00
6.333013486009175796e-03
7.283589454394326701e+00
-4.755478519021252737e+00
-4.914589664821397363e+00
9.365026200466026296e+00
-1.887061068756468174e+00
-9.469157719716628563e+00
1.070732973633964313e+01
1.177305999587393348e+00
-1.338200746804324481e+01
1.130122485296740820e+01
4.180393239679959017e+00
-1.643379836186250742e+01
1.121399054740890477e+01
6.859841113014565117e+00
-1.847955097297423777e+01
1.057958730724282326e+01
8.974184344226600274e+00
-1.945985539902238415e+01
9.582012622412735325e+00
1.032721993856025477e+01
-1.940390684205774718e+01
8.433639908349269021e+00
1.078826148343933689e+01
-1.842413272844731864e+01
7.350800317702729458e+00
1.030622119860997188e+01
-1.670300517857128497e+01
6.529142365446507945e+00
8.916067226380828714e+00
-1.447340118038725443e+01
6.121323304690576173e+00
6.736956528618781803e+00
-1.199450389374378823e+01
6.219346935763569562e+00
3.962168395233796048e+00
-9.525669330124188150e+00
6.843389114634736536e+00
8.417776466843426286e-01
-7.300870504416216988e+00
7.938292273543019917e+00
-2.340271193598285393e+00
-5.506257668555495144e+00
9.378130146312935622e+00
-5.292469357198362090e+00
-4.263046202859971601e+00
1.097842206194327375e+01
-7.742871288150719344e+00
-3.617396324137017949e+00
1.251479531330324058e+01
-9.464401998360088442e+00
-3.538236173646334137e+00
1.374623283534471341e+01
-1.029588003636933635e+01
-3.923173776104206034e+00
1.444056839651027602e+01
-1.015671421248079298e+01
-4.611824825959349283e+00
1.439965073421981678e+01
-9.053857154044111510e+00
-5.405134458639731854e+00
1.348161610225990259e+01
-7.080363866559216568e+00
-6.088667251562721816e+00
1.161798416223666663e+01
-4.405732431566455887e+00
-6.457441238727819943e+00
8.823797851262204617e+00
-1.259014110142579135e+00
-6.339728630562170508e+00
5.199713506440087230e+00
2.093609311932805195e+00
-5.617353475842567612e+00
9.257447651555854584e-01
5.374542864449293411e+00
-4.240373778587137821e+00
-3.752807001842597412e+00
8.321236129767491718e+00
-2.234606604659512996e+00
-8.545924589293644402e+00
1.071076614999133980e+01
2.988179732414923961e-01
-1.314398836958305949e+01
1.238013032166078986e+01
3.191877797767332492e+00
-1.724501442872115220e+01
1.324027471362733266e+01
6.225246074457405854e+00
-2.058138407058616792e+01
1.328251997080012892e+01
