0.000000000000000000e+00
5.054102377357330589e+00
-9.379744791404778681e+00
1.239789965239875968e+01
-1.379453508747545243e+01
1.357631391605742799e+01
-1.205433756234650744e+01
9.760526383178961041e+00
-7.316786270362459987e+00
5.287911293739303353e+00
-4.052697332703347755e+00
3.723183514919483628e+00
-4.130384432066605882e+00
4.879053927634462440e+00
-5.457656929780895894e+00
5.376669107740864817e+00
-4.301644486802879364e+00
2.148757072891569031e+00
8.805664789948348670e-01
-4.334848798775062129e+00
7.609924308968109230e+00
-1.008595597260436350e+01
1.127203211177674547e+01
-1.092422854218125039e+01
9.109004272479262809e+00
-6.196417869759626385e+00
2.783959021011177537e+00
4.320303391652826619e-01
-2.808109020246628340e+00
3.893958817718620402e+00
-3.528982038608185157e+00
1.873265367200273257e+00
6.338949468944425902e-01
-3.377942015181828683e+00
5.711100076921133528e+00
-7.099429474805436513e+00
7.240859159305152559e+00
-6.127155989307219386e+00
4.036081570831631993e+00
-1.456446848456046217e+00
-1.035465701517354731e+00
2.918281834117999018e+00
-3.852587753989422215e+00
3.762289027309940970e+00
-2.850842561902268368e+00
1.548449112467996658e+00
-4.027454999925277335e-01
-6.095954065442121816e-02
-5.235097560644579318e-01
2.262259344129700089e+00
-4.960885334523105428e+00
8.155039113543804064e+00
-1.120585225172360566e+01
1.343879494392566265e+01
-1.429422220825698098e+01
1.345493286162766822e+01
-1.092122623173068163e+01
7.015994717718178286e+00
-2.318525591986105194e+00
-2.457864915124169158e+00
6.616319762897314050e+00
-9.620625973619024052e+00
1.120031561695740940e+01
-1.139317498268086837e+01
1.051637171891657729e+01
-9.074116592460812925e+00
7.624554767525594023e+00
-6.637970422985782548e+00
6.380196166458718565e+00
-6.848935398424330856e+00
7.777999362553744689e+00
-8.708230893181927001e+00
9.107960545455256351e+00
-8.513972376510823281e+00
6.658946350127584957e+00
-3.554380040977100030e+00
-4.916299538447863604e-01
4.927077905377173828e+00
-9.067929892309507522e+00
1.224388476547747828e+01
-1.394455579151376234e+01
1.393227307374556290e+01
-1.229527008295432999e+01
9.428727781886149018e+00
-5.947808171439159075e+00
2.552524384368782151e+00
1.246051694121117492e-01
-1.653277611621642773e+00
1.891878472015182666e+00
-1.006419191911905209e+00
-5.815550643764741956e-01
2.305031853602569125e+00
-3.593084678803448284e+00
4.010250416975299714e+00
-3.360818558600599637e+00
1.733602433114194596e+00
5.230302375480889721e-01
-2.889508689339109537e+00
4.805383579631314461e+00
-5.810240696945326633e+00
5.661269072015182147e+00
-4.399024745008744297e+00
2.345149651640651811e+00
-3.189400031465761121e-02
-1.920533667281875800e+00
2.950309566972953768e+00
-2.689755067739064032e+00
1.058477024563815760e+00
1.708383593951681600e+00
-5.104048158440714467e+00
8.456633385174985307e+00
-1.107422764753109234e+01
1.239542339704675555e+01
-1.211092133922274172e+01
1.022852623362477331e+01
-7.066991514037374245e+00
3.180666871823025321e+00
7.670985965003724871e-01
-4.152083425759977686e+00
6.524354309626980708e+00
-7.699264362513581261e+00
7.783685729131655684e+00
-7.132255888807923050e+00
6.244967807092889345e+00
-5.631260251314809118e+00
5.673616988528071836e+00
-6.523719413849116577e+00
8.056412353885679778e+00
-9.892972730742448206e+00
1.148865906432874162e+01
-1.226415638448857948e+01
1.174993856500043066e+01
-9.709252378327427380e+00
6.210181409691939436e+00
-1.628974642993725519e+00
-3.417213398225157128e+00
8.193561377855596461e+00
-1.199908232853699452e+01
1.431199361485262500e+01
-1.489588418062706765e+01
1.384262662278739597e+01
-1.154259303392646707e+01
8.589523892835080332e+00
-5.642446147746766449e+00
3.276827843711242139e+00
-1.859413111056723800e+00
1.475390636953513912e+00
-1.924084250144079133e+00
2.783151912277719298e+00
-3.525148156412606593e+00
3.658032575474504444e+00
-2.855670976418490437e+00
1.046868774581577455e+00
1.558597349644633923e+00
-4.513466540816775563e+00
7.235948909440840460e+00
-9.147884524363698588e+00
9.815335413635235540e+00
-9.058052486747969922e+00
7.001390536787887697e+00
-4.057632187434430548e+00
8.401918988174268410e-01
1.970067013629103414e+00
-3.775855860002145903e+00
4.197073427946607538e+00
-3.156157903871899428e+00
8.954318941803922627e-01
2.077587364655889779e+00
-5.104279753990768498e+00
7.522071719061882433e+00
-8.810738165516394105e+00
8.704301064537954602e+00
-7.243136095729111545e+00
4.754959917965921434e+00
-1.770024076349734798e+00
-1.108818583444389105e+00
3.350075885770333439e+00
-4.617418735090339510e+00
4.844102741563071746e+00
-4.240628713820255413e+00
3.234181007508243777e+00
-2.354627682174126768e+00
2.094608777833780522e+00
-2.777474517065053661e+00
4.465089480063531902e+00
-6.928193997342185995e+00
9.687295111852348484e+00
-1.211540173468529247e+01
1.357923679878588175e+01
-1.358630860027140130e+01
1.190358854970324387e+01
-8.619923368830086474e+00
4.137227219277339607e+00
9.080592018787647657e-01
-5.775630213030149562e+00
9.774443931586240808e+00
-1.240352101713100907e+01
1.344856779673915170e+01
-1.301292876148964339e+01
1.147669485333147499e+01
-3.593198903245883868e-01
5.484070187927689299e-02
4.642324360849522380e-01
8.355371747572660768e-01
1.138570534662151967e+00
1.348780676973595494e+00
1.449278277485916089e+00
1.432226742502843209e+00
1.299475690315209375e+00
1.062384703563156840e+00
7.408529105344396903e-01
3.616372068207604484e-01
-4.389788051197812679e-02
-4.424077170143810855e-01
-8.013498720049633262e-01
-1.091686023647608694e+00
-1.290275776255595863e+00
-1.381761651951186831e+00
-1.359788547846913609e+00
-1.227458244628550910e+00
-9.969851530146403018e-01
-6.885877222528685726e-01
-3.287149247022377874e-01
5.223661693022119135e-02
4.225167869972850099e-01
7.517040983571503521e-01
1.013246570652154732e+00
1.186646047915352220e+00
1.259102999377884835e+00
1.226486775142356045e+00
1.093555535413756719e+00
8.734154248070180593e-01
5.862743015897460275e-01
2.576057309938797335e-01
-8.411121538283161669e-02
-4.098758193565382735e-01
-6.926554971073841660e-01
-9.096657209858628468e-01
-1.044245101088029593e+00
-1.087168312077893439e+00
-1.037290637914281666e+00
-9.014778073337350595e-01
-6.938381508798808772e-01
-4.343353008183617470e-01
-1.469132833389391601e-01
1.426927695384130335e-01
4.092615002278796599e-01
6.302994019895422628e-01
7.879685614273250760e-01
8.705607454180588345e-01
8.733933874658642571e-01
7.990566036031687691e-01
6.569997384648540439e-01
4.625057162303221059e-01
2.351562551245649502e-01
-3.064111933352431372e-03
-2.298462701727110868e-01
-4.246236635375089108e-01
-5.704383712162562903e-01
-6.554368680960578342e-01
-6.738622732767027834e-01
-6.264578862790192160e-01
-5.202522735283943156e-01
-3.677539615419599395e-01
-1.856385866696534936e-01
6.941894752247601552e-03
1.902639039285358713e-01
3.459678535339967276e-01
4.588399079535416814e-01
5.182706460801659309e-01
5.192527401951962940e-01
4.628240143887845659e-01
3.559152551744295123e-01
2.106189658779391849e-01
4.295057406290109236e-02
-1.287777655855564252e-01
-2.858132584562451672e-01
-4.108683667400445660e-01
-4.898908561056788402e-01
-5.135243498831000286e-01
-4.781143341515999845e-01
-3.861571330656240475e-01
-2.461420388202165688e-01
-7.179466349812835269e-02
1.192127173861451117e-01
3.069659666791451080e-01
4.712696439093576051e-01
5.936769961370125248e-01
6.593934201334303857e-01
6.588662227929905635e-01
5.889001460109102304e-01
4.531803710748125713e-01
2.621388537704276711e-01
3.216098758976770888e-02
-2.158078488296384378e-01
-4.581381440487483081e-01
-6.707085223357823756e-01
-8.312147348161438298e-01
-9.213799245785991854e-01
-9.288547144793155574e-01
-8.486194258509512922e-01
-6.837424501197902904e-01
-4.454049749644962697e-01
-1.521680341875821796e-01
1.714726394328269787e-01
4.971315228937527309e-01
7.950073182510073444e-01
1.036571441192675191e+00
1.197230929191257509e+00
1.258721568310344319e+00
1.211005004575121724e+00
1.053482543183476672e+00
7.953951862413762841e-01
4.553494804408093621e-01
5.998592257136514672e-02
-3.581157787568105544e-01
-7.631293142288411158e-01
-1.119049095211051004e+00
-1.392869776828224104e+00
-1.557598593190386849e+00
-1.594828695780536654e+00
-1.496633588500171141e+00
-1.266596674729452809e+00
-9.198615720642552285e-01
-4.821722542329233141e-01
1.203986515651334077e-02
5.223797482579966012e-01
1.005806802552319690e+00
1.420273393307813770e+00
1.728375515422626130e+00
1.900699045291740052e+00
1.918564130451646754e+00
1.775915724823647457e+00
1.480176600914585139e+00
1.051964869093381161e+00
5.236739958856486687e-01
-6.298859509869025874e-02
-6.603164975997783959e-01
-1.218507667778444992e+00
-1.689834922823908014e+00
-2.032732939540666806e+00
-2.215451254670129710e+00
-2.218953025944751634e+00
-2.038797593323386170e+00
-1.685826655674199426e+00
-1.185572526073675359e+00
-5.764142698342814564e-01
9.338548979796545968e-02
7.695328535488196176e-01
1.396134314745792082e+00
1.920343727331560668e+00
2.296836192619315042e+00
2.491728806242780259e+00
2.485608915600673097e+00
2.275400637433260709e+00
1.874894331481001375e+00
1.313873870026228463e+00
6.358937560000575973e-01
-1.051274225470748558e-01
-8.492287906130058239e-01
-1.535295205612312808e+00
-2.106110236953525394e+00
-2.513153769311673003e+00
-2.720739978947827264e+00
-2.709141730900675782e+00
-2.476428100245332331e+00
-2.038846267383744859e+00
-1.429698922165376862e+00
-6.967935977470598452e-01
1.013394492928183510e-01
9.001592546869890965e-01
1.634373785610776508e+00
2.243315455115498125e+00
2.675986968872985372e+00
2.895355321848017471e+00
2.881530637519174931e+00
2.633556288603116080e+00
2.169650079557757572e+00
1.525863891939477801e+00
7.532605099215321509e-01
-8.616961459627273112e-02
-9.245225634822391569e-01
-1.693517415848442731e+00
-2.330100211956062317e+00
-2.781652210100581613e+00
-3.010369321042074997e+00
-2.996445935956893347e+00
-2.739793587182789647e+00
-2.260145033744441534e+00
-1.595527524887404569e+00
-7.992241095862271383e-01
6.453233757311653551e-02
9.257817454370687038e-01
1.714548298649338776e+00
2.366570971520093103e+00
2.828580391236694247e+00
3.062685533304608132e+00
3.049506356630986126e+00
2.789791478279628922e+00
2.304384854254193815e+00
-9.394496593833887133e+00
7.356685553466607352e+00
-5.846941467581353358e+00
5.129896304142113728e+00
-5.195028834080801516e+00
5.769594114926938744e+00
-6.396894876564434895e+00
6.560653883317858259e+00
-5.825269479402273021e+00
3.957915993728388315e+00
-1.002688293907287420e+00
-2.711708065597202122e+00
6.633508865461963389e+00
-1.010504849873297317e+01
1.250861310848776142e+01
-1.340708938183086829e+01
1.264645719691980830e+01
-1.039585746601372485e+01
7.115364712125341384e+00
-3.458344953700108526e+00
1.304664691679890964e-01
2.262499426561618954e+00
-3.343355142194419649e+00
3.039385162531115014e+00
-1.588534254195108630e+00
-5.248990920315517172e-01
2.689469992817419275e+00
-4.312460461305576587e+00
4.958172727077788444e+00
-4.446418369787730640e+00
2.888542151635467903e+00
-6.531644441575502613e-01
-1.729543260014313022e+00
3.701730979773802943e+00
-4.817603225211423812e+00
4.855396478621324619e+00
-3.874606605914045598e+00
2.204481062439652028e+00
-3.661245017622911657e-01
-1.053622422890928334e+00
1.546808956117305289e+00
-8.131995520790580301e-01
-1.157518264095592109e+00
4.070203201539630555e+00
-7.379951395393894664e+00
1.040691201243992481e+01
-1.248425962620340002e+01
1.310551085154431306e+01
-1.203739728650913499e+01
9.372402836269289494e+00
-5.508999985702631719e+00
1.064323694516899010e+00
3.260399117075649222e+00
-6.830529518770676489e+00
9.210136497977902792e+00
-1.024544827644263378e+01
1.008109847574091589e+01
-9.106487961163614031e+00
7.845998655743811057e+00
-6.819915568885875246e+00
6.409662098366345262e+00
-6.759755177199817666e+00
7.740033710908770459e+00
-8.977298066889561667e+00
9.948919792704717935e+00
-1.011614767975306250e+01
9.065247678083249383e+00
-6.622537241717225243e+00
2.915311871187027393e+00
1.636768330168499430e+00
-6.399002966443013918e+00
1.065071711051494319e+01
-1.373686843069623364e+01
1.520755046696716661e+01
-1.491337525393064212e+01
1.303481762671585997e+01
-1.003882029711570389e+01
6.572740773125600455e+00
-3.320149106423710528e+00
8.516914546680416365e-01
4.948087468751412032e-01
-6.778446665475135191e-01
-5.453870908270364026e-02
1.239127049018087234e+00
-2.321089929880249869e+00
2.796844442580482593e+00
-2.342016442919228503e+00
8.940040770851380714e-01
1.330452549316024857e+00
-3.886785072944896058e+00
6.210825522283998090e+00
-7.757850798679688964e+00
8.139130295009330496e+00
-7.223119203883687334e+00
5.176665847541867649e+00
-2.435671888819933351e+00
-3.887421437134948032e-01
2.647259845433637349e+00
-3.800968335006911225e+00
3.546994396705200003e+00
-1.891790523241511313e+00
-8.452750687038084187e-01
4.099249367155997525e+00
-7.182636260428129305e+00
9.436031165525029962e+00
-1.037186721359795172e+01
9.778457022965465484e+00
-7.760813613400316058e+00
4.709486094449914617e+00
-1.205393968228116286e+00
-2.116532381302710597e+00
4.712663648091057311e+00
-6.250848835654570834e+00
6.677528659762076657e+00
-6.216555329610108593e+00
5.300732620585566934e+00
-4.453051567464829219e+00
4.146518617657302563e+00
-4.676548677296318957e+00
6.076929754905221692e+00
-8.100054874512329306e+00
1.026688473549828373e+01
-1.197553442310727156e+01
1.264337021328146449e+01
-1.184936063861031386e+01
9.443077622436735652e+00
-5.594288868434571071e+00
7.707693962997148596e-01
4.351406919381655136e+00
-9.025144820356839404e+00
1.258614737784639459e+01
-1.458838285537804680e+01
1.489054940833925578e+01
-1.367425570964545933e+01
1.139046564129875172e+01
-8.647345777753578489e+00
6.066128113201307848e+00
-4.138813447778587395e+00
3.120819164692242076e+00
-2.983206481222390405e+00
3.434910648725310267e+00
-4.008792025162540185e+00
4.190233730930581046e+00
-3.556980772597606144e+00
1.896301957052892284e+00
7.290295765866021682e-01
-3.982276212336463228e+00
7.322084674656521130e+00
-1.012377700612451648e+01
1.182426384432028854e+01
-1.205644916164516012e+01
1.074120804024637010e+01
-8.114752384986314127e+00
4.684184299410929953e+00
-1.120768306455123042e+00
-1.884986952154596551e+00
3.773372880259795004e+00
-4.236305156582038656e+00
3.281300820997907763e+00
-1.224133135906279701e+00
-1.387797664891512461e+00
3.903324117485616807e+00
-5.716771029796379189e+00
6.403991452105040061e+00
-5.813856198961983246e+00
4.094478990706693189e+00
-1.648869753509748737e+00
-9.686982246963951049e-01
3.190441689909812251e+00
-4.573863935185165985e+00
4.908423267793811995e+00
-4.264638314048600165e+00
2.973932094315842711e+00
-1.544015660210817265e+00
5.299842635132980817e-01
-3.919202860866821680e-01
1.373159084718801104e+00
-3.428673576534932543e+00
6.221362752922715345e+00
-9.188119715453515468e+00
1.166113665685368161e+01
-1.301683178809607355e+01
1.281813033165994931e+01
-1.091716998424590201e+01
7.494530707601295916e+00
-3.025707197864861087e+00
-1.817662213709564822e+00
6.309246850077737889e+00
-9.819801985234477115e+00
1.194467300029550572e+01
-1.257823367282485272e+01
1.191896259812654968e+01
-1.040510830002296672e+01
8.597080149050842834e+00
-7.035036672032969562e+00
6.105741245768888881e+00
-5.950317720184601811e+00
6.434653663438607119e+00
-7.189204214169657270e+00
7.708381951107833530e+00
2.383512434151926762e-01
9.462400255716758579e-01
1.577268566049067289e+00
2.080205061716664527e+00
2.414270227300773008e+00
2.552485177219838253e+00
2.483884479391607947e+00
2.214410221185838079e+00
1.766412309692250826e+00
1.176796005052054284e+00
4.939701725143715860e-01
-2.261504898535628416e-01
-9.247573076742190423e-01
-1.544990646606883233e+00
-2.036612167815667895e+00
-2.360118995505312789e+00
-2.489959430246008409e+00
-2.416585222603184313e+00
-2.147172882639291291e+00
-1.704957844173396797e+00
-1.127241164223071079e+00
-4.622390789927105503e-01
2.349581322398170968e-01
9.069779615931221617e-01
1.498923299275349841e+00
1.962898574280604658e+00
2.261928066003453530e+00
2.372942531426950552e+00
2.288589798203866543e+00
2.017724710002698263e+00
1.584545296371802747e+00
1.026455824364999714e+00
3.908438565255478725e-01
-2.689513764504795068e-01
-8.981356354676997000e-01
-1.445040713920207276e+00
-1.865404552914147862e+00
-2.125993050742239987e+00
-2.207264166526516913e+00
-2.104857879020338274e+00
-1.829796329795379872e+00
-1.407388399449467364e+00
-8.749426422661952252e-01
-2.784926121888157136e-01
3.311793123762281077e-01
9.028763360819540562e-01
1.389309086040978469e+00
1.751038339407833710e+00
1.959707568686266166e+00
2.000297683859914688e+00
1.872222158901336808e+00
1.589181396903477150e+00
1.177801982876685916e+00
6.751901932335389045e-01
1.256208943786142340e-01
-4.233450282198648607e-01
-9.249753627436827497e-01
-1.337357420701109190e+00
-1.626923261883574501e+00
-1.771211041314129098e+00
-1.760633118233825511e+00
-1.599109678198353146e+00
-1.303526178106444888e+00
-9.020752199590246212e-01
-4.316396017564728127e-01
6.554501513137145352e-02
5.456491323096933632e-01
9.670977137518611544e-01
1.294170864778624530e+00
1.500044954648653395e+00
1.569014239652402498e+00
1.497707332564848004e+00
1.295202791884748850e+00
9.820456864240845185e-01
5.882636217520786914e-01
1.505679233694634522e-01
-2.910041386174909706e-01
-6.967030862081236009e-01
-1.030613897909618881e+00
-1.263821202341155026e+00
-1.376914974029597616e+00
-1.361619438438165908e+00
-1.221407485078095601e+00
-9.710541944908509526e-01
-6.351779621544064725e-01
-2.459077247625039153e-01
1.601079994863751077e-01
5.450769511951970570e-01
8.735175984054626142e-01
1.115480514236666609e+00
1.249247343788599141e+00
1.263266219569163074e+00
1.157152072233253115e+00
9.416650168665333664e-01
6.376722785650624781e-01
2.741907011376959469e-01
-1.143104188323479098e-01
-4.910999909506279515e-01
-8.205788434118782559e-01
-1.071567915136051541e+00
-1.220191956772832320e+00
-1.252096250165328772e+00
-1.163793958181928989e+00
-9.630200771383222724e-01
-6.680575857026884723e-01
-3.060942581926107686e-01
8.924357411152489261e-02
4.809591465175365177e-01
8.320788874671809499e-01
1.109064618280147130e+00
1.284934326753437883e+00
1.341806293931847360e+00
1.272631868826379353e+00
1.081954025824539922e+00
7.856156753564376150e-01
4.094358405065049444e-01
-1.303511212142061115e-02
-4.434863055821622879e-01
-8.422815776421925804e-01
-1.172053593439756236e+00
-1.401134514632302874e+00
-1.506512742681050732e+00
-1.476044912754998828e+00
-1.309716445901030646e+00
-1.019827043093996188e+00
-6.300722850979444400e-01
-1.735906635956434574e-01
3.098617652538214751e-01
7.773676110863559918e-01
1.186635156242770828e+00
1.499783457622007488e+00
1.686789417630715215e+00
1.728286931290737627e+00
1.617462064149800094e+00
1.360865170685162440e+00
9.780543530493529536e-01
5.000866107228539859e-01
-3.302543600712326555e-02
-5.756811627329680991e-01
-1.080599101027329700e+00
-1.502928322960162877e+00
-1.804207031212297307e+00
-1.955820611373764173e+00
-1.941651120330947666e+00
-1.759677152327126626e+00
-1.422371652127530250e+00
-9.558480138555932593e-01
-3.978129074555563083e-01
2.055116264334767573e-01
8.032432416169721368e-01
1.344147977280333084e+00
1.781036382173770694e+00
2.074869445899704345e+00
2.198217752346488307e+00
2.137769240411466320e+00
1.895659629737988849e+00
1.489498384889893279e+00
9.510737088500237357e-01
3.238330603253469775e-01
-3.406586067089321102e-01
-9.869914027120724187e-01
-1.560557301749915027e+00
-2.012179487879934392e+00
-2.302330592735956305e+00
-2.404577772939402447e+00
-2.307955278853287773e+00
-2.018053823744813347e+00
-1.556723283990519846e+00
-9.604020296309094817e-01
-2.772026197897795585e-01
4.370102053178087642e-01
1.123226428304409108e+00
1.724199676812635751e+00
2.189247262143643624e+00
2.478536995370969720e+00
2.566497207330646013e+00
2.444058077891599012e+00
2.119529049158859646e+00
1.618030692898321909e+00
9.795203980382688469e-01
2.555694543722487611e-01
-4.948454487101764943e-01
-1.210189547407116484e+00
-1.831454474377198771e+00
-2.307056814219971219e+00
-2.597141724780047678e+00
-2.676930980492200796e+00
-2.538833513616897353e+00
-2.193139042755935186e+00
-1.667233122157090630e+00
-1.003395064791078317e+00
-2.553583701199083622e-01
5.160833852869864957e-01
1.248062425999715286e+00
1.880802057339967970e+00
2.362533748695994529e+00
2.653758835465922505e+00
2.730501993975694930e+00
2.586287351412333013e+00
2.232674153969558706e+00
-7.485483041740270238e+00
6.150553312881608115e+00
-3.577758198080626784e+00
-6.410598108206144730e-02
4.330990126625312797e+00
-8.589428485529328583e+00
1.214967620285752758e+01
-1.441570213886693530e+01
1.501739851356019706e+01
-1.389427334560386562e+01
1.131099418597554340e+01
-7.800865540891596339e+00
4.049978380959727176e+00
-7.484762790284875678e-01
-1.557063526890253513e+00
2.576497032106951135e+00
-2.328776958691341381e+00
1.123050052350820671e+00
5.264853529029560608e-01
-2.031253117766465000e+00
2.873318934142369052e+00
-2.730441660684256533e+00
1.551779431102152884e+00
4.332992392609282817e-01
-2.774924302479968574e+00
4.916307664069963224e+00
-6.333770974926379083e+00
6.669497143364035097e+00
-5.824970981510248613e+00
3.992342167679546971e+00
-1.615615265926882316e+00
-7.098032934379823189e-01
2.376004930747151356e+00
-2.907476980253089316e+00
2.077900424021071224e+00
2.889554407938410563e-02
-3.028677358890358384e+00
6.315693654175766447e+00
-9.193052380561766768e+00
1.102492154995664642e+01
-1.137576743342729202e+01
1.010482053034957239e+01
-7.394337107578301982e+00
3.705575609687435268e+00
3.268574808239068652e-01
-4.037430595032759584e+00
6.875654709905132833e+00
-8.521798225857395437e+00
8.945884411088643517e+00
-8.397008914767944532e+00
7.326504771262589699e+00
-6.264080713349605034e+00
5.677099554906628320e+00
-5.847054884828120969e+00
6.793136546374165974e+00
-8.261534070037093613e+00
9.783461813482597691e+00
-1.078849077419669733e+01
1.074650495715405185e+01
-9.304596200278544060e+00
6.386132254461953650e+00
-2.227879703806158407e+00
-2.654578166268053430e+00
7.566175904332418156e+00
-1.177434778847868557e+01
1.466151247429933946e+01
-1.585334683419876001e+01
1.529364660079428262e+01
-1.324888051905863939e+01
1.024177792424826627e+01
-6.929654963473051765e+00
3.955860446165820221e+00
-1.808752825581375845e+00
7.206075794919195587e-01
-6.292867535109238908e-01
1.210636738379458288e+00
-1.972912777059706357e+00
2.389973876016298959e+00
-2.040963951112257480e+00
7.228069613504430890e-01
1.491588522175418152e+00
-4.263550658275265803e+00
7.065115150462739635e+00
-9.303759531310761943e+00
1.046583491860178583e+01
-1.024451295766886005e+01
8.621511333642555286e+00
-5.882572537756148634e+00
2.562142644066871977e+00
6.706965075928970066e-01
-3.159144084401254382e+00
4.404719806688398798e+00
-4.178733175434665270e+00
2.573388829570376402e+00
1.933783219238383033e-02
-2.996215932951199257e+00
5.678247041308750909e+00
-7.461892298434415594e+00
7.951277361697033363e+00
-7.041189048365233738e+00
4.932274400078309640e+00
-2.075746356715257868e+00
-9.386382499392422751e-01
3.524390481636427097e+00
-5.236151542349907650e+00
5.871018633218529459e+00
-5.509568046084629245e+00
4.487210972139679122e+00
-3.303103959605055095e+00
2.488698408745548818e+00
-2.467649705297001006e+00
3.440943482195248038e+00
-5.325224321520558135e+00
7.759804749820964354e+00
-1.018162491292547678e+01
1.195133386623563077e+01
-1.250145893937058617e+01
1.147219685223746843e+01
-8.802989823357027177e+00
4.758142521977223538e+00
1.200584207990597063e-01
-5.120491659635271198e+00
9.509971068489271318e+00
-1.268430527593460866e+01
1.428937843873435831e+01
-1.428501671679340390e+01
1.293775528909909234e+01
-1.074516050952875901e+01
8.310218880409296460e+00
-6.195770924147544712e+00
4.793369042303660343e+00
-4.237259192781160699e+00
4.383308625347901000e+00
-4.857196587186936476e+00
5.159706742640526755e+00
-4.803389580667436931e+00
3.447395045007387360e+00
-9.976686619185040072e-01
-2.352131931229334949e+00
6.149627427575427241e+00
-9.776669938571394880e+00
1.258508659551752196e+01
-1.404374536719016930e+01
1.386254312315850612e+01
-1.206405476286258960e+01
8.985603730401040323e+00
-5.210614465328481160e+00
1.444522915042852240e+00
1.636588544459248507e+00
-3.530118118864530530e+00
4.011002287053110571e+00
-3.172192418078159548e+00
1.392814993236642040e+00
7.579430758219185549e-01
-2.658328036527641380e+00
3.780532934419329472e+00
-3.812004283144839523e+00
2.723462320809162840e+00
-7.682601121973308134e-01
-1.586026313822886724e+00
3.776882994180983388e+00
-5.288149525583607513e+00
5.779312312948154506e+00
-5.171700760559527765e+00
3.670747086785008939e+00
-1.718665853126947862e+00
-1.115384302333777278e-01
1.255817850735776897e+00
-1.299501754419527089e+00
8.492872470576440236e-02
2.239670309735130260e+00
-5.242356628764396120e+00
8.296464695192337757e+00
-1.071645558633751705e+01
1.190967392239932821e+01
-1.150919591125036767e+01
9.457222829046237678e+00
-6.019860700164814560e+00
1.729975513959846278e+00
2.728578187952940493e+00
-6.668568316674424068e+00
9.544826081350324287e+00
-1.106422862197494084e+01
1.123541756369464473e+01
-1.034768867013213622e+01
8.885138765986964060e+00
-7.397307154556140851e+00
6.357646630031018375e+00
-6.043840908300929016e+00
6.468632220416189682e+00
-7.377705073319364537e+00
8.315149784948316025e+00
-8.740880053368289992e+00
8.171910351726552335e+00
-6.313554628304699712e+00
3.148774592889269641e+00
1.036412028776165339e+00
-5.698618570180389753e+00
1.014434049340117383e+01
-1.367471597226159474e+01
1.124399727059811838e+00
4.929764397940589182e-01
-1.779463777799338287e-01
-8.338595424138655066e-01
-1.421466247338133426e+00
-1.893057942999442078e+00
-2.210433519602249319e+00
-2.348036346288394416e+00
-2.295048300547823494e+00
-2.056266437934735958e+00
-1.651689192962557673e+00
-1.114846495031290852e+00
-4.900129104806918434e-01
1.714639189674354025e-01
8.154135216669120556e-01
1.389317381512980898e+00
1.846635681230713866e+00
2.150626227629905518e+00
2.277338755795502934e+00
2.217537322160644031e+00
1.977393680465678205e+00
1.577897774207287052e+00
1.053039057618926799e+00
4.469151959413724673e-01
-1.899858752319202315e-01
-8.050160579438927488e-01
-1.347753077694471946e+00
-1.774174392839772629e+00
-2.050270470747463492e+00
-2.154797607732046760e+00
-2.080944328150354128e+00
-1.836778045247062785e+00
-1.444442186371438508e+00
-9.381795592397380590e-01
-3.613563962088206516e-01
2.372550914170695746e-01
8.076167110307429509e-01
1.302634183270719781e+00
1.682080695828277683e+00
1.915904593942196588e+00
1.986646272794327039e+00
1.890767000214804927e+00
1.638786386127359496e+00
1.254227409580860542e+00
7.714695301667381377e-01
2.327027534387993146e-01
-3.157492682418990837e-01
-8.274172861090944853e-01
-1.259641890985689461e+00
-1.577158285285891859e+00
-1.755007051158774534e+00
-1.780528109149865479e+00
-1.654276041309704404e+00
-1.389789262562358019e+00
-1.012244936294628195e+00
-5.561274201853536603e-01
-6.212212405696027062e-02
4.264882419205905384e-01
8.676074706750895871e-01
1.223959451901486917e+00
1.466257386411670138e+00
1.575637748969419993e+00
1.545154681252518980e+00
1.380214353465748722e+00
1.097922563117147199e+00
7.254141909331740523e-01
2.973217575849727567e-01
-1.473854959548229759e-01
-5.689072591609505292e-01
-9.301498745154545000e-01
-1.199983267192940906e+00
-1.355931576560489127e+00
-1.386064342613940958e+00
-1.289927705014113801e+00
-1.078441408717033978e+00
-7.727797819889996589e-01
-4.023450631346411344e-01
-2.021528283141615923e-03
3.910382334032643792e-01
7.408033412529727579e-01
1.015625336521062794e+00
1.191077241979877854e+00
1.252117912126085253e+00
1.194390356926676944e+00
1.024541341545754269e+00
7.595380103883976330e-01
4.250476415617988613e-01
5.303083628573965203e-02
-3.212310245615305204e-01
-6.624026529796172014e-01
-9.383585376249353738e-01
-1.123146582846795027e+00
-1.199382214047229667e+00
-1.159855078911665727e+00
-1.008201724374862884e+00
-7.585821356482302935e-01
-4.343882202857858310e-01
-6.610012311619886671e-02
3.115162159747019155e-01
6.626165793438740792e-01
9.535998202077531349e-01
1.156240381631349567e+00
1.250345160901966679e+00
1.225689659302065859e+00
1.083052404874140784e+00
8.342473142386126472e-01
5.011438080376655613e-01
1.137560749956715300e-01
-2.924323114554566727e-01
-6.796718217131213491e-01
-1.011392246286304086e+00
-1.255579401676037321e+00
-1.387776335581441423e+00
-1.393433175375916822e+00
-1.269385843028562499e+00
-1.024320118662826129e+00
-6.781673196851724095e-01
-2.604732692759103019e-01
1.921252030941074107e-01
6.391005258521942345e-01
1.039632705154122538e+00
1.356288206285328535e+00
1.558451002597830426e+00
1.625195606367449308e+00
1.547337869420889689e+00
1.328469269280282195e+00
9.848683187380024018e-01
5.442810524641849002e-01
4.366266913161531704e-02
-4.739344782661652489e-01
-9.630635291175140278e-01
-1.379857864667654255e+00
-1.685931322887767037e+00
-1.851859307001906929e+00
-1.859928580850014113e+00
-1.705903683742050703e+00
-1.399640830700777716e+00
-9.644788691914571999e-01
-4.354428745012530744e-01
1.435999003530080698e-01
7.235988530286006082e-01
1.254486835153446167e+00
1.689500041605681790e+00
1.989278310240462977e+00
2.125387524368918424e+00
2.082951412957533943e+00
1.862153243224567545e+00
1.478462634352323946e+00
9.615510074634054938e-01
3.529718002555393142e-01
-2.972111663048290220e-01
-9.345711804257083033e-01
-1.504896177720688621e+00
-1.958809689566342715e+00
-2.256040526088227693e+00
-2.368972251921293903e+00
-2.285161115735423021e+00
-2.008595909521550649e+00
-1.559578231437503959e+00
-9.732179917120682422e-01
-2.966568782464864551e-01
4.147581728528043632e-01
1.102038079506349355e+00
1.707472377373359107e+00
2.179494914653919757e+00
2.477082717513750865e+00
2.573312198414531515e+00
2.457764971173302282e+00
2.137570227014534918e+00
1.636984057844368845e+00
9.955287884411546662e-01
2.648369594567998586e-01
-4.955452161367387420e-01
-1.223050712564002662e+00
-1.857275740858620905e+00
-2.345022726566107885e+00
-2.644779068669490751e+00
-2.730253315436671713e+00
-2.592667240268873741e+00
-2.241604884916662321e+00
-1.704339431392744686e+00
-1.023685754909650303e+00
-2.545500422268511809e-01
5.405424676109376048e-01
1.296574015639265109e+00
1.951391446736298274e+00
2.450849436462064546e+00
2.753311641343595628e+00
2.833133744570379253e+00
2.682836075829207800e+00
2.313781799265909100e+00
1.755300563118328938e+00
1.052326643907550929e+00
2.617442015461129423e-01
-5.522600498748309050e-01
-1.323453670842166696e+00
-1.988990797979515612e+00
-2.494571051733009526e+00
-2.798898686308866957e+00
-2.877073578360820783e+00
1.573479471576717970e+01
-1.603305211297857724e+01
1.460361857304854638e+01
-1.179685750487776730e+01
8.200448948423090911e+00
-4.509160875501217802e+00
1.373274433949783102e+00
7.395760154192050351e-01
-1.637694044638961177e+00
1.432912206533274002e+00
-4.970925964669705710e-01
-6.412180819884087946e-01
1.434803385713208534e+00
-1.457320903437203441e+00
5.110904220955392319e-01
1.322460881714247360e+00
-3.701568837835545800e+00
6.107494224923434523e+00
-7.972461700273905549e+00
8.821503681861040391e+00
-8.394126431038593239e+00
6.716361477970352212e+00
-4.105383365746543944e+00
1.104739427495732507e+00
1.635377098583306488e+00
-3.505325404630132979e+00
4.076553987973645654e+00
-3.202675972732476506e+00
1.057299831551685276e+00
1.900564762932021923e+00
-5.025927219428569792e+00
7.629430123184762103e+00
-9.128751370637086637e+00
9.175159176985598464e+00
-7.726417380059873885e+00
5.049763778110084367e+00
-1.654967184313461015e+00
-1.826303033288568578e+00
4.786183800474422156e+00
-6.777153204791146912e+00
7.607553820342628725e+00
-7.374136977425751915e+00
6.424662147692521863e+00
-5.260181235384054688e+00
4.400920022050678782e+00
-4.248277454222214367e+00
4.976372538637886755e+00
-6.479564083678626574e+00
8.389097639517427041e+00
-1.015561873511542146e+01
1.117859557781622826e+01
-1.095241581450076218e+01
9.194724458659594646e+00
-5.926456894593294500e+00
1.484098127600421924e+00
3.539615237697679273e+00
-8.413706561620202251e+00
1.241916194876373680e+01
-1.499727485117135295e+01
1.586247169363318221e+01
-1.505417352384717411e+01
1.291637129677725504e+01
-1.001031954906697408e+01
6.981174884612777021e+00
-4.409920568167205346e+00
2.685077891982437848e+00
-1.923786068292379525e+00
1.960006758396362958e+00
-2.401666829439500273e+00
2.742246099792902569e+00
-2.499479717989814276e+00
1.347492796743112287e+00
7.896929943972512689e-01
-3.706131604105920019e+00
6.951628324214034649e+00
-9.930747020783989853e+00
1.204011962690219306e+01
-1.281176795542748792e+01
1.202847464998695415e+01
-9.783564058204442304e+00
6.470306249130878484e+00
-2.702534717308180401e+00
-8.158639616971186115e-01
3.442938321541272551e+00
-4.737386127037911621e+00
4.552233278868650146e+00
-3.062107185283150290e+00
7.180999307246774821e-01
1.859032901440296648e+00
-4.022369818386528628e+00
5.245675538646746183e+00
-5.239688232359068110e+00
4.011262233985060988e+00
-1.852309746526598744e+00
-7.379894151407577763e-01
3.178594350899896170e+00
-4.949412940264369176e+00
5.717352873552865589e+00
-5.415567742954594088e+00
4.257054869787401330e+00
-2.679407044939441818e+00
1.233920597301974453e+00
-4.455517097385328640e-01
6.772568827645706335e-01
-2.031384464015379976e+00
4.312194380562553775e+00
-7.059280121370608896e+00
9.645002965200269784e+00
-1.141393432549367049e+01
1.183228964980459708e+01
-1.061278548312083103e+01
7.785872042054313269e+00
-3.700607499379311882e+00
-1.045324557966523127e+00
5.730587673704152785e+00
-9.661615331245279492e+00
1.231592184032387038e+01
-1.344476761278596655e+01
1.311223976544044234e+01
-1.166271399084251570e+01
9.625381931336891128e+00
-7.579142013965093128e+00
6.010241188505810683e+00
-5.196500578140081927e+00
5.145436520309409012e+00
-5.600647949693058791e+00
6.114536537133053784e+00
-6.169601273113203277e+00
5.318933848595098546e+00
-3.311874390313240379e+00
1.741739722019177705e-01
3.777338021836666115e+00
-7.990165303656217688e+00
1.178965483114875390e+01
-1.452481124412229718e+01
1.571280933152477566e+01
-1.514863725847424547e+01
1.295420123756999686e+01
-9.555144440103134684e+00
5.590330687847109736e+00
-1.774515652172875768e+00
-1.254464676451038319e+00
3.069141530247469607e+00
-3.536241846170787184e+00
2.832263342413481322e+00
-1.388087488436884787e+00
-2.235775662556012122e-01
1.430916929766513412e+00
-1.802041773692344862e+00
1.147603679896041839e+00
4.369406221352583053e-01
-2.598945898401846311e+00
4.819004479513322892e+00
-6.542211486669347487e+00
7.318612393774426295e+00
-6.918980832212224819e+00
5.397887932937510236e+00
-3.088480256392998946e+00
5.295522687776699211e-01
1.658422990795214602e+00
-2.919441099201346645e+00
2.895983032176256522e+00
-1.519199529885971511e+00
-9.663765797083678777e-01
4.050056309521303355e+00
-7.063887089821605514e+00
9.328555092387725622e+00
-1.030297649496168333e+01
9.703345172454476142e+00
-7.564461206415201033e+00
4.229541196634640343e+00
-2.712798347309195446e-01
-3.637180944923941617e+00
6.871224956826905483e+00
-8.989104876040785896e+00
9.820753829620096909e+00
-9.491048685426390463e+00
8.373039434693630767e+00
-6.983181451551581986e+00
5.844237315609976058e+00
-5.349051778174411353e+00
5.658081134032564741e+00
-6.655459140575401555e+00
7.974416970934928628e+00
-9.086335463331074891e+00
9.432491685724052388e+00
-8.567257098196840559e+00
6.278547668146156724e+00
-2.656428396752730237e+00
-1.907246036610731998e+00
6.789215098229052003e+00
-1.125990472044227886e+01
1.463505566452057849e+01
-1.641939679552496401e+01
1.640957966172999249e+01
-1.473293394026159753e+01
1.181340360256097632e+01
-8.272824840096598464e+00
4.790584819480736556e+00
-1.954182872325969988e+00
1.350956748571485733e-01
5.817998167583153801e-01
-3.997119279620655607e-01
-2.569069864631137179e-01
8.607161310184077152e-01
-9.225121573386374507e-01
1.208845439706953684e-01
1.610691798102356742e+00
-4.060306050305263703e+00
6.783416998753835081e+00
-9.207285984205704210e+00
1.076928885996716190e+01
-1.105616820899099828e+01
9.910863831216921938e+00
-7.481015695324277459e+00
4.196829107306029094e+00
-6.825420087276643510e-01
-2.378643482351487926e+00
4.395278315831967042e+00
-4.999312993345328415e+00
4.128224524144230578e+00
-2.038561819703234690e+00
-7.523050070873549267e-01
3.582838819524692742e+00
-5.795513481451059157e+00
6.882418513370414104e+00
-6.594925882523705596e+00
4.992556382076224430e+00
-2.420454343506499573e+00
-5.784290833580825186e-01
3.395144652264964868e+00
-5.499097513297511064e+00
6.560766234429556754e+00
-6.523927430932907612e+00
5.610622649715735655e+00
-4.258126990224322839e+00
3.003350475961606314e+00
-2.342613545480012327e+00
2.600639025929299741e+00
-3.840500727893397581e+00
5.836651525492229098e+00
-8.118277479037919520e+00
1.007358380739029258e+01
-1.109112627602964629e+01
1.070537048908585476e+01
-8.712402482809668669e+00
5.228439629155462676e+00
-6.769412614941963113e-01
-4.293374093050753793e+00
8.941290369575215280e+00
-1.258655446719968474e+01
1.474918249561254768e+01
-1.524309199064653519e+01
1.420319650079029117e+01
-1.204058095926810878e+01
9.337059297982680306e+00
-6.704397244332380268e+00
4.641497730697711432e+00
-3.423030755363569710e+00
3.045319149236248801e+00
-3.241584767547715629e+00
3.562149505063992194e+00
-3.499760923101309817e+00
2.629503806084782180e+00
-7.292865730063251561e-01
-2.148527338945337206e+00
5.672215137496893433e+00
-9.294573371048748811e+00
1.237128322181534834e+01
-1.430642822285895832e+01
1.469118297916482163e+01
-1.340301245787645357e+01
1.064171890958589373e+01
-6.893253554383219850e+00
2.828966847892067094e+00
8.370153805096025579e-01
-3.499847051589064506e+00
4.790793099570779923e+00
-4.650032909356304422e+00
3.329179183689305432e+00
-1.323564418608225379e+00
-7.493957525269796527e-01
2.297046666307356322e+00
-2.889168578772724150e+00
2.354496413170632074e+00
-8.139720734136393077e-01
-1.356366547787693166e+00
3.623327115986019642e+00
-5.431471916715838510e+00
6.342465460520413600e+00
-6.145362521987445703e+00
4.911288185689014263e+00
-2.979189869901794019e+00
8.757316582023169094e-01
8.119076269512088828e-01
-1.580277962911886380e+00
1.136660375143394575e+00
5.216097954407432624e-01
-3.094905409166446297e+00
6.039922852965134759e+00
-8.686330489792288390e+00
1.038498535038247539e+01
-1.065375230519954286e+01
9.287369003426977798e+00
-6.406032627409738112e+00
2.431522529961054779e+00
2.003585331095453892e+00
-6.192621392761711974e+00
9.505928045012684180e+00
-1.152169181632762474e+01
1.210675485902873838e+01
-1.142950810594051880e+01
9.902950550363637916e+00
-8.072359611987899086e+00
6.474918409626522653e+00
-5.505065290137189926e+00
5.317772559325481652e+00
-5.792804038432419311e+00
6.568409665071685666e+00
-7.136331521829047730e+00
6.975329163736407878e+00
-5.691142191924328131e+00
3.129090609588586425e+00
5.682151268830049062e-01
-4.972784205578525629e+00
9.451178168435383498e+00
-1.329484267387480401e+01
1.587125461698478190e+01
-1.676122163109450014e+01
1.585067692426260066e+01
-1.335571386410703276e+01
9.774978799089018011e+00
-5.780298490532487676e+00
2.070646388881582034e+00
7.770719105012870997e-01
-2.426360656766948676e+00
2.841903966524468306e+00
-2.279613604262380910e+00
1.209367696999690933e+00
-1.895478859662751425e-01
-2.763674364239934178e-01
-1.331049338712180230e-01
1.476862394520035870e+00
-3.536140379571059089e+00
5.868328776133223457e+00
-7.916648520307985493e+00
9.149336810365591433e+00
-9.194900620684116177e+00
7.940813715445496968e+00
-5.571567344257049470e+00
2.536238732417514186e+00
5.476326074055346549e-01
-3.031980714017623590e+00
4.386078458956139237e+00
-4.319895085578260741e+00
2.854017999701360608e+00
-3.195081454230825901e-01
-2.712724529783194338e+00
5.557091337493764271e+00
-7.564450744155404749e+00
8.264594971668262957e+00
-7.467551293349034225e+00
5.300772050933365342e+00
-2.174223997587212409e+00
-1.317856972619648737e+00
4.535125863157306370e+00
-6.936655670010471120e+00
8.199807318023676572e+00
-8.284922107505789057e+00
7.431257201406548774e+00
-6.085909992134797442e+00
4.783342634082636380e+00
-4.004790487631277429e+00
4.051572410553202275e+00
-4.963003922181955296e+00
6.499027148735046389e+00
-8.192305380530337189e+00
9.458001643373622258e+00
-9.735662568328027788e+00
8.629815441774027818e+00
-6.015909067982405212e+00
2.086100837747335568e+00
2.676716771838995257e+00
-7.591591640624757886e+00
1.191828955978521165e+01
-1.501079606018057078e+01
1.645067578431170574e+01
-1.613004324251496513e+01
1.426555104040671473e+01
-1.134076213411784906e+01
7.990810588193816955e+00
-4.856507037703260643e+00
2.441919545988842088e+00
-1.008363432480575916e+00
5.289401074177488837e-01
-7.133540077626044917e-01
1.096102387867284866e+00
-1.166186795658950448e+00
5.067487652376492235e-01
1.089227957128102275e+00
1.632541813543046505e+00
8.287313486570457854e-01
-4.181307420938037978e-02
-9.084282089767679036e-01
-1.700801837670550043e+00
-2.354723319195304310e+00
-2.817330042636903009e+00
-3.051417798933677261e+00
-3.038460757741988427e+00
-2.780093752109768168e+00
-2.297937005425218171e+00
-1.631780658161776643e+00
-8.362820339754282184e-01
2.354875590252958339e-02
8.776997210021977303e-01
1.656901063383621420e+00
2.298287820223780642e+00
2.750514707835489236e+00
2.977903695719805288e+00
2.963286392750605458e+00
2.709312634815995491e+00
2.238124525898653960e+00
1.589430885269020433e+00
8.171492584972078754e-01
-1.509963894028187870e-02
-8.392667020030775138e-01
-1.588478533579710250e+00
-2.202506272952605482e+00
-2.632648638740810121e+00
-2.845630103909922326e+00
-2.826199416255473995e+00
-2.578223607839494669e+00
-2.124198869741102058e+00
-1.503231563318535802e+00
-7.676691464875725623e-01
2.132861446435740937e-02
7.989022252119819534e-01
1.501859366060347867e+00
2.073849335912699043e+00
2.469918343913851011e+00
2.660074457345689147e+00
2.631576990687462647e+00
2.389774111237272791e+00
1.957435109173480070e+00
1.372649730685582270e+00
6.854856117932908166e-01
-4.630370426606189582e-02
-7.621517779366786538e-01
-1.403720678401790600e+00
-1.919688957095442072e+00
-2.269890635080315633e+00
-2.428468797706115012e+00
-2.385794081244525078e+00
-2.149004966603536460e+00
-1.741144155612885269e+00
-1.198983377353134205e+00
-5.697377851077621846e-01
9.303841876510032805e-02
7.340187758532663587e-01
1.300743627741358655e+00
1.747940870983755168e+00
2.041170441693273219e+00
2.159496973413288945e+00
2.096981621159660136e+00
1.862887064032466622e+00
1.480600214994456598e+00
9.853856787712022003e-01
4.211802974969292013e-01
-1.632829266696232962e-01
-7.186810199625214279e-01
-1.199274423564410608e+00
-1.566693575523387283e+00
-1.793023693509872896e+00
-1.862938092810933810e+00
-1.774716037656461243e+00
-1.540079470448616483e+00
-1.182885354157407809e+00
-7.368079296221896612e-01
-2.422296012583194935e-01
2.573766585643763039e-01
7.192517885366795927e-01
1.105010123108572273e+00
1.383840609662772669e+00
1.534981920283282841e+00
1.549271533446726190e+00
1.429653007265936804e+00
1.190618475953481248e+00
8.566566568594051745e-01
4.598622144130915523e-01
3.693283228406518681e-02
-3.741701435893511896e-01
-7.375971313699203336e-01
-1.022723740270932158e+00
-1.206732607706388682e+00
-1.276445829553293887e+00
-1.229260331882792157e+00
-1.073120632857022194e+00
-8.255500538311935088e-01
-5.118448322495801062e-01
-1.626084219528000641e-01
1.891407776539197894e-01
5.110206865144305555e-01
7.742182779175061924e-01
9.560412647453363499e-01
1.041864528342729468e+00
1.026304974597503250e+00
9.135305671718068066e-01
7.166889033823258259e-01
4.565206391297580435e-01
1.592961561430612794e-01
-1.457263966636127561e-01
-4.290824016441152633e-01
-6.638630756327207338e-01
-8.282050052133081985e-01
-9.072806878041863587e-01
-8.946116953222116308e-01
-7.925897249904835240e-01
-6.121643740443617476e-01
-3.717332393004646462e-01
-9.534292395923599228e-02
1.896278572750464964e-01
4.550852631824334193e-01
6.748930995207844674e-01
8.273530241887369074e-01
8.972624750326207987e-01
8.773601791558957030e-01
7.690259251107992577e-01
5.821701451837884012e-01
3.343234807415746968e-01
4.901010210502676490e-02
-2.464455537344117930e-01
-5.234767503710905379e-01
-7.549614391155095028e-01
-9.177902407454114897e-01
-9.950776471053341954e-01
-9.778105940330618084e-01
-8.657792902785286238e-01
-6.677001627581280463e-01
-4.005141465068896567e-01
-8.791869663614959585e-02
2.417379508582229164e-01
5.580129344559296989e-01
8.311458724126702391e-01
1.034805847913075061e+00
1.148558146782084899e+00
1.159824114656690330e+00
1.065151532455365757e+00
8.706736222255482271e-01
5.917068307368384961e-01
2.515145072609974441e-01
-1.206613563798575317e-01
-4.921317274388451457e-01
-8.296350402784741229e-01
-1.102301617568120395e+00
-1.284444734699158541e+00
-1.357928098818925511e+00
-1.313894848998934384e+00
-1.153697811674237350e+00
-8.889399462056898349e-01
-5.406116625452340729e-01
-1.373911796148664655e-01
2.867516710697630700e-01
6.954453659656979481e-01
1.053052437752493020e+00
1.327779499619290871e+00
1.494489940738251921e+00
1.536971370449359275e+00
1.449455364811528035e+00
1.237250485202662453e+00
9.164254597643022304e-01
5.125612986708178997e-01
5.867186391422218872e-02
-4.075349835074594251e-01
-8.468254151230216742e-01
-1.221768059736614287e+00
-1.499938490531835367e+00
-1.656724330223761310e+00
-1.677488174356627670e+00
-1.558899205802508403e+00
-1.309314523299651700e+00
-9.481718500414981765e-01
-5.044395247642408098e-01
-1.425028510376269431e-02
4.820845908898474530e-01
9.434307394975598449e-01
1.331273422650660621e+00
1.612956843829946862e+00
1.764445828865466748e+00
1.772375394811546157e+00
1.635213471311001809e+00
1.363436678701096749e+00
9.787022549741508648e-01
5.120838835707006709e-01
1.518110885525170151e-03
-5.113254419875041812e-01
-9.844884045656910887e-01
-1.379194521466920786e+00
-1.663057056276672219e+00
-1.812755179461395638e+00
-1.815956718245916868e+00
-3.555255189347374944e+00
6.555420931010358387e+00
-9.555782850176960608e+00
1.194658397614691836e+01
-1.318659742498566345e+01
1.293544401895143636e+01
-1.114230262439191677e+01
8.069459286354502936e+00
-4.244278198250585277e+00
3.498827962272437198e-01
2.920805854117754841e+00
-5.014382396742529835e+00
5.635434819425264585e+00
-4.807068620759689992e+00
2.859748815555299473e+00
-3.513129157312728790e-01
-2.063091339113793943e+00
3.780883729256892423e+00
-4.387056454855789767e+00
3.743290583159875951e+00
-2.011068089063617226e+00
-3.957763913269514156e-01
2.917055347507913510e+00
-4.985088889908697141e+00
6.163141820795261516e+00
-6.250421994797509484e+00
5.328680638071944919e+00
-3.739393332327840547e+00
1.997033482591200171e+00
-6.591816725002188626e-01
1.845536432600809462e-01
-8.130355341267101466e-01
2.496769697608148597e+00
-4.899412722769480588e+00
7.464681760854281478e+00
-9.538971090148498533e+00
1.051999499034435104e+01
-9.997113446997552444e+00
7.850714422385991043e+00
-4.287372751983065555e+00
-1.976946550071030373e-01
4.922559299939233135e+00
-9.161706183486787225e+00
1.229768844735406574e+01
-1.394678131880327143e+01
1.403027662245001927e+01
-1.277581381102745439e+01
1.064948774824310718e+01
-8.235576218338545473e+00
6.092821347064451665e+00
-4.621454000487466018e+00
3.972351191615421939e+00
-4.019537879540012071e+00
4.402093136829119402e+00
-4.624969920151494662e+00
4.194187964422747328e+00
-2.753621634638276028e+00
1.901227321494731726e-01
3.318887909960039462e+00
-7.327689417024761731e+00
1.121021892798315989e+01
-1.429396111324590990e+01
1.600900865860398881e+01
-1.601770985135266301e+01
1.429458970909905169e+01
-1.113761139628028296e+01
7.107683098638849728e+00
-2.909913004707361139e+00
-7.564078605368393937e-01
3.344909010848464703e+00
-4.572891978742543273e+00
4.470814954938808761e+00
-3.359895708606426723e+00
1.763945536906387002e+00
-2.767873578334469897e-01
-5.831982651998686151e-01
4.970894775958036860e-01
5.810174115667878780e-01
-2.417836939156629228e+00
4.563011470987363261e+00
-6.464215643135917233e+00
7.607392490492737025e+00
-7.648308719417124202e+00
6.503659426992496329e+00
-4.379514611656421863e+00
1.729731896923929702e+00
8.464277686614307683e-01
-2.743762949298018228e+00
3.495016966239284706e+00
-2.885249897198521651e+00
1.009457723449285638e+00
1.740684204237156640e+00
-4.758602090974102694e+00
7.354800419987165938e+00
-8.908966746444628271e+00
9.007387109059351360e+00
-7.534210062073900538e+00
4.695776433488250134e+00
-9.727388027791936675e-01
-2.988595852279948062e+00
6.520259711412528247e+00
-9.078477657730097405e+00
1.035770845720426792e+01
-1.034687381288593855e+01
9.315501889035408212e+00
-7.734059606115272878e+00
6.148226491599324106e+00
-5.037636813857321982e+00
4.693159307122399149e+00
-5.142269529743984435e+00
6.140567973212426978e+00
-7.231719803475677999e+00
7.861757779255823309e+00
-7.520649031485108438e+00
5.877357280729227362e+00
-2.875917201627740116e+00
-1.231008767232725454e+00
5.920086862296392916e+00
-1.049906416543021770e+01
1.424962351122175086e+01
-1.657892431018178314e+01
1.714522668650588244e+01
-1.592887069160765989e+01
1.323245155081263569e+01
-9.610362719285554078e+00
5.744157048248459851e+00
-2.292601687853876413e+00
-2.490227983654653698e-01
1.648219286560577590e+00
-1.970888542723712167e+00
1.546026447649888169e+00
-8.689391814648415036e-01
4.667953990804294406e-01
-7.590606201735177194e-01
1.946388056142516199e+00
-3.954642320946808898e+00
6.447541369092375518e+00
-8.905029768968235615e+00
1.074880262291318544e+01
-1.148508422851885591e+01
1.083050027776703850e+01
-8.790681674847697025e+00
5.672220914877347475e+00
-2.024197773333442640e+00
-1.477957685076092265e+00
4.179876330602690260e+00
-5.593060333085902336e+00
5.503632359412714337e+00
-4.019796292294804729e+00
1.546917848404939955e+00
1.304127618894914908e+00
-3.854261157058620935e+00
5.507561668920275544e+00
-5.881931973735471608e+00
4.889262868944962648e+00
-2.747163143182300704e+00
-7.965955559669413155e-02
2.993878131578273649e+00
-5.408447756686499908e+00
6.884025023900962381e+00
-7.228518287879933446e+00
6.535514502584403473e+00
-5.152912477525157797e+00
3.589690886050405094e+00
-2.383441106957369549e+00
1.960637017434801344e+00
-2.523394038164741282e+00
3.990264234277693500e+00
-6.005877472472034739e+00
8.017961985573039740e+00
-9.404287671091395850e+00
9.620135224205291991e+00
-8.331819941610296709e+00
5.504798147623212401e+00
-1.425270944080878177e+00
-3.350444826393492725e+00
8.107771099139052140e+00
-1.212173452201313673e+01
1.480727604097523908e+01
-1.583788885787670253e+01
1.520585419172053676e+01
-1.321093077527668669e+01
1.038096129405069235e+01
-7.343601377301615329e+00
4.679575010412253988e+00
-2.791903814311325505e+00
1.821516144923714720e+00
-1.628482276115786664e+00
1.842480093058178392e+00
-1.969657303688377992e+00
1.529690474852043014e+00
-1.896925736629970771e-01
-2.137629762574617232e+00
5.255697147460438146e+00
-8.715585539827308992e+00
1.191070501899429956e+01
-1.421290587421357188e+01
1.511829190881429597e+01
-1.436845780830433839e+01
1.201835783283628167e+01
