0.000000000000000000e+00
2.178145041594263631e+01
-1.747076418095829098e+01
6.830367155219780884e-01
5.531701235186951671e+00
-6.357197093413979871e+00
1.190465101358702782e+01
-9.716562922447110395e+00
-7.069190954192366760e+00
1.629793155642671820e+01
-3.542033844177298718e+00
-9.180892171167522875e+00
1.955505565904811505e+00
8.199048072717472380e+00
-1.434591062043685916e+00
-9.034257224277432385e+00
5.875594331437120843e+00
2.975490898411994323e-01
2.058378339521411249e+00
3.352239223794839518e-01
-1.429339398968389929e+01
1.716127736973743012e+01
3.956900693380587253e+00
-2.307625236078365560e+01
1.596919259515254552e+01
2.338982427403837328e+00
-9.285481233081775088e+00
1.019279495898712362e+01
-1.365565320636033064e+01
7.002124106807775306e+00
1.348393886715352075e+01
-2.233793501549409655e+01
5.376015712430926463e+00
1.258901825175687605e+01
-9.028648665471422419e+00
-1.072900748631951728e+00
-1.096896775700733961e+00
4.586099341363777171e+00
2.682994020993565876e+00
-6.880755195852328754e+00
-1.346677243176539918e+00
4.164557480580534765e+00
7.725312581981106597e+00
-1.187005455624691308e+01
-5.284350393470799823e+00
1.979725129998517374e+01
-1.055613102892745481e+01
-6.345392210430864210e+00
1.054146802232542157e+01
-9.478074187552099517e+00
1.136997241536270309e+01
-3.019076745450476107e+00
-1.775668223355332387e+01
2.415624594470655495e+01
-3.328137085718300803e+00
-1.752390809437503449e+01
1.468592809328179882e+01
-2.596829750274165960e+00
-8.641775822567243637e-02
2.022099492766542994e+00
-1.082600417235445001e+01
1.072069765772193861e+01
4.350553322524439714e+00
-1.156578179387658345e+01
-5.132077165543513786e-01
8.662823534990517160e+00
2.673347488276617945e+00
-1.273814849208985400e+01
3.670113070793354026e+00
8.549142158563537208e+00
-7.606678026154400918e+00
4.471476946684441955e+00
-7.115207359445218316e+00
5.819909474975526464e-01
1.777956319936502894e+01
-2.146204200974323228e+01
-8.925220981704520273e-01
2.114349683032947524e+01
-1.644260772495640310e+01
2.022993335783074720e+00
3.610894679345508340e+00
-7.956725762658110490e+00
1.578158811014165686e+01
-1.062665982450135793e+01
-1.001465890880175280e+01
1.913840264522474044e+01
-4.429770155407712018e+00
-9.052880442015020179e+00
3.184737928768134108e+00
4.393005015612217790e+00
1.759118906637405111e+00
-7.152529961239553202e+00
7.381777580838502217e-01
2.697834406496953275e+00
3.746090725158436108e+00
-1.783038423483294110e+00
-1.329105072162228574e+01
1.594384229215069482e+01
4.525433970897250191e+00
-2.104102761276994116e+01
1.349582258451415839e+01
1.556579788626920369e+00
-6.812789929159471569e+00
1.050717697250664884e+01
-1.623873245845318891e+01
7.426522996400970023e+00
1.577423204653799438e+01
-2.394408644724395785e+01
5.388673815166525216e+00
1.258104601679418977e+01
-9.889781733439587441e+00
2.200719544545490791e+00
-3.715741727022312091e+00
2.253191663391542754e+00
7.929878656090426858e+00
-9.040758494760879671e+00
-3.493977656994401215e+00
6.930041219097892835e+00
6.027267541333670486e+00
-1.043096865960530195e+01
-5.142390631244780685e+00
1.644090693747306631e+01
-7.098432541314200428e+00
-5.526621333156142235e+00
7.065308493663162714e+00
-8.388905118535564753e+00
1.293339968915821636e+01
-3.522291361374825236e+00
-1.879601636958193467e+01
2.421411646064168366e+01
-2.627316765764887929e+00
-1.704959975208851830e+01
1.445754656516570336e+01
-4.878089274875430981e+00
2.050070622849833768e+00
4.174485193232502667e+00
-1.536444029271075706e+01
1.212369081392346715e+01
6.867840227302800749e+00
-1.434709550486861573e+01
1.081871763247394647e+00
7.515369155045542371e+00
1.867996257913580926e+00
-8.615027879687952250e+00
-4.817972265817527244e-02
7.202530305819697887e+00
-3.094394321940875159e+00
2.369664102199512179e+00
-8.252639858703682663e+00
1.680645023373331881e+00
1.736070634057705320e+01
-2.017070081505424994e+01
-1.789651606586452282e+00
1.960724430974154586e+01
-1.473607440652381584e+01
3.340459917327662787e+00
1.480924541704644604e+00
-9.215082027737338422e+00
1.904732525388413578e+01
-1.120651837455807964e+01
-1.239867707942876152e+01
2.113681588171609960e+01
-5.285375231357615888e+00
-8.300081088387333494e+00
4.155215438133504691e+00
3.162403919827392329e-01
5.088941521618096431e+00
-5.164829068659075872e+00
-4.354749381434750433e+00
5.083832777232627720e+00
5.050021891863483603e+00
-3.645340782154070425e+00
-1.171841818524853451e+01
1.389679840791064969e+01
5.044446472218454325e+00
-1.815982230159960409e+01
1.043112698223925960e+01
7.500914766949691170e-01
-4.102700484324704355e+00
1.041401871492240083e+01
-1.814445634322009226e+01
7.555573544207450531e+00
1.735126919011546676e+01
-2.453861136131478560e+01
5.292074416682256199e+00
1.187880130606453122e+01
-1.028401149677536353e+01
5.499974356063501268e+00
-6.372662438627561876e+00
-2.658118107337914537e-02
1.282505049444879219e+01
-1.096914452317771804e+01
-5.246180377048693444e+00
9.244436743036965609e+00
4.002610904974244654e+00
-8.318583866486001455e+00
-4.974830099709326880e+00
1.242363212358001512e+01
-3.246197044212975058e+00
-4.618606903742153769e+00
3.410261394315177164e+00
-6.968813232845954886e+00
1.386834254675654421e+01
-3.782815772614699590e+00
-1.905935176945819620e+01
2.322920485247851374e+01
-1.843680820588543323e+00
-1.579727309215159181e+01
1.362613468493853830e+01
-7.050968232561670490e+00
4.217774364562399292e+00
6.084872040398260573e+00
-1.928320123941793796e+01
1.316093890988300785e+01
8.891496628268409808e+00
-1.642628599730896966e+01
2.757885239045183567e+00
5.792642977070711297e+00
1.160785144670081870e+00
-4.110363311857581969e+00
-3.930378071810211260e+00
5.755446242286483383e+00
1.419139267157304651e+00
1.340445404147138087e-01
-8.860873698723512604e+00
2.533082101381154416e+00
1.623853299754415858e+01
-1.793905682914149935e+01
-2.694006833732174755e+00
1.727238756559178512e+01
-1.242327376246746695e+01
4.537992109066461666e+00
-7.180747421534907637e-01
-1.009446866436969259e+01
2.153776213827161001e+01
-1.139309076214752636e+01
-1.414410688131869520e+01
2.220947664116301468e+01
-6.053892491440832302e+00
-6.980253456395950629e+00
4.837995006679975063e+00
-3.848238248247683124e+00
8.399083172784315821e+00
-3.157167018083910648e+00
-9.176154104853315729e+00
7.356531027767970521e+00
5.896195322356446056e+00
-5.156230954690781410e+00
-9.641442339563671027e+00
1.108821764506878615e+01
5.521533081271157606e+00
-1.457839154798605641e+01
6.898169452933183621e+00
-3.808065887431766328e-03
-1.315557256942797792e+00
9.924876211841059614e+00
-1.925731224060769620e+01
7.338125217188484761e+00
1.817369383926189741e+01
-2.409014808639904004e+01
5.057152365741611533e+00
1.055180334339998538e+01
-1.021041256376424400e+01
8.664255121628380962e+00
-8.921328580540027531e+00
-2.170771407283861087e+00
1.715241858184169743e+01
-1.257314011709529211e+01
-6.531257733304457247e+00
1.100826067214653037e+01
1.736763504374093881e+00
-5.618122173990578005e+00
-4.800275191078172909e+00
7.928439378314099173e+00
8.431293409012110551e-01
-3.691963244731746308e+00
-2.361647224742586815e-01
-5.276967563359334257e+00
1.409903420992687550e+01
-3.748312581070298855e+00
-1.855374003664224603e+01
2.122876137120322682e+01
-9.697350888440584571e-01
-1.386284636640046486e+01
1.223769620966390548e+01
-8.990089279362413421e+00
6.277261474471824698e+00
7.693228053091215379e+00
-2.240180138966055523e+01
1.376071874752776125e+01
1.035628331717428274e+01
-1.772151169830958040e+01
4.435161286302183647e+00
3.583541951364706435e+00
5.751484336945740239e-01
5.768566229674978452e-01
-7.807145465474566670e+00
4.282840417381389209e+00
5.724958806948992063e+00
-2.144568166691397160e+00
-8.887294840880944236e+00
3.076039461290335453e+00
1.446840659951043584e+01
-1.484437769436912014e+01
-3.604396186684477144e+00
1.427346690031350995e+01
-9.604347494138838925e+00
5.524051238904409189e+00
-2.842019078366693208e+00
-1.057538806989872526e+01
2.312316062849748022e+01
-1.113758728785686536e+01
-1.520699661448516338e+01
2.231568325266530906e+01
-6.680056323985420264e+00
-5.184105084976119215e+00
5.222033288513673988e+00
-7.911782500375542426e+00
1.152711221497201066e+01
-1.208287578742715418e+00
-1.351417365491805711e+01
9.417445937149011570e+00
6.240055005138579247e+00
-6.242542255977039822e+00
-7.149213988081670301e+00
7.626649093495303511e+00
5.959522304214187827e+00
-1.047147455022728835e+01
3.043288375510516008e+00
-6.349750641583526978e-01
1.387589420944051355e+00
9.069153703361788388e+00
-1.949889414240137953e+01
6.739003438905272425e+00
1.823530665193303335e+01
-2.261484833359390478e+01
4.658801743374169746e+00
8.701880359879105242e+00
-9.691551392270627119e+00
1.153677401291987792e+01
-1.121404247787556940e+01
-4.109087849430395067e+00
2.072252366702551996e+01
-1.376897802126523729e+01
-7.307009671160513697e+00
1.215224416015540676e+01
-6.717215376672323046e-01
-2.449508951329828932e+00
-4.629734374369130379e+00
3.157775648503559296e+00
4.996882404229913810e+00
-2.810807716333938444e+00
-3.691684456541812764e+00
-3.385352339727336624e+00
1.358594107916056970e+01
-3.383941703832377357e+00
-1.731991681752469248e+01
1.828731482285864729e+01
-3.284655240126665987e-03
-1.137336606532883110e+01
1.036406179325194898e+01
-1.057962746816873789e+01
8.090929090679754410e+00
8.956145287250613762e+00
-2.457564317369286755e+01
1.386632968756278217e+01
1.122874627150711113e+01
-1.818949571079952321e+01
6.030443973432218385e+00
1.007172814689103468e+00
1.220668368018182903e-01
5.239857114905096758e+00
-1.150293213413939242e+01
2.852053198724657790e+00
9.628313284521896165e+00
-4.371041635280713322e+00
-8.312978829710459650e+00
3.266875115441404631e+00
1.213363837476644846e+01
-1.100672855981309439e+01
-4.514322617629338730e+00
1.077247757977174025e+01
-6.402963198647025678e+00
6.218581214858941664e+00
-4.751166343841068951e+00
-1.065677764843365694e+01
2.371481647810136906e+01
-1.040934136942499322e+01
-1.557733022669208189e+01
2.145958641785841081e+01
-7.111891331676189587e+00
-3.029973317351297268e+00
5.314279726387210800e+00
-1.168916327306603975e+01
1.431207993105824272e+01
6.136249274393215103e-01
-1.718201194237021667e+01
1.117342104837346639e+01
6.068629727411954278e+00
-6.857264154881130835e+00
-4.349574569541254654e+00
3.656594763368773648e+00
6.355305950843387564e+00
-6.034000900612021212e+00
-9.703677898163276527e-01
-1.084272914471810623e+00
3.853787611360482757e+00
7.892278223014098870e+00
-1.883244980152661796e+01
5.742380667702127184e+00
1.756411754616853926e+01
-2.017588008894137630e+01
4.078506538316855945e+00
6.456961209854264361e+00
-8.771952910649629231e+00
1.397250653881942739e+01
-1.310981125798075553e+01
-5.785771884467711068e+00
2.338135040455319569e+01
-1.448650987688187008e+01
-7.562378959042715287e+00
1.264051316182390039e+01
-3.116035451751523411e+00
1.038237169600341403e+00
-4.465771783392072258e+00
-1.676152201589985236e+00
9.034975485438458520e+00
-2.029054175324601417e+00
-6.788493767741814011e+00
-1.375249875927320620e+00
1.232846007647365383e+01
-2.675439729180306259e+00
-1.542951669361441347e+01
1.452373983063952423e+01
1.050860875997360999e+00
-8.479658149665702638e+00
8.099287292906232949e+00
-1.171972832147184462e+01
9.530996586686292460e+00
9.847804730376322979e+00
-2.570298211787916998e+01
1.344001506577019533e+01
1.150755082265236240e+01
-1.782729161560892450e+01
7.461393229418642470e+00
-1.793422428352983822e+00
-2.001438369095118741e-01
9.673804199471561560e+00
-1.484434010609404808e+01
1.519682565129970797e+00
1.295795927507181133e+01
-6.450468292306370977e+00
-7.154013773087047667e+00
3.086426182348960268e+00
9.341127925144760979e+00
-6.583965407707951911e+00
-5.410948247644349784e+00
6.950272370685090628e+00
-2.960607249759055648e+00
6.557917592531138595e+00
-6.318198437650486277e+00
-1.035518922998766911e+01
2.326976246923236147e+01
-9.198898067633614062e+00
-1.527805428456257708e+01
1.968986885391840502e+01
-7.304222276298771632e+00
-6.570004185521651774e-01
5.138708284028664863e+00
-1.500745951132657297e+01
1.660283030556009365e+01
2.253414334163593935e+00
-2.002654262522520412e+01
1.254134916771786123e+01
5.400897093355002454e+00
-6.981948411209265792e+00
-1.363845085668500268e+00
-6.479387771641684779e-01
6.699251920149660755e+00
-1.471475229542007490e+00
-4.970235558608287363e+00
-1.307287699153133254e+00
5.946485969394437632e+00
6.453070386842640893e+00
-1.726535986259704814e+01
4.354176716414308146e+00
1.621977473708465567e+01
-1.688066209178330013e+01
3.306640065950855689e+00
3.963554560768796975e+00
-7.515399117788780003e+00
1.584556802310863688e+01
-1.448229297501313084e+01
-7.161049727266311393e+00
2.501741050765890861e+01
-1.467335839019134625e+01
-7.317015646709321253e+00
1.247200259032321590e+01
-5.486414902984857456e+00
4.674256851966358539e+00
-4.302387304798330092e+00
-6.361397088890937468e+00
1.277824633935333054e+01
-1.387516022868558352e+00
-9.381665741181777207e+00
6.667778278655263069e-01
1.036558126162972471e+01
-1.631046625947453421e+00
-1.298089021389640330e+01
1.009614285125327626e+01
2.179657342168049183e+00
-5.347903946246111317e+00
5.554920137306423200e+00
-1.233210389452842470e+01
1.048710349727835300e+01
1.035998009044208423e+01
-2.572984016954565334e+01
1.246611288981936028e+01
1.122211292729959453e+01
-1.667202469375057206e+01
8.651093492903063620e+00
-4.658914692943925573e+00
-4.051628321218944673e-01
1.368537149205979020e+01
-1.766862649751993075e+01
3.293087728225012611e-01
1.557417394579183423e+01
-8.292806484827506708e+00
-5.460896386673875114e+00
2.540507225651664314e+00
6.215961524127974869e+00
-1.764783554645460217e+00
-6.274622795538635778e+00
2.997210580581100459e+00
5.700499433151193784e-01
6.498754627231876135e+00
-7.435649595637025655e+00
-9.703089758580572877e+00
2.179325923707435919e+01
-7.520110467110082908e+00
-1.436248680163118863e+01
1.709725694335653756e+01
-7.221876459458724362e+00
1.782824298566186849e+00
4.734348535340333619e+00
-1.771433366826889255e+01
1.826606761424726599e+01
3.670508035098620780e+00
-2.193520281676095962e+01
1.345256497136327312e+01
4.286345245871154397e+00
-6.627515609811698738e+00
1.679043642497694222e+00
-5.091510193537300388e+00
6.975261230440464644e+00
3.009973207580109111e+00
-8.782309194992137691e+00
-1.277075480138896602e+00
7.552891003112124579e+00
4.820467411090580079e+00
-1.484940885456805582e+01
2.603306238204103451e+00
1.428954755805811061e+01
-1.287595279661378456e+01
2.344264233162850264e+00
1.378331336563315190e+00
-6.001206429405407938e+00
1.705564607872184268e+01
-1.522718485406872801e+01
-8.211635063836004278e+00
2.556675560545724224e+01
-1.429836464332886159e+01
-6.619151041130279189e+00
1.168003345168083484e+01
-7.675585828767827579e+00
8.274383590086021201e+00
-4.125636756319198462e+00
-1.069614339818373949e+01
1.605694938271260952e+01
-9.119662099491074869e-01
-1.135625539111902782e+01
2.653192374845263490e+00
7.774469627445631303e+00
-2.821338175342695820e-01
-1.009376584715620595e+01
5.194798056557164756e+00
3.361186974687688789e+00
-2.150595494595040513e+00
2.854373130209367559e+00
-1.236450736588391486e+01
1.087308845714888683e+01
1.050112864141243207e+01
-2.465262469744889984e+01
1.095322458523935971e+01
1.042964922704901198e+01
-1.479862485177972431e+01
9.532317619172925305e+00
-7.422307081842168586e+00
-5.171588922902812246e-01
1.710167991029489087e+01
-1.983191562393566443e+01
-6.898322498147955173e-01
1.737509397104388853e+01
-9.817371681874137224e+00
-3.316033265478349534e+00
1.659944761554839943e+00
2.895257111036725561e+00
3.239855984853790005e+00
-7.079040790955462903e+00
-8.964613321072238961e-01
4.032391888931014634e+00
6.020950382811090407e+00
-8.022269810337220974e+00
-8.746407672998557814e+00
1.933894070126279274e+01
-5.411076062372568884e+00
-1.291029272822637353e+01
1.380998534081769336e+01
-6.842377210626167994e+00
4.133321805204378308e+00
4.152435215441559357e+00
-1.968528547749546220e+01
1.919375394498041132e+01
4.839524738739418019e+00
-2.284084896344529980e+01
1.385666247325819356e+01
2.801828055079551127e+00
-5.833413676892379662e+00
4.648714393751431473e+00
-9.466544850821163593e+00
7.161485351858749127e+00
7.213379388385761537e+00
-1.223930324804494063e+01
-9.857929535248182162e-01
8.589987443549288670e+00
3.069788849971346600e+00
-1.167882057793413608e+01
5.416516391283003884e-01
1.188310888947787447e+01
-8.341024585489217102e+00
1.204289449288411973e+00
-1.140729800881906897e+00
-4.319685378739571924e+00
1.753316127472967167e+01
-1.526864340666390518e+01
-8.930311297033274087e+00
2.501568226964192831e+01
-1.335411609877203531e+01
-5.541931848023256890e+00
1.033007891025402003e+01
-9.584063179341274719e+00
1.165052594411669062e+01
-3.914955782669662376e+00
-1.449795063271591999e+01
1.871897202194809040e+01
-6.122413518665457133e-01
-1.263275434967951938e+01
4.499833955417961384e+00
4.667028951750370247e+00
1.317541063191246309e+00
-6.903052000576260561e+00
3.346372960066273938e-02
4.564687856082827011e+00
9.426484566053190406e-01
1.266940859279941378e-01
-1.179384755183906819e+01
1.063256413784124987e+01
1.029466701124259131e+01
-2.251832466852515680e+01
8.935236510609072980e+00
9.210848829491897760e+00
-1.231567064094593711e+01
1.005130709531185573e+01
-9.918068767083939363e+00
-5.685471806961355234e-01
1.977817909062401469e+01
-2.121669613521599373e+01
-1.523194556941366962e+00
1.830107562169362367e+01
-1.095693408232293464e+01
-8.294809943399297225e-01
4.991254096924251371e-01
-4.784228702104482700e-01
8.206514164930819533e+00
-7.792048966908851071e+00
-4.550006050582807937e+00
7.273337899498609538e+00
5.129015849883880485e+00
-8.027967445370693511e+00
-7.541488492345191474e+00
1.600659855614795646e+01
-2.933804184996002817e+00
-1.102228049878078586e+01
9.987438929965779977e+00
-6.157956084172882427e+00
6.243009717099413436e+00
3.452847255700686624e+00
-2.082952952643048405e+01
1.930943453997772963e+01
5.749957163757814627e+00
-2.272435025531397912e+01
1.372451640701842379e+01
1.046901342764811282e+00
-4.665169864055610738e+00
7.419485306087095999e+00
-1.356341049561010692e+01
7.231673129982155501e+00
1.096008851046132548e+01
-1.518860119522915397e+01
-4.451294385544528609e-01
9.008901396098355718e+00
1.278758858055845771e+00
-7.886144645673615727e+00
-1.757291402809588732e+00
9.126417557402945135e+00
-3.479250801764922851e+00
-8.810533392786679130e-02
-3.443154623285368920e+00
-2.567032285714093476e+00
1.724289500375617479e+01
-1.456437005206440816e+01
-9.324674348261735801e+00
2.340100706214314386e+01
-1.185838331924628974e+01
-4.178446087870620218e+00
8.515841087298218426e+00
-1.112503012285402448e+01
1.462041751984184046e+01
-3.645102933616260366e+00
-1.761192621439675676e+01
2.063735983171679678e+01
-4.824131382568026538e-01
-1.317062417044606981e+01
6.130091157453822603e+00
1.184616291428098656e+00
3.093950447623965871e+00
-3.552110198935782392e+00
-5.160506637430943400e+00
5.751285508392662393e+00
3.773923566163361443e+00
-2.499946235763840896e+00
-1.062777795358600486e+01
9.742963113339566661e+00
9.776572366008579706e+00
-1.942227597566640895e+01
6.471085703198458994e+00
7.664438551639234376e+00
-9.359560976610209693e+00
1.017085709667748361e+01
-1.199129712128712910e+01
-5.971539999507253782e-01
2.160509601522716849e+01
-2.173820717343374298e+01
-2.170314347398160315e+00
1.833687421483042002e+01
-1.166119637373541451e+01
1.866847254150838076e+00
-8.668812715037912398e-01
-3.763754751689010192e+00
1.290980214519163738e+01
-8.377079438612446083e+00
-7.800895947892179549e+00
1.015069313319411748e+01
3.852207823193360525e+00
-7.437049799104340053e+00
-6.151651981551240489e+00
1.193770865956818383e+01
-1.725724337191962832e-01
-8.814328609099082001e+00
5.812288890985445988e+00
-5.176750583468619382e+00
7.973735415639987778e+00
2.700049690598361529e+00
-2.109421373113208631e+01
1.857313628887906276e+01
6.405005917337676991e+00
-2.161480967978561907e+01
1.305032376111675418e+01
-8.620913204731097679e-01
-3.210465957426749561e+00
9.876181068593989920e+00
-1.718076500110220550e+01
7.157071081949390567e+00
1.409781731943767014e+01
-1.749959147870154297e+01
3.144716706389800720e-01
8.797374610997252375e+00
-4.764903366156043596e-01
-3.636190839511522555e+00
-4.201074817594758315e+00
6.155038649484408708e+00
1.491486097743421446e+00
-1.495847619416248886e+00
-5.394269804179456784e+00
-8.399350302789247991e-01
1.618590349319051214e+01
-1.310905999914738729e+01
-9.415162090465184264e+00
2.080791063261103346e+01
-9.854346720658821113e+00
-2.635739717932460646e+00
6.353850130956835152e+00
-1.222854553795612809e+01
1.701722987528034281e+01
-3.288594025137359989e+00
-1.991744371205676245e+01
2.171676297232051667e+01
-5.019862305324425122e-01
-1.296973876080738286e+01
7.478658461209878539e+00
-2.508827378449620227e+00
4.956203407356783330e+00
-1.858485033570675959e-01
-1.015678119247379207e+01
6.875413415184147503e+00
6.205080065518341570e+00
-4.904708302206002735e+00
-8.904676513337562938e+00
8.217807684530001211e+00
8.992482552402545792e+00
-1.550360860695342424e+01
3.643225957687358907e+00
5.900966272240649957e+00
-6.087317394006870330e+00
9.872534174421897291e+00
-1.350641745850776942e+01
-6.429733358650810970e-01
2.251215149638655078e+01
-2.134936643969334114e+01
-2.643332464523733272e+00
1.751155391405671935e+01
-1.189945574047021992e+01
4.626199314352124503e+00
-2.346482947991715307e+00
-6.827099865440737325e+00
1.713313485324274765e+01
-8.795139172268521932e+00
-1.051238821747188013e+01
1.253999397766316193e+01
2.243222896407035982e+00
-6.269570580465959608e+00
-4.643560401128582704e+00
7.308915360845523068e+00
2.768998514441642023e+00
-6.410788169423640603e+00
1.481516128551183087e+00
-3.923101429508417226e+00
9.208587477001071164e+00
1.958782121176287916e+00
-2.046678123468441157e+01
1.698455164070123757e+01
6.819688132099915201e+00
-1.958742261078081981e+01
1.185252995682726684e+01
-2.798848822926375934e+00
-1.573948315860020042e+00
1.191932722496159514e+01
-2.013565481409370861e+01
6.908759500622011274e+00
1.650725044959126109e+01
-1.907001783939452366e+01
1.245743920891425383e+00
7.980219254272219231e+00
-2.125211162204259097e+00
8.816921464745099968e-01
-6.682169752180595168e+00
3.107258712364952657e+00
6.349096535030773758e+00
-2.971147265969861451e+00
-6.882541310133312606e+00
7.698078225392608331e-01
1.439962569202492304e+01
-1.093599336446584758e+01
-9.232532623190877530e+00
1.736547069512121055e+01
-7.409556088852779610e+00
-1.028173137225895761e+00
3.976875921472592612e+00
-1.284486717080360840e+01
1.869854586587049639e+01
-2.818464061383142649e+00
-2.133310049728526181e+01
2.189846429111561577e+01
-6.380214772019083824e-01
-1.206967679697274143e+01
8.494676897974398955e+00
-6.234881802735516843e+00
6.801086263017799283e+00
3.056016294321112881e+00
-1.473287773134333634e+01
7.886862415646228364e+00
8.124551807137166293e+00
-6.980141410013787073e+00
-6.692017769153252971e+00
6.107048957354368923e+00
7.994490696728940193e+00
-1.093860317608285371e+01
5.548194839814288848e-01
4.036161485193689558e+00
-2.668390376602024716e+00
9.157903105480071915e+00
-1.435495138701809736e+01
-7.447271189964084215e-01
2.247133459963306734e+01
-2.004396081041448952e+01
-2.964780926531322525e+00
1.589615569882015222e+01
-1.166229594776460843e+01
7.294851466195027001e+00
-3.836790882501682987e+00
-9.548400647924346174e+00
2.067917871649122930e+01
-9.007244703846884804e+00
-1.257960949256442618e+01
1.434049846341830303e+01
3.755670795851111521e-01
-4.580694287820938015e+00
-3.083611928233752408e+00
2.323792051592467267e+00
5.772050305451625007e+00
-3.937725141528974682e+00
-2.803228080223129304e+00
-2.436915813001393705e+00
9.858655668907895020e+00
1.289753795172526196e+00
-1.897537298047057419e+01
1.458430341383267326e+01
7.018382840191450533e+00
-1.675910149921096348e+01
1.017356099286531546e+01
-4.634476906236215221e+00
1.289447254732021264e-01
1.346947854319842719e+01
-2.227285018474750089e+01
6.460272292965429486e+00
1.810687142762795077e+01
-1.983101608611709565e+01
2.287557402473042956e+00
6.617730650965050643e+00
-3.605421929110487866e+00
5.462612226387296488e+00
-9.082881862303892717e+00
1.173526462943943471e-01
1.087779024179188170e+01
-4.457428876714141452e+00
-7.825566589937485773e+00
2.180354685174767937e+00
1.195618570592449892e+01
-8.116641740173752950e+00
-8.814978852116190922e+00
1.324011800297780717e+01
-4.613631901323667961e+00
5.295025681364315950e-01
1.526506444127340600e+00
-1.294672741315428510e+01
1.955421948613389205e+01
-2.211167026649569323e+00
-2.181970099713785061e+01
2.116371584634467951e+01
-8.480299490631528769e-01
-1.054691808266134245e+01
9.144087625000100417e+00
-9.809573867763429433e+00
8.518512570352498869e+00
6.045197804010598475e+00
-1.868467251117629502e+01
8.733354929670941402e+00
9.452632942029545404e+00
-8.637525121319269417e+00
-4.083223974886386998e+00
3.495422117897449610e+00
6.837839487371420333e+00
-5.932287462521191657e+00
-2.674250691877888109e+00
2.184246597818749969e+00
7.241052851109408550e-01
8.048694855847429608e+00
-1.446193127114322152e+01
-9.364563423150924493e-01
2.149762410938267720e+01
-1.785790351835137457e+01
-3.164807766510439713e+00
1.359926612148608882e+01
-1.096220622322882932e+01
9.720406359874878888e+00
-5.229632251551706190e+00
-1.182624951915617473e+01
2.337947334934677457e+01
-8.977155770339962260e+00
-1.393386745886263789e+01
1.548001245913276591e+01
-1.660251976317909772e+00
-2.458094004721066206e+00
-1.534565300275327893e+00
-2.796717690879682028e+00
8.707602473530204890e+00
-1.516363966244552941e+00
-6.845440615464476686e+00
-7.721176531793432218e-01
9.868271313817654544e+00
7.456067423726029375e-01
-1.668726729303777034e+01
1.145318133655060855e+01
7.032002499614898205e+00
-1.328210673390182706e+01
8.078345295553448935e+00
-6.244978418240694218e+00
1.778799468583520671e+00
1.447048212728576289e+01
-2.347293714083718186e+01
5.790323095960516753e+00
1.885582215668016204e+01
-1.975057216939874394e+01
3.368725016837829322e+00
4.802144894652961682e+00
-4.866695567008211043e+00
9.895957065293975674e+00
-1.128107922379959049e+01
-2.690659766223047811e+00
1.487826991441381352e+01
-5.891928022054424119e+00
-8.174406969227954178e+00
3.324291604725589266e+00
8.958982668265322857e+00
-4.758265859629674743e+00
-8.205079990317933891e+00
8.627351435459969409e+00
-1.574785143048796687e+00
1.928960076949266522e+00
-8.547080905828963182e-01
-1.253045641649046793e+01
1.951270167925336452e+01
-1.449409493803575089e+00
-2.138115345029378389e+01
1.953519193073554305e+01
-1.083439953828981839e+00
-8.510107755214548320e+00
9.411072180619582284e+00
-1.305266891055682166e+01
9.997600534605973976e+00
8.670285947179769082e+00
-2.183607265428932820e+01
9.363501650695122080e+00
1.014494709765471292e+01
-9.811211330684447063e+00
-1.193161482853286159e+00
4.988705585830039979e-01
5.577717586972601893e+00
-7.086898359406916814e-01
-5.912385578773451833e+00
4.515665374110966468e-01
3.922271758446233214e+00
6.585906541137202197e+00
-1.379060727072025117e+01
-1.244371730900330597e+00
1.964764958863123923e+01
-1.486845679473534965e+01
-3.278043585051395592e+00
1.076073630953802329e+01
-9.833080965140629459e+00
1.176007938486939430e+01
-6.418019306591618900e+00
-1.358190300223364666e+01
2.510274438251939344e+01
-8.674234799014499231e+00
-1.454500308811200959e+01
1.591830005645018886e+01
-3.761499263996462616e+00
-1.750549881201823865e-02
-5.258174071209764655e-02
-7.824708427249375653e+00
1.144244676338941957e+01
7.429269636540531963e-01
-1.046327155587978197e+01
1.005740544892211208e+00
9.218440911291427398e+00
3.673945559110016745e-01
-1.370545109899895131e+01
7.709343819517114227e+00
6.894995198588546259e+00
-9.336022396790433220e+00
5.651673641069541176e+00
-7.518456736147353325e+00
3.259310803051801209e+00
1.489153523262486800e+01
-2.365874490479928838e+01
4.885445718182459984e+00
1.875468803081819402e+01
-1.883521359976924714e+01
4.412426384837011106e+00
2.652333173858560933e+00
-5.872211828769260400e+00
1.397555572544247049e+01
-1.315644887129620244e+01
-5.208465944085393318e+00
1.817710951558199994e+01
-7.208815379118255429e+00
-7.916037435801616340e+00
4.152254127183159227e+00
5.537747628568705061e+00
-9.995853262162164299e-01
-7.446791176492004283e+00
3.742132875044926532e+00
1.584702416069035280e+00
3.074622961818125333e+00
-3.031122367151789732e+00
-1.161590992982158710e+01
1.854548721531574884e+01
-5.247123108782885126e-01
-2.006327405900812977e+01
1.707645903392573317e+01
-1.293408173858817900e+00
-6.093653259805645206e+00
9.298504452813382670e+00
-1.579685035366039969e+01
1.113305309085934880e+01
1.084115489985269143e+01
-2.404737422484956610e+01
9.729968134121028456e+00
1.019395259408404542e+01
-1.046173565335235978e+01
1.847480921768428708e+00
-2.740804303603526115e+00
4.266345767903399810e+00
4.499768560055192879e+00
-9.022070321620457634e+00
-1.069121517539368682e+00
6.771965965260691611e+00
4.827883375132552501e+00
-1.234518131442441202e+01
-1.684180256298087208e+00
1.701638712284207955e+01
-1.119142048352520113e+01
-3.340329397819864266e+00
7.543894041929553929e+00
-8.328614882224034233e+00
1.328853219701010602e+01
-7.302714966761872262e+00
-1.476207381415978404e+01
2.576148671706671323e+01
-8.076242905190392563e+00
-1.442170161440458109e+01
1.564889791803248187e+01
-5.818690417074967591e+00
2.603338938144990511e+00
1.315160363970126145e+00
-1.253605894798193887e+01
1.384553830489133297e+01
2.745806494319247726e+00
-1.349823921923684367e+01
2.822580206504296640e+00
7.928282261138789977e+00
1.817959730904661342e-01
-1.016350989559963303e+01
3.503583173427119668e+00
6.642384238921237305e+00
-5.118496446398337341e+00
2.994508811412757154e+00
-8.361637536611526755e+00
4.464238988986893197e+00
1.472796324388252387e+01
-2.279976816573460496e+01
3.742354472147492395e+00
1.784421288895518032e+01
-1.712983399750772406e+01
5.340986726087576741e+00
3.070195815107202852e-01
-6.599973870269089105e+00
1.750967218355829402e+01
-1.459695932207913494e+01
-7.347870613051067146e+00
2.063485476784763861e+01
-8.342677218065617240e+00
-7.073793145605704602e+00
4.635494888383009382e+00
1.842323749389360721e+00
2.995295952038360632e+00
-6.582660677095216961e+00
-1.191554537667605551e+00
4.733836253927881543e+00
3.889159390004251371e+00
-4.881449876799811349e+00
-1.024522334041668614e+01
1.666943176235275104e+01
5.604940501797086583e-01
-1.795059718306945484e+01
1.388946191531212548e+01
-1.428728990897763174e+00
-3.450005812797321436e+00
8.827395016068466660e+00
-1.789631615018198474e+01
1.183149019873652641e+01
1.249214960847778677e+01
-2.522189163021430502e+01
9.792658604055572980e+00
9.628433146541848231e+00
-1.057753155635441367e+01
4.898637652600694281e+00
-6.062813566649717600e+00
2.950514582793286600e+00
9.463220439366466508e+00
-1.186619786568945756e+01
-2.303400259581849241e+00
9.140552088855205426e+00
2.847488552016363972e+00
-1.017140460611278385e+01
-2.259077966711154239e+00
1.373208123668863223e+01
-6.976390297938541707e+00
-3.385527885979885632e+00
4.126666842250000578e+00
-6.519668648078355666e+00
1.420483618592028741e+01
-7.798522605478346748e+00
-1.534040118031210653e+01
2.531648123581007681e+01
-7.171878405589520611e+00
-1.360978769831262269e+01
1.469923479821741807e+01
-7.721473420315760450e+00
5.252084132381414250e+00
2.532161792451741888e+00
-1.672098855335578094e+01
1.579456515294802088e+01
4.418041288803315148e+00
-1.582271928950380335e+01
4.599447118087763187e+00
6.054378831444081399e+00
1.992408613528366956e-01
-6.219105536865773942e+00
-9.871462089460449896e-01
6.307041200316991336e+00
-8.352237712366807898e-01
2.194150797518186202e-01
-8.705353066941590612e+00
5.303848328223764064e+00
1.400071134650741200e+01
-2.091434228093869763e+01
2.369839900981905334e+00
1.620205322836090289e+01
-1.471564442361141367e+01
6.080729598326191088e+00
-2.083111007415817006e+00
-7.043140413651758358e+00
2.033033238782776664e+01
-1.550518453472859903e+01
-9.043976403800888519e+00
2.215244701721404397e+01
-9.232154832080393447e+00
-5.705800033483359179e+00
4.767249612414837578e+00
-1.964511067063531513e+00
7.044430391290221749e+00
-5.651441100250155003e+00
-5.951463030101732166e+00
7.738854354783397227e+00
4.317846622990113126e+00
-6.305400422422428264e+00
-8.480475377761484523e+00
1.394679589922387386e+01
1.791411018957995260e+00
-1.516138839338652033e+01
1.011012501996454915e+01
-1.445593708738925676e+00
-7.410461197227942165e-01
8.035365298493349684e+00
-1.923434996764438765e+01
1.201737607966957455e+01
1.358393664478751894e+01
-2.531052869697640517e+01
9.521715702940618087e+00
8.511031016835222118e+00
-1.017515483102177143e+01
7.817800374818446585e+00
-9.295432987615134479e+00
1.669700444791323068e+00
1.396510125542666891e+01
-1.431460809828385194e+01
-3.198747381147592606e+00
1.092346836747426231e+01
7.285166870672334927e-01
-7.354986539526586320e+00
-2.958561701490298290e+00
9.949669877991286882e+00
-2.400288758647362908e+00
-3.442629126885168311e+00
6.920870584755185462e-01
-4.490737141008286137e+00
1.443819468980534637e+01
-7.839936375544689362e+00
-1.531757063845490308e+01
2.377900923924590160e+01
-5.962871403691021754e+00
-1.218863474201195984e+01
1.312904473605165911e+01
-9.364593434644531200e+00
7.770047079224399411e+00
3.573538984103823868e+00
-2.019390667156519115e+01
1.718235739022923525e+01
5.708314739739505761e+00
-1.734583512183044363e+01
6.256510354502723636e+00
3.688079140323811345e+00
4.130737990719586250e-01
-2.046378263392855779e+00
-5.567644622129874321e+00
5.917366128531177161e+00
3.310315353839072827e+00
-2.554672117783357344e+00
-8.508690932311901989e+00
5.710461722934796924e+00
1.275461035601087900e+01
-1.806944111878935644e+01
7.900374278468142997e-01
1.393777904785204313e+01
-1.170634028780377633e+01
6.566620024352806340e+00
-4.363987953327580271e+00
-7.209477375134996535e+00
2.230152015733493442e+01
-1.580414117601868718e+01
-1.025701871236894469e+01
2.267565559338192926e+01
-9.823531130984207493e+00
-3.901485129156029075e+00
4.562821082118818872e+00
-5.714814180239152996e+00
1.095667377481265170e+01
-4.686228350766769246e+00
-1.032761838247899711e+01
1.046947108858923414e+01
4.331576363010164243e+00
-7.229140937613596662e+00
-6.400401442659979345e+00
1.048298852600988518e+01
3.140185629984453719e+00
-1.184114384418428045e+01
5.902264688863881226e+00
-1.308963700651145201e+00
1.870960151457100373e+00
6.974243785901991899e+00
-1.972947729496268465e+01
1.163819691098012932e+01
1.410397844677937229e+01
-2.431406335830959975e+01
8.900138546026528985e+00
6.933983011905584526e+00
-9.298005695236245316e+00
1.046708145672008605e+01
-1.226483010370275295e+01
4.548451932869874703e-01
1.781217664626460362e+01
-1.625051357308418787e+01
-3.726725960728091813e+00
1.204927016876211177e+01
-1.438452903012577888e+00
-4.017877399741874633e+00
-3.758164336362143310e+00
5.843059547697331269e+00
2.340537769425391268e+00
-3.533338183086085493e+00
-2.581321827134665625e+00
-2.335702604388184778e+00
1.395211823771963822e+01
-7.385817227252148065e+00
-1.472012522714842220e+01
2.121064250729534351e+01
-4.465467555407647282e+00
-1.026591459967330167e+01
1.102715099660579412e+01
-1.065361711946793477e+01
1.000099408058821027e+01
4.426178653232965665e+00
-2.280207567168805127e+01
1.792279445012298567e+01
6.589657568707747437e+00
-1.801745850902715773e+01
7.717188714586858289e+00
9.508776019307294547e-01
7.998200467875093977e-01
2.172341137317971516e+00
-1.003345780356337080e+01
5.495515771695355767e+00
7.126841219022806762e+00
-5.208076786423778692e+00
-7.761582937846685404e+00
5.642810291019680236e+00
1.105553937392810226e+01
-1.437808620196568654e+01
-9.610605059954098195e-01
1.118641440716089619e+01
-8.242664107169030530e+00
6.746428226152872298e+00
-6.386947898631296638e+00
-7.119984787332758636e+00
2.332583440475417191e+01
-1.544230644011330256e+01
-1.097281409955376752e+01
2.219730380582970852e+01
-1.007405066962745011e+01
-1.776364825720016860e+00
4.058372605111945752e+00
-9.243449291836942194e+00
1.454101525515098281e+01
-3.713221899757448874e+00
-1.413212178573358280e+01
1.280510822722974495e+01
3.928348576066298392e+00
-7.609281748284274727e+00
-4.096344524520974417e+00
6.422099959683985837e+00
4.566087028954923355e+00
-8.154930245179450310e+00
1.450094961441932284e+00
-9.953475958388784406e-01
4.232350591238114745e+00
5.706926009407119693e+00
-1.933988895597682500e+01
1.066857655801238103e+01
1.406566330221673056e+01
-2.228303124321342565e+01
7.925837319069434450e+00
5.013313659666757793e+00
-8.013616743555111555e+00
1.272004338456519790e+01
-1.480421252387995601e+01
-6.721617674991994251e-01
2.084336386564940824e+01
-1.757647920146986564e+01
-3.883721323331823072e+00
1.248289155518806304e+01
-3.560537383064214190e+00
-3.125989754068925208e-01
-4.620162944700662244e+00
1.596649228835818057e+00
7.039285933469273893e+00
-3.670297174300852561e+00
-5.528776263576936856e+00
-1.530957178118841355e-01
1.274682850036349890e+01
-6.422807525068767731e+00
-1.359807641963547198e+01
1.772060718122121870e+01
-2.711164760631245230e+00
-7.970997027034923299e+00
8.506783017856001550e+00
-1.151010740339073912e+01
1.179993041055763747e+01
5.088137672494497110e+00
-2.443266744971711901e+01
1.795588511823817868e+01
7.059471842649196915e+00
-1.783012735416813754e+01
8.912174754432811596e+00
-2.011884164646201789e+00
1.320553712322644735e+00
6.255093910512793620e+00
-1.418050979542462997e+01
5.056279999309939654e+00
1.044448387611648954e+01
-7.626127951671310967e+00
-6.485694678022474235e+00
5.088920345452409677e+00
8.986662148475742740e+00
-9.994476004781141398e+00
-2.833935953774072480e+00
8.100879994935759498e+00
-4.485627391200379677e+00
6.584173008417739226e+00
-8.017267837144977705e+00
-6.806803017426238611e+00
2.334927789093058692e+01
-1.439751756827589979e+01
-1.120185704278428496e+01
2.075718470153885420e+01
-9.954770108712663657e+00
5.345989904454166997e-01
3.308495564673328282e+00
-1.239586084036492863e+01
1.761612423132361016e+01
-2.751154945755281744e+00
-1.720773899926606276e+01
1.464079492005120287e+01
3.133186439716261873e+00
-7.435169067917921204e+00
-1.667668660769927813e+00
1.940428871665861088e+00
6.016584779803616279e+00
-4.278971304401146369e+00
-3.050316375195023522e+00
-4.948108036409948340e-01
6.206516125643613435e+00
4.303681540011334405e+00
-1.806590305413774189e+01
9.113067886830586772e+00
1.350619282665158849e+01
-1.931521283850339898e+01
6.612970045428586019e+00
2.881819434289419668e+00
-6.409652756359412784e+00
1.446794540683511343e+01
-1.676281980778342273e+01
-1.698306956637851473e+00
2.293692584800375300e+01
-1.821963725363772113e+01
-3.690218006090189462e+00
1.222696139193913112e+01
-5.547123738640434176e+00
3.585099657921906768e+00
-5.495249806849423990e+00
-2.603467652373514518e+00
1.148829745686268211e+01
-3.856050892208817693e+00
-8.007603651589384697e+00
1.958883758738034775e+00
1.085975961655855571e+01
-4.967261524355383706e+00
-1.202148199132382800e+01
1.346084050937713350e+01
-7.466066467884824309e-01
-5.447373928054668468e+00
5.699665864348193445e+00
-1.187597086259364332e+01
1.304142749243670707e+01
5.567362009820921998e+00
-2.501787591719543968e+01
1.725172838797077546e+01
7.138198145615222145e+00
-1.681879381116407046e+01
9.783130764282219616e+00
-5.038666559800430989e+00
1.923302007356042509e+00
1.002870774461755232e+01
-1.781490647798301552e+01
4.606660314042240856e+00
1.312275899252086120e+01
-9.704724189731297912e+00
-4.733568725427561574e+00
4.067357897659984900e+00
6.643957458936995408e+00
-5.107059550793952241e+00
-4.766758559668306638e+00
4.843749330203973358e+00
-6.087250463324602734e-01
6.062646029116342206e+00
-9.141972515276691524e+00
-6.310543853254014124e+00
2.236394195409074825e+01
-1.267950522422141724e+01
-1.097717132971632381e+01
1.843967900133442583e+01
-9.452759012552746753e+00
2.884709176130038966e+00
2.382685748148857474e+00
-1.503526821048461848e+01
2.001962905342904975e+01
-1.811396078275659960e+00
-1.943486574539555534e+01
1.589242862485820140e+01
1.996492839300289646e+00
-6.729355314650273812e+00
7.831159936422309453e-01
-2.761688769360241658e+00
7.429312356145412188e+00
-3.919164955901743852e-01
-7.400228434530051302e+00
1.879063935952469677e-01
7.681361308141909205e+00
2.838122221059752093e+00
-1.595033652531309620e+01
7.007422670006628884e+00
1.248339052512852021e+01
-1.555084823648639336e+01
4.992444626675467845e+00
6.812389665379736670e-01
-4.588838785509250506e+00
1.562509152567017523e+01
-1.801428246768925945e+01
-2.618635781595012535e+00
2.401570054926172659e+01
-1.813585029062644338e+01
-3.188691774245125288e+00
1.132111261135244362e+01
-7.314288992954008251e+00
7.484894805852099431e+00
-6.325095996979653634e+00
-6.578185678481017540e+00
1.548883020543608957e+01
-4.082815372185910618e+00
-9.904324636279284277e+00
3.907320138976162482e+00
8.364125202568901685e+00
-3.065546662895947350e+00
-1.007620621116906179e+01
8.618974756658296599e+00
1.367415881795587929e+00
-2.844528539679943790e+00
2.749186834885128050e+00
-1.171674587106005205e+01
1.362703235218704734e+01
5.879839771821389505e+00
-2.453784566492641162e+01
1.581311357011184526e+01
6.866749031760587485e+00
-1.505842798884495792e+01
1.028584823938820492e+01
-7.960330041519893207e+00
2.546356456691562187e+00
1.333665390054501998e+01
-2.076242245924127872e+01
4.146155634758323494e+00
1.505692144674750210e+01
-1.135542622305185034e+01
-2.586068470538730679e+00
2.626739338207105590e+00
4.131294385937717806e+00
7.011706835173248109e-02
-6.687464860124435084e+00
1.578757396394792067e+00
3.210470846273912215e+00
5.184871278729331401e+00
-9.676487663951853335e+00
-5.677224564648301275e+00
2.040845751995286861e+01
-1.033087859666796682e+01
-1.035108600792272249e+01
1.536920327494277316e+01
-8.572504761075176560e+00
5.123888057367082638e+00
1.360926337634250416e+00
-1.704893002549217229e+01
2.161664848172909004e+01
-8.986780715172877354e-01
-2.073654389521302832e+01
1.650111580433205205e+01
5.909545889366185634e-01
-5.546216978016672350e+00
3.155257303846658257e+00
-7.469351848280711081e+00
8.734842848115100367e+00
3.333764836205511450e+00
-1.140759566555344939e+01
1.033231150257681641e+00
8.575377242968828639e+00
1.383064590157217388e+00
-1.307676402295320273e+01
4.418220805007991636e+00
1.107164615115823381e+01
-1.116581670822516514e+01
3.111514785349143608e+00
-1.445956326587673146e+00
-2.663092070269412304e+00
1.613301303222212368e+01
-1.846389783820748676e+01
-3.434890040854296611e+00
2.405012857858523034e+01
-1.731258193682082691e+01
-2.440267425385178157e+00
9.839329150721102479e+00
-8.788832742488201788e+00
1.119141248619433604e+01
-7.045679867014155384e+00
-1.016353078246699226e+01
1.886051785999622865e+01
-4.333056167547515436e+00
-1.114008883837149000e+01
5.609241841494279512e+00
5.365620389276339885e+00
-7.926576138212446665e-01
-7.859112978938719962e+00
3.409586361855426517e+00
3.557851736486728811e+00
-3.096920182313134262e-01
-1.970066310079747751e-01
-1.102365785871679904e+01
1.349134826430408474e+01
6.047336848066932724e+00
-2.302128674147404297e+01
1.367658245526415328e+01
6.302896733300979548e+00
-1.265961248010165718e+01
1.039269157428698165e+01
-1.060922866329304881e+01
3.122305425659227751e+00
1.604597231354315312e+01
-2.287719290472525913e+01
3.667712332035718781e+00
1.618239488174360474e+01
-1.250980764040139626e+01
-1.482608648414185382e-01
8.435113917532772732e-01
1.555319592957868036e+00
5.307374353020571256e+00
-8.516634100388628781e+00
-1.537495573620611289e+00
6.798917151655912150e+00
3.974414991696209043e+00
-9.569770730011569526e+00
-4.955004647922630845e+00
1.756619473869291781e+01
-7.426457291092485313e+00
-9.391158299852872204e+00
1.170372547873127367e+01
-7.336418329641627878e+00
7.107221323984585837e+00
3.286281237516446296e-01
-1.835318006698608428e+01
2.230712771940158490e+01
-1.236729481388265661e-02
-2.108130441308058067e+01
1.643635350812582629e+01
-9.928203413915079878e-01
-3.968790030951593995e+00
5.354439531956430187e+00
-1.196340160619841697e+01
9.860150184043348531e+00
6.739836694885069868e+00
-1.489616190446287014e+01
2.007571326714381321e+00
8.842004599386562802e+00
6.524758233934946361e-03
-9.565749278201749917e+00
1.440825517245097664e+00
9.357248488229569006e+00
-6.363119680097652164e+00
1.032449564636831241e+00
-3.364700745072223498e+00
-7.471778942825455516e-01
1.596328132412573808e+01
-1.805442273049281710e+01
-4.153729284463299365e+00
2.305895368302539339e+01
-1.577029649701062652e+01
-1.520359327578298725e+00
7.885478745827331437e+00
-9.911711143077774011e+00
1.451413964598031114e+01
-7.591201569059558452e+00
-1.321787627168463786e+01
2.145004792253632431e+01
-4.580830582326605338e+00
-1.167419535235458738e+01
6.995735910327350204e+00
1.997425365106738404e+00
1.750823258081137368e+00
-5.472963208703553128e+00
-1.935864565641889135e+00
5.742108455430193104e+00
2.020071452378807919e+00
-2.994592500644153610e+00
-9.814335087589983075e+00
1.260644186256740973e+01
6.094887286474206967e+00
-2.054376104551440818e+01
1.091185175263474783e+01
5.516856016642512905e+00
-9.762366053902940877e+00
1.009418620010648127e+01
-1.282831804469392267e+01
3.582555722987231572e+00
1.805294278912639783e+01
-2.404916539594935898e+01
3.159250809525474768e+00
1.647707739776682345e+01
-1.312282963197803554e+01
2.456040324122978902e+00
-1.181901216708552305e+00
-9.795748413257112652e-01
1.037018880895243100e+01
-1.017103880038704311e+01
-4.363221643202862765e+00
9.996472610070174625e+00
2.474526459148297164e+00
-8.807630806339973972e+00
-4.190934370199071779e+00
1.396130606365011140e+01
-4.070929816324746042e+00
-8.175504649100400201e+00
7.626681866885682837e+00
-5.784387359750215118e+00
8.703226680011981742e+00
-6.287833975634598005e-01
-1.889700226409931361e+01
2.203158532328548702e+01
8.518484804129204946e-01
-2.048372493200161415e+01
1.569786876411923870e+01
-2.651679072951414806e+00
-2.103989920560679572e+00
7.296999054212331970e+00
-1.603105342069449435e+01
1.073258132687000987e+01
9.689406982519471967e+00
-1.771382810215957448e+01
3.065051667116636125e+00
8.472056221601542703e+00
-1.231924428895173396e+00
-5.569236820817071276e+00
-1.804279086511426655e+00
7.433382155850345896e+00
-1.363089967667485247e+00
-1.169690343380721087e+00
-4.954959634480609054e+00
1.047763071207912233e+00
1.511881929723412199e+01
-1.677005452793772022e+01
-4.784690599850287995e+00
2.110758762064166660e+01
-1.356228033169375990e+01
-5.135647756135717223e-01
5.587275715529932185e+00
-1.064069669064086199e+01
1.727721447390296916e+01
-7.898362950121889270e+00
-1.562789776924264551e+01
2.313862194943104811e+01
-4.793798968550378348e+00
-1.150553206863129141e+01
8.015293316754791064e+00
-1.586234939862608329e+00
4.443293907726735270e+00
-3.021293132688495753e+00
-7.179913542322656994e+00
7.831493721378664397e+00
4.025034571046710141e+00
-5.509946982333447707e+00
-8.132150617267559056e+00
1.098431719976199261e+01
6.048222981061084802e+00
-1.722374138023337053e+01
7.619576678038940010e+00
4.586341400203795438e+00
-6.528525470961693777e+00
9.399658930592350359e+00
-1.447979425927643327e+01
3.862077149533601261e+00
1.928724878425345679e+01
-2.420992355965783460e+01
2.605642479466645511e+00
1.596143499094520912e+01
-1.317505459030599546e+01
5.090778017797556565e+00
-3.330390862181615397e+00
-3.375947670299619396e+00
1.503028041906214796e+01
-1.156770163164762266e+01
-6.778121503485566635e+00
1.266361444101617018e+01
7.461561143449468858e-01
-7.414045175194258874e+00
-3.427920911140043714e+00
9.752814745917323336e+00
-3.949063696578329896e-01
-6.787824288236531167e+00
3.337709019551910572e+00
-3.972376488315251475e+00
9.801398498953671989e+00
-1.431321199669833177e+00
-1.866398909739841372e+01
2.077495280347421058e+01
1.700003192165181476e+00
-1.900270642056663206e+01
1.431599922421537485e+01
-4.276006240426537985e+00
-7.647176043410214286e-02
8.913471200131208860e+00
-1.947632236880624035e+01
1.128412595133459106e+01
1.207276209070101736e+01
-1.973987517595544006e+01
4.150069438654903742e+00
7.494073009524901963e+00
-2.284225885004475209e+00
-1.263384741217401519e+00
-5.176623096323723416e+00
5.395071222886662632e+00
3.607186968425410978e+00
-3.410083065425575377e+00
-6.118430908262479484e+00
2.620459716018839202e+00
1.363365822532242966e+01
-1.463836213729188351e+01
-5.338056124352331899e+00
1.830424736810632780e+01
-1.077285699829185006e+01
4.918824068426312923e-01
3.089001023606217533e+00
-1.095213278445962501e+01
1.932859123320385208e+01
-7.910762366361757891e+00
-1.731300375451299800e+01
2.384781859119223668e+01
-4.935767317318690672e+00
-1.067187873097489614e+01
8.636202679373337077e+00
-5.217645781201583510e+00
7.148017648228295329e+00
-6.035403798027401123e-01
-1.209025776403027663e+01
9.735223153879100977e+00
5.608861787318643266e+00
-7.626918464275786569e+00
-6.044229619153682620e+00
8.677296941213217707e+00
5.931327820544300522e+00
-1.321665388877998026e+01
3.927522171855251099e+00
3.591399840002087451e+00
-3.133087832063258915e+00
8.336891166309611023e+00
-1.545280311550018837e+01
3.904084846849769974e+00
1.971446037002323592e+01
-2.333657133956829099e+01
1.990981109878438016e+00
1.469640939068035479e+01
-1.267357301393279201e+01
7.614854193166247676e+00
-5.470633507094625259e+00
-5.547440125069138972e+00
1.907645372940201156e+01
-1.262825182032390714e+01
-8.688737319471016463e+00
1.468810740949607663e+01
-1.135039865805398840e+00
-5.450386260059817189e+00
-2.702102066228515120e+00
5.127047133247859989e+00
3.450479976359530632e+00
-5.312406503378118927e+00
-9.573367831540364747e-01
-1.970129256084702796e+00
1.031861923804649628e+01
-2.009611534513025433e+00
-1.767261152317660589e+01
1.856828155976917927e+01
2.537792685374113955e+00
-1.673758865946675556e+01
1.235057235320812552e+01
-5.756168746460935459e+00
1.978538312018604639e+00
1.015130335747654655e+01
-2.212971963746250736e+01
1.145574257739899871e+01
1.381166505901371977e+01
-2.089067844958134401e+01
5.200517091266122272e+00
5.972597526378938149e+00
-3.116166250793115822e+00
3.159802713669490615e+00
-8.522130683966747000e+00
3.334343823660841366e+00
8.324715642947813521e+00
-5.597846968147654145e+00
-6.783965485669764206e+00
3.885182220584169066e+00
1.157116751065091798e+01
-1.173003145999748753e+01
-5.822800961358733041e+00
1.479408253490106873e+01
-7.514050362977766184e+00
1.409770869654680236e+00
5.433728266498274451e-01
-1.084170352745857180e+01
2.054810437373518184e+01
-7.583138206430673378e+00
-1.822806092480669804e+01
2.354355652109092034e+01
-4.969589308930904892e+00
-9.247131771208209727e+00
8.847861842092889617e+00
-8.723885660957368060e+00
9.720037393402009229e+00
1.689339383152113072e+00
-1.645066243567931963e+01
1.136479810736716090e+01
6.703244491206096001e+00
-9.252646881784251320e+00
-3.638231929966255773e+00
5.776259911522605428e+00
5.764290150170880089e+00
-8.707212853141715669e+00
-1.470770573890911592e-02
2.609324564711578809e+00
2.450316899779956259e-01
6.950800803394527883e+00
-1.566980653430603176e+01
3.664371493247226219e+00
1.933675048908279592e+01
-2.145346062588528824e+01
1.300973018617099353e+00
1.277927962389023619e+01
-1.165158524337283907e+01
9.889646827498308923e+00
-7.466387091072578919e+00
-7.422152684709699244e+00
2.232465878205169219e+01
-1.328334676924890090e+01
-1.003223593616486298e+01
