0.000000000000000000e+00
1.008604593848392028e+01
-8.099806958518360744e+00
-1.987526124269194394e+00
6.374162971993960092e+00
-3.036382153387080507e-01
-7.133879575495722491e+00
7.340982941397058426e+00
-3.436480413267247958e+00
3.003886233759106794e+00
-5.671595106320941326e+00
5.199575640773357321e+00
-1.508615018698357346e+00
2.053990467090901717e+00
-9.308398032271046674e+00
1.444449144828556442e+01
-9.149970272367399460e+00
-9.027757782258336583e-01
2.153076992849964455e+00
8.131031039332205168e+00
-1.720320774059974056e+01
1.377100011293210358e+01
-3.030362180810332706e+00
-1.080657140986809317e+00
-5.215196833706247759e+00
1.209147098987783053e+01
-1.126020333286244757e+01
6.516013876562302798e+00
-5.549221345203678268e+00
7.674408557306085399e+00
-6.643097176794976910e+00
2.649860828955174163e+00
-3.005456832475092099e+00
9.569575276904409122e+00
-1.336044331214533898e+01
6.874498431259587150e+00
3.371218401108780238e+00
-4.158986183190545916e+00
-5.999414594513561738e+00
1.379297548365724779e+01
-8.805313228326376418e+00
-2.571980613542259153e+00
6.376093189282313389e+00
1.320624311989710975e-01
-6.437426339890617299e+00
4.639639321763904256e+00
7.697174006368081578e-01
-2.024399983652029889e+00
1.513496825609466079e-01
-1.419023466788406296e+00
5.378032446689841706e+00
-4.876901147372464607e+00
-1.363552416241923915e+00
4.274921357617793127e+00
2.820040684454788060e+00
-1.264022785165449747e+01
1.241071705244327816e+01
-1.883508519608469101e+00
-5.176017890623377582e+00
-6.879933433685367916e-01
1.193277273116132875e+01
-1.468822792903679542e+01
7.307366359389346755e+00
-9.401663762101009070e-01
3.023102098091435153e+00
-8.355043577962781853e+00
9.133083209503041644e+00
-6.757695803351373876e+00
7.529515498456667011e+00
-1.076133550338363243e+01
9.472250048025582458e+00
-2.930004102430619817e+00
2.274546683046174689e-01
-7.207958259132791312e+00
1.591182544666234122e+01
-1.410030953382466912e+01
2.750553828613436114e+00
4.031583673712479943e+00
2.173386440431516853e+00
-1.272669173350498006e+01
1.396878305379767582e+01
-5.388295697405020235e+00
-1.293874568506719447e+00
-8.167651006912111100e-01
5.801461618267795828e+00
-5.863397316112145319e+00
2.807419091509867570e+00
-2.973731668315413135e+00
5.447349031573119227e+00
-3.421490168240595597e+00
-3.327565524282121601e+00
5.742969105942950847e+00
1.182472046431941148e+00
-8.895503066097823819e+00
5.775548061329447869e+00
6.005240687930413657e+00
-1.212042080834095259e+01
5.256719255140653857e+00
4.913240799495284250e+00
-5.054332214704382764e+00
-4.179524335369869448e+00
1.057285531502278353e+01
-7.854207765523363527e+00
2.664800046621666141e+00
-2.750942428220511715e+00
5.875779677374019627e+00
-5.658582945695949995e+00
3.239838697311160587e+00
-5.256212480139918597e+00
1.146524570887689265e+01
-1.290400880212851931e+01
5.398253442267302304e+00
1.989579044726260904e+00
1.671756886097487627e+00
-1.305818652735021246e+01
1.774538254677794669e+01
-9.587241722604364469e+00
-7.807305649685218896e-01
4.592064030850231404e-01
8.714453393357638689e+00
-1.411505622410500393e+01
1.017366804835331351e+01
-4.251363787580627829e+00
3.994322914246123180e+00
-6.705966487588771230e+00
5.966903424924730359e+00
-3.144268813630533899e+00
4.711118019030690718e+00
-9.999704196277583890e+00
1.019131282565378172e+01
-1.931740441526447860e+00
-5.294770989182340237e+00
1.310819577843653549e+00
9.458206668516876192e+00
-1.260953800097071920e+01
3.210994891086285108e+00
7.222698615531253807e+00
-6.340135550086142047e+00
-2.827303719051963871e+00
7.333093368020755065e+00
-2.383501360167704863e+00
-3.954996725819439174e+00
4.194501137607729468e+00
-1.521860124391494207e+00
2.393255352081221421e+00
-5.213499844848211495e+00
3.667631372223070230e+00
1.187369196942284155e+00
-7.171051840256229548e-01
-7.636530030552067139e+00
1.405849582874162707e+01
-9.184038037295863433e+00
-1.516417644678884180e+00
3.775779623896608150e+00
6.092567223558130074e+00
-1.579029436961493538e+01
1.362531106066484732e+01
-3.825136903993327842e+00
-4.343069626576441244e-01
-4.799537077218854364e+00
1.077994968374518869e+01
-1.024165164872996137e+01
6.892235945774542571e+00
-7.219979367354502742e+00
9.397527591775295619e+00
-7.261269852700040772e+00
2.223792963251707722e+00
-2.702037239792245416e+00
1.048867684178673620e+01
-1.552761416450177556e+01
9.315504344143221260e+00
1.697432468939100048e+00
-3.491644150639239719e+00
-6.353261377016941047e+00
1.485737665868263591e+01
-1.109270962539646277e+01
4.716400463688014133e-01
3.699844091881359098e+00
1.626645488861164779e+00
-7.055426433995469537e+00
5.608952065208081095e+00
-1.540415292715795470e+00
1.357646024197059820e+00
-2.990005263086219500e+00
4.135247534214254728e-01
4.638467488902159985e+00
-3.996812243926591179e+00
-3.398295919260349240e+00
7.333333784910193387e+00
-2.012508667526491379e-01
-1.064461065421794039e+01
1.154382167647008117e+01
-1.354656793323291586e+00
-6.366083150791413736e+00
1.549086832591712870e+00
9.235278794885360298e+00
-1.265848219422211329e+01
6.636826100489519042e+00
-1.178670266997665639e+00
2.909579109935827468e+00
-7.012904563792004886e+00
6.982162756209077337e+00
-5.148934509924290914e+00
7.413072202794435128e+00
-1.175528069077655857e+01
1.028072101020185336e+01
-2.627478386251426379e+00
-9.117466628255153083e-01
-6.350882611940346756e+00
1.624370990779122437e+01
-1.557305893813940756e+01
4.477271381651837245e+00
3.019209081169137221e+00
2.207680970458256287e+00
-1.246845682761797391e+01
1.452292462390602878e+01
-7.305235959322663675e+00
1.391069037698945410e+00
-2.987176946161906432e+00
6.698980421169148158e+00
-6.046240005568478182e+00
3.640586186883589370e+00
-5.271656885933017733e+00
8.663613962089492304e+00
-6.214102087130576990e+00
-1.782196957618074062e+00
5.030184065783815939e+00
2.222992118949552509e+00
-1.107452625360595633e+01
8.895511653373130656e+00
2.909662438534711626e+00
-9.965885746670345213e+00
4.176104137750602519e+00
5.697646813224139350e+00
-6.612681303137971867e+00
-1.437802593166069620e+00
7.368567583412098720e+00
-5.463456652060399321e+00
1.708364025431737598e+00
-2.531101217897572031e+00
5.022481817795101833e+00
-3.493764808996127513e+00
4.556008331478498263e-01
-3.209403869615226057e+00
1.085191131753511939e+01
-1.316116565329543597e+01
5.328816104286388189e+00
3.099207441269116181e+00
-1.461795529079741307e-01
-1.154633580252599323e+01
1.737537426325784295e+01
-1.034597296571512359e+01
2.375619146016756389e-01
2.124900038195711716e-01
7.913271098017650829e+00
-1.308774877408832715e+01
1.015873147715776881e+01
-5.712323628018891597e+00
6.093521940798259706e+00
-8.077083366174500512e+00
6.067695445068681082e+00
-2.793432840528013994e+00
5.251753986652885509e+00
-1.198058343594881237e+01
1.290052427409502656e+01
-4.146963042711893976e+00
-4.183245248275092365e+00
8.460989494958588431e-01
1.031830220179958602e+01
-1.460174946976199450e+01
6.174175064474060726e+00
4.235629490273921327e+00
-4.305596434755511126e+00
-3.768919722194375321e+00
8.091466107754838433e+00
-4.143063551662327981e+00
-8.907217979888737425e-01
7.865607279439914556e-01
8.911390871747952858e-01
1.368589659217551269e+00
-4.637056613129728611e+00
2.222597267644230712e+00
3.900930758071435633e+00
-3.856075473521089592e+00
-5.291741659887259530e+00
1.299279982830409885e+01
-8.811359446533653994e+00
-2.259475928736173866e+00
5.525304578124038635e+00
3.630961039850418182e+00
-1.361286775748201983e+01
1.262565978885357687e+01
-3.994324981142490127e+00
-9.160244273375761637e-02
-4.189567771970208021e+00
9.063553005048287758e+00
-8.475230800103567219e+00
6.354335088251656494e+00
-8.136417527835829944e+00
1.070684600025659350e+01
-7.679219409441075506e+00
1.493721281942338663e+00
-1.774612080709424777e+00
1.054989436599664998e+01
-1.691684566499520059e+01
1.131478225895826029e+01
1.653043989144822312e-01
-2.960583503491887924e+00
-6.296462725123725512e+00
1.523233376378882831e+01
-1.268820262563878742e+01
3.124101555534025465e+00
1.061166096183626451e+00
3.194452117375679023e+00
-7.544490695215013254e+00
6.151159176083728752e+00
-3.333207151951262937e+00
4.454194838018442404e+00
-6.221306683669213022e+00
2.546368679103443888e+00
3.711863935667337078e+00
-3.229770170180891409e+00
-5.142049504417992800e+00
1.024391626852920112e+01
-3.443431077023392017e+00
-8.138631085475413585e+00
1.019022036685526444e+01
-6.218992007028263380e-01
-7.510776079033299801e+00
3.785448781202076951e+00
6.212349953668155678e+00
-9.968064281081788991e+00
5.241590171396989462e+00
-9.313444028422210863e-01
2.608703474098986064e+00
-5.547313350757002048e+00
4.459717144332728367e+00
-2.817184148689573675e+00
6.423428085604512283e+00
-1.205095958189288474e+01
1.072050970081590116e+01
-2.129486136207563440e+00
-2.396974205499632138e+00
-4.805208177879565667e+00
1.566463971192337823e+01
-1.623810105300690765e+01
5.732726121779804451e+00
2.214197807552412911e+00
1.989721335139073233e+00
-1.165563926110571380e+01
1.425278907267693285e+01
-8.421238100780346514e+00
3.583918681818868635e+00
-4.993830893379791469e+00
7.500594325242456506e+00
-5.900990717715329126e+00
3.848724669110900720e+00
-6.878563352982015822e+00
1.144106764166896184e+01
-8.936703307065693380e+00
-1.297220930735596411e-01
4.358195443326084551e+00
2.915653262025087233e+00
-1.275426632407426197e+01
1.169414258555661057e+01
-2.425394343922903651e-01
-7.490839115357383449e+00
2.833540904420112305e+00
6.452554229215075488e+00
-7.920539737197570318e+00
1.139428358266131092e+00
3.982326876206214727e+00
-2.568360607273193708e+00
2.104707664820786306e-01
-2.018887883876692158e+00
4.153612652923577286e+00
-1.335604196945077149e+00
-2.603769004995039271e+00
-5.309875264961521069e-01
9.476321433632350022e+00
-1.284825632618427704e+01
5.006769119283775993e+00
4.331445028952037646e+00
-2.283846810648937353e+00
-9.354586376104920831e+00
1.611957270297885003e+01
-1.034434474655728842e+01
8.255859596548569268e-01
1.734666384971728093e-01
6.810226067323343457e+00
-1.143230809117224034e+01
9.255611481492110215e+00
-6.329411761179100537e+00
7.659529677030188388e+00
-9.214209401136333355e+00
5.957553399137588634e+00
-1.967489225801269948e+00
5.019130452552067467e+00
-1.314395209384007579e+01
1.506091209667927089e+01
-6.168650107223788481e+00
-3.129322029022408636e+00
6.260043213257646677e-01
1.061990436107872604e+01
-1.591032497420701475e+01
8.660204781761471793e+00
1.349509827583327937e+00
-2.142337204575885501e+00
-4.743701759309871591e+00
8.583671118738521955e+00
-5.440848519535855132e+00
1.831209591406318893e+00
-2.637200632950956525e+00
3.624032414473981056e+00
1.687344213618846567e-02
-3.995813636024565518e+00
9.711414148969614857e-01
6.437271671103510506e+00
-7.129226674262095997e+00
-2.457745369627491350e+00
1.133355014662040716e+01
-8.057267630551756099e+00
-3.080600238036283578e+00
7.267482765320896654e+00
9.374370522427089014e-01
-1.083404684990245670e+01
1.084014699915810809e+01
-3.523326205010984591e+00
-6.989739135441974671e-02
-3.439156942820942753e+00
7.067235615268383064e+00
-6.082595417784167680e+00
4.940073834022216559e+00
-8.239422389209165587e+00
1.151281899254892593e+01
-7.861811513686228992e+00
5.043081518656054030e-01
-2.903429333193017214e-01
9.755572164660851087e+00
-1.742852448332746107e+01
1.271797755581401290e+01
-1.104524960814055934e+00
-2.603884085019988248e+00
-5.838257786532357940e+00
1.488769957295285451e+01
-1.346392631639860404e+01
5.183749805506046471e+00
-1.349213972464837985e+00
4.723971514718432907e+00
-7.862016764377276701e+00
6.213595838448236819e+00
-4.471276638632073031e+00
7.041885184076947191e+00
-9.307093224261702602e+00
4.813775031825767492e+00
2.678908652464001339e+00
-2.636002815160081170e+00
-6.470461762465198774e+00
1.279182472484771260e+01
-6.657793051677582952e+00
-5.316536491657803509e+00
8.450011183761715117e+00
2.641396890495522065e-01
-8.521483747499901895e+00
5.845029693194487841e+00
3.092997387855894509e+00
-6.811486691450184594e+00
3.220896783169822086e+00
-2.232793720495753753e-01
2.154592001315861260e+00
-4.069850892760194405e+00
1.745226871384222278e+00
6.940209276240083547e-02
4.640828692178772918e+00
-1.163667853031535770e+01
1.075985076651244121e+01
-1.465726224430682123e+00
-4.120870409336161444e+00
-2.691795395635919519e+00
1.422316503323918901e+01
-1.604275427846590674e+01
6.417398128225354270e+00
1.675090086234826803e+00
1.542706204210857912e+00
-1.034955184155274388e+01
1.316986413947261170e+01
-8.646490663853072078e+00
5.125984808950672544e+00
-6.696004421023531883e+00
8.145420949162819113e+00
-5.427029204938286000e+00
3.408746345019932011e+00
-7.679309895263925156e+00
1.358033314427169636e+01
-1.138415007867476625e+01
1.496545622477382764e+00
3.782407492686889583e+00
3.212522312857103213e+00
-1.381247177000537363e+01
1.395727978929829050e+01
-3.208602829123365474e+00
-4.879860852582437403e+00
1.324096977750746085e+00
7.120178773658977889e+00
-8.870115389806342066e+00
3.352702326757003526e+00
6.624207777977315637e-01
6.227164926747037477e-01
-1.714304267925789382e+00
-1.264917307448219397e+00
3.341371201458016582e+00
6.599568763538048444e-01
-5.717429277391913978e+00
2.576397315365584362e+00
7.451254449815691849e+00
-1.199316346612564033e+01
4.451594176171169259e+00
5.597815823451210981e+00
-4.576857230139570021e+00
-6.652953521811386217e+00
1.407019692351032347e+01
-9.576355039926578883e+00
9.401396462243094554e-01
3.362467884274371599e-01
5.492517962939390763e+00
-9.265631296379590154e+00
7.522634159346461402e+00
-6.058348405354067268e+00
8.586041898935388161e+00
-1.003699199566369771e+01
5.636763363466593013e+00
-7.186762996006277326e-01
4.031851843078092301e+00
-1.341099433521912765e+01
1.651295007677277837e+01
-7.838659068033912547e+00
-2.217280003701354474e+00
6.641831939704152532e-01
1.034440784060944907e+01
-1.643345478473488797e+01
1.047532815505310211e+01
-1.219220027988371147e+00
-5.198324311773916406e-03
-5.680949689769413169e+00
8.763782318470861199e+00
-6.169420632100362845e+00
4.008399382503713859e+00
-5.830126242691024530e+00
6.474876046070489721e+00
-1.550891042570816225e+00
-3.348119171428974639e+00
5.968235691883094773e-03
8.614074229895733126e+00
-1.029242451599598418e+01
6.454640750987850062e-01
9.210684894941991274e+00
-6.975554456746957399e+00
-3.921794996808358746e+00
8.867579178307600785e+00
-1.778875069779648044e+00
-7.661709173789195582e+00
8.395250820222017296e+00
-2.445564055761011879e+00
-3.617358070362839406e-01
-2.613671323303359273e+00
4.937572805625249472e+00
-3.232459370524983555e+00
2.752705112351783168e+00
-7.530731238109947157e+00
1.176396673900608114e+01
-7.792438562185296291e+00
-6.793073440966850285e-01
1.641336298671840055e+00
8.171947019345186192e+00
-1.702833620765655809e+01
1.341555116694774696e+01
-2.012083026300890864e+00
-2.445353863596857913e+00
-5.018478079185362262e+00
1.384692322357649275e+01
-1.335297632593845307e+01
6.493486006473593974e+00
-3.358468429663972632e+00
6.107466517670539830e+00
-7.978736031639964921e+00
5.779484825619259247e+00
-4.865953672914945294e+00
8.935254555667892618e+00
-1.202302666196244196e+01
7.040622037019450552e+00
1.627517456850792410e+00
-2.262585260511121188e+00
-7.289723525444576246e+00
1.478864170560298774e+01
-9.597616004148115110e+00
-2.395550107204087897e+00
6.451475327105423929e+00
1.241363782354539591e+00
-9.318831266912518174e+00
7.564154946709705563e+00
1.136639705781341547e-01
-3.417774292582580919e+00
7.204058476747841055e-01
8.858677637320884202e-01
1.593423147259138473e+00
-2.693789855433970537e+00
-9.668219878436432602e-01
3.300954843182574816e+00
2.204645200855587461e+00
-1.055367656822847522e+01
1.039731999952443431e+01
-6.793447142612145662e-01
-5.957109194038088695e+00
-1.744104711940548391e-01
1.203204063894523301e+01
-1.499839849398702363e+01
6.474934033065111727e+00
1.439357959725430458e+00
9.080762042440504445e-01
-8.648817808310344191e+00
1.134627614024460840e+01
-7.957691050092067009e+00
5.907617985821945084e+00
-7.976557542759993069e+00
8.585220345960408395e+00
-4.648981266288742198e+00
2.346229675141873638e+00
-7.618856648025262857e+00
1.492962257734516385e+01
-1.337228606169403022e+01
2.966233197401974220e+00
3.350104775746332031e+00
3.095442399264418221e+00
-1.417283003236043548e+01
1.551033666408363487e+01
-5.759986143147103554e+00
-2.326779247172813481e+00
-2.454049843477861259e-01
7.649229990570397320e+00
-9.379827284358295714e+00
5.029282374277813439e+00
-2.347830070004449432e+00
3.879676845092941750e+00
-3.919884384950781175e+00
-3.377833920457486983e-01
2.654100611681676547e+00
2.348416986862297939e+00
-8.659868302538775708e+00
5.877981523078400272e+00
4.937600282665142615e+00
-1.066400104237133739e+01
3.700669900650516375e+00
6.806173730811677203e+00
-6.848258468669017773e+00
-3.649719512965799328e+00
1.137838386889629128e+01
-8.093155253245644332e+00
5.740440984248142975e-01
6.787555650724370615e-01
4.064301453623166083e+00
-6.743199446144091169e+00
5.080152676988085148e+00
-4.921259189862765560e+00
8.814905192140994217e+00
-1.048935430850476536e+01
5.122381737299689597e+00
8.683325500562419919e-01
2.365166715947686349e+00
-1.276965347363559644e+01
1.715000511949441631e+01
-9.025829185094718099e+00
-1.519556339809370105e+00
9.540357948398319188e-01
9.516428195577248061e+00
-1.612759993059086128e+01
1.147581660915105317e+01
-3.278465900449143433e+00
1.953924601488756352e+00
-6.513456137465441387e+00
8.609289209228226269e+00
-6.263611114642223754e+00
5.478939394987830447e+00
-8.562922396007483172e+00
9.233397900613979914e+00
-3.208193593044041947e+00
-2.752448040785267391e+00
-6.013540960791923240e-01
1.027520052010708085e+01
-1.310929788246371075e+01
3.778050927731292141e+00
6.788065676768123780e+00
-5.644166400547613094e+00
-4.723017942603250141e+00
1.020047478969921251e+01
-4.306531427882396734e+00
-4.333010965379972212e+00
5.466301301918958799e+00
-8.397605681675450739e-01
-9.356676704189030858e-01
-1.784961428284124629e+00
2.831854240378250509e+00
-1.281031131203049789e-01
-4.672673529315529706e-02
-6.072653936818847242e+00
1.145050225572926728e+01
-7.474137651012674688e+00
-1.976320036071421260e+00
3.876733695589017703e+00
5.924307347354880626e+00
-1.574978321865165043e+01
1.335081226343407224e+01
-2.485428914953719204e+00
-2.492692872502515478e+00
-3.904770771636334459e+00
1.218549731788043466e+01
-1.235447137845242338e+01
6.952425274356843765e+00
-4.824493604243524913e+00
7.249077188447758502e+00
-7.881124216332209720e+00
4.869459746276437073e+00
-4.484058998517451045e+00
1.000058698713446859e+01
-1.417259025418145413e+01
9.055529736814733610e+00
6.460463966628591237e-01
-2.139620020473981921e+00
-7.543800276548709327e+00
1.608651394598489404e+01
-1.203656179507050439e+01
4.003791643066503259e-01
4.341311317088952570e+00
2.241146069713805034e+00
-9.838883231740348734e+00
8.803882910931653427e+00
-2.499416486147483685e+00
-3.337587795852781092e-02
-2.078804172063204447e+00
2.306601531217732592e+00
9.797020353504273249e-01
-1.525487332531682672e+00
-3.481444188752323754e+00
6.641499647030899567e+00
-6.970837222467771710e-01
-8.892839031919505643e+00
9.661682994345147435e+00
1.764391723452347627e-01
-7.769810735057647300e+00
2.552396928581608826e+00
9.259847938174544879e+00
-1.317951625043519925e+01
5.896153237351065002e+00
1.520751040146190780e+00
1.424418863598679863e-01
-6.682161616938737225e+00
8.909544307159881882e+00
-6.399783024798734843e+00
5.876263475019389837e+00
-8.750559272398040989e+00
8.788030605319740118e+00
-3.615074125763481305e+00
7.337303607782090786e-01
-6.706472410895933933e+00
1.539601957196995130e+01
-1.475161130489284744e+01
4.161682010171686485e+00
3.096715534269822712e+00
2.577662737944441229e+00
-1.381085510913513126e+01
1.623137209057061625e+01
-7.699387897112515589e+00
-2.017137525434153922e-02
-1.764554633860737631e+00
7.999044014668186264e+00
-9.400658267259302647e+00
6.036163068515381092e+00
-4.828218821624433055e+00
6.967872943381721029e+00
-6.239756490986777315e+00
6.813608088321512213e-01
2.150891498269190460e+00
3.607653330987256712e+00
-1.121773937584143965e+01
9.124371223159117861e+00
2.132248015652781881e+00
-8.963778928918564759e+00
2.806194043861481635e+00
7.867757547768855275e+00
-8.921756304247541181e+00
-5.759453918527110972e-01
8.242888899811070758e+00
-5.999061817841726096e+00
-2.435737411488809734e-01
1.164562145389665293e+00
2.638900151187929310e+00
-4.047580558257912742e+00
2.101638128615715750e+00
-3.004948370959912296e+00
8.340265481938075709e+00
-1.054352248380793533e+01
4.446964703579645573e+00
2.682599231593687961e+00
1.455085028476487130e-01
-1.127556198730519199e+01
1.692619131858867831e+01
-9.635654229308833862e+00
-1.091328358728914427e+00
1.469034773390727189e+00
8.202194401570412907e+00
-1.501088075066203054e+01
1.157868557640808049e+01
-4.674741337450708301e+00
3.597430491184777424e+00
-7.182705271693708760e+00
8.123061203203482350e+00
-5.705609768912724533e+00
6.133565623486890495e+00
-1.064073519922518685e+01
1.169670301425073866e+01
-4.822631524925209412e+00
-2.262736153916288018e+00
-8.060163155411574909e-01
1.130248229100541302e+01
-1.536888294761289941e+01
6.698239766516819849e+00
4.251115721890585952e+00
-4.159110816320848336e+00
-5.426964528191454917e+00
1.116019169063754113e+01
-6.447584525268725386e+00
-1.096715538332563078e+00
2.264329988253587445e+00
1.176161132960565681e+00
-1.738890341867935341e+00
-1.025791649640141578e+00
9.063091830974059349e-01
3.007730768905592988e+00
-3.251393883034410681e+00
-3.983279202020460819e+00
1.060481626901415098e+01
-6.929169395028111467e+00
-3.296321097910171805e+00
6.248522510794189522e+00
3.187735047565849911e+00
-1.369164550507016109e+01
1.252398431606214046e+01
-2.485858887255341543e+00
-2.736945558921091148e+00
-2.587681471742539152e+00
1.002550046938555006e+01
-1.053369353684192333e+01
6.523351377843769505e+00
-5.646391752273708597e+00
8.071958717727767407e+00
-7.572568527224640356e+00
3.540270234310447073e+00
-3.350552671563262752e+00
1.016590821133312161e+01
-1.560168394425677363e+01
1.070364816507344763e+01
-1.834659134192477836e-01
-2.277710784970790492e+00
-7.218861960690961865e+00
1.658929122744414286e+01
-1.378555095147332032e+01
2.857289551039566167e+00
2.273546875296032610e+00
3.193733039000799856e+00
-1.003821556936881620e+01
9.460550573521146589e+00
-4.547127033363048021e+00
3.096212991206816145e+00
-4.973847328554784397e+00
3.926524882288538798e+00
3.718772143914317319e-01
-6.562330538671377056e-01
-5.617753625055273758e+00
9.846532931141080525e+00
-3.841725714213413134e+00
-6.787718193284567825e+00
8.609463104681381651e+00
1.042527114167660418e+00
-9.423743476975436906e+00
5.277754992289445113e+00
6.118448796855272320e+00
-1.071803177229051407e+01
4.719509642839689434e+00
1.908480425570319161e+00
-6.867052978313918921e-01
-4.598892895909866496e+00
6.033183806964631302e+00
-4.082605383058350412e+00
5.040239570120760071e+00
-8.971452023890478245e+00
8.740503437560832367e+00
-2.393659451722298215e+00
-1.314442200811547057e+00
-5.015147218552836073e+00
1.495236630355895535e+01
-1.541832405796483485e+01
4.986697555346506938e+00
3.043032399727236381e+00
1.703091113364696874e+00
-1.275591485373829670e+01
1.606024702353724010e+01
-8.875417832777401372e+00
1.870688258443694352e+00
-3.127724087145944409e+00
8.142889902249301315e+00
-8.920089467574086939e+00
6.290139323051148423e+00
-6.598084424999441033e+00
9.665600758323622088e+00
-8.499510462505366348e+00
1.705131106342188119e+00
1.876859080429687410e+00
4.347237119674979056e+00
-1.320582547215671099e+01
1.207014271002297789e+01
-7.466814943114308267e-01
-7.022485490609043701e+00
1.830979602191346034e+00
8.704052418148025438e+00
-1.063494941272280592e+01
2.331743770257538095e+00
4.895243295535899541e+00
-3.443614562626732045e+00
-1.449728425689228217e+00
1.745844655710875992e+00
1.330258493541186304e+00
-1.374860412642521901e+00
-1.199202918959600073e+00
-4.543527579605992628e-01
7.208796661175077780e+00
-1.020187954222008742e+01
3.656055554083069037e+00
4.595119453019407274e+00
-2.458808968864231836e+00
-9.047923222919047603e+00
1.585968191486247036e+01
-9.617169646151292994e+00
-9.664660273543492774e-01
2.164608364086116232e+00
6.504799832844602392e+00
-1.316186571349270551e+01
1.076788137283113933e+01
-5.304516348212113819e+00
4.812225848273304685e+00
-7.643348058977462500e+00
7.333377201209030360e+00
-4.526525473472387873e+00
5.923901860767163186e+00
-1.191764967780929396e+01
1.368438010833955154e+01
-6.265900125237294560e+00
-1.924093392140218128e+00
-5.936001462967788189e-01
1.162471066428608424e+01
-1.690139030070040604e+01
9.180340469982187557e+00
1.792896617929584657e+00
-2.627048139483439737e+00
-5.983658448886117753e+00
1.166803664878222868e+01
-8.032431343169854188e+00
1.805352917182274197e+00
-9.797186338887127199e-01
3.454074871291068938e+00
-2.701496823148418880e+00
-4.041462899040552115e-01
-6.956550355958466270e-01
5.949430870729632836e+00
-6.624106201794401017e+00
-1.427533543130839799e+00
9.298800818263043055e+00
-6.197103546607427127e+00
-4.546157102365193658e+00
8.578187640366392586e+00
1.741141119368496692e-01
-1.101057675464212515e+01
1.099201336294319020e+01
-2.010577460781552084e+00
-3.153280547112511378e+00
-1.173953661149106154e+00
7.526629666094587279e+00
-8.017291414452492049e+00
5.235416740597295338e+00
-5.771836423967614316e+00
8.523921752641690830e+00
-7.073192700183230208e+00
1.880747907764616311e+00
-1.546841277184872299e+00
9.426380621615113142e+00
-1.621003192529327208e+01
1.185814901467966109e+01
-7.915085721113799266e-01
-2.666938954860760269e+00
-6.344560934706820809e+00
1.625982721097259187e+01
-1.470685969742027766e+01
4.787134361227916912e+00
3.979667322388720230e-01
4.033688314974340550e+00
-9.897457003505625295e+00
9.473719961342766283e+00
-5.872378562939058355e+00
5.744744890092238876e+00
-7.755225688674888929e+00
5.618948019692839857e+00
-1.723405890636637849e-01
-1.551774397849808862e-01
-7.222560053143499914e+00
1.268125317285332088e+01
-6.988690693111740515e+00
-4.404396213631335044e+00
7.320431385305804284e+00
1.858626008115493500e+00
-1.079454718137307623e+01
7.790195019914673225e+00
2.847204967413339283e+00
-7.793378083469861828e+00
3.027991165712305754e+00
2.568286217969313334e+00
-1.506174342942526723e+00
-2.557787186930730705e+00
2.923850316270976357e+00
-1.172701951190594283e+00
3.467968130534020865e+00
-8.634306350997983159e+00
8.448769047936533383e+00
-1.068154809850067721e+00
-3.650606637620855466e+00
-2.676246091519526971e+00
1.363924418540558037e+01
-1.532191971505929118e+01
5.373624383180090724e+00
3.193607868724330778e+00
5.432067919820449120e-01
-1.108923170523203616e+01
1.500317911867068865e+01
-9.193828432671395490e+00
3.208383488940692363e+00
-4.242005961428641392e+00
8.070182567076066960e+00
-7.963302647796466793e+00
5.764179811771517059e+00
-7.529802087143247391e+00
1.178059708798828353e+01
-1.052990866780433166e+01
2.646656135115724062e+00
1.859469689293872463e+00
4.515415849459894382e+00
-1.448093836968100412e+01
1.449214032666295537e+01
-3.476150445241734666e+00
-4.987196173036708480e+00
8.434617091860832083e-01
9.252927866014102776e+00
-1.185158252599490680e+01
4.848817387773552312e+00
1.582477520455604747e+00
-6.102865457247821368e-01
-2.952550449691906387e+00
2.367251232577040287e+00
2.442762474646555937e-01
1.079989870382595196e+00
-4.584326947657414664e+00
2.538329989544737320e+00
5.516007367153722640e+00
-9.496523602015201959e+00
2.804623797113324102e+00
6.468443104707121805e+00
-5.250056378628920939e+00
-6.260649500014851654e+00
1.403124020196294808e+01
-8.966552546587314154e+00
-1.155152120123241311e+00
2.981453753216140701e+00
4.556651674111116712e+00
-1.071384058938589945e+01
9.095477108030141977e+00
-5.121813972031221240e+00
5.518042694332750742e+00
-7.866611752388471324e+00
6.292000386894859076e+00
-2.804282124739229776e+00
4.866170600219911435e+00
-1.230753168383933094e+01
1.505188413672649972e+01
-7.423404440135880300e+00
-1.769234046783464187e+00
1.857274044516410427e-02
1.122314171653537329e+01
-1.759091632656300419e+01
1.103155288472403583e+01
-4.003307734162211418e-01
-1.157141156830627793e+00
-6.354482221059446267e+00
1.167873794239744711e+01
-8.932585113303510127e+00
4.156347004057808547e+00
-4.032232008084049468e+00
5.826863588225585033e+00
-3.741991207182736368e+00
2.214416323070667048e-02
-1.854315668798012684e+00
8.485362354281416941e+00
-9.914995466645470046e+00
1.395230439205457973e+00
7.638230356861696713e+00
-5.331573161091469615e+00
-5.637065156076237926e+00
1.068936928075804715e+01
-2.883629946728860638e+00
-7.909390711206178537e+00
8.864145934043857977e+00
-1.092651030086189134e+00
-3.703031498746940375e+00
2.214594575952615330e-01
4.874381342865678590e+00
-4.983899146541958203e+00
3.181891976640588204e+00
-5.200783402404913325e+00
8.581160852916950077e+00
-6.418347315778047069e+00
5.319653153043724103e-03
7.951422672962176197e-01
7.844693314265464679e+00
-1.595855766389987629e+01
1.242956786094380028e+01
-1.126291429768461416e+00
-3.277436562315878987e+00
-4.992044248830207920e+00
1.512288790244100412e+01
-1.472438686901836213e+01
6.041739149343118953e+00
-1.151073914890050176e+00
4.704951330350774619e+00
-9.423013567155066994e+00
8.830916879443226009e+00
-6.371907166129983757e+00
7.722069164179750089e+00
-1.022247067960979017e+01
7.252510354890437938e+00
-6.005849422981235364e-01
-6.388654398360177344e-02
-8.181941779425933703e+00
1.493808731707018644e+01
-9.897385735874351553e+00
-1.928959507199095036e+00
5.891376814362291547e+00
2.568052374774851820e+00
-1.177820412629666791e+01
9.893467811236583032e+00
-3.048612359541182926e-01
-4.619040374430699814e+00
9.427057616076077728e-01
3.445289617160239182e+00
-2.242751149514161213e+00
-7.151917120557360619e-01
-1.940208805742225096e-01
2.119096015375025566e+00
1.282725613615211202e+00
-7.775939031946215607e+00
7.937775430059646808e+00
2.692217059355117570e-01
-6.104634675220966145e+00
1.302045691974896835e-01
1.156190355976545092e+01
-1.446879060700143071e+01
5.288226008595856342e+00
3.536448186224828039e+00
-8.081499174331909785e-01
-8.937991741280328029e+00
1.313235063841347028e+01
-8.624473557183428341e+00
3.897484991470490545e+00
-5.034122376625548512e+00
7.787420954009744101e+00
-6.591541120287227606e+00
4.489617249663385046e+00
-7.558324400016975808e+00
1.316431283369624161e+01
-1.217950604854382490e+01
3.426217631022423937e+00
2.106213407588189312e+00
4.103223757086828627e+00
-1.495270874611712486e+01
1.620611277253144777e+01
-5.844845969036877698e+00
-3.010960554852888826e+00
-8.768916036971763361e-02
9.473573490049457035e+00
-1.247189359009338716e+01
6.779623677593752618e+00
-1.451300098287592988e+00
2.297301957716995080e+00
-4.638396200282773663e+00
2.970347688632958505e+00
-5.293156841256809741e-01
3.137717079327189573e+00
-7.809084689729960616e+00
5.748023062980342601e+00
3.398916859727192374e+00
-8.486582808752203277e+00
1.952734052810609189e+00
8.166998675261098128e+00
-8.015790937148652873e+00
-3.129415401471332459e+00
1.157808738253582348e+01
-7.727181050747148561e+00
-1.643336675521553936e+00
3.850034452476357227e+00
2.509671647237519565e+00
-7.844976086858927999e+00
6.677788768530615648e+00
-4.141497195394849840e+00
5.673249200439719253e+00
-7.842387088074951329e+00
5.070428449524049697e+00
-6.579912591633636509e-01
3.040086706964822305e+00
-1.179040649102639193e+01
1.570120172044217277e+01
-8.202772387550060884e+00
-1.815906100485936925e+00
9.824958785813273643e-01
1.013309256317702634e+01
-1.738414696958847827e+01
1.210629977512803457e+01
-2.162981120545522273e+00
1.472158996740811077e-01
-6.515324505471055794e+00
1.118409795928667272e+01
-9.070409154533066953e+00
5.780579424922106746e+00
-6.674342380461736113e+00
8.120996860751548141e+00
-4.773637732101743580e+00
2.100334282318891965e-01
-2.482775498121655655e+00
1.043370600604264808e+01
-1.288014364196580175e+01
4.266182439107974567e+00
5.754638375587466825e+00
-4.395961386083508060e+00
-6.491537701424931583e+00
1.242110611735885328e+01
-5.748887402216796616e+00
-4.621913834770017715e+00
6.293619681108552300e+00
2.017335288248212066e-01
-4.336832981781783225e+00
1.484072997998323373e+00
2.266256153281565489e+00
-1.650866468326514624e+00
5.131386041657117758e-01
-3.985264324301159178e+00
8.249804811053575548e+00
-5.655878769801967465e+00
-1.954457799042049970e+00
3.502655787799189291e+00
5.546415710864176063e+00
-1.487218368416612080e+01
1.237230876648161271e+01
-1.157533039158238131e+00
-4.061525215371409203e+00
-3.268831760986554702e+00
1.326344049991404006e+01
-1.382932532896478506e+01
6.523752003353950890e+00
-2.264614449728188372e+00
5.165120209318615707e+00
-8.646826862053266893e+00
7.568791612368483968e+00
-6.004071820976120577e+00
8.888278964053846209e+00
-1.219906193121177651e+01
8.701085065345974812e+00
-8.699996573049295634e-01
-3.929513529097532487e-01
-8.429919787863791925e+00
1.645220367988052601e+01
-1.234514868527154796e+01
4.464709685616305990e-01
4.428642352086986200e+00
3.122275434673633221e+00
-1.229903731574172099e+01
1.142126813923012207e+01
-3.097635214712238572e+00
-1.426585179412255933e+00
-1.386350694400261041e+00
4.468394915343662177e+00
-2.828930775999352942e+00
7.867526709766163862e-01
-3.094938884571547533e+00
5.553388695310658818e+00
-1.346683140910327481e+00
-6.471903876372433473e+00
7.249166409535757971e+00
1.524452739028663295e+00
-8.496610973387376475e+00
3.188879648963033109e+00
8.882374462146874095e+00
-1.292157050518177996e+01
4.732018240349324500e+00
4.044025975129341255e+00
-2.241731884382442530e+00
-6.465989080487222651e+00
1.058059376769069715e+01
-7.203480488812721738e+00
3.891504701217789464e+00
-5.455790710240409958e+00
7.317770405544407275e+00
-4.897734082224091345e+00
2.553979437737823321e+00
-6.686059496866122664e+00
1.372290198065114808e+01
-1.332587940905549750e+01
3.977279972666314389e+00
2.603816976378952930e+00
3.145395072508226253e+00
-1.459045386229744778e+01
1.708044731783749626e+01
-7.668907206562023404e+00
-1.241307554866439400e+00
-8.989246543322826355e-01
9.349841657681647433e+00
-1.244026949091703926e+01
7.972044966368974528e+00
-3.983095078082826035e+00
5.070628993755709857e+00
-6.380543857545593056e+00
3.498296602804297883e+00
-9.239155106047953758e-01
4.648265779125117625e+00
-1.064046359931459129e+01
8.933585809507233577e+00
1.025661001732741440e+00
-7.253508718748642892e+00
1.160785169177888987e+00
9.567345856894275968e+00
-1.054470213883597296e+01
1.044098815326806040e-01
8.683572898384255723e+00
-5.986165488413958791e+00
-2.394050529887840284e+00
4.695920848388277946e+00
5.239733107656991962e-01
-4.765119589016370227e+00
3.686701505684509605e+00
-2.438011525803585489e+00
5.277732267353496098e+00
-7.579841666170669789e+00
3.754590972545737593e+00
1.760792201151300862e+00
5.830086827973107733e-01
-1.041390130104570133e+01
1.558801220627981365e+01
-8.540636782508711278e+00
-2.065520630638605581e+00
2.222876183561247387e+00
8.441493988014970640e+00
-1.629440016986276518e+01
1.231702243127233487e+01
-3.362421360888434130e+00
1.196161620829274685e+00
-6.458589434000508334e+00
1.021386876984986358e+01
-8.425075674076246912e+00
6.556643809461993655e+00
-8.718209101581678055e+00
1.016952689787832398e+01
-5.711149937612251648e+00
1.347778164561272973e-01
-2.533684386106880293e+00
1.165610497642143173e+01
-1.529976597767972812e+01
6.963378594547996236e+00
3.795312759104508160e+00
-3.458365954945191945e+00
-7.049386522778517516e+00
1.363998343453254591e+01
-8.199024758824247527e+00
-1.395535811919695890e+00
3.466098788077224935e+00
1.778480227687497361e+00
-4.998598903979997843e+00
2.508583405496088936e+00
-1.029862703539103919e-01
1.741913755783885298e+00
-2.574665433209061938e+00
-2.225293671853803446e+00
7.565189597485124651e+00
-4.842387724404096261e+00
-3.859715266949522938e+00
6.374945903956477977e+00
2.710659011946128238e+00
-1.303785555661121265e+01
1.168783856172036906e+01
-8.785666617807419421e-01
-4.957268103209655052e+00
-1.310928322089019105e+00
1.082044017845697859e+01
-1.208081531409514398e+01
6.193777628436196281e+00
-2.867092895541230035e+00
5.388631576869157058e+00
-7.624166689960812704e+00
5.770598232273950856e+00
-4.792063660726109120e+00
9.164103598965159136e+00
-1.354551279528189411e+01
9.853219497838249907e+00
-9.506344380047258014e-01
-1.120925866837408247e+00
-7.953572802614337967e+00
1.711385152589735625e+01
-1.414382349270613659e+01
2.538104778164565367e+00
3.040001881412151441e+00
3.484836352305963114e+00
-1.231562119070975569e+01
1.224976253529463932e+01
-5.317822502652528982e+00
1.551629374472030864e+00
-3.791640924223842024e+00
5.555890197367994610e+00
-3.208258006126915696e+00
1.830886030939188114e+00
-5.569197445806775448e+00
8.880055327309396063e+00
-4.218622968123639794e+00
-4.830598961072595010e+00
6.437876059533948592e+00
2.608927128082828339e+00
-1.065028524349502526e+01
6.265175054925464337e+00
5.807349743237308459e+00
-1.079428604337882369e+01
3.741898367143035031e+00
4.675527313927407391e+00
-3.641067873635627006e+00
-3.861493848992954003e+00
7.531544933075415393e+00
-5.030479202879095446e+00
3.196169285803353688e+00
-5.487152881066942989e+00
6.699315363344222618e+00
-2.999696862730002245e+00
9.461065508371691024e-02
-4.982720177922166371e+00
1.342411286291167016e+01
-1.388463303905244040e+01
4.251453202621870098e+00
3.319072473365190845e+00
1.717993659049782629e+00
-1.342560083377276570e+01
1.704597795849625186e+01
-8.805566951872137338e+00
1.907677277682107153e-01
-1.536729305573458326e+00
8.891725603059398964e+00
-1.174962347495741888e+01
8.328926174584243114e+00
-5.827632657496794266e+00
7.511833971665740961e+00
-8.048810179965521172e+00
3.900395277351975665e+00
-9.013079499897975744e-01
5.502120782056581838e+00
-1.287448066872079977e+01
1.185580606389249780e+01
-1.417183551335431169e+00
-5.894721117527652154e+00
4.846957357702639246e-01
1.056758081221816425e+01
-1.264241909927985219e+01
3.191753980971051341e+00
5.563424944222194135e+00
-3.867627755268148615e+00
-3.350460196049947825e+00
5.445564290079969894e+00
-1.244140128033463633e+00
-1.700190579963241078e+00
3.368533865739298250e-01
-1.396880575867047725e-01
4.372653185238453588e+00
-7.106523999019176863e+00
2.438387562142493969e+00
4.279288778638404622e+00
-2.320223328191355350e+00
-8.289647274879699879e+00
1.472482104369137090e+01
-8.407188455184485321e+00
-2.503086884419581715e+00
3.642635241750931563e+00
6.280568174653104130e+00
-1.440070052744805551e+01
1.164063835087324961e+01
-3.908738948130034530e+00
1.920041674378559993e+00
-6.193902246577230208e+00
8.833765952604673899e+00
-7.034292779509484284e+00
6.426492876635330198e+00
-1.002095841478512028e+01
1.182452935050810616e+01
-6.477204797219079602e+00
-2.079424056405771992e-01
-2.003022116548789366e+00
1.206809445041538709e+01
-1.699459297252590417e+01
9.278317584449633060e+00
1.912170495350844046e+00
-2.586239995100506839e+00
-7.272532385055082926e+00
1.425026929862303504e+01
-1.004203002331921724e+01
1.527239579380024637e+00
5.857271956525837986e-01
3.522856014020754323e+00
-5.630024916692750736e+00
3.206953771427390798e+00
-2.055921357196704324e+00
4.949876548120157871e+00
-5.854201745755116093e+00
-6.120998426445112273e-02
6.588927909719654252e+00
-4.038769065679398196e+00
-5.574707378592961504e+00
9.198178540986830853e+00
-4.432600289278180727e-01
-1.059794603369207877e+01
1.042434791233435121e+01
-3.066186981501783926e-01
-5.893170423174775685e+00
7.272514488930763576e-01
7.976569146956647316e+00
-9.601531462509136361e+00
5.073172510078534536e+00
-2.921800737306217588e+00
5.368598537938462201e+00
-6.429609848859612953e+00
3.560165109399671124e+00
-2.822279833407609573e+00
8.536773789304900717e+00
-1.416965198941886328e+01
1.062040474998905104e+01
-8.278024156580379156e-01
-2.195693279730302816e+00
-6.794197077920818728e+00
1.687660319304068679e+01
-1.515374318835102940e+01
4.184168254480117533e+00
1.826498306793198800e+00
3.634328852797398923e+00
-1.182414414045925710e+01
1.230697679628254093e+01
-6.794868806972400144e+00
4.099770769377965252e+00
-6.100688632358727048e+00
6.621806924073635692e+00
-3.339855456227248887e+00
2.333983867406368429e+00
-7.438573227296169321e+00
1.185689943048783590e+01
-7.113743073128993011e+00
-2.984948724576945711e+00
5.567715718890656973e+00
3.446297447264038638e+00
-1.240631045414547629e+01
9.122692495264745460e+00
2.572746715735732437e+00
-8.243689982316467990e+00
2.387117162305779416e+00
5.380151264524641874e+00
-4.891260956215926825e+00
-1.323242475569358589e+00
4.205998320604548368e+00
-2.261101435750119570e+00
1.868782692658431888e+00
-5.138024747687655491e+00
5.982114153310441829e+00
-1.031404925917922988e+00
-2.711451593428361395e+00
-2.580152988652686830e+00
1.229957532371932771e+01
-1.381551806815900285e+01
4.222019469124213664e+00
4.201231762845107909e+00
-6.708059783056841141e-02
-1.154947454356693726e+01
1.610113646757659467e+01
-9.163695629258690190e+00
1.180513152422825840e+00
-1.961705326787443582e+00
8.134842307410160345e+00
-1.044215091009277074e+01
7.815417918478924975e+00
-6.851140753813879769e+00
9.448436052101680360e+00
-9.519358440714892566e+00
4.136112163717243106e+00
-4.548052656945047456e-01
5.638654691649872319e+00
-1.435142670765206141e+01
1.429522667904019784e+01
-3.738601489581507398e+00
-4.516099042412004216e+00
-2.858170817548977283e-02
1.109517755115645166e+01
-1.414609680462578822e+01
5.894415317449645642e+00
2.449612499998483628e+00
-1.523247006041054341e+00
-4.440414082901093629e+00
6.032057669276691847e+00
-2.653957790277393425e+00
1.124659369500645933e+00
-3.130367221834172486e+00
2.580957245768761954e+00
3.037113030090333066e+00
-6.466040609508547199e+00
1.216552904869522944e+00
6.716356877273457648e+00
-5.451010819920995232e+00
-5.584912644301557094e+00
1.317984437727435498e+01
-7.808173782994237477e+00
-3.098454724744717836e+00
5.130111877632689499e+00
3.818091065416430396e+00
-1.184195024643270777e+01
1.012018484063013979e+01
-3.761282079125080724e+00
2.274496950082196545e+00
-5.747448124619229937e+00
7.140751774961750620e+00
-4.991658280976995599e+00
5.399794922265384933e+00
-1.049524565195582326e+01
1.296806143975611292e+01
-7.008284705642759072e+00
-8.014771136797396167e-01
-9.306416441347398205e-01
1.164552770408805316e+01
-1.783922972996972689e+01
1.103145351528364060e+01
2.503519530952713623e-01
-1.841129850316866268e+00
-7.148140527954410572e+00
1.420126892712806033e+01
-1.113089822356576519e+01
3.926867044042125610e+00
-2.140152278281887366e+00
5.308262009079195209e+00
-6.175255429021608400e+00
3.515251377437540903e+00
-3.445808569229837914e+00
7.742022380854318264e+00
-9.083990671788816584e+00
2.336962791489786362e+00
5.404015544463177889e+00
-3.305383846763853661e+00
-6.977083003370921688e+00
1.176139110113169650e+01
-3.672159948553388009e+00
-7.739539503546694732e+00
8.672921597018836692e+00
5.187448443324989000e-01
-6.793671638022700243e+00
2.684399438829907503e+00
4.944685864091519889e+00
-6.568533144596274020e+00
3.242303352981522835e+00
-2.433394748072760461e+00
5.117174531653894576e+00
-5.151497678364968635e+00
1.092793433247679857e+00
-2.379757115405172208e-01
7.060925490156030548e+00
-1.403334309023823145e+01
1.094356075968782704e+01
-5.032147938337221404e-01
-3.538175571342198289e+00
-5.044409651159895702e+00
1.576087955173328581e+01
-1.529408116994039268e+01
5.256892641276389888e+00
8.748609758113823354e-01
3.566199270837936197e+00
-1.085895175828113679e+01
1.157833188575592231e+01
-7.413699211154776592e+00
6.034585554799527074e+00
-8.148988412548790805e+00
7.582544394488906825e+00
-3.201778200525823959e+00
2.253207580719482017e+00
-8.569706390479833402e+00
1.426770109755287663e+01
-9.811375229106040763e+00
-1.082298474104455011e+00
4.706306201196606587e+00
3.978459389842095906e+00
-1.363427250556130943e+01
1.154088597315143616e+01
-5.738994109640223051e-01
-5.457435005525149485e+00
7.638402635503229732e-01
6.101196795232898040e+00
-5.887738197999194512e+00
9.544069757588165004e-01
8.454732163019138547e-01
9.046854233193086792e-01
1.374079359283619794e-02
-4.446889265693799054e+00
5.224283274282847778e+00
8.670116311119357988e-01
-5.660597939880665841e+00
3.374692243733037333e-01
1.044232163347395570e+01
-1.312522198754430391e+01
3.885766155195466087e+00
5.185794071177945774e+00
-2.070312269531265237e+00
-9.106605302372242861e+00
1.431206272583538919e+01
-8.710468891982547035e+00
1.657104785818920956e+00
-2.151519531581259415e+00
7.137941765852841236e+00
-8.606390411710053812e+00
6.461679436335113991e+00
-6.981284230059854323e+00
1.074611239715702382e+01
-1.068395847510881147e+01
4.178302028109489363e+00
3.899837331355096026e-01
5.050844306131640593e+00
-1.496782227601182136e+01
1.606847742451937577e+01
-5.757416522976694040e+00
-3.223896118613194695e+00
-3.448595909786247304e-01
1.111266241690174361e+01
-1.493668657844426662e+01
8.002834303159142237e+00
-4.269735343735442945e-01
8.792081630422328153e-01
-5.582118069611229139e+00
6.400432601168034807e+00
-3.591034893000741857e+00
3.501866297876682133e+00
-6.464816911322000870e+00
5.520194746839006683e+00
1.381995884108623507e+00
-5.714499166306403311e+00
1.773909720280477664e-01
8.896040758931158976e+00
-8.573262353230258981e+00
-2.510093903458782805e+00
1.107174152015774382e+01
-6.784204518279757679e+00
-3.808762401621295091e+00
6.567431593835792114e+00
1.244956446542681228e+00
-8.806626493836590797e+00
7.861531930839904092e+00
-2.931496284835508170e+00
2.243593667280594062e+00
-5.159989170257462732e+00
5.255926133579548853e+00
-2.439825678797540753e+00
3.553241600070741857e+00
-1.011565850576502434e+01
1.352082524792105289e+01
-7.259406128026585137e+00
-1.609292926120487355e+00
6.024858517384714673e-01
1.042650952812224574e+01
-1.777149680616615512e+01
1.208551127169497263e+01
-1.062608919384147699e+00
-1.273919767339658282e+00
-6.689846034569804978e+00
1.349133278410661774e+01
-1.137467940486202700e+01
5.623108563098486279e+00
-4.516468568633554170e+00
7.005833555585249783e+00
-6.585343657474776791e+00
3.398707534871060254e+00
-4.167690785804203379e+00
9.918160604736883101e+00
-1.202640494283263095e+01
4.782327618864613328e+00
4.108361529582391647e+00
-2.697244682812520722e+00
-7.967212567294600589e+00
1.387227587282374230e+01
-6.727122370375827387e+00
-4.680403239334948395e+00
6.560521299556902441e+00
1.538867869891742401e+00
-7.585008067764714035e+00
4.404412467948969123e+00
1.951989856967104586e+00
-3.200060971873132765e+00
8.344098749507722346e-01
-1.447294960104123618e+00
4.664426743754126470e+00
-3.885284442942323224e+00
-1.456246871493322548e+00
2.771337971547850554e+00
4.854478223401812897e+00
-1.315515181742910400e+01
1.079726178434303208e+01
5.194699643567890490e-03
-5.048122868236117000e+00
-2.841397384388888003e+00
1.385249102751086880e+01
-1.454880357522114309e+01
5.671915671753204435e+00
2.510716609848482328e-01
3.293216447428693350e+00
-9.490211151730758132e+00
1.010790305969738689e+01
-7.123324876545382267e+00
7.218994451118200928e+00
-9.792256381931752074e+00
8.363249211686705209e+00
-2.792922301244187722e+00
1.589551749939666303e+00
-8.884158488156746358e+00
1.593833021996336896e+01
-1.210598938117693990e+01
7.267108524534591218e-01
3.919756103287192595e+00
4.170185574368664660e+00
-1.424260306817010324e+01
1.333155254334876005e+01
-3.391896124818520430e+00
-2.639980448573961969e+00
-1.012274845961568026e+00
6.780610162181401890e+00
-6.544285771748842961e+00
2.796045413351281095e+00
-2.305781240228145901e+00
4.237534702565463718e+00
-2.225451696676278068e+00
-3.477728559161568533e+00
4.487416742043328632e+00
2.559805401217039478e+00
-8.537793636296864719e+00
3.547361668607356577e+00
7.999734751417124201e+00
-1.186663595578429131e+01
3.263000977977785322e+00
6.199403837213013801e+00
-4.134913911545149645e+00
-6.284046573342805253e+00
1.180766671911204924e+01
-7.473671185459128452e+00
1.588744302158801691e+00
-2.102491641462563177e+00
5.978616111580947745e+00
-6.370794411106603050e+00
4.360732228150054013e+00
-6.212512382551047097e+00
1.131858903504575764e+01
-1.145800618779414748e+01
4.015346029720666010e+00
1.576833917182282274e+00
3.785989457215674481e+00
-1.468418978015676402e+01
1.704189650559607472e+01
-7.315777343665239130e+00
-2.116697192666757044e+00
-4.455217555069568292e-01
1.062067855940595429e+01
-1.494796622442498446e+01
9.351735783393841928e+00
-2.853726655661100953e+00
3.168493756147951146e+00
-6.690495164980096554e+00
6.512075530580140992e+00
-3.975948942443711775e+00
5.256996252346441523e+00
-9.426242930192730185e+00
8.458347352535168895e+00
-4.585320357542981284e-01
-4.916005391063162477e+00
-6.040645796489132469e-01
1.066079027865806950e+01
-1.145099054273041794e+01
6.969994721727155174e-01
8.560601534673669022e+00
-5.407450963845683134e+00
-4.581892165123624849e+00
7.839415572626061923e+00
-1.239036391417337235e+00
-5.518769642294728328e+00
5.025415803601404718e+00
-1.481860267083387583e+00
1.840774873492005526e+00
-4.483709512231344618e+00
3.315546702083538300e+00
4.400184002917804094e-01
1.024856496255601712e+00
-8.920491613107955686e+00
1.344789956807356113e+01
-7.207382965144459419e+00
-2.577622499989709937e+00
2.480134732413393550e+00
8.508682730086009727e+00
-1.679705648804058526e+01
1.235561676083884741e+01
-1.926230292667535648e+00
-9.209505864158469279e-01
-5.936957620486057685e+00
1.216820265910788912e+01
-1.074535891372736884e+01
6.488440632878231362e+00
-6.374927838340336272e+00
8.494141014736097617e+00
-6.822150378748393251e+00
2.854600928338776544e+00
-4.166404535956163890e+00
1.132387092800598616e+01
-1.446537356429206511e+01
7.085134982900954448e+00
2.807245181340320528e+00
-2.259597013260957965e+00
-8.475861201892083585e+00
1.537161349815920275e+01
-9.372055252212961207e+00
-1.652697522098393046e+00
4.240321165388866831e+00
2.680684991396404371e+00
-8.200991739507937694e+00
5.748165518124354278e+00
-7.769194842905133847e-01
2.607353744006613017e-01
-1.974459434112047163e+00
-4.603235107631054035e-02
4.055819155999897063e+00
-2.726277496012527113e+00
-3.904771117627680255e+00
5.983967967476087502e+00
2.089798653307655574e+00
-1.160877500835049148e+01
1.019140051816770409e+01
6.647386692527663676e-01
-6.611558680626268725e+00
-3.568036282998887643e-01
1.129629819256555123e+01
-1.296778446286977271e+01
5.394404815009718135e+00
-4.443330233021125508e-03
2.844566538220883345e+00
-7.818853852339153754e+00
7.995295832265904679e+00
-5.940673492662794430e+00
7.572219999195150208e+00
-1.091710872269259269e+01
8.903463212867947618e+00
-2.133325034025768119e+00
3.880124546158323362e-01
-8.364388815539172128e+00
1.674971929715684382e+01
-1.382247929869049941e+01
2.299447868466686806e+00
3.267503836808709039e+00
4.012045628369595995e+00
-1.418562218117260798e+01
1.435293414478048035e+01
-5.665331252108543936e+00
2.709268111288132275e-03
-2.814913680572931121e+00
7.363629957152120653e+00
-6.799752857090722635e+00
4.058416807602554854e+00
-5.019002472316638652e+00
7.495847908392356373e+00
-4.677051977451276876e+00
-2.314952992426122513e+00
3.831700378129511364e+00
3.925888070618091863e+00
-1.113262288568133584e+01
6.804727469924227279e+00
5.162458156347124572e+00
-1.013467188279985898e+01
2.395764775266590707e+00
7.165486911712200424e+00
-6.098525746476726184e+00
-3.297492360454195914e+00
8.770011118037231768e+00
-5.539474342043467558e+00
