0.000000000000000000e+00
1.840881402587658755e+01
-1.773050054125483044e+01
5.460909831944709136e-01
1.397833940620107640e+01
-1.336636475990734141e+01
2.977739076653125760e+00
5.488501276205385082e+00
-8.203301226882731001e+00
7.713717191729347000e+00
-3.923484002298692985e+00
-4.832361439118789903e+00
1.319506150680933132e+01
-1.062747588663364695e+01
-4.107409188900740027e+00
1.669054740580082097e+01
-1.239844050642853901e+01
-4.869234530136600014e+00
1.595391792071445991e+01
-9.524632152890731618e+00
-4.950552936660598924e+00
1.072037322933832115e+01
-4.498889711647355405e+00
-2.786880211190658763e+00
3.099263194139981081e+00
-5.035103805304768088e-01
1.407609648819849291e+00
-3.429494252249240205e+00
3.960966729579933343e-01
5.659459601114837035e+00
-5.867382195854911053e+00
-1.715734436089531911e+00
7.457851250327420800e+00
-3.329047776574208584e+00
-4.919595556240446754e+00
5.425067164375827033e+00
2.497877679095910075e+00
-6.869320098890637993e+00
3.815396826249797257e-01
8.329543762119424599e+00
-6.380461547144685497e+00
-4.898597339020633434e+00
1.111895407451484452e+01
-4.194245108284968993e+00
-7.154717356151808261e+00
9.670087758188074645e+00
-2.440939011985605589e+00
-4.491119230580878252e+00
5.108262749127092661e+00
-3.147444878495253118e+00
2.479474438509959633e+00
-1.752906450561120266e-02
-6.740961624043665168e+00
1.088915374783756462e+01
-3.401306236962929219e+00
-1.151879859105375203e+01
1.713282605521142443e+01
-4.369808799056652759e+00
-1.446920957433192001e+01
1.877387922613455373e+01
-4.146006470015291434e+00
-1.299498926016813982e+01
1.573897646607979794e+01
-4.851784543030573715e+00
-6.519895353857823039e+00
1.013730547307492813e+01
-7.906352894467644887e+00
2.999524320845038616e+00
4.864366118753461699e+00
-1.285792325593723895e+01
1.199703184811929368e+01
1.866757384160435684e+00
-1.742224147469493900e+01
1.714480389856540654e+01
1.121473340618897030e+00
-1.875331148083683175e+01
1.706564475443516571e+01
9.195243026853456847e-01
-1.519744724003635739e+01
1.292942447292785957e+01
-7.722840362382512591e-01
-7.458064883423778824e+00
7.617910686906299134e+00
-4.764445734457420478e+00
1.571203755403149493e+00
3.988362743611340910e+00
-9.915342293004510310e+00
8.258218690188591893e+00
3.285046764683453802e+00
-1.370824295239363977e+01
1.014940171326877838e+01
4.629914474374359656e+00
-1.380282518298145433e+01
7.244996869896569436e+00
5.846869359932449051e+00
-9.606550069619125054e+00
1.898646846971176139e+00
5.054554898734470392e+00
-2.871972553338832945e+00
-2.581662150728551097e+00
2.000846864694058258e+00
3.099876727979218316e+00
-3.793442996002994949e+00
-1.712115112447156307e+00
5.227843456430674607e+00
-1.468393360374100176e+00
-3.661438369103094725e+00
2.369625109076340941e+00
2.620533117168087678e+00
-2.249290245746960792e+00
-4.019330877011335623e+00
5.955181789500059608e+00
2.083309420468911100e+00
-1.067997562735469685e+01
6.929800005388325523e+00
6.872029786359966863e+00
-1.433468833189169800e+01
5.829433806904952498e+00
8.926150121723486208e+00
-1.342250053645012819e+01
4.529738452704288321e+00
6.168300316902961988e+00
-8.788611988852956358e+00
5.125980849989309363e+00
-1.073980819407984733e+00
-2.969925306308048185e+00
8.374346626424390649e+00
-1.011083239300200631e+01
1.439560552700928753e+00
1.295596375443813564e+01
-1.726964569069972555e+01
3.322911333295843761e+00
1.607294385870013897e+01
-1.982355902798374103e+01
3.543622782112067160e+00
1.506123508660147792e+01
-1.735845502466505863e+01
4.143809206200652184e+00
9.061941044395277700e+00
-1.180783594669614800e+01
6.779076072260342478e+00
-2.723407863198282763e-01
-6.180470315536715553e+00
1.140690414575612621e+01
-9.500651758405421532e+00
-2.776062794322244009e+00
1.608771425325592830e+01
-1.516178710587285750e+01
-1.966009285166492759e+00
1.806415997455619760e+01
-1.557603447910682704e+01
-2.244494722885209903e+00
1.548030172163254470e+01
-1.164395736576335949e+01
-1.462086755199531130e+00
8.683021600051922917e+00
-6.198465738313126749e+00
1.573431592769914289e+00
2.749935005280015332e-01
-2.320315214873850174e+00
6.161612011268736033e+00
-6.170494285329565010e+00
-1.628249759341975356e+00
1.004829685928428695e+01
-8.014463697851734736e+00
-3.543908991024815158e+00
1.084533327345437215e+01
-4.973784192940351900e+00
-5.920863063991490094e+00
7.650076079024866971e+00
7.693326252695378287e-01
-6.592202687194222754e+00
1.836493927461815723e+00
5.827548648272477649e+00
-4.841125737598352075e+00
-3.522240090278207170e+00
7.491678951992672530e+00
-1.866624306086102969e+00
-5.309985324600272172e+00
5.135834990927452992e+00
4.407868713807960859e-02
-2.145838318336519279e+00
3.488209226587244416e-01
-8.913586812756895128e-01
4.768705969945602696e+00
-4.227270814425216017e+00
-4.608982227298425549e+00
1.224844074872039279e+01
-6.595705768288456561e+00
-8.985969168331759960e+00
1.683252762050339513e+01
-6.581531866788074225e+00
-1.094667561548061308e+01
1.661297700626007412e+01
-5.773031755626128358e+00
-8.260822399612814948e+00
1.213286251249945558e+01
-6.295449127970190517e+00
-9.619386864964516448e-01
5.867750094854780940e+00
-9.216583161315998751e+00
8.484029365745367812e+00
6.508415840954084874e-01
-1.361807207808989872e+01
1.639747865085060141e+01
-1.979993075870612573e+00
-1.695747588783643067e+01
1.980518258054940617e+01
-2.517252088633426865e+00
-1.654409051341204417e+01
1.795752681427295272e+01
-2.891235902085180776e+00
-1.124755440563374265e+01
1.257898342364269340e+01
-4.967931913103213581e+00
-2.386751557508315802e+00
6.740984746480459755e+00
-9.116431355225318001e+00
6.781850290706968210e+00
3.057996111332096589e+00
-1.377622368951461596e+01
1.272360045859801225e+01
2.289566978709995482e+00
-1.632726499278518872e+01
1.348758107954815522e+01
3.157465647230075501e+00
-1.474552916469465202e+01
9.694792975204382657e+00
3.429980858746902506e+00
-9.018920680376229626e+00
4.088177969966361402e+00
1.549598419895058310e+00
-1.418480755791184933e+00
-7.244089413107701603e-02
-2.241297964358917483e+00
4.599726079525924938e+00
-8.139444309590313509e-01
-5.995630495746441468e+00
6.256435951089494907e+00
1.600514385482020074e+00
-7.325520646639878564e+00
2.993758089289279667e+00
5.093977552086314198e+00
-5.042265992720664336e+00
-3.207297394740662444e+00
7.251675027664905571e+00
-1.271298021196800576e-01
-8.927783825168015497e+00
6.902904679954746214e+00
4.618297491385262354e+00
-1.118713584411003659e+01
4.819648465903618728e+00
6.089600310889120571e+00
-9.002501242509865165e+00
3.109096345688241225e+00
2.688004578105535280e+00
-3.743332221717808217e+00
3.700419014048387467e+00
-4.658144664031084403e+00
1.875230338010339892e+00
6.898948659618973522e+00
-1.288700555346607146e+01
5.503317776402680828e+00
1.095002144302895530e+01
-1.840672013264393669e+01
6.511116797023197122e+00
1.293666162439963507e+01
-1.898770572090153053e+01
6.173172958656476972e+00
1.050694600241797261e+01
-1.485556755031803533e+01
6.607733002543322520e+00
3.395983188739612579e+00
-8.377757008073043465e+00
9.173800552943728093e+00
-6.197283322759311375e+00
-2.575022450377680627e+00
1.336581973926974953e+01
-1.464830723401264123e+01
6.228687747357453119e-01
1.693637385885734403e+01
-1.878731226896812601e+01
1.331898844101742085e+00
1.721078173053949456e+01
-1.754221426307087839e+01
1.340796092675740958e+00
1.280461254755556588e+01
-1.240095355054164372e+01
2.697423953171948163e+00
4.680053283876945969e+00
-6.448393363647170418e+00
6.179494681916793297e+00
-4.146367931671742113e+00
-2.572474071433031639e+00
1.063555204477982485e+01
-1.012757534852050867e+01
-1.910213165781970091e+00
1.363134667421921797e+01
-1.107766614309344888e+01
-3.433206659144513395e+00
1.301392054545767962e+01
-7.333341684582192599e+00
-4.863946215944427998e+00
8.417853016356584561e+00
-1.509206210084257371e+00
-4.302800281145757744e+00
1.749352664934289869e+00
3.001751546271940185e+00
-1.525057538213696606e+00
-3.707431389097234131e+00
3.896383827115290188e+00
1.868796807341165156e+00
-5.078922026818704083e+00
1.110663946202480545e+00
3.539650639464505311e+00
-1.544435881413932954e+00
-3.388245292553638599e+00
2.042157637706573325e+00
5.143614959481574544e+00
-6.981151563269624383e+00
-2.041925740065874351e+00
1.158369335644986187e+01
-8.063359741219681354e+00
-6.220840148256050028e+00
1.456422689963475037e+01
-6.964638485550383784e+00
-7.447264673415906699e+00
1.275229771283183666e+01
-5.572325498311624159e+00
-3.927555698647870130e+00
7.266566497223045928e+00
-5.923826116230167749e+00
3.699315511636753762e+00
8.429648548269333963e-01
-8.681292226759573794e+00
1.254412062769993241e+01
-3.859708490609639053e+00
-1.248003795242060932e+01
1.894031038169102388e+01
-5.770356107670632895e+00
-1.460372480537613527e+01
2.036954562596495322e+01
-5.829945721900257283e+00
-1.261270394821787022e+01
1.673197354161013806e+01
-6.114600229507594520e+00
-5.944368013930383832e+00
1.024391175103536256e+01
-8.251367133706501988e+00
3.508370282482105473e+00
4.060585637852730301e+00
-1.215526024815752848e+01
1.223808120742946848e+01
4.694125465199308067e-01
-1.591097106002070660e+01
1.693295353074126197e+01
-2.690251534156096191e-01
-1.690457599188378879e+01
1.621867860833766883e+01
2.257228862913525091e-01
-1.352127046119604969e+01
1.132525633669694543e+01
-2.449481485588523855e-01
-6.351187125279108336e+00
5.303839093184698150e+00
-2.858525784829542893e+00
1.879313151103157331e+00
1.272318588399295791e+00
-6.897165724581981294e+00
7.671225388387204802e+00
7.303721899727850797e-01
-1.015948884290343379e+01
8.643549580295278645e+00
2.919393473892885282e+00
-1.040673788324264848e+01
4.848884797161465698e+00
5.554854184590007016e+00
-6.933572626231833347e+00
-1.262155481134047408e+00
6.425043142777404626e+00
-1.256072950266038823e+00
-6.210659698467319245e+00
4.837720692370327313e+00
3.563612657485500712e+00
-7.392205737352266048e+00
2.013572092713641126e+00
4.603497314693314024e+00
-4.407836039015164076e+00
1.955679436239714519e-01
7.949187858263311313e-01
9.248977332276684393e-01
1.052119395228315213e+00
-6.363317360070021245e+00
5.830627053620350608e+00
4.401033781698810543e+00
-1.353711435146620801e+01
8.299301567223746900e+00
8.093146913554793542e+00
-1.732928611841341748e+01
8.212269350584055161e+00
9.182044511319990221e+00
-1.607059167058262616e+01
7.202630671170060950e+00
5.704526238827343221e+00
-1.060244410789359826e+01
7.377517766342883476e+00
-2.002499436238823982e+00
-3.629488001594745494e+00
9.739423243760576554e+00
-1.127042067510546275e+01
1.929740434081473666e+00
1.333081549432762358e+01
-1.841750341845963135e+01
4.584087177197404550e+00
1.567625077220613505e+01
-2.067646459178914142e+01
4.927477759639051769e+00
1.428499994680761809e+01
-1.762171858808473601e+01
4.960837503726898134e+00
8.303189951768974453e+00
-1.128023609850376019e+01
6.553460930103598869e+00
-7.159911074383531471e-01
-4.888540109775354914e+00
1.004387673211584087e+01
-9.442674175868411623e+00
-1.053307106304958829e+00
1.388281903178290833e+01
-1.448077598624904283e+01
-4.068196549157239161e-01
1.556324168681622311e+01
-1.418040631088206105e+01
-1.524307163919598196e+00
1.326974821588316367e+01
-9.498255944811406337e+00
-2.090303152961584310e+00
7.213230975081754259e+00
-3.407182023660425774e+00
-5.427437295976123011e-01
-2.138930982619218213e-01
7.902205288635650859e-01
2.852227998056073410e+00
-5.619161652682172381e+00
1.250386374134724754e+00
6.170383486061513878e+00
-6.468789520870970478e+00
-1.555285470695285888e+00
7.133024736001940092e+00
-2.535753236614159967e+00
-5.375860050408815205e+00
4.715379470910871618e+00
3.926359365975118365e+00
-7.724264757430574946e+00
2.609095667739236291e-02
9.401214248571291066e+00
-7.449350756037636856e+00
-4.139542132928922591e+00
1.101647630821715396e+01
-5.366209843095719023e+00
-4.856249113321188027e+00
8.035474245756301315e+00
-3.576840252694176492e+00
-8.247026107310366783e-01
2.088029651283448196e+00
-3.936223976284837889e+00
6.732353122615256424e+00
-3.946152835025102945e+00
-6.655755004609289927e+00
1.459885925941418527e+01
-7.688282148117957959e+00
-9.956293981842581076e+00
1.924217313783242389e+01
-8.574042519836156728e+00
-1.103450375580716347e+01
1.867767165219465753e+01
-7.953926290916673025e+00
-7.785396602355772799e+00
1.344912342668045824e+01
-7.967158114820376724e+00
-2.353400613745542103e-01
6.179514160441279991e+00
-9.936626018575864805e+00
9.213278604753893930e+00
-5.587763826627067942e-03
-1.332458087474248387e+01
1.692500452195086424e+01
-3.222864196730593989e+00
-1.593481852966733925e+01
1.992962541745544769e+01
-3.711746445359637381e+00
-1.526482805296490852e+01
1.748327226135677748e+01
-3.366964944887437916e+00
-1.018214211769005217e+01
1.139091358085193839e+01
-4.271605794542388423e+00
-1.873036834789637783e+00
4.918188816134847485e+00
-7.185426605211345574e+00
6.567377862032986791e+00
9.494642405540076879e-01
-1.095515832501445175e+01
1.171817483236971036e+01
4.794492292544978440e-01
-1.322721193706845355e+01
1.168587661164504610e+01
2.301830734570288861e+00
-1.202092888520438763e+01
7.144227729883866118e+00
4.020925591225831930e+00
-7.169144687870781851e+00
9.460019975642532941e-01
3.712031905275057220e+00
-6.939396252488378991e-01
-3.468138839511983207e+00
1.178943451950949406e+00
4.173910320460699097e+00
-3.933471171863701876e+00
-1.971332078463838178e+00
4.791414645306648623e+00
-6.198022633276121240e-01
-3.467322177619045487e+00
6.600552906550269938e-01
4.297268142700536586e+00
-1.991449765988237974e+00
-6.194117084836472387e+00
8.098211598643647591e+00
1.764627273324578471e+00
-1.226699531138426202e+01
9.190762201639525841e+00
5.311731391799833446e+00
-1.445646133958203450e+01
7.966865817789625659e+00
5.765174821084801060e+00
-1.169105943680268389e+01
6.346520540878241690e+00
1.614610265705866965e+00
-5.377737354934189362e+00
6.333079702496064556e+00
-6.212840665977472199e+00
1.553474510921414309e+00
8.520273404599116418e+00
-1.466965999603096016e+01
6.398570203611352092e+00
1.152131349347824596e+01
-2.014214599894224023e+01
8.158908706433937397e+00
1.271644824601052193e+01
-2.035850505323480419e+01
7.880282591518393609e+00
9.889311028992185726e+00
-1.555136887044328731e+01
7.697796211854016413e+00
2.752186403512119295e+00
-8.214803955596035934e+00
9.231702802462095292e+00
-6.600711345922949391e+00
-1.626677161154342688e+00
1.237207480486474509e+01
-1.464218889171369220e+01
1.970994873892188082e+00
1.523801947831120174e+01
-1.825023619191292212e+01
2.461204065540969932e+00
1.535691520941208665e+01
-1.637753195356484781e+01
1.603467516241142699e+00
1.133683809524813668e+01
-1.058037662912041732e+01
1.663443180042153857e+00
3.977449464899340814e+00
-4.103211378378877505e+00
3.814111488548070916e+00
-3.913317853625469134e+00
-6.415298227612531434e-02
7.323218744832955984e+00
-8.949170971975888733e+00
1.929537819135909160e-01
1.003652801853221632e+01
-9.029205952397409973e+00
-2.365753113716535516e+00
9.848143301583625941e+00
-4.539818890192131917e+00
-5.303639784602692586e+00
6.222231087072219502e+00
1.825230118674520341e+00
-6.362240790393370204e+00
7.821194683952974458e-01
6.535041520319316177e+00
-4.880607959272425411e+00
-3.453870351860581778e+00
7.130538358333156523e+00
-2.114021429270554808e+00
-3.777391561327107183e+00
3.469199544780300570e+00
-2.797450667303462701e-01
5.703375328794768606e-01
-2.390637916331322721e+00
-9.565289434117906220e-01
7.818812821333561480e+00
-7.545267934763470130e+00
-3.871975395228405059e+00
1.452674735521797444e+01
-9.988027540124241099e+00
-6.876631381595012193e+00
1.740518449747180441e+01
-9.678895625553842308e+00
-7.168724073446099965e+00
1.505718006010212839e+01
-8.319661490556619299e+00
-3.048860800390209569e+00
8.635915875212628379e+00
-8.023229960483675427e+00
4.867618148590224791e+00
1.067115957016361971e+00
-9.749872152156431326e+00
1.375126221863156317e+01
-4.669128691995442892e+00
-1.252260892816884663e+01
1.996513725905684211e+01
-7.159086365366487570e+00
-1.394408823381488816e+01
2.098550775071523589e+01
-7.128006626605049689e+00
-1.171975689299907408e+01
1.672782719258282214e+01
-6.672396337911504105e+00
-5.249904857912929934e+00
9.514293188254292488e+00
-7.683967366094297091e+00
3.716416477701884880e+00
2.719708104114110903e+00
-1.048387119010935642e+01
1.182119355780426950e+01
-1.093144994829946981e+00
-1.353978118425369281e+01
1.584552681559101472e+01
-1.453815896630450410e+00
-1.445248324983859511e+01
1.446019386889892466e+01
4.057575328738938225e-02
-1.159615758645298200e+01
8.952266499838454905e+00
9.759039758987397839e-01
-5.372337653290625070e+00
2.497150699831371057e+00
-2.198113221408461992e-01
1.744513612502744948e+00
-1.598973425958172712e+00
-3.254400278049464745e+00
6.460718053681521411e+00
-1.660194023153399812e+00
-6.216882584584643823e+00
6.507042442815543559e+00
1.607077405868688302e+00
-6.919716599268966206e+00
1.982763527434697082e+00
5.766782263461700531e+00
-4.475478209707648425e+00
-4.613494354472051917e+00
8.262442166635098673e+00
-8.854580298826331131e-02
-9.709503174255850411e+00
7.974802276888538266e+00
3.480852050288884669e+00
-1.058290105443916396e+01
5.779667859846856715e+00
3.502338103200336228e+00
-6.772479743865612356e+00
3.794758031356469274e+00
-1.029201129434241579e+00
-1.783383825994961924e-01
3.824596050079888343e+00
-8.624206574063951081e+00
6.164177656533277094e+00
6.011711129468320536e+00
-1.595538596365654627e+01
9.869045212500250130e+00
8.574413645713168108e+00
-1.959456083191079756e+01
1.046431272245305699e+01
8.834528945986841464e+00
-1.783544116423774994e+01
9.402894305812397491e+00
4.928049858887066925e+00
-1.155198149612585112e+01
8.868703142259935390e+00
-2.853574098420527339e+00
-3.611921089613465696e+00
1.016884005032378013e+01
-1.194643178691554830e+01
2.781837054980972113e+00
1.274889370566898172e+01
-1.875052057987431553e+01
5.826681317704047736e+00
1.447091859690662474e+01
-2.053181332318729702e+01
5.917448257374978482e+00
1.299818188699709154e+01
-1.689020038499066345e+01
5.079415477846474403e+00
7.427275728252007880e+00
-9.938297952155533466e+00
5.447025405282987620e+00
-8.687027960349000821e-01
-3.093085806979900987e+00
7.770652023094992700e+00
-8.759140105277083421e+00
8.032464434234709572e-01
1.089624745531240890e+01
-1.298541802648298393e+01
9.342026696828567012e-01
1.254258805014220002e+01
-1.196376178982158578e+01
-1.290960246795562760e+00
1.088157684927269742e+01
-6.697393718094540205e+00
-3.346694276241889199e+00
5.913670062605866917e+00
-2.476925932130367158e-01
-3.282885192709276811e+00
-2.592313577812692671e-01
3.938099969355328689e+00
-9.394911697483898649e-01
-4.491157858915212131e+00
3.872769736503522964e+00
2.056291072730615621e+00
-4.385397162282189676e+00
-1.399442464568600997e-02
3.481097609754702837e+00
2.416596297697424234e-01
-5.329888645773408484e+00
2.119864334072455669e+00
7.119922413697167940e+00
-9.262685368270410891e+00
-1.254053515540941355e+00
1.268572555771449295e+01
-1.025034899070416827e+01
-4.178569546584511407e+00
1.398894423879493587e+01
-8.769173821226237564e+00
-3.943513792236912785e+00
1.024847018419447231e+01
-6.794985924733409455e+00
6.861560418807615136e-01
3.167409230792688213e+00
-6.320156585310521713e+00
8.524340184515118324e+00
-4.142695000818351403e+00
-7.891961141705099436e+00
1.640893309885290208e+01
-8.958866276414287455e+00
-1.011917188606359375e+01
2.082443745865342777e+01
-1.038588188421604919e+01
-1.048623091860198997e+01
1.977843728691896885e+01
-9.603065438872448567e+00
-6.991601494114532578e+00
1.384661904181987424e+01
-8.827742196493352012e+00
4.044900467417043011e-01
5.787514710844352095e+00
-9.690695216085291719e+00
9.447865231639127614e+00
-1.029060529880329256e+00
-1.206819307520461493e+01
1.663661904927445079e+01
-4.443734036655240693e+00
-1.411664436044222448e+01
1.907358182206787944e+01
-4.516580560571348713e+00
-1.349580729934586998e+01
1.605220254568416749e+01
-3.170821743180312069e+00
-9.013461922315247676e+00
9.443655110758619742e+00
-2.752025992744221661e+00
-1.643244783985118751e+00
2.653954655821268105e+00
-4.432384796118691739e+00
5.765567905148754058e+00
-1.239186390537108551e+00
-7.461424443060675316e+00
9.972479669223609733e+00
-1.084566808354137102e+00
-9.720537450405917212e+00
9.171205622784965428e+00
1.920183445279528556e+00
-9.216335551552539584e+00
4.072048765837961604e+00
5.178005686329047563e+00
-5.553824071429525944e+00
-2.419625403983626910e+00
6.388431715431117652e+00
-4.312008926325843206e-01
-6.763560806886421695e+00
4.934897292254380119e+00
3.204323104230590857e+00
-6.685765086331408646e+00
2.125041400946013681e+00
2.870102930133476171e+00
-2.325326636894700094e+00
1.714528761890854458e-01
-1.892688913409698692e+00
4.013184594464512145e+00
5.870673900202527662e-01
-9.073217365333508866e+00
9.309882791550794678e+00
3.033885346119176596e+00
-1.516709298249578453e+01
1.158447734163771692e+01
5.382240072289850019e+00
-1.703651813425350880e+01
1.090206743797731015e+01
4.982973372393618483e+00
-1.358514107120586978e+01
9.058359670144541909e+00
3.899328419766261433e-01
-6.283850778485186694e+00
8.194282340604903681e+00
-7.533424631936506799e+00
1.736428580325217075e+00
9.246598761111506803e+00
-1.584060765572756324e+01
7.464321068605448417e+00
1.123216743298091558e+01
-2.098432456055623874e+01
9.598052653269412815e+00
1.183541035539771968e+01
-2.071625575958477938e+01
9.024695189531980688e+00
8.947196251455517668e+00
-1.530192229614294774e+01
7.958769411036190178e+00
2.194707759637848810e+00
-7.343217495346308965e+00
8.328466904967690709e+00
-6.517226917885084347e+00
-3.198163054568308183e-01
1.044410779375161979e+01
-1.384545379014136479e+01
3.289049985414940203e+00
1.278891573364869316e+01
-1.678110241805756075e+01
3.209318191827793321e+00
1.306009299602869334e+01
-1.432732148551333751e+01
1.233010965112292912e+00
9.798197168851643823e+00
-8.088125784120277828e+00
-1.177605905748998483e-01
3.562030305331944202e+00
-1.407797075194133107e+00
7.375823064154800601e-01
-3.128686623675941192e+00
2.446110776183074265e+00
3.472048859044399194e+00
-7.108516774125436477e+00
2.002660437758825296e+00
6.173100193140746761e+00
-6.384206830925494458e+00
-1.774074983602346833e+00
6.723418661731403567e+00
-1.369084537773354260e+00
-6.258030669784393041e+00
4.346410456054031535e+00
5.226463515390131320e+00
-8.833124784958078735e+00
3.137780216994032756e-01
9.818105477254199798e+00
-8.430451486363768510e+00
-2.672155708144475561e+00
9.873519563330658499e+00
-6.008336300766209170e+00
-2.084184882923777238e+00
5.231134222083733576e+00
-3.722703441967283755e+00
2.801088726461591349e+00
-1.935920175066157878e+00
-3.349977963038571982e+00
1.026007124169044360e+01
-8.453018311038199784e+00
-4.984712006278450680e+00
1.689890025921726391e+01
-1.195468082977151170e+01
-6.858205972746999279e+00
1.943672694804167023e+01
-1.209176771113472171e+01
-6.421525622978272452e+00
1.647307386142361452e+01
-1.044662638087095274e+01
-2.038736456778590167e+00
9.216184014982413686e+00
-9.269087629108248905e+00
5.764599988166555278e+00
7.597691035005587068e-01
-9.865769956553762654e+00
1.430627820402821015e+01
-5.649674036179218817e+00
-1.167440205796138031e+01
2.006540842053459528e+01
-8.327770216263830960e+00
-1.261505416401641710e+01
2.057458188657810894e+01
-7.856566273988610405e+00
-1.050390255921927363e+01
1.578480005211705972e+01
-6.413154934813652730e+00
-4.639435197390760379e+00
8.098768784841817947e+00
-6.193881881678345636e+00
3.456630815873825480e+00
1.049161800828660063e+00
-7.941508130863475401e+00
1.065842335181037015e+01
-2.605524077618811774e+00
-1.049543329480581910e+01
1.389968573602009272e+01
-2.262121661130530370e+00
-1.163290101081894434e+01
1.191564777159728727e+01
4.461311189936942867e-01
-9.655343777911348013e+00
6.023582878555892250e+00
2.858218226731157774e+00
-4.700025635990625617e+00
-5.418544357545602708e-01
3.005073045706402102e+00
1.084185111979317995e+00
-4.370215564301826561e+00
7.766694920090870813e-01
4.661492916173363810e+00
-3.689269393312531342e+00
-2.161460980756856110e+00
3.889526456186256809e+00
7.902493750051853283e-01
-3.612572459789041623e+00
-1.115005383782657677e+00
6.457858836109943823e+00
-2.439866519216108642e+00
-7.872700122983238735e+00
1.042332587811792344e+01
5.258451788658531356e-01
-1.280487805638212429e+01
1.117847150614111840e+01
2.867759062587484031e+00
-1.315346565540166957e+01
9.309634282127392524e+00
2.054655950211289550e+00
-8.450766692108929945e+00
6.872299233688263342e+00
-2.888096690450300486e+00
-6.962782639190865375e-01
5.868643841965077712e+00
-1.054919206533211096e+01
6.837108253543592085e+00
6.816575556619594245e+00
-1.769661701523627428e+01
1.143951948796016538e+01
8.331379209411508668e+00
-2.095537147666230027e+01
1.235309622358796489e+01
8.001935778606975802e+00
-1.863881029343794182e+01
1.091913373823434519e+01
4.026559461112153571e+00
-1.166801350490661093e+01
9.457140747643142831e+00
-3.417695691913675837e+00
-3.044688035737711740e+00
9.620160157732453143e+00
-1.195866426859803511e+01
3.806029656760463897e+00
1.127487469821647181e+01
-1.816151423850645230e+01
6.847324801208962697e+00
1.261082344206172046e+01
-1.938240746032450090e+01
6.348958704134765263e+00
1.140532422021644265e+01
-1.526106291285750771e+01
4.417602973473502281e+00
6.639184695844133621e+00
-7.964127105014632946e+00
3.485535574002479375e+00
-5.757227276186398512e-01
-1.021747108871148058e+00
4.721000632296403765e+00
-7.385608598944504166e+00
2.571613339716392943e+00
7.345051760418509268e+00
-1.072247242556721858e+01
1.892625300265558863e+00
9.258324185428746134e+00
-9.081246386969370477e+00
-1.610344494823831241e+00
8.557203668434443244e+00
-3.478750076367640887e+00
-5.178041313729929485e+00
4.959567931481422498e+00
3.004736393159379126e+00
-6.479609336555711252e+00
2.099528565065762464e-01
6.863731208884062518e+00
-4.961765666310942180e+00
-2.836459151272899604e+00
6.046628405032457465e+00
-2.005986191837876298e+00
-1.927237059545553244e+00
9.936897866415996816e-01
1.577899115997410950e-01
3.113344474698920283e+00
-5.746099433508207177e+00
6.053951599774376469e-02
1.006997060631941387e+01
-1.105598427160003538e+01
-1.914083171336950606e+00
1.542000690858759526e+01
-1.301053056211643622e+01
-3.669640389610212772e+00
1.621650452302341705e+01
-1.180928331723592350e+01
-2.710199856221144010e+00
1.168554758061172372e+01
-9.366870359396358481e+00
2.174197151504368541e+00
3.613645210216581916e+00
-7.871350322260940224e+00
9.906261008764435161e+00
-4.686592277444638910e+00
-8.249193107104813905e+00
1.746654520464598903e+01
-1.020830140775645667e+01
-9.517436661698383205e+00
2.143856123277594961e+01
-1.179856715431256120e+01
-9.438779655455801887e+00
1.987439421793484229e+01
-1.053573550384623481e+01
-6.072744987156506902e+00
1.339024316251273561e+01
-8.770758646958414673e+00
7.573411052770300245e-01
4.844270971543041426e+00
-8.476290499491991426e+00
9.030920298765467535e+00
-2.217904332654568655e+00
-9.951356959765325527e+00
1.545891051847728548e+01
-5.442283790822477485e+00
-1.168662465803054396e+01
1.726849589518535666e+01
-4.784086703887117764e+00
-1.145907225020499709e+01
1.379864001595202794e+01
-2.248124438669037328e+00
-7.949765373657250223e+00
6.949207350059263710e+00
-4.673533317263076636e-01
-1.841993610433074302e+00
1.945281806933634172e-01
-1.022757410505032549e+00
4.332102792300255523e+00
-3.280148555766595919e+00
-3.537731353071901896e+00
7.558178924763960360e+00
-2.243800844506182557e+00
-6.079291970002088874e+00
6.122594550961824034e+00
2.064591290342620233e+00
-6.577991814359140044e+00
7.334206072323072867e-01
6.831033802605379179e+00
-4.343145111206342612e+00
-5.724945502404255926e+00
9.396516958169193856e+00
-6.898452502097542904e-01
-9.700559144383756660e+00
8.766315485716276612e+00
1.753708208720880179e+00
-8.887965978860997041e+00
6.006009314943382194e+00
6.643497650395726595e-01
-3.443126380942884701e+00
3.332242569040498203e+00
-4.418562516086478098e+00
4.192712412142489242e+00
2.512851004277043998e+00
-1.157399079177662671e+01
1.072919359273927853e+01
3.610002798382121458e+00
-1.738618723392848153e+01
1.385429378799902445e+01
4.876653050028162184e+00
-1.876055991134498413e+01
1.337427596890854531e+01
3.889991350067770082e+00
-1.462293542675442026e+01
1.102685175565824061e+01
-7.767414504586422908e-01
-6.511643872043254788e+00
9.145054676186749276e+00
-8.398147454502623788e+00
2.280003883908948037e+00
9.044293778460584576e+00
-1.621656890617256153e+01
8.500811721868819504e+00
1.015616471129566278e+01
-2.082965587645714933e+01
1.062389768369038023e+01
1.045161549939137480e+01
-2.005983870898465682e+01
9.448518945941255964e+00
7.881449954841260208e+00
-1.420810438065450221e+01
7.320157854384332197e+00
1.916151146086480406e+00
-5.942027954207818041e+00
6.501129543717823367e+00
-5.811414030572384704e+00
1.130691510429118196e+00
7.721352604558917143e+00
-1.221608290617163206e+01
4.378095240216490325e+00
9.801618433556360088e+00
-1.444700298498475100e+01
3.443048433945818054e+00
1.055927500622532200e+01
-1.155958093263422626e+01
1.985007659224522492e-01
8.400471647621767346e+00
-5.162481493172594860e+00
-2.560272684781013997e+00
3.569860072544122076e+00
1.376197804527223845e+00
-2.858520074437000069e+00
-1.765094022156612041e+00
4.726857578814087191e+00
-6.555764421430436695e-01
-4.697360149333445811e+00
3.366552117346329531e+00
2.323310053989951385e+00
-3.339377056454132742e+00
-1.697826544444965613e+00
3.886083397563287800e+00
1.912969430672606164e+00
-7.643461862367809445e+00
2.952450942071644491e+00
8.409455019177439539e+00
-1.152364138555548578e+01
3.915184557828110812e-01
1.260083244846954109e+01
-1.191258485762891617e+01
-1.436567449805368213e+00
1.195713844244839308e+01
-9.534504781148003261e+00
-1.767650746269620043e-01
6.340278439221044948e+00
-6.547464912841498119e+00
4.905987238961408536e+00
-1.961614538047083300e+00
-4.980526552055945189e+00
1.221206481820465939e+01
-9.541620263122926104e+00
-5.333452490524167366e+00
1.848352509869247839e+01
-1.373977614110833834e+01
-6.231957198616829174e+00
2.052359406477630799e+01
-1.397098413834026864e+01
-5.362662787257306718e+00
1.697037414576945480e+01
-1.176505379928548045e+01
-1.103323489818833991e+00
9.084214712297171701e+00
-9.558967107707108113e+00
6.185902792973075215e+00
8.126286674822358336e-02
-9.033285742940233121e+00
1.405579354458041053e+01
-6.599360773265509295e+00
-1.004222226694779430e+01
1.917565533120066590e+01
-9.084377429812009908e+00
-1.079776812868445290e+01
1.917603405034837394e+01
-7.883297396075273689e+00
-9.175255478282824839e+00
1.404000744044194349e+01
-5.300674243164698041e+00
-4.299902940424452424e+00
6.202980847686228039e+00
-3.855494656922653363e+00
2.612487456170904387e+00
-7.226453827665526575e-01
-4.701996367156528578e+00
8.735716238676021206e+00
-3.869096899077018925e+00
-7.016749280312682302e+00
1.119385356615064353e+01
-2.572986116144811319e+00
-8.699611462209478674e+00
8.781742129636928240e+00
1.453243364891390499e+00
-7.913165026770324850e+00
2.798607604265520354e+00
5.293470178538904669e+00
-4.462401536071642916e+00
-3.540836167452758865e+00
6.604745074800624671e+00
-1.146592279192759634e-01
-6.809891031014998930e+00
4.920904466332983063e+00
2.380929956426022009e+00
-5.212697801721603241e+00
1.721104281581633977e+00
9.993324731968131758e-01
4.963951086663707102e-01
-7.258912814134794722e-01
-4.174911590972031128e+00
7.533419126709826941e+00
-9.764275071607637635e-01
-1.076088239395894419e+01
1.271080204190227647e+01
5.545001400676614622e-01
-1.526167800783015061e+01
1.419087931597941221e+01
1.810169998774005862e+00
-1.495618886245038759e+01
1.233831328047439513e+01
4.415482132083470290e-01
-9.407395624942777701e+00
9.209841022965562729e+00
-4.547554727360418880e+00
-7.071268876918459512e-01
7.055252862962420046e+00
-1.190271103943098652e+01
7.680876291608369044e+00
6.797590743348633779e+00
-1.857421270554205250e+01
1.279435141543007859e+01
7.453312860824725661e+00
-2.131242563495149511e+01
1.366690623429139961e+01
6.853295826293816617e+00
-1.848709879518808208e+01
1.159494061566334366e+01
3.204144517775812329e+00
-1.105722347936210426e+01
9.078930386896654881e+00
-3.507300328547993562e+00
-2.106619924370312980e+00
8.137161103689130925e+00
-1.118310352290260923e+01
4.796274069242389970e+00
9.049876956564272490e+00
-1.662232648249077016e+01
7.464749632744648977e+00
1.030106045153537053e+01
-1.730667110904843753e+01
6.112948430863372806e+00
9.726870522132593067e+00
-1.290613455560579048e+01
2.970480064634462014e+00
6.121918042506648838e+00
-5.588483859153132727e+00
7.769639711636047164e-01
2.633443806182702573e-01
1.084503738436959352e+00
1.098876277440643534e+00
-5.331985871576338631e+00
4.053395048766450515e+00
3.490042264727235555e+00
-7.816497793417020112e+00
2.358129772906771393e+00
5.975403016157847524e+00
-5.752201380570518552e+00
-2.476618697181447892e+00
6.511150651716053339e+00
-1.164713674851139413e-01
-7.458336388339769307e+00
4.470608984518801066e+00
6.073066297599599928e+00
-9.908260099258578535e+00
1.193809204362230147e+00
9.340415537300085447e+00
-8.934029514917313008e+00
-7.744258460499597874e-01
7.639142994966603872e+00
-5.734697180955850015e+00
6.911648783347841274e-01
1.453451901472178953e+00
-2.608619385259195234e+00
5.812800233322132470e+00
-6.520049402638194991e+00
-1.330364294950260096e+00
1.251086005021494429e+01
-1.290541757018464963e+01
-1.939180493933895910e+00
1.739076512249805972e+01
-1.548091735380273448e+01
-2.711320793382511418e+00
1.757778296369300008e+01
-1.424137904335522720e+01
-1.340379604174089856e+00
1.233674797550749247e+01
-1.110313848694240413e+01
3.414887612354862600e+00
3.523544171147905413e+00
-8.494493899418522176e+00
1.066521428589818044e+01
-5.402134974198916417e+00
-7.742178079216577302e+00
1.761828691488160459e+01
-1.122708977018156951e+01
-8.266313952159919154e+00
2.102415229744731562e+01
-1.262126176352382600e+01
-8.075422496853395415e+00
1.901037630091311925e+01
-1.062771738561215784e+01
-5.232547282170596503e+00
1.221840526666768056e+01
-7.771002808250932148e+00
6.508501715257690723e-01
3.548646186187447427e+00
-6.376409539520349057e+00
7.865896097369192930e+00
-3.360450339245158347e+00
-7.148937964930937028e+00
1.339860202973273928e+01
-6.045975758907327524e+00
-8.873275438113020996e+00
1.462897173571811216e+01
-4.425583936098752780e+00
-9.385396384441737183e+00
1.092583135106608694e+01
-6.212836486173980433e-01
-7.171149948252923068e+00
4.160280926029964910e+00
2.445813306926824637e+00
-2.556018126785766675e+00
-2.209018965691714520e+00
2.815005336580701290e+00
2.296777325121631463e+00
-4.976422486509720855e+00
5.388406125896527676e-01
4.620402661734920535e+00
-2.897964946992964030e+00
-2.574512681006885462e+00
2.775360308589695180e+00
2.715155491384029673e+00
-4.316862275361129875e+00
-2.589910292990195373e+00
8.841137076683862617e+00
-3.646486214919120172e+00
-8.695096596587189808e+00
1.250458644678383635e+01
-1.457546777609811883e+00
-1.206310665399470317e+01
1.239440708491380327e+01
-4.913720959527267951e-02
-1.042279467003765703e+01
9.401125499746129321e+00
-1.609520179514510652e+00
-3.974218368031052329e+00
5.805845307387061283e+00
-6.659751134747766699e+00
4.721597168085171603e+00
3.676631866640478030e+00
-1.345029237892884311e+01
1.215741490116102952e+01
3.499778323310223538e+00
-1.873891248663343134e+01
1.576338035407801819e+01
3.908338968821175818e+00
-1.953892899763687296e+01
1.516237492995376890e+01
2.673786495469448798e+00
-1.482409020013183643e+01
1.209579796763445003e+01
-1.671195214745506696e+00
-6.179557221544944134e+00
9.127540119098519256e+00
-8.618031233446613371e+00
2.999369827851822823e+00
7.963912010174656331e+00
-1.567871071886875356e+01
9.304184424251360497e+00
8.436843387415265738e+00
-1.965779866309525659e+01
1.106550628736612296e+01
8.764460663348980773e+00
-1.847327629101930313e+01
9.058571825399059918e+00
6.897226340267910594e+00
-1.244049002008991245e+01
5.793850106804074862e+00
2.075834568738142760e+00
-4.230550787942997992e+00
3.869822727838548637e+00
-4.411338675624386418e+00
2.506714670484250895e+00
4.410086643703189146e+00
-9.791975332156546585e+00
5.072599185592151727e+00
6.525937381045096686e+00
-1.139425799557680286e+01
3.091111927790159974e+00
8.094221564338413444e+00
-8.304096576146577036e+00
-1.454722121073229069e+00
7.320855304537237096e+00
-2.073357670416153375e+00
-5.504563212470099387e+00
4.075763408376968044e+00
3.991562536490071977e+00
-6.727820599674401159e+00
1.314305596975513524e-01
6.585017631119733927e+00
-4.773099028927735077e+00
-1.875993575386861956e+00
4.194971546940411855e+00
-1.241957857454230041e+00
-1.392830129159978725e-01
-2.104635042744133600e+00
1.538611060550385989e+00
5.024380820092475552e+00
-9.311900602556130835e+00
2.136370675923983775e+00
1.110879119964295825e+01
-1.420048979891580210e+01
9.896627451460870972e-01
1.468427029845877918e+01
-1.505654119552918502e+01
1.159363493188783067e-01
1.328457971954505368e+01
-1.244026455243049156e+01
1.729844474976467872e+00
6.816056755498673070e+00
-8.570352351634156207e+00
6.640276250320522600e+00
-2.342496145382784167e+00
-5.767276008631680995e+00
1.345312640962074724e+01
-1.061288779569324348e+01
-4.950635510443540888e+00
1.912812671047109347e+01
-1.512038152920875334e+01
-5.128647263704846360e+00
2.061224233757506141e+01
-1.512186374557179747e+01
-4.184561072391767667e+00
1.660189774908561589e+01
-1.215436875480419054e+01
-4.471065420499160670e-01
8.382778561216893465e+00
-8.874594271512556531e+00
5.966213531096267175e+00
-7.724143800355811607e-01
-7.340413500492728005e+00
1.291520080787313951e+01
-7.318215520231873938e+00
-7.799114739373999683e+00
1.731489227921748153e+01
-9.275958009120754966e+00
-8.708847124054091893e+00
1.691200529554596699e+01
-7.143620203034648952e+00
-7.941847007785115764e+00
1.169495179872570567e+01
-3.380796705496608379e+00
-4.379815875455795648e+00
4.065692599667810825e+00
-8.223070996578925040e-01
1.133325575777984540e+00
-2.371380148041549063e+00
-9.989839523663861520e-01
6.117611995213323439e+00
-4.724354462515224284e+00
-3.371075299791222335e+00
7.900517506205106955e+00
-2.329927751466620123e+00
-5.898544279045452754e+00
5.308679335804131760e+00
2.997978794113182133e+00
-6.542642654601304564e+00
-4.416086025890995082e-01
8.105103632546335035e+00
-4.723085739676541550e+00
-6.241735166923391809e+00
1.032190306410226732e+01
-1.792582303588042159e+00
-8.732694507692718489e+00
8.889656922412942919e+00
-2.102926753527452064e-01
-6.153315524784702006e+00
5.167050946898654296e+00
-1.915987785279619438e+00
6.810274814159269496e-01
1.552133123483007582e+00
-6.921855627873641836e+00
8.838784970083830572e+00
-1.637857063460765872e-01
-1.302920225500916374e+01
1.489426128358718771e+01
3.843982598230066827e-02
-1.690447039282194197e+01
1.675533317629951924e+01
4.531867700631995177e-01
-1.591990990557801311e+01
1.463750278711157726e+01
-1.124963093596051067e+00
-9.683810710204989292e+00
1.065483165625489193e+01
-5.778733249241113867e+00
-3.490770222151772795e-01
7.336686951783586430e+00
-1.249098290374794118e+01
8.497218056252943796e+00
6.016546186212779368e+00
-1.847194980362693784e+01
1.372482522583050013e+01
6.091016455834365573e+00
-2.065128471239434305e+01
1.423822798883490748e+01
5.587747047433351710e+00
-1.746869401681556155e+01
1.134603593950935085e+01
2.657013624842941013e+00
-9.888590614729476869e+00
7.755693013023910787e+00
-2.979233197869839422e+00
-1.006497505060986342e+00
5.845179525588612535e+00
-9.567472119148185072e+00
5.554680970040300814e+00
6.276155443036322445e+00
-1.418889688963643181e+01
7.541601730054273922e+00
7.775385263486660037e+00
-1.446199402859350158e+01
5.170140855750329223e+00
8.174373243962016033e+00
-1.005486490010022393e+01
8.135368390832262708e-01
6.015009818588618273e+00
-3.066993927182567248e+00
-2.496954815051938947e+00
1.681213410619003312e+00
2.996738559512380107e+00
-2.840218863621579715e+00
-2.684593782889229452e+00
5.095194056756543688e+00
-3.891456633008050225e-01
-4.460007952879658788e+00
2.287234421246527205e+00
2.941670296798591266e+00
-2.240334742061273143e+00
-3.811056854388894521e+00
4.909658566277941283e+00
3.104241084325771283e+00
-9.999590812418365005e+00
4.498689503850071603e+00
8.704689306382757508e+00
-1.330749118387759822e+01
2.621205680366204049e+00
1.119552657360008396e+01
-1.257299080810432024e+01
1.517642228324947773e+00
8.588655830746803943e+00
-8.880396653336131152e+00
3.224617903374683792e+00
1.422761381582282603e+00
-4.650409053766652256e+00
8.078054416755950484e+00
-7.491619229622818565e+00
-1.996256199027237832e+00
1.421677218379013041e+01
-1.458597599852008209e+01
-1.388535937351551119e+00
1.845203621385882897e+01
-1.742262079368931182e+01
-1.457924702068702061e+00
1.803221851553725585e+01
-1.586579584485984284e+01
-4.270715260363466825e-02
1.226921661354011484e+01
-1.188666720533965915e+01
4.196605784087524604e+00
3.050698598029887965e+00
-8.178704415880751810e+00
1.063700891797371284e+01
-6.089540793262656848e+00
-6.464957227501541226e+00
1.678584435243523387e+01
-1.181985974187041144e+01
-6.538854070053614187e+00
1.960716258472288231e+01
-1.271284694290286765e+01
-6.603844445144245512e+00
1.731121987614174884e+01
-9.829977188398990151e+00
-4.660831753320334947e+00
1.052694245395455752e+01
-5.888473391253542744e+00
-3.833891251469134787e-02
2.122995556245379056e+00
-3.551821075505291692e+00
5.929743733227127223e+00
-4.259524654859807136e+00
-3.890425926011455537e+00
1.054466646780724126e+01
-6.130669412176641409e+00
-5.925965165919937050e+00
1.134317383994572914e+01
-3.423423463799277755e+00
-7.489353058949721920e+00
7.686559065303262273e+00
1.609566105224204069e+00
-6.809199798460896069e+00
1.345210603171832719e+00
5.783580196742236446e+00
-3.802929452664603360e+00
-4.326205563426950285e+00
6.810161777016219276e+00
-2.369739338797511863e-01
-6.182077239292974369e+00
4.482802899443414368e+00
1.365491611727957633e+00
-3.015864834497062219e+00
5.495209224352199939e-01
-6.004530501549103505e-01
3.781235989870402214e+00
-2.588558517341661869e+00
-5.615999685034317679e+00
1.101371679209578147e+01
-3.502257108465339996e+00
-1.108978885399294789e+01
1.545350062626720167e+01
-2.651944111130667636e+00
-1.369688454482395557e+01
1.554819545511228362e+01
-2.022799967129738974e+00
-1.124799149788141506e+01
1.208213725571454766e+01
-3.712766261761088593e+00
-3.990987534507322909e+00
7.451090908675680247e+00
-8.372442057131561199e+00
5.434221780426206294e+00
4.048630618296103378e+00
-1.450461620898462023e+01
1.337660199585676146e+01
2.783835606302925481e+00
-1.911372166359337044e+01
1.709309596776232354e+01
2.642660184117308297e+00
-1.936584881795305435e+01
1.609805661460609372e+01
1.540385922041952238e+00
-1.428469920009008476e+01
1.218617735246564493e+01
-2.098912800775594611e+00
-5.458975263479157292e+00
8.169906877685283675e+00
-8.058509529101863578e+00
3.691394254141190157e+00
6.133401849546347151e+00
-1.418644896091097252e+01
9.690724625455947816e+00
6.270809407793768386e+00
-1.753453656389902449e+01
1.080619310783855447e+01
6.991522496534923192e+00
-1.611698932198861556e+01
7.838528420587882906e+00
6.179806109697341121e+00
-1.022089956982852854e+01
3.475034085962073860e+00
2.780056527510680553e+00
-2.444283211706135717e+00
6.270977074741850288e-01
-2.319319346542009441e+00
3.611278322695698151e+00
7.633650284643973549e-01
-6.690188775788247000e+00
5.259729878110646517e+00
3.223771218630252733e+00
-7.836076285997952695e+00
2.153937517652075861e+00
5.880673375374667167e+00
-4.831009070704014086e+00
-3.607061374040627211e+00
6.682890197288586798e+00
9.037400511432545080e-01
-8.731078707590587129e+00
5.084215363766692697e+00
6.210658874916085814e+00
-1.059156699307015437e+01
2.444358593557387493e+00
7.884777818624431944e+00
-8.596371179740490476e+00
1.141160367553161414e+00
4.469532089498241767e+00
-4.288346859191022986e+00
2.946581140314955327e+00
-2.893649316074248468e+00
-1.788456383186372012e-01
7.693747008953756961e+00
-1.106583783927312936e+01
1.920238186285410542e+00
1.310341325791706879e+01
-1.661192565667676746e+01
2.013873117903036913e+00
1.593828103218758230e+01
-1.760964218692040717e+01
1.801001375359958079e+00
1.383735532048939021e+01
-1.452458838336249158e+01
3.405997056570765125e+00
6.748458314560587645e+00
-9.682180117598829128e+00
7.781821210665574640e+00
-2.906343564388759404e+00
-5.711660496371493423e+00
1.381784035455795845e+01
-1.145606879250808774e+01
-3.941541496590062366e+00
1.875910164724703577e+01
-1.589896711459486411e+01
-3.726868400217356214e+00
1.973464287104510362e+01
-1.540853087149398704e+01
-3.092111178003571048e+00
1.549501733332566644e+01
-1.157451873088766092e+01
-2.487454838036600446e-01
7.302915915581729145e+00
-7.283637903375596245e+00
4.999162464579708143e+00
-1.593038262578401643e+00
-4.949095384083896931e+00
1.087977029564524045e+01
-7.632135358758366017e+00
-5.165264365977069616e+00
1.458636650144558899e+01
-8.807526915447585480e+00
-6.576183235151255246e+00
1.397584031635260615e+01
-5.650269906426684585e+00
-6.985741026585150060e+00
8.994895973694861269e+00
-7.793543198869893329e-01
-4.971044232839532562e+00
1.933665943914959051e+00
2.686493916177258079e+00
-9.572878123832433417e-01
-3.700917625916380516e+00
2.896117109131924217e+00
2.943740594996115512e+00
-5.068738490508401640e+00
1.717408272923695023e-01
4.251406093041026679e+00
-1.548486813687496522e+00
-3.443353300979630660e+00
1.777033005745488392e+00
4.946133206749586009e+00
-5.657911876239378302e+00
-3.420975204882164444e+00
1.106429372670933020e+01
-5.474247493107347040e+00
-8.425261396924121016e+00
1.387708747888379968e+01
-3.822969977574878442e+00
-1.001673969079050863e+01
1.240755564931569310e+01
-2.894520577819391427e+00
-6.507273324615241883e+00
7.958709394781861235e+00
-4.593592984836754489e+00
1.233518081437139813e+00
3.102224443640238416e+00
-9.101604292843223476e+00
1.017590850284633497e+01
-4.023089698218296206e-03
-1.448225030988062656e+01
1.673317517627726048e+01
-9.142596274840688597e-01
-1.763289264988103255e+01
1.864207319540899732e+01
-1.015820020885781716e+00
-1.605428569806458228e+01
1.603814422254696481e+01
-2.425504644517910702e+00
-9.390628330301996840e+00
1.113437324065096590e+01
-6.383059411555188412e+00
1.972355090468533856e-01
6.749117984404905179e+00
-1.218273355730484475e+01
9.081628301908535761e+00
4.606063587276773674e+00
-1.735598324721431140e+01
1.405398002214634090e+01
4.438359095018961753e+00
-1.904305330769564364e+01
1.396303068702776784e+01
4.410837630492404848e+00
-1.574325273836216788e+01
1.017039017612974661e+01
2.549955402927789994e+00
-8.373700226536286095e+00
5.593208115129900904e+00
-1.752776412665075778e+00
4.118181822253141888e-02
2.938494258767121892e+00
-7.139604750051044668e+00
5.914840883812529704e+00
3.195958508751636451e+00
-1.099796481088399247e+01
7.001577623867384581e+00
5.271177725945407566e+00
-1.107030965967074110e+01
3.558041622890111277e+00
6.927089205156584661e+00
-6.971781271999123675e+00
-1.902216224431585445e+00
6.397962134173010185e+00
-6.542917165604080765e-01
-6.096657656495567679e+00
3.636944270319284467e+00
4.521672335563033052e+00
-6.812948615330648217e+00
3.999164390675300496e-01
5.604832325336091436e+00
-4.020568238352405288e+00
-8.964597084727072840e-01
1.708572507993947553e+00
3.641609757825539084e-01
1.170718085070387104e+00
-5.468929071775043838e+00
3.854828153655829759e+00
5.913889318263733763e+00
-1.256948272039455539e+01
5.023259004570729047e+00
1.069489336523233725e+01
-1.640397484803824568e+01
4.357221417345495951e+00
1.232577810772520799e+01
-1.561918448617711164e+01
3.822493622898043064e+00
8.908606383418057106e+00
-1.124874488577195208e+01
5.421849261717456514e+00
1.022784321560836318e+00
-5.874699622304693669e+00
9.677547726554344365e+00
-8.463226646392143948e+00
-1.959057649892741004e+00
1.502336546053073718e+01
-1.587065345793643978e+01
-3.864034579616613119e-01
1.853802915440968846e+01
-1.863181367326791360e+01
-1.009160767504286849e-01
1.762147406705826569e+01
-1.654857344506871897e+01
9.735815866039363442e-01
1.161706963564237682e+01
-1.168363175131929488e+01
4.344641612066677538e+00
2.386231017084054606e+00
-6.997103834788028998e+00
9.724796376389356567e+00
-6.548916762438993011e+00
-4.579174718579672287e+00
1.497510452724597840e+01
-1.182859053179407027e+01
-4.545635495903537660e+00
1.729742779038872058e+01
-1.199913420891157756e+01
-5.231866182519786967e+00
1.496826065814839346e+01
-8.175919022798565194e+00
-4.510763216822752497e+00
8.547546885764953473e+00
-3.263915576060281154e+00
-1.368506748958402408e+00
7.882985839976424103e-01
-2.257357415316887383e-01
3.278566075997327633e+00
-4.755077929823673166e+00
-4.369819975619639862e-01
7.062115000115937846e+00
-5.635930526315829248e+00
-3.089291855657275043e+00
7.655899401379201663e+00
-1.835459423239075960e+00
-5.946602639547387881e+00
4.358999295701297072e+00
4.274112055241733543e+00
-6.932170325327837723e+00
-1.238302351447395200e+00
9.292892528406778041e+00
-5.527602260678552426e+00
-5.969921500898390576e+00
1.067466740582066898e+01
-3.100566545285381004e+00
-6.816681348400703833e+00
8.026869240122744387e+00
-1.957890997282973444e+00
-2.638384629105108736e+00
3.097920542921869025e+00
-3.725419644825139542e+00
5.110557847075798854e+00
-1.479432703916181868e+00
-8.089183152268446975e+00
1.311769863677461245e+01
-3.875590896484159664e+00
-1.272535827316365520e+01
1.798195725985239335e+01
-4.130303602420487330e+00
-1.452232699211343103e+01
1.799042386817115613e+01
-3.952684078957003244e+00
-1.139772566844769841e+01
1.388402068372905518e+01
-5.409145915661232706e+00
-3.626858653269293242e+00
8.206595979319054379e+00
-9.351780350529841357e+00
6.133236143273220087e+00
3.678670327789175687e+00
-1.460769165757301025e+01
1.417408766490684080e+01
1.605285386413774606e+00
-1.848293261765243045e+01
1.766687915279904431e+01
1.276880777009266277e+00
-1.831785132792453652e+01
1.608380835415763599e+01
6.900423133398372322e-01
-1.316460757024149508e+01
1.130425810177525747e+01
-1.907981948080287093e+00
-4.553357766413483887e+00
6.382810089754509697e+00
-6.655808184572283182e+00
4.158934305505217921e+00
3.743731583841190869e+00
-1.178358107738408478e+01
9.519062173004513738e+00
3.885744459700351428e+00
-1.460620406743398902e+01
9.798573282814961871e+00
5.343869075173770078e+00
-1.321164749517224912e+01
5.853314119868723964e+00
5.872754612414395226e+00
-7.799150967256475830e+00
5.347712739413144067e-01
4.068048045937042723e+00
-8.096251380776484652e-01
-2.979886887720819999e+00
3.850850045895741758e-01
4.290320772792068027e+00
-2.943448176626232815e+00
-3.098001864980519660e+00
4.892759253709366263e+00
1.431987487837833584e-01
-4.033422375140913729e+00
7.056691977272633309e-01
4.088573223308574534e+00
-1.425441216221189578e+00
-6.074660596685503400e+00
6.543528986911100631e+00
3.513997996932419099e+00
-1.198024445285290440e+01
6.528067923054635457e+00
7.857069480191092303e+00
-1.416448334022510380e+01
4.997374645783451363e+00
8.560029794527894254e+00
-1.186993827120938505e+01
4.105996045994682930e+00
4.243770192245285955e+00
-6.639226267965372408e+00
5.649641272736992015e+00
-3.906747168444963059e+00
-1.200158816825463770e+00
9.685997366610719084e+00
-1.267887627710393694e+01
2.252313357840132646e+00
1.423688321632306497e+01
-1.851324752253058392e+01
3.312924863490414040e+00
1.631209054112264312e+01
