4.942484997749374109e+00
-1.824973886484921870e+00
-1.550282427792249784e+00
4.250484271464369801e-01
2.623456929032830232e+00
-2.455170035251296845e+00
-1.589290522935219441e-01
4.545255525919411621e-01
1.796976842661566209e+00
-1.949643068858691652e+00
-1.136057141763884948e+00
2.589284455328229484e+00
3.637712993322932409e-01
-3.236477019925138698e+00
1.189585368635064588e+00
3.031803108966358629e+00
-3.294506864144919778e+00
-2.726440318480162217e-01
1.804721688509177469e+00
7.574045221437378794e-01
-2.862390095183465100e+00
1.406531956401404271e+00
2.543061197075535684e-01
1.420308639939953821e+00
-3.706753509549304937e+00
2.277972110775865033e+00
9.342410261030384966e-01
-4.171616426282376278e-01
-3.695557551162446330e+00
5.320166625437014574e+00
-2.025538610579058929e+00
-1.039537053435788394e+00
-6.469308622900213912e-01
4.031313031117994328e+00
-3.888375076630223859e+00
1.252584399628593914e+00
-1.020727067579737080e+00
3.344313143765166529e+00
-3.615515535526454549e+00
8.548370068095971774e-01
1.716719777865423069e-01
2.914592517873044297e+00
-5.499771625059451274e+00
3.183359776069909941e+00
8.240169103194374678e-01
-5.450664586059659200e-01
-3.325560634357013434e+00
4.707658456833895499e+00
-1.878840039047807942e+00
-2.737791427031881497e-01
-1.298258565761234884e+00
3.064972720646601534e+00
-1.509213466444510710e+00
-6.171544453075819003e-01
-8.055113442691759218e-01
3.690773652056605680e+00
-2.810652133111032569e+00
-1.255346320425391848e+00
2.471140181397004643e+00
1.037815277903096911e+00
-3.792688859038914284e+00
1.597596248057585155e+00
1.997486065403380584e+00
-1.740777355839104201e+00
-9.981603670352108271e-01
1.164171376053538820e+00
1.289312880201615164e+00
-1.735565302772890783e+00
-6.950890675491000481e-01
1.344250629819816467e+00
1.832218436763363378e+00
-4.171912086420469734e+00
1.728208324909032534e+00
1.897138628312509123e+00
-9.732811270138048698e-01
-3.227918926458901439e+00
4.486292150028296177e+00
-1.495191605190247408e+00
-5.134283744020489149e-01
-1.398715813589419765e+00
3.464462924247448505e+00
-2.162533731162616935e+00
2.942637555706173469e-01
-1.830856500340485304e+00
4.588382734424474307e+00
-3.622921712001714312e+00
-1.138550974151515405e-01
7.155088404038671968e-01
3.133341206974608717e+00
-5.707633766640277884e+00
3.218822350147381162e+00
2.911562110200600628e-01
3.794032016430950449e-01
-3.457708447826519205e+00
3.724776584134286583e+00
-1.285552946356358639e+00
8.431846176873114551e-01
-3.189001662232340717e+00
3.752316973204858019e+00
-7.551401671827244755e-01
-1.155847693349483007e+00
-1.520252005306405030e+00
4.874894697838925595e+00
-3.500257225888351975e+00
-7.691471986456133170e-01
1.663199011573697872e+00
1.638792032309015934e+00
-3.573542777145000571e+00
1.382845417830229628e+00
8.720420492144916880e-01
3.395327948556018938e-01
-2.125616935094177595e+00
6.029809119157194530e-01
1.986326518036677591e+00
-9.606564902434516773e-01
-2.434368393430371480e+00
2.486055047734389234e+00
1.584485955710015048e+00
-3.899750693886721464e+00
1.145875788370046333e+00
2.171478561691961850e+00
-9.884021134061160563e-01
-2.462693517156604450e+00
2.817420859040337788e+00
-3.942848638569138586e-01
2.503224544257953710e-02
-2.433284827993563493e+00
3.097998394161624258e+00
-4.398908462718997825e-01
-9.541210285665182589e-01
-2.001636737694225232e+00
5.180245098481190524e+00
-3.555063654193090006e+00
-5.152527168662586199e-01
8.077363840330353817e-01
2.958180891944890867e+00
-4.925266381808158123e+00
2.595293400042384846e+00
-3.683953464245983689e-01
1.766695072578124748e+00
-3.752084946256506903e+00
2.475068678804450251e+00
-2.177942554626497440e-01
1.439213762573588795e+00
-4.675599725448158495e+00
4.450272227122450630e+00
-4.757327581224095603e-01
-1.314539914978174906e+00
-1.870480102245448473e+00
5.112079664042180838e+00
-3.576104873069807510e+00
-6.978068912981694183e-03
1.698746017806129771e-01
2.483536038404587032e+00
-2.952266059634546469e+00
5.914275370929831244e-01
7.710134347616648398e-02
2.386107098128856130e+00
-3.474318716620644398e+00
4.676179651297401874e-01
2.374737464248334540e+00
-4.440431872880925557e-01
-3.435347432241707466e+00
3.183548644311202214e+00
9.077322997707790719e-01
-2.747831134407461739e+00
1.826854445604162158e-01
2.020604794588176212e+00
-3.877845836827290560e-01
-1.834451266922941137e+00
7.900423538773795329e-01
1.193216873902772424e+00
1.741506343874231755e-01
-3.278114110555357730e+00
2.897484631977343295e+00
8.255180270812034760e-01
-1.991974953496232770e+00
-1.642122640446323167e+00
4.815919181098898605e+00
-3.015204592174701048e+00
-5.142985758903007021e-01
2.654841782163743780e-01
2.798964960493261600e+00
-3.486314877829160608e+00
1.263309788646978404e+00
-7.101690484992686514e-01
3.171472814270607010e+00
-4.217904208854581505e+00
1.433510088529680981e+00
8.660388341474711815e-01
1.497289665151450677e+00
-5.307613573520558958e+00
4.716269942917014291e+00
-5.948962635874164295e-01
-8.117007617568630096e-01
-2.225608114468913712e+00
4.565832534363835293e+00
-2.840961579793107816e+00
5.687348484811387550e-01
-1.633054954625312361e+00
1.744179473600600971e+01
-7.276458914482571316e+00
-5.168519360851643540e+00
3.764074877626950144e+00
5.682242610384785841e+00
-7.736855871853776989e+00
2.326363005032126008e+00
-1.262533536110309829e+00
5.369082872554529651e+00
-3.357364221643433844e+00
-5.890076363867486009e+00
8.038896001118871482e+00
3.056986800321457753e+00
-1.212229921268654920e+01
4.474914086481554421e+00
1.043261458884052040e+01
-1.249044744150034525e+01
9.319247057670012602e-01
6.164558527997403559e+00
-4.382796029341955446e-01
-6.496339144469853721e+00
4.937811059122216406e+00
-2.224611713395571400e+00
6.731112446504470270e+00
-1.091196835011833777e+01
4.467120178199019520e+00
4.932426159623561013e+00
-1.247805194838324638e+00
-1.318873158807014789e+01
1.854035071325900219e+01
-7.212747318713649491e+00
-4.296999166161524109e+00
5.454265924420855782e-01
1.066536215651834496e+01
-1.297476177907831385e+01
6.936859102817527045e+00
-5.280358030750764264e+00
9.329935168274266388e+00
-8.171067522408726802e+00
7.163946818835240649e-01
-2.569544898892370810e-01
1.141156763850236544e+01
-1.885103297581241577e+01
9.891842887616061120e+00
4.173842695023573413e+00
-3.870093812100364516e+00
-9.237215419193367083e+00
1.585904364545754675e+01
-8.654887168389818086e+00
8.513562253188009521e-01
-2.652802943482880593e+00
6.306457100365745916e+00
-2.940020398939143575e+00
-5.319706062343394493e-01
-5.370411031367739341e+00
1.299725813572326238e+01
-7.869029447640769170e+00
-6.047759826470644917e+00
9.407016317568720254e+00
3.041670284437246075e+00
-1.338663627815710910e+01
7.352474412354672140e+00
5.113117005409556270e+00
-7.011567977257539219e+00
-4.287382330433639477e-02
2.199962782523743776e+00
2.203020129691751094e+00
-2.240127298867131245e+00
-3.452446698196020680e+00
2.592771006495318886e+00
8.294520118422830990e+00
-1.424124327791634670e+01
4.605265721737358042e+00
7.885296900089639571e+00
-4.857622853652943107e+00
-9.716220258081985861e+00
1.571664065609258643e+01
-7.271873186205716877e+00
-6.722724250560627723e-01
-2.301567802393514661e+00
7.618280991173834948e+00
-5.710034742774594996e+00
3.016858998243947543e+00
-8.592115064383438749e+00
1.512353217219327917e+01
-9.632926796893274357e+00
-2.705161508331876519e+00
3.452062169837312844e+00
1.030571041121011078e+01
-1.967967287739373816e+01
1.199877603100464540e+01
6.293333019083418023e-01
-9.614452765644054821e-01
-7.913959727728382632e+00
1.094116588456498818e+01
-6.395795221019060506e+00
5.606102945681431748e+00
-1.040948489443415426e+01
9.367982355784771897e+00
2.727849511184832210e-01
-4.232603797994588746e+00
-6.181680500226233832e+00
1.726676291771231320e+01
-1.214512389199235898e+01
-2.875344195915205958e+00
7.306912948221254922e+00
2.855124357430722348e+00
-1.097107903474110380e+01
6.792798537027927352e+00
-9.498333995130492369e-02
1.210846018435904892e+00
-3.903473742603924102e+00
-8.518482163061791290e-01
6.288362481368206858e+00
-7.471437625217196565e-01
-9.840858011195559030e+00
8.259703643998546951e+00
6.214534717255192575e+00
-1.420807257529502721e+01
5.010680769963670400e+00
7.233267895114739332e+00
-5.497310308280374258e+00
-5.304741949969395520e+00
8.964983571024760067e+00
-4.064916652301022282e+00
2.693770871933905298e+00
-7.234570926520834888e+00
6.820997426314107770e+00
9.958546430680605965e-01
-2.832475829931119904e+00
-8.273913976248010727e+00
1.812578959382272004e+01
-1.162758095657534696e+01
-2.782762089781722459e+00
4.753081369530657518e+00
7.545539380041820010e+00
-1.594236491206840967e+01
1.080208202522000249e+01
-3.408480140876845699e+00
4.794471656953344763e+00
-8.570070138634783063e+00
5.380102201692794850e+00
-1.365785184590294854e+00
7.152447530252334928e+00
-1.648888557123041210e+01
1.357231550897602546e+01
4.035730101839227757e-01
-6.083333631809818343e+00
-5.036228771566236162e+00
1.702683497596597562e+01
-1.356903455920948076e+01
1.654616790661685766e+00
1.547414692427048877e+00
4.650794476145866163e+00
-7.109750737271500753e+00
2.959987389925195167e+00
-2.843967988551540316e+00
9.270755412311029175e+00
-9.826540995419541957e+00
-1.044168518882765184e+00
9.111317597562734960e+00
-1.222899998106926400e+00
-1.237365599340353839e+01
1.196192336891158803e+01
1.923674625641287994e+00
-9.874697047517530635e+00
3.337585120665456540e+00
4.682691632813804183e+00
-2.648240958083746044e+00
-2.496991579748129020e+00
7.884609001772038273e-01
2.201073033016324842e+00
3.481704549322703901e+00
-1.164969629070137991e+01
7.969952434163408483e+00
4.812380132235468011e+00
-7.829873072119532651e+00
-5.101714577714849597e+00
1.663662111538690880e+01
-1.164351909192561507e+01
-6.760311267531875501e-01
2.504182236156976771e+00
5.678295286357036176e+00
-9.497003467401551546e+00
5.784725316931636385e+00
-5.349192210452496710e+00
1.104218013156739175e+01
-1.135698131227453800e+01
1.753928862936357191e+00
3.904469626395100867e+00
5.566509069188800396e+00
-1.851921164096145134e+01
1.632980603219812110e+01
-1.946538735657162178e+00
-4.384544875356633398e+00
-4.357464306481632299e+00
1.335691950993605737e+01
-1.088028328704275438e+01
4.830713368469070623e+00
-5.951089289007656546e+00
9.050499523280787884e+00
-4.448381753664752303e+00
-2.030201627277269161e+00
-2.554525656232037534e+00
1.433047323633696024e+01
-1.531385817950407358e+01
1.607678154302209617e+00
8.476274265388248352e+00
-1.427434925289471579e+00
-1.134499131324152899e+01
1.178106891159583114e+01
-1.936950506677955097e+00
-2.522788290785980436e+00
-1.563189136287267189e+00
2.829649320068244212e+00
2.092276351501539899e+00
-2.418096697675773843e+00
-5.792920506960872018e+00
9.346929252855098014e+00
1.089143113100889071e+00
-1.293279803245553161e+01
9.032422202035197856e+00
5.337811060271468122e+00
-9.565089472241270485e+00
-1.450522136760091119e+00
1.113257968953144506e+01
-7.953628102299321156e+00
1.148056692189528327e+00
-2.280295404051087438e+00
6.248792751535591883e+00
-3.254384347506966702e+00
-1.421000143180135566e+00
-3.970687498370312873e+00
1.487667456398175148e+01
-1.448980390919636463e+01
1.033339190999322810e+00
6.710354033834397214e+00
2.804149300508679943e+00
-1.610172954153712510e+01
1.535089941926879753e+01
-4.521789213626279391e+00
4.873006688357399696e-01
-6.014743566619864090e+00
8.829437169654195117e+00
-4.998737426409920914e+00
4.871948627955066335e+00
-1.219272410549793406e+01
1.461460116535960196e+01
-4.416891301354408661e+00
-5.362838425164161649e+00
-6.833310115777635474e-01
1.517421522230179320e+01
-1.763293639479774910e+01
5.170781430624858288e+00
4.064887947965114101e+00
7.873325253437295501e-01
-8.860577087298004528e+00
7.857889065523323779e+00
-3.158408617224426784e+00
5.020682876595689237e+00
-8.752738849275225164e+00
3.493684856221686452e+00
5.951472694752281356e+00
-4.122629593226359468e+00
-8.918867579058847639e+00
1.441493721280525975e+01
-3.009649504930495212e+00
-1.003046956666763023e+01
7.600442763813848757e+00
4.175222922290067196e+00
-7.428082860965258938e+00
2.175095048220531124e-01
4.002104638205676856e+00
-8.246855916668864861e-01
5.260014959459315964e-01
-7.003132646884768775e+00
8.804257461929980266e+00
5.117865666983480999e-01
-7.900503722423739106e+00
-1.633909537578324134e-01
1.452603242833715136e+01
-1.534304805841757791e+01
2.106464114930377995e+00
5.778827432501373984e+00
1.408482165061585967e+00
-1.097417302574276476e+01
1.010857720009972383e+01
-4.875908540357780652e+00
6.251220142204131136e+00
-1.004519280422256244e+01
5.912462994311725950e+00
1.457883004527121606e+00
2.012664158835282713e+00
-1.479645783776701506e+01
1.861439849404936808e+01
-6.388366569106157300e+00
-5.207300407369141126e+00
2.760898276954577568e-01
1.278663607384600276e+01
-1.544658967836559427e+01
7.026847088048647549e+00
-2.320439292749071569e+00
5.987195605616769001e+00
-7.427002486589238117e+00
2.325093542821490722e+00
-1.322909842849629314e+00
9.973169720804172300e+00
-1.560107542588875162e+01
6.560928321942272490e+00
6.641956770669500187e+00
-5.246509652627152853e+00
-8.839366449106757173e+00
1.536389019462323802e+01
-6.189591401391512093e+00
-4.098223923107330080e+00
2.513157007787051533e+00
3.785906538527546772e+00
-2.959291366057928307e+00
-1.097918062440668585e+00
-1.840146011471249343e+00
7.470907039373923197e+00
-2.994468761203675111e+00
-9.024223184108569384e+00
1.116546549862699855e+01
1.420540773629768383e+00
-1.110857744738958530e+01
3.631751422962393949e+00
1.036825841670557047e+01
-1.211583449494659170e+01
2.601417465288262676e+00
2.011691823380127531e+00
2.864668353620809960e+00
-5.917534928029849262e+00
2.266985317737745032e+00
-1.951599692506445827e+00
1.004863679834078383e+01
-1.452953082921045791e+01
5.491284322168329624e+00
5.676533391120972105e+00
-1.661047679307306346e+00
-1.331942876812668963e+01
1.864370948568708997e+01
-8.134634418528159827e+00
-1.806657746885251825e+00
-1.561368005327909536e+00
9.617149248172125908e+00
-9.637149729357680883e+00
5.531968784124586591e+00
-7.788259728740622556e+00
1.263969185350008928e+01
-8.340151933374446713e+00
-1.952549321812563576e+00
1.952907340180709994e+00
1.114111807978315127e+01
-1.924521733678237112e+01
1.004695843612822159e+01
3.731938666419026163e+00
-3.559518483136341338e+00
-7.574101266773762831e+00
1.223794677476589676e+01
-6.315565478748006889e+00
2.169412444202568402e+00
-5.257908443718337210e+00
5.836240194617070998e+00
1.092629129991508741e+00
-4.302553196728455376e+00
-4.617960163821154040e+00
1.386395456283294436e+01
-7.817890925597891894e+00
-7.230978212186453646e+00
1.080005466582874085e+01
1.048756762135324205e+00
-1.030691864514016842e+01
4.945070779649941350e+00
4.667607413045494091e+00
-5.042768554996559516e+00
4.901093770134630212e-01
-2.085252074278287626e+00
6.617758263293056942e+00
-3.078399688612270868e+00
-5.196084119319255734e+00
3.198942380683287734e+00
1.012052568482985748e+01
-1.670768266903088062e+01
6.410175154358141114e+00
6.262005202985024610e+00
-3.521764597539493558e+00
-9.416105364775914310e+00
1.408865295037964671e+01
-7.291997135422243481e+00
2.689815419130287211e+00
-6.198409822244963507e+00
7.992162460962104475e+00
-2.819388884296363251e+00
1.081685179557307031e+00
-1.003942707661287237e+01
1.790351350171289369e+01
-1.086501038805087838e+01
-3.065789365399849586e+00
4.039495767531599668e+00
9.488178249576106893e+00
-1.822938210628259270e+01
1.133998786206626086e+01
-1.109027471814478361e+00
1.540119204903339423e+00
-7.505666275506394314e+00
7.100191512485258372e+00
-3.089136236291814441e+00
6.118882489536439095e+00
-1.301759075797903442e+01
1.006209049114180942e+01
2.430821342683065822e+00
-6.882024461898633483e+00
-4.628593891299851215e+00
1.619427699080080529e+01
-1.124592741341734481e+01
-2.684207439310259513e+00
6.455348474419331239e+00
1.780809795593251366e+00
-6.918231237526844879e+00
2.824581053475881731e+00
1.961008043838252668e-01
3.599852213595475359e+00
-4.521743316704228022e+00
-3.937019797029503110e+00
1.036256437433402411e+01
-2.731780088584393695e+00
-9.648929454186898624e+00
7.999876228692537339e+00
6.816121907504292921e+00
-1.465771750038592813e+01
6.306938439009060815e+00
3.984015298976196551e+00
-2.052797292551944874e+00
-5.746767676167001682e+00
6.556464997874196676e+00
-2.930130375026358536e+00
5.546372953755004609e+00
-1.164344713142395626e+01
8.654842762868304007e+00
2.165598177006738290e+00
-4.076827349361069608e+00
-8.677075837865702468e+00
1.925380501028418578e+01
-1.271034525702849649e+01
-1.151037716485979523e+00
2.953725236851203917e+00
7.393926613804132408e+00
-1.333326192002466115e+01
8.859519944721180096e+00
-5.135899314406469962e+00
8.514702376963546371e+00
-9.782410236041432228e+00
2.773790141976280488e+00
1.728350965640117920e+00
6.665958733911878653e+00
-1.781614668685441671e+01
1.435513623288089491e+01
5.761597353934844179e-01
-6.472003078442243762e+00
-3.889089110046013875e+00
1.438481261523237364e+01
-1.112681016655199073e+01
2.050613032339312802e+00
-9.547917978372195691e-01
5.163015818718895922e+00
-3.588141403062361512e+00
-1.544182346238607728e+00
-1.415492345345345182e+00
1.070940680716963911e+01
-1.068199940107264112e+01
-2.460328941567943239e+00
1.143430582203467694e+01
-3.235191395194619624e+00
-1.024705854504401259e+01
9.890083281524191250e+00
2.323529040349140651e+00
-8.512657972440452525e+00
3.217958510389394622e+00
1.210827397094340618e+00
2.173811584510588535e+00
-4.311328064808778393e+00
-1.003843192814223961e+00
3.747473664763716350e+00
5.104983227026452575e+00
-1.504002065152631218e+01
1.032937663176088350e+01
3.863326218162166370e+00
-7.176066507049828402e+00
-5.352758190337713273e+00
1.595943908869560346e+01
-1.150481834165320372e+01
1.775653125517700381e+00
-1.363376714930375044e+00
7.070538762285842438e+00
-7.086718188036137178e+00
3.108677977265096537e+00
-6.196377818511683344e+00
1.448493715978819196e+01
-1.352041531554738185e+01
1.159277089007256123e+00
5.358148691280860021e+00
4.845145130350303475e+00
-1.809576224994537341e+01
1.602404992125356031e+01
-2.891195499969402949e+00
-2.361955664239042463e+00
-4.725325827157068836e+00
1.037829860153112094e+01
-7.198580833376213128e+00
4.473873539015116307e+00
-8.761688536832377139e+00
1.078613700409026421e+01
-2.533748245839233526e+00
-5.529487256254980387e+00
-5.911445358297315877e-01
1.406587331386488238e+01
-1.515941716471850143e+01
1.301463169310640655e+00
8.452625193299725836e+00
-2.191645995601204877e+00
-8.288963925805933997e+00
7.875103780314986146e+00
-7.062206092459708540e-01
-4.679066754966869635e-01
-3.042682911104129584e+00
3.841609777627911781e-01
6.797594907210054771e+00
-5.232586661943296136e+00
-5.960281775045606523e+00
1.001214680747967556e+01
1.777289163500604063e+00
-1.435568707616153716e+01
1.057489524169704964e+01
2.950690068862125592e+00
-6.592502050291637161e+00
-2.668828159869259142e+00
9.514961592143608371e+00
-6.364026337009244472e+00
3.130934905399446855e+00
-6.938191606354802587e+00
9.118139789260716555e+00
-2.268099387934173983e+00
-3.532596356938469739e+00
-4.021177000507778487e+00
1.686163925327109325e+01
-1.630124830114104384e+01
2.152194445726839156e+00
5.678709251414173487e+00
3.053891513967848859e+00
-1.452125693166460252e+01
1.346036648242407452e+01
-5.356012447079244509e+00
3.991700004652848577e+00
-8.182805168753349179e+00
6.884469955266020236e+00
-1.300070873174092867e+00
3.661514456223101899e+00
-1.401290987997963633e+01
1.639467311317405418e+01
-4.190719669049935092e+00
-6.637947485313774543e+00
5.649218123899393262e-01
1.350539706094361847e+01
-1.570752251455755832e+01
4.853425442905455078e+00
2.213464780568563661e+00
1.903715378398292746e+00
-6.282889430535212760e+00
3.142946036870376325e+00
-7.946037345294110210e-01
6.432381969178017300e+00
-1.058967100085331126e+01
2.474517632235231357e+00
9.070704429555075166e+00
-6.733981936804250168e+00
-7.434171724414206039e+00
1.316668991638753994e+01
-2.239371071702792371e+00
-9.603690061278575385e+00
7.400304615251730667e+00
1.670256391210320102e+00
-2.827720714820042502e+00
-2.517688437240132693e+00
2.764876583539567889e+00
1.421272083733299940e+00
1.412455296320051179e+00
-1.089891682370738479e+01
1.211165114431576839e+01
-3.004243062403841869e-01
-8.156948018502756526e+00
-3.491930757474914770e-01
1.482516754631198097e+01
-1.566464346582920619e+01
3.814909134411721414e+00
2.511074907294505998e+00
3.465223252345831728e+00
-9.497759764005444083e+00
7.186947290756503293e+00
-4.824669063879917452e+00
9.763511481639767453e+00
-1.324648534819890600e+01
5.709262932951587821e+00
3.685753370573850773e+00
7.906606857829032720e-01
-1.511687064539390768e+01
1.916827270339899769e+01
-6.984780036961158345e+00
-4.026896806064355516e+00
-3.079732316955174909e-01
1.085675362543854661e+01
-1.201193584698984651e+01
5.815789552618540803e+00
-4.719763348232479672e+00
8.556632450105519538e+00
-6.307356444048437538e+00
-1.635455708212069759e+00
1.473117411420034273e+00
9.998351727685209411e+00
-1.645393803880304517e+01
6.365342561631102569e+00
7.508252585143861069e+00
-6.321843547135070907e+00
-6.650586769803964238e+00
1.210714303774348011e+01
-4.343635266608854906e+00
-2.853365591840767213e+00
6.414006306064510277e-01
2.313803523402582218e+00
1.793777555615184705e+00
-4.881684261406040726e+00
-1.746794902505408142e+00
9.010348696006866831e+00
-2.831291376839689011e+00
-1.116645333333348056e+01
1.347690465191462827e+01
-5.177797216307404859e-01
-9.006069992175827821e+00
2.184960453988527007e+00
9.757684155289771510e+00
-1.068154265557884663e+01
3.686860843543798616e+00
-2.269951766555430961e+00
6.591416864368477846e+00
-5.677387784629631895e+00
-3.592589865780650982e-01
-1.194522153101849504e+00
1.238811236572093577e+01
-1.735985920698948703e+01
6.688632959659063459e+00
5.517232161318641914e+00
-1.637625136069492449e+00
-1.266930141774540886e+01
1.739958186093662107e+01
-8.362382969053763659e+00
9.780825402489909948e-01
-4.236843084698659112e+00
8.694019739142991199e+00
-5.897886616492003853e+00
3.418236732108881348e+00
-9.481541633432561511e+00
1.540014438811804709e+01
-8.677067682222602940e+00
-3.897495604930892199e+00
3.846536862759097453e+00
1.005869223792859835e+01
-1.826139237720100539e+01
9.543235918251323113e+00
2.782919043437471096e+00
-2.441214444554810292e+00
-6.005070447914075515e+00
7.941079830556502017e+00
-3.158872873773887591e+00
2.977321854907701848e+00
-7.756265864372693386e+00
5.695544279389715747e+00
4.527085574122065914e+00
-7.833376273008183510e+00
-3.199349685682855160e+00
1.358341848885705971e+01
-7.306775874691438410e+00
-7.674675419744783511e+00
1.112050546084668667e+01
-7.382962705418686378e-01
-6.457688251638289856e+00
1.715009111711020440e+00
4.371059219241390181e+00
-2.638892732099969329e+00
4.197819060321799078e-01
-5.867289908578250390e+00
1.088807240701770240e+01
-4.370771670796300690e+00
-6.187300495956457702e+00
3.645698120997863612e+00
1.103318681561567161e+01
-1.793521771028355616e+01
7.875072459108536371e+00
3.885227276603180790e+00
-1.398046287357021633e+00
-8.969469382927751866e+00
1.154571420586400698e+01
-6.442423166231555420e+00
5.676266295406673379e+00
-1.014454930689521817e+01
8.679916319539128011e+00
-2.681877913571169003e-01
-9.976192110077999331e-01
-1.053817416331259871e+01
1.949272177702022546e+01
-1.173499567665018262e+01
-2.704009600488046949e+00
3.852427589684348952e+00
8.389176211071871947e+00
-1.558750173184512811e+01
9.669515528220838263e+00
-2.680465737655076897e+00
4.418799104728089233e+00
-7.433801023395204766e+00
3.287950733199800801e+00
5.928680295118100574e-01
5.812322974312439605e+00
-1.473790760259952926e+01
1.055965257348878872e+01
3.855120288547385421e+00
-8.738636378460903131e+00
-2.831542551276305275e+00
1.391189140485427700e+01
-9.371265057669340592e+00
-2.379871337970253187e+00
4.812172155465618495e+00
1.221756294606136217e+00
-2.726678287403800471e+00
-1.665625019531707718e+00
1.067566875488691558e+00
5.593223367046400440e+00
-5.274445324498706178e+00
-6.245642305841847097e+00
1.364946731172236483e+01
-4.832514572085953475e+00
-8.435323186194871425e+00
6.949251813418157120e+00
7.024646553833330032e+00
-1.393638348465553989e+01
6.854308375066894499e+00
5.280197877819832186e-01
2.022077994884236674e+00
-6.533429288656524392e+00
4.008900698680919028e+00
-1.269156592811277129e+00
7.611377850261877853e+00
-1.538347386815646445e+01
1.052057450548820583e+01
2.584775806224814509e+00
-4.779038007663858778e+00
-8.501079268907496100e+00
1.900728333531381153e+01
-1.289811315359457389e+01
7.423152095202443235e-01
3.932790068888616375e-01
7.464919007918491722e+00
-1.016696247496724226e+01
6.066731714527023200e+00
-6.161307023221850088e+00
1.185980474046605337e+01
-1.109872354429116115e+01
6.900047505779065560e-01
4.511244047801083568e+00
5.564264927381015191e+00
-1.782797707184300862e+01
1.429203947403895469e+01
3.788794123181178364e-01
-5.925854880795341728e+00
-2.999819986920611914e+00
1.098061620972466912e+01
-7.663714211260135301e+00
1.941795766706311266e+00
-3.534546207865541412e+00
6.035072657665900842e+00
-4.683213095116891544e-01
-5.920312396488556672e+00
5.357740897524252421e-01
1.113867792775494259e+01
-1.095401499809102219e+01
-3.341511903226814795e+00
1.265322035198315298e+01
-4.850212095729114381e+00
-7.360332574951554463e+00
6.786474178899862153e+00
2.972714336392620282e+00
-6.566128882350758644e+00
2.374836196389408016e+00
-1.893536209722156194e+00
7.035530799547155212e+00
-6.521896276639928658e+00
-2.225305969430032338e+00
5.110263631952943086e+00
6.029736209419866988e+00
-1.725874335702875939e+01
1.217358335237652867e+01
2.269291930763572829e+00
-5.578813731465046999e+00
-5.633323106375712541e+00
1.428766862861645492e+01
-1.031295695110076238e+01
3.885988335546998407e+00
-5.483266949068701379e+00
8.814349713900968553e+00
-4.833830883036274173e+00
2.039131988481015512e-01
-6.260808516127457146e+00
1.688115465363550172e+01
-1.520334842230460382e+01
1.103212124706674402e+00
5.978778192954893100e+00
4.046181162674971077e+00
-1.648942668192253791e+01
1.450470303361684898e+01
-3.589578980680153908e+00
2.039211593994894045e-01
-5.551025612829837641e+00
7.292258902968205447e+00
-2.969766807822322718e+00
3.370762967427848089e+00
-1.086683038516782673e+01
1.229279756043403538e+01
-1.140684560417830617e+00
-8.289047075063733061e+00
1.435918425301729862e+00
1.268754591121791364e+01
-1.386222330113541545e+01
9.363133001330168348e-01
7.550398005379285848e+00
-2.265001229250473536e+00
-5.042344790276991340e+00
3.236067054960139799e+00
1.140785744056497242e+00
1.366537168992119966e+00
-4.720676817392763347e+00
-1.467201999739183638e+00
1.086230998830380834e+01
-8.048434570287479772e+00
-5.269062509853110754e+00
9.800853694186223208e+00
2.289445831324055991e+00
-1.461862723295546296e+01
1.117936555358209461e+01
4.083120044507086988e-01
-2.799382313772651010e+00
-4.362711428802874991e+00
7.631808720912193422e+00
-4.100318717324503481e+00
4.426727581680379053e+00
-1.112375403429946630e+01
1.199409353112944032e+01
-1.839621946877318948e+00
-5.124160395312268079e+00
-3.694572527853757560e+00
1.757404148805636979e+01
-1.705903020834902151e+01
3.385752833442021270e+00
3.770836803805877047e+00
3.714624080347094903e+00
-1.233576426823450234e+01
1.052322954860177617e+01
-5.477018846678526565e+00
7.312060906349295841e+00
-1.052165495796742078e+01
5.286817559100514430e+00
2.213223176499687916e+00
1.969163042945128339e+00
-1.468223759490068048e+01
1.723919392594724798e+01
-4.127631556079380815e+00
-6.969553852025257790e+00
1.358613187271187961e+00
1.111807680459379988e+01
-1.256752141567467973e+01
3.910726164514533920e+00
1.491787615063899786e-01
3.521390093448124148e+00
-3.995917553591199045e+00
-1.638788924218813392e+00
2.059797204246635260e+00
7.020798341108466012e+00
-1.184685973937168946e+01
1.778644538699617916e+00
1.118345658334190063e+01
-8.790483686694496868e+00
-5.317202400411790819e+00
1.074938099790957047e+01
-1.023927028629582292e+00
-8.545368124672112486e+00
6.293879678532788624e+00
-4.807795813935995533e-01
2.020329294245239993e+00
-5.721403580930476629e+00
1.935031196891574101e+00
3.583235731050411488e+00
1.758176481506945166e+00
-1.379674747541793423e+01
1.482045727376826427e+01
-1.572991005958885857e+00
-7.429585162051157710e+00
-7.808519356539855849e-01
1.417924363827115641e+01
-1.475174208774184592e+01
5.089019968319264287e+00
-1.170502523312345389e+00
6.026498783154573324e+00
-8.076364546171076242e+00
3.863535036548364054e+00
-4.049941822442067796e+00
1.242936972232568493e+01
-1.597472075735466746e+01
5.846608272392593619e+00
5.150984870683395833e+00
-3.306213563915054721e-01
-1.438534855679096580e+01
1.837272462914723192e+01
-7.155892911781734256e+00
-2.233531479919134810e+00
-1.541506153749693908e+00
8.803573176813989321e+00
-7.827929522223743497e+00
3.802824093884886736e+00
-6.586588344919321436e+00
1.099158878290799279e+01
-5.548179968099637982e+00
-5.018906956379098894e+00
4.237600950259514221e+00
9.089315432486474222e+00
-1.610936512007013732e+01
5.892176156742451099e+00
7.535717248804512991e+00
-6.524049094022704942e+00
-4.348743903452190196e+00
7.941416935074982142e+00
-1.727775719702613788e+00
-1.726173710147312468e+00
-1.587779546070705372e+00
1.356287041162256068e+00
6.114870981475113432e+00
-8.674767822731983102e+00
-9.805981439526554322e-01
9.717334637599714497e+00
-2.645596046669785206e+00
-1.228396999816726698e+01
1.471994952128307155e+01
-2.454983061641360820e+00
-5.984481815553309936e+00
5.536398956688515227e-02
8.871828950654222723e+00
-8.387080118236468707e+00
4.057733705808196589e+00
-6.274036263761620269e+00
1.042798885147909260e+01
-5.846178037382325776e+00
-2.600917069064577980e+00
-1.835150777939045241e-01
1.364639999514175805e+01
-1.908665166079093467e+01
7.800477318822315986e+00
4.491015946218106514e+00
-9.999322430912265247e-01
-1.149694119131112657e+01
1.494074934245199060e+01
-7.745606092014495125e+00
3.704703023930023154e+00
-7.250661911460847264e+00
8.041784286726560538e+00
-2.150366390440324516e+00
8.368531721608780671e-01
-1.021969054809581046e+01
1.726579274525539631e+01
-8.982148889202147046e+00
-5.015544173941785644e+00
5.139565769296248199e+00
8.411751244448510079e+00
-1.595634502342589833e+01
8.212292681818677664e+00
1.597713116539863698e+00
-6.336022897353932315e-01
-4.743457412708513843e+00
3.377693141851179082e+00
5.847748317111549632e-01
3.112600469379396717e+00
-9.796464804342599919e+00
5.740127613344903068e+00
7.146554020630376591e+00
-1.075508094327873465e+01
-1.337494958113524035e+00
1.211960849207993185e+01
-6.132957905746176941e+00
-7.569745481782824470e+00
1.037176797170367593e+01
-2.061547104250805340e+00
-2.211826445631360993e+00
-2.160737582913029975e+00
4.411406774469501357e+00
-1.446873727581232671e-01
-1.497516414194817180e-01
-8.863258041746671978e+00
1.460566924322484539e+01
-5.942745980709407405e+00
-6.281489733664874286e+00
3.673830237033350876e+00
1.116454538316169831e+01
-1.782807751781667704e+01
8.725515340818898125e+00
1.040926074829092940e+00
1.437094574188551910e+00
-8.601752210409095767e+00
8.415659890968909096e+00
-4.799791898499138121e+00
7.988906296744519686e+00
-1.374656331025862421e+01
9.577904406364275758e+00
1.689209760357258894e+00
-2.895627472732473784e+00
-1.018458562202470041e+01
1.971783148347982006e+01
-1.197218767005628060e+01
-1.788401570811246621e+00
2.835547392548148693e+00
7.277564513178405470e+00
-1.204710851964627238e+01
7.033232743551316446e+00
-3.806008454388656759e+00
7.339433439912154356e+00
-7.675031771829914362e+00
-1.542997330466810979e-01
4.274970965916150334e+00
4.756031220810618798e+00
-1.533555178540565400e+01
1.059828848538873558e+01
4.597037212569825115e+00
-9.613706325905214456e+00
-1.092707452026273618e+00
1.064901769884649241e+01
-6.513204130641047307e+00
-2.213506262958859327e+00
2.631753776583539484e+00
1.227740903820241813e+00
1.220750566987393260e+00
-6.296399445727359101e+00
2.486316858387414008e+00
6.902182726261147927e+00
-5.899348497930520629e+00
-7.739272224444318837e+00
1.585499843981950718e+01
-6.739258885126458765e+00
-6.332629342597055455e+00
5.012570689227023202e+00
7.076086211431627859e+00
-1.221443659399707293e+01
6.547121958251747920e+00
-2.764565795629011280e+00
6.397727402845296396e+00
-7.689848166076009406e+00
1.658871254004139040e+00
6.476110034198567789e-01
8.799452558750719078e+00
-1.810052335758885533e+01
1.213070652968887586e+01
2.265827559200162433e+00
-4.730635082940959357e+00
-7.985106361831106447e+00
1.747809782433984083e+01
-1.204403534221586369e+01
2.583707499628944859e+00
-2.702273848693689473e+00
7.860913428276139037e+00
-6.812700993585324660e+00
2.695911844325766804e+00
-6.374999102481115898e+00
1.446021397653622564e+01
-1.227692585712645013e+01
-7.631949523740475527e-01
6.660320534984228047e+00
4.096955783151679853e+00
-1.654035490464840308e+01
1.319715652590997657e+01
5.021478549123692403e-02
-4.539574782815073206e+00
-2.551886313869004219e+00
7.185723470212447950e+00
-3.425085756635621426e+00
1.206791042195176189e+00
-5.837384668162812318e+00
7.078301196515630167e+00
2.047538027645731340e+00
-9.762764295027807293e+00
2.762791893928212783e+00
1.049359859537259609e+01
-1.040690302680313373e+01
-3.860458492768817695e+00
1.273419774705044460e+01
-5.818249676205756948e+00
-4.045441358208669236e+00
2.823985643863553996e+00
4.017527611467013315e+00
-4.360593483297375172e+00
9.471123627022497438e-01
-4.378111958820884553e+00
1.150343503971664916e+01
-8.913769266606808017e+00
-2.722417071772521346e+00
5.990706402112802031e+00
6.388940216188284005e+00
-1.816930091028518035e+01
1.321280078160863347e+01
2.829019320175270025e-01
-3.092830107856269883e+00
-6.137335963343176104e+00
1.191283677444689815e+01
-8.161339541751022608e+00
5.396096367239432645e+00
-9.454857470430713562e+00
1.075990624856024702e+01
-2.979350105491992196e+00
-2.567867642196366873e+00
-5.659335051149988693e+00
1.802475393078732679e+01
-1.610095145249293935e+01
1.434699665140535707e+00
5.677023875517194895e+00
3.425785155879149890e+00
-1.395028527725713730e+01
1.181323063826364894e+01
-3.801607503309990754e+00
2.991309623789530914e+00
-6.771747899291867157e+00
4.408466003127905708e+00
1.406384759162753184e+00
1.627200327852518225e+00
-1.201668135495794942e+01
1.326497055115670776e+01
-2.156302334612520966e-01
-1.008214004932719199e+01
3.214294176739712849e+00
1.038750575515102881e+01
-1.139117869499677127e+01
2.904993019421706624e-01
5.992822812876590355e+00
-1.619871374569838318e+00
-1.946843412687871311e+00
-1.747332992228224136e+00
3.527454259371182843e+00
2.699485037369929064e+00
-6.294588093224964709e+00
-2.707146126848970713e+00
1.396001221508513446e+01
-1.052463947762155527e+01
-3.830546219751945092e+00
8.582679142217006785e+00
2.848768000519043220e+00
-1.385112525549846474e+01
1.073937236297631159e+01
-1.959114496577705644e+00
1.496151624498258670e+00
-6.517248227453871223e+00
5.791033073639942685e+00
-1.460161526675471499e+00
4.981174037034402424e+00
-1.446498855164967878e+01
1.454564639639326273e+01
-1.956053036336765416e+00
-5.949330113452552915e+00
-3.237508745467574389e+00
1.706649557098640102e+01
-1.659358224179173291e+01
4.449389498706373125e+00
1.185234295518769798e+00
4.862725875779103646e+00
-9.872765648944215044e+00
6.819672585081211658e+00
-4.816099370936017365e+00
1.008099475703957992e+01
-1.274495049606550623e+01
4.122813405499440975e+00
5.187196398510360851e+00
7.121086358645811742e-02
-1.419044719093911588e+01
1.692473978216582253e+01
-4.000476199582486458e+00
-6.415429573095350335e+00
1.518986469153255747e+00
8.340633962551539327e+00
-8.446131201759380147e+00
2.258890857458689005e+00
-1.796181245566195628e+00
5.418807090251265279e+00
-2.164941173358677418e+00
-6.064292227726244988e+00
5.117656025257989683e+00
6.715770819632147948e+00
-1.224701456226085305e+01
1.224722927996982458e+00
1.221876165978429718e+01
-1.002421620947114533e+01
-2.867331646093444597e+00
7.307761921708785025e+00
7.576268064224471743e-01
-7.143133653585026721e+00
4.432883071112664553e+00
-2.068032537403940108e+00
6.683408040797387706e+00
-9.135022195928989674e+00
1.648182163345075057e+00
5.328012548311821917e+00
1.722476400438413435e+00
-1.553266935920210656e+01
1.660466871433054337e+01
-3.066755480688944324e+00
-5.736655625634146105e+00
-1.645541634792999197e+00
1.283679216251336719e+01
-1.268775552318821376e+01
5.707486158002267551e+00
-4.884398945365829192e+00
8.906560468430480881e+00
-6.914683745824994787e+00
5.187914481557927004e-01
-2.706610441502935949e+00
1.403308875825978319e+01
-1.788094381750341810e+01
6.164711315009844483e+00
5.728630061780374483e+00
-1.080925841989230030e+00
-1.281589380549678125e+01
1.624017763092749078e+01
-6.685655120255757033e+00
-1.157884492417817768e-01
-3.343303720940992374e+00
6.891984921320853275e+00
-3.293425172770816367e+00
1.134878713169632292e+00
-7.682979647899502496e+00
1.294693752476833914e+01
-5.067805976517243849e+00
-7.572493950439126209e+00
6.626123731799295591e+00
7.419417469640500862e+00
-1.449698715101265023e+01
4.925023352596254789e+00
6.908274517458103503e+00
-5.821160825353263846e+00
-2.234465158923208961e+00
3.235966177201891725e+00
1.546711774755437530e+00
-9.663431407806112317e-01
-3.847597763659873493e+00
8.907543710964034300e-01
9.667649000604830789e+00
-1.209394380749672493e+01
3.427239777279655897e-01
9.423029269817515541e+00
-2.199981577726075166e+00
-1.247095999870674099e+01
1.476229086147974456e+01
-4.087504997638146342e+00
-2.329410724047920489e+00
-2.722326472729973190e+00
7.975571412772396229e+00
-5.532714276965546851e+00
3.701521627660974367e+00
-9.637667097366819036e+00
1.400197490838085912e+01
-6.384424273958329010e+00
-4.184059695099106690e+00
8.043881827275374263e-01
1.385461242166089946e+01
-1.950044498385209835e+01
8.547999664671760200e+00
2.759040909456297541e+00
3.287537347527145215e-01
-1.008673905630471168e+01
1.152858331822853621e+01
-6.249424137044676364e+00
6.032491436620040837e+00
-1.028719561775303681e+01
7.705294202365064571e+00
1.241436748682613889e+00
-1.896291830955552093e+00
-9.991557492347741487e+00
1.797079886750109878e+01
-9.012557209838181649e+00
-5.331457502358107448e+00
5.632324410496410749e+00
6.497493283646830875e+00
-1.252912910861615359e+01
5.988773968538786185e+00
4.697457769844346487e-01
1.632835181217140219e+00
-3.909397100266301273e+00
-1.038629311109576570e+00
4.588708179906072715e+00
2.526284913143535427e+00
-1.106835596663310817e+01
5.756202302779099611e+00
8.859582541368496322e+00
-1.276327471171725669e+01
6.786437303408614508e-01
9.577677412160301884e+00
-4.174731991938022801e+00
-7.163110280587073220e+00
8.691610694653828517e+00
-2.748141179651847565e+00
2.024127742837182886e+00
-6.393655485571985153e+00
4.885731522555669670e+00
2.092337259985211695e+00
-1.018416546251053489e+00
-1.090678054048809287e+01
1.740207808876730766e+01
-7.541889484639455077e+00
-5.462525891864182803e+00
3.076661632627504694e+00
1.073080164141143200e+01
-1.643698601941920501e+01
8.759993105190256202e+00
-1.925677747646215465e+00
4.785364392864842387e+00
-8.471757373099524813e+00
5.071332795477389688e+00
-2.558243561606141192e+00
9.429204263159357780e+00
-1.661875720530189326e+01
1.049317931327007614e+01
2.907411592849127757e+00
-4.308445015761417807e+00
-9.177967628181491477e+00
1.854945786456973167e+01
-1.135905180119479319e+01
-5.698069484007026730e-01
1.061558757921863716e+00
6.377397295354628959e+00
-7.980378967191900763e+00
3.606865085407480631e+00
-4.281294766907155491e+00
9.936361682328115563e+00
-8.103843517381898565e+00
-2.972062116966138312e+00
7.572930601111758975e+00
3.131265955572303028e+00
-1.470136685291076262e+01
9.940286128110276564e+00
4.810409157412429693e+00
-9.447484848250102374e+00
3.119068042023980247e-01
6.737002091177095586e+00
-2.795056003809350820e+00
-2.392483801011282996e+00
2.392145703208495844e-01
1.733309536017850316e+00
4.604864658435110059e+00
-1.064826734545848552e+01
4.307301478786980553e+00
7.333086403623811478e+00
-6.124018331261660286e+00
-8.497324009250917243e+00
1.680702684840110095e+01
-8.150333119954977334e+00
-3.587612156434733635e+00
2.217314515301929134e+00
7.194827769037924092e+00
-9.768755542360056054e+00
5.403958642529894441e+00
-5.562736413829487248e+00
1.067846372488679663e+01
-9.133139487793124900e+00
-2.154679185916883455e-01
2.503242166486894682e+00
9.146702022612945626e+00
-1.954431298182325705e+01
1.318554319990133195e+01
1.340078267881282592e+00
-3.830194878209662868e+00
-7.385763394046496622e+00
1.488937512897456728e+01
-1.012552550014528840e+01
4.071658301656155388e+00
-6.013559771817273969e+00
8.580860967420301577e+00
-3.617475386859702713e+00
-9.017582024249986006e-01
-5.790482710559741619e+00
1.602002514262581556e+01
-1.303678810958417600e+01
-1.596959654685156771e+00
7.939629571374840822e+00
2.554195889786113671e+00
-1.411035981191525579e+01
1.099673676902289721e+01
-1.538426555881180491e-01
-2.526235351074750834e+00
-2.629418339141989414e+00
3.380629172451594666e+00
1.239812588489955125e+00
-1.641766339156105481e-01
-7.542739306214738981e+00
8.035403581602896139e+00
3.873725892699426687e+00
-1.272824886264036515e+01
4.960287230925157331e+00
8.845561064310359711e+00
-8.893065322839641240e+00
-4.237514043377125006e+00
1.178070248873181569e+01
-5.983075608116284805e+00
-6.686847039387724401e-01
-1.704123075154346134e+00
5.510698660258254833e+00
-2.231113090252580200e+00
-8.268725479056762140e-01
-6.100301929665778111e+00
1.517768945771197053e+01
-1.119881560348542493e+01
-2.462729794950767825e+00
6.145765469077835164e+00
6.390074823717850627e+00
-1.778058307839143382e+01
1.323894587602044126e+01
-1.787785069842961150e+00
9.784238618543916743e-02
-6.985516458889333258e+00
9.175975737954221501e+00
-5.267901153321615126e+00
6.143952420778621359e+00
-1.287741525788439034e+01
1.266875555009144705e+01
-1.663499634886347778e+00
-4.864962633551074056e+00
-4.603496013915043150e+00
1.784894560065043478e+01
-1.596864459624305610e+01
1.928022578212268634e+00
4.495621767176872119e+00
3.186564615891529062e+00
-1.080845459653422580e+01
8.129723775073271597e+00
-3.363933772763809671e+00
5.640684172217181214e+00
-8.219059991185005742e+00
1.956608926469021625e+00
5.515407849537358409e+00
-5.443884272051300321e-01
-1.208011768957532617e+01
1.342553098927874444e+01
3.879880829221291627e-01
-1.081064713293019608e+01
4.466640888546471899e+00
7.456640209475542846e+00
-7.854590820979803212e+00
-8.073772993637875484e-01
4.078602221592322330e+00
-3.505608731884861662e-01
7.160466380635519545e-01
-6.640214901361858324e+00
6.265798419865722835e+00
3.337403066702630205e+00
-7.451040913246086639e+00
-3.427372999867144721e+00
1.588174042438708078e+01
-1.233556007894935291e+01
-1.863654911930156644e+00
6.355292797078583078e+00
3.657588653058295058e+00
-1.229019524716608913e+01
9.281093624208979875e+00
-3.861647532329241628e+00
5.901762915650714980e+00
-9.005675233498024568e+00
4.248406893891267799e+00
1.207496467082733282e+00
4.859595760690844202e+00
-1.668653550613776559e+01
1.643314907797932278e+01
-2.494169609645379815e+00
-5.869760545311588196e+00
-2.904503238479901661e+00
1.551991342856561928e+01
-1.486767418902649140e+01
5.076238368223435771e+00
-1.780452649568429635e+00
6.463995508878409346e+00
-7.440850389679160237e+00
2.716515954766550944e+00
-3.426497213854875490e+00
1.199691898870983131e+01
-1.452769647228355154e+01
3.368071296426893291e+00
7.350942115561029944e+00
-1.722933903252014787e+00
-1.266220117254201227e+01
1.534576858322650494e+01
-3.573488195366878895e+00
-5.153521211244878941e+00
9.752454857323793469e-01
5.509784919274506088e+00
-3.688888677530197668e+00
-7.062780797866352600e-02
-3.318360699580927164e+00
7.301420946561546721e+00
-8.449538074502143115e-01
-9.765878732552870645e+00
8.037313606491894191e+00
5.575569056035636351e+00
-1.160289536754322803e+01
5.936899840418918828e-01
1.224037341958757530e+01
-1.026882104288249842e+01
-4.134887797736901405e-01
3.113722736272051428e+00
3.125148378552497164e+00
-5.697405444006925279e+00
2.075591619774054486e+00
-2.989257387427826096e+00
1.075418083743699604e+01
-1.242600274617574030e+01
1.926677153249096719e+00
6.375726527609935523e+00
1.530877659476113095e+00
-1.608198739868747396e+01
1.722567549495654404e+01
-4.495087507754872647e+00
-3.228863610683490037e+00
-3.047867942504017602e+00
1.109508247803964132e+01
-9.688720086983085622e+00
5.548616901018084135e+00
-8.241837823565097310e+00
1.182631554628142112e+01
-6.122381008284067505e+00
-2.480729531445406089e+00
-1.039697971208810579e+00
1.449020471556603695e+01
-1.867855821047000475e+01
6.438434365423245431e+00
5.424376038807284139e+00
-1.252355577373121420e+00
-1.069792820743161244e+01
1.292867483250632255e+01
-5.441806836326387398e+00
1.996056698784230754e+00
-5.519189655375182468e+00
5.309085153626194931e+00
1.169922028099967815e+00
-1.934225377558143055e+00
-7.881945050304082656e+00
1.410404602900112359e+01
-4.699947591439029182e+00
-9.166473170834819939e+00
8.335422344517997573e+00
5.253433356222936723e+00
-1.168984806017445877e+01
3.307381776958182140e+00
5.884936061754105552e+00
-4.311271408956435458e+00
-5.460169007213011572e-01
-1.586026544964887597e+00
5.252313907101381574e+00
-7.415562597294673708e-01
-5.795108354445871690e+00
7.908519071309458859e-01
1.222509518321896138e+01
-1.477350638489736667e+01
2.008435578503203089e+00
8.086490195821511406e+00
-1.287461976424216559e+00
-1.192452975126321491e+01
1.361120049640611995e+01
-5.158256222708160976e+00
1.594250804481869288e+00
-5.993580215031012237e+00
7.283537250340128999e+00
-2.477467736354888039e+00
2.724660244045186364e+00
-1.208629180551814741e+01
1.693027792100404838e+01
-7.150127255707070084e+00
-4.938411544800335840e+00
1.491397743446463586e+00
1.316459691774894303e+01
-1.852824885288211476e+01
8.679087970860717149e+00
5.824275003159895547e-01
2.305676163872294460e+00
-8.701921062141366292e+00
7.518682852886746204e+00
-3.965131540603653804e+00
7.680443686591781116e+00
-1.298668359758906199e+01
7.623780576405743581e+00
3.989165298951972360e+00
-4.435124743002905490e+00
-8.912308784626398861e+00
1.736757183035593499e+01
-8.526392320124202229e+00
-4.986391547092593690e+00
0.000000000000000000e+00
3.444952747357939327e+00
-1.980167584082024979e+00
-1.634755174612924522e+00
1.670083651067541641e+00
1.457761300565840745e+00
-2.513171613055723341e+00
4.194370265724346458e-01
3.612406381037156500e-01
2.018744541612967680e+00
-3.392740717016099694e+00
9.103135705963101287e-01
1.515631768370448551e+00
6.123139391035820056e-01
-4.598965265339126418e+00
4.446203974106001766e+00
-4.448291121564085238e-01
-1.214166537746185437e+00
-1.754384954653137374e+00
4.449785341594161281e+00
-3.041638049085856998e+00
6.690041023818049659e-01
-1.550149799253206950e+00
3.751729446722713579e+00
-2.895656877476129765e+00
1.642033815606533942e-01
-5.708128302684647437e-01
4.171804312887211097e+00
-5.312734939236148257e+00
1.765803005701929829e+00
1.270412190206010372e+00
7.405696688887926094e-01
-4.509393258713876307e+00
4.309069269786674816e+00
-9.854087701691912615e-01
-2.623261141708077560e-03
-2.262682718342594601e+00
3.175560910894806188e+00
-9.464628930047640498e-01
-2.875647122534985556e-01
-2.099432038646473320e+00
4.170568604429035098e+00
-1.822155068217586216e+00
-1.923584854715594261e+00
1.338801274774385597e+00
2.716074676741174088e+00
-3.946870126633839071e+00
5.499985874509075723e-01
2.185955173003526042e+00
-5.883001584995547484e-01
-1.856055556378773286e+00
8.757913995844919253e-01
1.464873575326129052e+00
-8.138353638251545341e-01
-1.574530429637465367e+00
8.852928822103709461e-01
2.652676326411863350e+00
-3.521843766311315349e+00
4.871667542944102536e-03
2.503209346818421999e+00
9.215526561144216089e-02
-3.999228361744895821e+00
3.583788849621756256e+00
-1.790873076614130088e-01
-5.544692402934643383e-01
-2.074384819104622135e+00
3.263919081434075053e+00
-1.276810546962933168e+00
2.606556781971398618e-01
-2.679901730568625684e+00
4.612180839037041125e+00
-2.316339524941328332e+00
-9.447312530563154453e-01
-2.277956715901978679e-01
4.439482339736727567e+00
-5.389078810218109084e+00
1.809234928366949546e+00
6.634848217488817923e-01
1.400570050270301126e+00
-4.119569650035588282e+00
3.190192166285338526e+00
-8.654346853774652626e-01
1.521420278309348229e+00
-3.842471210862844710e+00
3.170094945783610285e+00
5.490611566436420787e-02
-4.930900586407176434e-01
-3.104200408766125463e+00
5.238432214594363145e+00
-2.304480169849588478e+00
-1.455037263421238070e+00
5.943097902792946474e-01
3.024551679106056490e+00
-3.583840977335478684e+00
6.933390953695083292e-01
6.111857083912901611e-01
1.337433656834776663e+00
-2.327179115122318454e+00
-6.123427248391211108e-04
1.755058809459377756e+00
4.899117717638511449e-01
-3.312140752835468049e+00
1.677095354677758499e+00
2.544004552781332862e+00
-3.139270440077301050e+00
-5.881892274524294084e-01
2.714948461448422723e+00
-1.416346301303879063e-01
-2.826992197854779398e+00
1.899765336816749084e+00
4.158997126322723226e-01
3.169827078931002351e-01
-2.710191236621102728e+00
2.208061735235661516e+00
6.000592089634033677e-01
-5.702041359819411959e-01
-3.136417244437328833e+00
5.005240477339198080e+00
-1.944803069314212651e+00
-1.422203831943543717e+00
-6.879670206697996448e-02
4.007500506137323448e+00
-4.483851532402612250e+00
1.484384999339363409e+00
-2.982600334168030720e-01
2.482768461229949430e+00
-3.701213080929207422e+00
1.659136172877766047e+00
-2.214660405869506299e-01
2.557665518116082559e+00
-5.156447702201319316e+00
3.358165622052549093e+00
5.625822014761827639e-01
-5.725275619529095472e-01
-3.444066505689222346e+00
5.355331835046722944e+00
-2.474075468613997408e+00
-4.670781183260301894e-01
-7.463712376868960607e-01
3.286127677390050295e+00
-2.635416248534200534e+00
2.864472410658065460e-01
-7.500923209870933306e-01
3.335533272842279295e+00
-3.087413136329854702e+00
-4.935410955923957843e-01
1.952758955686990205e+00
1.287018270907789086e+00
-4.306917192075231604e+00
2.305584366600630819e+00
1.764619398873435330e+00
-1.983641316694407797e+00
-1.214604217287504229e+00
2.289427443805762685e+00
1.494455230180830319e-01
-1.582322260266891822e+00
-2.425432141065776148e-01
1.458788615959809132e+00
9.103450218358324353e-01
-3.318891364917929909e+00
1.469868510120545979e+00
2.040618368604651955e+00
-1.432188899750718170e+00
-2.844614348407669802e+00
4.540820131702327345e+00
-1.452321483595680363e+00
-1.279217500431912624e+00
-4.051798934234314142e-01
3.297474951088520179e+00
-2.804532998586068526e+00
5.718201892429464195e-01
-1.121844857981384891e+00
3.689762100822725266e+00
-3.481072255057694242e+00
2.621544619498235029e-01
6.305749380140519555e-01
2.888964526356795570e+00
-5.696899131884405776e+00
3.420768729848980616e+00
4.761555942432487143e-01
-1.569806317469311097e-01
-3.438805990481946129e+00
4.544085936376809798e+00
-2.005553655229483034e+00
5.755227861152452107e-01
-2.461844839949594910e+00
3.751571687965978175e+00
-1.598623093455020960e+00
-4.509961914302964558e-01
-1.569285515758930938e+00
4.824906101282125270e+00
-3.842259318486542341e+00
-4.010867547015559698e-01
1.636875549844521993e+00
1.801536505550051626e+00
-4.405275939757224535e+00
2.357299808498465321e+00
7.106009288362480358e-01
-1.565758908041350317e-01
-2.158057639898136593e+00
