-3.850990057546614942e-01
-1.024305982312613050e+00
-1.667158211335861617e+00
-2.276895491891714585e+00
-2.815119502314093580e+00
-3.244279967858178182e+00
-3.530298788567160617e+00
-3.645148489203803521e+00
-3.569195163742119536e+00
-3.293123644444848175e+00
-2.819283825865765980e+00
-2.162330814841632698e+00
-1.349075816958682283e+00
-4.175165549600251547e-01
5.849279311668400538e-01
1.603896892291597043e+00
2.581147991951497467e+00
3.458018859341309259e+00
4.179076683547054749e+00
4.695721732807120574e+00
4.969505350671674648e+00
4.974933824832305618e+00
4.701556219619082988e+00
4.155175381190538531e+00
3.358074411941817772e+00
2.348212641112013888e+00
1.177411506929034513e+00
-9.138256840111569357e-02
-1.387608767179165925e+00
-2.637172402500173707e+00
-3.766850132192432810e+00
-4.708748156029980869e+00
-5.404532540594627399e+00
-5.809159869415007726e+00
-5.893863368488116095e+00
-5.648193002472615909e+00
-5.080965154537658179e+00
-4.220044823022983671e+00
-3.110956500645949863e+00
-1.814394317530341638e+00
-4.027727715109271633e-01
1.043978221460326594e+00
2.443120297358289950e+00
3.714027891156229000e+00
4.783020116775499986e+00
5.587803077744868396e+00
6.081245085665492489e+00
6.234247810799516287e+00
6.037532256420656829e+00
5.502226074354409135e+00
4.659213780900519630e+00
3.557289052393023177e+00
2.260223464489458323e+00
8.429339308613104098e-01
-6.130126859492790459e-01
-2.024278391095399421e+00
-3.310713873372381322e+00
-4.400093199986910619e+00
-5.232333079594383207e+00
-5.762940587832225070e+00
-5.965483543647728482e+00
-5.832940762232482257e+00
-5.377861031138134962e+00
-4.631335165027875789e+00
-3.640859975398967219e+00
-2.467241634181576160e+00
-1.180744327868002319e+00
1.432653834789543446e-01
1.428900196411515111e+00
2.604271716390498703e+00
3.605669121027991864e+00
4.381144551645689056e+00
4.893295445559275869e+00
5.121089262129858710e+00
5.060640219944431806e+00
4.724916393206481935e+00
4.142424218628928401e+00
3.354981620874280424e+00
2.414746433644064716e+00
1.380710084794673609e+00
3.148950143776683142e-01
-7.214935685362692253e-01
-1.671715653346349306e+00
-2.486718958054746409e+00
-3.127745966986512194e+00
-3.568182148328277847e+00
-3.794556927228757370e+00
-3.806668141142478312e+00
-3.616859968629561273e+00
-3.248539651272733586e+00
-2.734066034144275736e+00
-2.112179959152782338e+00
-1.425170598446126480e+00
-7.159816101229119489e-01
-2.545626438529258184e-02
6.100978168992163830e-01
1.160874226320716351e+00
1.604953650702512391e+00
1.929046538046440995e+00
2.128578334260072591e+00
2.207151569690070758e+00
2.175463249473508220e+00
2.049792735604517802e+00
1.850202100075586387e+00
1.598606061325929639e+00
1.316871273007043985e+00
1.025095041325670975e+00
7.401925516693017570e-01
4.748912625907969476e-01
2.371938293037255674e-01
3.032978217908868790e-02
-1.468255130228940386e-01
-2.989250713380726676e-01
-4.330113835563358382e-01
-5.571830443826483181e-01
-6.792003413036149517e-01
-8.051667421261370361e-01
-9.384152646287771127e-01
-1.078709982835501346e+00
-1.221844949571746941e+00
-1.359687842666430724e+00
-1.480676469208751511e+00
-1.570736020825262091e+00
-1.614546892238972076e+00
-1.597060035600659456e+00
-1.505131919703208920e+00
-1.329136299146868705e+00
-1.064406519841829768e+00
-7.123704743357877067e-01
-2.812601434704120607e-01
2.136923973576889679e-01
7.506226836300720073e-01
1.301972269508282931e+00
1.835959615444432202e+00
2.318501419286619125e+00
2.715463328824902156e+00
2.995087832813732920e+00
3.130426441846393626e+00
3.101594885117390010e+00
2.897674935523274709e+00
2.518104645138890874e+00
1.973429259771462663e+00
1.285325994792239301e+00
4.858645016183662513e-01
-3.839820800627777864e-01
-1.276506813459161949e+00
-2.140000084355408116e+00
-2.921879023855987079e+00
-3.572018425686827037e+00
-4.046065438459950592e+00
-4.308513969538311450e+00
-4.335323765050929978e+00
-4.115893269851956582e+00
-3.654233297165675243e+00
-2.969237936885823270e+00
-2.094006847819542827e+00
-1.074235320706029784e+00
3.424890766651000895e-02
1.168664433949521797e+00
2.262982222761683815e+00
3.251931457638804090e+00
4.075053108385247924e+00
4.680540805255196446e+00
5.028617480000860063e+00
5.094221954067608138e+00
4.868820749408390824e+00
4.361214332483543288e+00
3.597270343826607153e+00
2.618585007196050807e+00
1.480143345512204611e+00
2.471144479556877105e-01
-1.009024561749833460e+00
-2.214796896224085376e+00
-3.299197748211619263e+00
-4.198047351663035442e+00
-4.857949105036073689e+00
-5.239599950451524712e+00
-5.320240353048603765e+00
-5.095085418114590148e+00
-4.577643413608093681e+00
-3.798899012387191743e+00
-2.805411277993998809e+00
-1.656446013716945886e+00
-4.203239976313339898e-01
8.297832383379679655e-01
2.020343356182536354e+00
3.081954447521075835e+00
3.953553913749036308e+00
4.586080561715702331e+00
4.945361811286990594e+00
5.014048905264576028e+00
4.792485265786931237e+00
4.298462508582256980e+00
3.565890504806119576e+00
2.642477520846311378e+00
1.586579293455833817e+00
4.634278141779002436e-01
-6.590117413630076637e-01
-1.714286468812187936e+00
-2.641530941250363362e+00
0.000000000000000000e+00
2.084570677324309784e+01
-2.720588807071318982e+01
1.618177957491338503e+01
1.705163253201781970e+00
-1.181703116153354216e+01
7.735902540444714148e+00
3.900075203120436207e+00
-9.956580652561260791e+00
2.798586158526452650e+00
1.277443523368803824e+01
-2.356462014772742108e+01
1.933139697121297118e+01
-1.614904178802320622e+00
-1.742565373837842913e+01
2.492139215037258282e+01
-1.737539605209505922e+01
2.572218269118269784e+00
7.744415565216211661e+00
-7.688492631168111657e+00
1.171860534279393740e+00
2.827751439510633791e+00
1.114437237367702949e+00
-1.010552988742068692e+01
1.586108498213096674e+01
-1.223557513249497575e+01
5.308184030543454668e-01
1.179614780074218849e+01
-1.737631764350399166e+01
1.440559678247099029e+01
-6.908947291260612467e+00
3.447506586207454427e-01
2.951233872615024012e+00
-4.501926872507657329e+00
6.674022661936334089e+00
-9.475304066119615953e+00
1.044836839826611552e+01
-7.495151685201963510e+00
1.450645378133510910e+00
4.386208050152427873e+00
-7.292750260971478937e+00
7.526240121007765183e+00
-7.505084756610780339e+00
8.573189254935341452e+00
-8.856914458994285866e+00
4.852402779613691486e+00
4.417777200278018235e+00
-1.484661245479219360e+01
1.945238881793171615e+01
-1.409727201378378680e+01
1.693072958875710299e+00
9.388045864954614572e+00
-1.196430482029191289e+01
6.148595840034086990e+00
7.439532997865043740e-01
-8.603291239709476290e-01
-6.657516004909612484e+00
1.422875334274305104e+01
-1.232518220804691111e+01
-1.463580116135369646e+00
1.895805411518208672e+01
-2.720460460919343859e+01
1.913192841650838361e+01
4.947095764280451391e-02
-1.657240249035404744e+01
1.920894513927202496e+01
-8.411560165955403789e+00
-4.428606293223483092e+00
7.118898089305160326e+00
2.511081672665448572e+00
-1.458283516316822848e+01
1.588677049228597760e+01
-1.888373523040308477e+00
-1.848314576453866565e+01
2.967921147516585734e+01
-2.237831900975746535e+01
1.412598984716811668e+00
1.803631964157259304e+01
-2.277805971805901208e+01
1.203681267969554014e+01
2.756907258479103895e+00
-8.339674183309465860e+00
1.043938466744329219e+00
1.050822430169549548e+01
-1.350590881360852435e+01
2.577086129459305042e+00
1.518886704268359011e+01
-2.604715606586226784e+01
2.107809009438825498e+01
-3.488657316479062853e+00
-1.426216801855533234e+01
2.070199257636983248e+01
-1.409130484323627996e+01
2.572892886695858028e+00
3.716446151525442332e+00
-1.298102454919231263e+00
-4.591674900687356065e+00
5.702482332789530872e+00
1.351011275242070653e+00
-1.204928910487991800e+01
1.805911680992105417e+01
-1.440708818248192102e+01
3.364518483573441188e+00
7.935169913638680406e+00
-1.346703594172302232e+01
1.243275825201861196e+01
-8.378810094183672064e+00
4.967910916089975260e+00
-2.787588375702485521e+00
-3.783005103833581018e-02
4.687247244030921856e+00
-9.573376168854341728e+00
1.156883743635608042e+01
-9.149451844905648557e+00
4.052645574853318777e+00
3.857880682448717735e-01
-2.535024188305600390e+00
3.897862093503713155e+00
-6.980477869065452978e+00
1.168056862668466955e+01
-1.414130161663774032e+01
9.871940047814982577e+00
1.388736644690535371e+00
-1.386582567413654132e+01
1.946992473387320288e+01
-1.439183311702672974e+01
2.746360766854831326e+00
6.466013550139453336e+00
-6.935163494826891650e+00
5.888586309098133853e-01
4.119157372642310300e+00
-9.546424001920450486e-02
-1.121575826008449894e+01
2.011293666946090752e+01
-1.675909206309448152e+01
3.591673411995546239e-01
1.886966680834128596e+01
-2.728446980384660847e+01
1.892375735987656782e+01
-6.433834382843448552e-01
-1.341100372803186147e+01
1.354524185030472516e+01
-2.473647487616360330e+00
-7.442107253144515155e+00
5.383468835156434373e+00
8.012791355127005133e+00
-2.078188490436299318e+01
1.991276006983700597e+01
-2.997815442856952117e+00
-1.890555113245090979e+01
2.989894072818900383e+01
-2.216442403388126792e+01
2.248243160814880071e+00
1.457251357939054870e+01
-1.695041233360598198e+01
6.366988730204954372e+00
5.110620458229908181e+00
-5.935806663101443448e+00
-4.737658752878765256e+00
1.653466909591694289e+01
-1.720181821698934144e+01
3.531512056814134937e+00
1.556888939144892881e+01
-2.633282597712170414e+01
2.132477678197022897e+01
-5.071033888912168663e+00
-1.027771988388851021e+01
1.507812688941981527e+01
-9.351559848182557033e+00
1.297576181399142659e+00
8.037439517261129041e-01
4.165724119802341363e+00
-9.897249671768747703e+00
8.993911515142409385e+00
1.334251798614403128e-01
-1.185687860925423642e+01
1.821387673647205929e+01
-1.538979494516516944e+01
6.177658632266241234e+00
3.161842314461186465e+00
-8.218694554336998692e+00
9.084948029200281994e+00
-8.554526620905409828e+00
8.386040511181567680e+00
-7.582173560471496820e+00
4.139986285118386178e+00
1.961857661916255324e+00
-7.934372618656492016e+00
1.050356811244391508e+01
-8.983411735372598628e+00
5.810336727269069357e+00
-3.841729726445029414e+00
3.173922522060989238e+00
-9.688139349003050960e-01
-5.156830970779136436e+00
1.344928391027657710e+01
-1.812068589830160548e+01
1.395333203286660329e+01
-1.563119700144092405e+00
-1.181207834183297223e+01
4.326779285820575360e+00
3.305821990052622894e+00
2.105241162598483484e+00
7.954360385814637224e-01
-5.474105579107024777e-01
-1.845944460352732186e+00
-3.026276899271945986e+00
-4.022357487192702585e+00
-4.779814867669943901e+00
-5.259033155154016370e+00
-5.437283487704369200e+00
-5.309792210161808690e+00
-4.889696222555418359e+00
-4.206907281548328825e+00
-3.305975848930809313e+00
-2.243106974810931131e+00
-1.082531731893804361e+00
1.075252988994443992e-01
1.259021255631481484e+00
2.308148303104267107e+00
3.199014250867052933e+00
3.886729600228963299e+00
4.339723772352595432e+00
4.541167482206660111e+00
4.489439195725819509e+00
4.197637135096751848e+00
3.692200081485697005e+00
3.010756168795169607e+00
2.199365346980540092e+00
1.309355317409562236e+00
3.939705082794893176e-01
-4.949419065102285131e-01
-1.309995733980888311e+00
-2.010890893583828998e+00
-2.566448464158798348e+00
-2.955950107976020202e+00
-3.169727936651334232e+00
-3.209004377177372191e+00
-3.085033175409339190e+00
-2.817638761414229531e+00
-2.433288694952316256e+00
-1.962860397015655289e+00
-1.439277289257851589e+00
-8.951901854023269767e-01
-3.608676559440291420e-01
1.375646045385436889e-01
5.794285462270871712e-01
9.502757089728491868e-01
1.242122836971870870e+00
1.453161287077369579e+00
1.587000841882991065e+00
1.651542866240576890e+00
1.657603419791799260e+00
1.617422166787779503e+00
1.543196744207907312e+00
1.445774586973981535e+00
1.333615878673922728e+00
1.212113928119483930e+00
1.083325182631907024e+00
9.461230990691499310e-01
7.967513102369089273e-01
6.297151013240102069e-01
4.389191070696880637e-01
2.189358920100729355e-01
-3.372339738194546355e-02
-3.194676651687490265e-01
-6.347364601732115030e-01
-9.714658921016325888e-01
-1.316984705649002052e+00
-1.654379787793089696e+00
-1.963330535427095791e+00
-2.221370499265905796e+00
-2.405495809106537042e+00
-2.494006230627560772e+00
-2.468439110867325148e+00
-2.315441176372216248e+00
-2.028419646709158641e+00
-1.608823037739030459e+00
-1.066923042491892515e+00
-4.220007558483391819e-01
2.981188344982912408e-01
1.058193532014428229e+00
1.817311930163835187e+00
2.531174497318616545e+00
3.154775703764504335e+00
3.645319264613625876e+00
3.965173509395921947e+00
4.084661818021203317e+00
3.984485270858461714e+00
3.657591438081539081e+00
3.110333831884207090e+00
2.362809209923817821e+00
1.448311992746340149e+00
4.119031537867192672e-01
-6.918488366722708172e-01
-1.801839218576440249e+00
-2.853942392377584625e+00
-3.784861452271599980e+00
-4.536072408921832277e+00
-5.057609821096774816e+00
-5.311443333359282981e+00
-5.274214260878601124e+00
-4.939136923830149684e+00
-4.316918859843329237e+00
-3.435614299759552015e+00
-2.339392557105784753e+00
-1.086272893145022955e+00
2.550546352586315901e-01
1.609141411303787184e+00
2.898193920230552223e+00
4.046720686935528555e+00
4.986124699569952412e+00
5.658952279250653028e+00
6.022526823577367239e+00
6.051731126115537762e+00
5.740752953614341791e+00
5.103672084618126270e+00
4.173839055662305952e+00
3.002071805680849970e+00
1.653771343235135971e+00
2.051266038682426907e-01
-1.261362708314975212e+00
-2.661772155702581966e+00
-3.915747223909871622e+00
-4.951298288572794526e+00
-5.709099170326860317e+00
-6.146023094603894066e+00
-6.237697420966883399e+00
-5.979920010082465431e+00
-5.388851586732503307e+00
-4.499975314039751595e+00
-3.365892050398545443e+00
-2.053092431479099922e+00
-6.379103313336312864e-01
7.980876455488435939e-01
2.172988374986875471e+00
3.409390807777602284e+00
4.438937993082959110e+00
5.206246935472680804e+00
5.672001387836175468e+00
5.815027935287431227e+00
5.633241821748822709e+00
5.143421521317295131e+00
4.379845289538996767e+00
3.391894012318863449e+00
2.240788028999145087e+00
9.956772287778156150e-01
-2.706595842063243551e-01
-1.486230456884355400e+00
-2.584084077204254370e+00
-3.506140867396431382e+00
-4.206373553242045205e+00
-4.653156321694025266e+00
-4.830659311020959024e+00
-4.739229491860461607e+00
-4.394765608623171893e+00
-3.827159298928707543e+00
-3.077932563264619059e+00
-2.197249698683939378e+00
-1.240516675923664325e+00
-2.648007104998528760e-01
6.746934970328721803e-01
1.527866538227722559e+00
2.252488584831350060e+00
2.816326916786979329e+00
3.198527062353804684e+00
3.390192373492019406e+00
3.394163200471360220e+00
3.224051104138957680e+00
2.902632035646004915e+00
2.459741900692539840e+00
1.929845900653217816e+00
1.349467874963331537e+00
7.546669016804521402e-01
1.787359927972874685e-01
-3.497268472750145185e-01
-8.082594963836031710e-01
-1.181414554106211767e+00
-1.461047800072142300e+00
-1.646033941179799731e+00
-1.741470282728810881e+00
-1.757465728676821382e+00
-1.707640475379564871e+00
-1.607479007668039861e+00
-1.472684475613843968e+00
-1.317676074871130920e+00
-1.154353432602953644e+00
-9.912248156744654093e-01
-8.329615404791312905e-01
-6.804021166788377650e-01
-5.309895523763101810e-01
-3.795871061886199049e-01
-2.195846356549414624e-01
-4.418219660106759150e-02
1.522782779782703155e-01
3.730672819005271812e-01
6.180356316984771947e-01
8.829062455523004616e-01
1.158973246926273903e+00
1.433257540822236997e+00
1.749875281228368706e+01
-1.250533212579680153e+01
2.237303603624235748e+00
4.052762559608972914e+00
-1.469415682370492693e+00
-5.932862350761503478e+00
8.638904917493238855e+00
-5.821471141496955548e-01
-1.437979051167723910e+01
2.462292693521460762e+01
-2.031585677423430880e+01
2.345444340414166717e+00
1.739980554657719836e+01
-2.519397964983328109e+01
1.660045837259990620e+01
-3.714934112534429289e-02
-1.047289777057897453e+01
7.292007076008532707e+00
4.426707214249298694e+00
-1.155025404061476202e+01
4.904340309374205731e+00
1.206220217765468128e+01
-2.559995829725959737e+01
2.320398057377039436e+01
-4.541951413424508033e+00
-1.769059832830409817e+01
2.786570086720047001e+01
-1.997007181506764439e+01
2.034817655864061603e+00
1.112393725716007786e+01
-1.045066295108864018e+01
-2.640708850917938832e-01
8.573394746122872334e+00
-4.858787694410631630e+00
-9.009710061560488370e+00
2.125010738305897462e+01
-2.039748545338766661e+01
5.220277350457329213e+00
1.411952953659224619e+01
-2.439131776297992005e+01
1.979437607388971898e+01
-5.833961760981302369e+00
-6.183978146785403140e+00
8.770048520098525202e+00
-3.650374192714398891e+00
-1.165439553813658158e+00
-6.508317811674100284e-01
8.068052941796601374e+00
-1.403522638868557415e+01
1.210059937191869395e+01
-2.136565352550682029e+00
-9.705633502819765113e+00
1.626219593771652683e+01
-1.485308652697960596e+01
8.379180180525766630e+00
-1.776504925761608344e+00
-2.325997918426511823e+00
4.769817403245316001e+00
-7.416520838240900027e+00
1.017960024622967019e+01
-1.078046008840140679e+01
7.352407910767292165e+00
-9.438384153506729213e-01
-4.929026382459348099e+00
7.406294688875153298e+00
-6.895466592124633642e+00
6.330523811056543160e+00
-7.640887521560257412e+00
9.062593319307678641e+00
-6.422695805721303053e+00
-2.343603270475991707e+00
1.375519212705287941e+01
-2.031380075594114842e+01
1.644208827196668210e+01
-3.793708743148988205e+00
-9.205873363830672673e+00
1.388452219768923079e+01
-8.565939829393302674e+00
1.689117454063193691e-02
2.610565411587396412e+00
3.718395663632239057e+00
-1.263751006318085146e+01
1.371271165904725642e+01
-2.114199021301703674e+00
-1.593081438104822567e+01
2.723195518220326505e+01
-2.234846063494977031e+01
3.884322209764423661e+00
1.503882788055311082e+01
-2.125610079104007255e+01
1.225678753037798074e+01
2.076317489835136421e+00
-8.292692328781672728e+00
1.211146202010645823e+00
1.152348056375182139e+01
-1.623820977844452074e+01
5.577425214973029455e+00
1.436110620819054517e+01
-2.848115175674067245e+01
2.512613792474256513e+01
-5.936131728394487439e+00
-1.530710162595111612e+01
2.387861779015398866e+01
-1.584439673566723172e+01
4.925208207728948295e-01
8.297152761458582049e+00
-4.071463977161775105e+00
-7.125725067929293388e+00
1.271812089636067000e+01
-5.100346583075448414e+00
-1.141274456177800900e+01
2.408444767484120419e+01
-2.247265813224883146e+01
7.075587121331890827e+00
1.129557273468499545e+01
-2.049343748691198996e+01
1.647623915563653441e+01
-5.415146380441442808e+00
-2.655023713231374316e+00
2.581789522214571697e+00
2.338173910623908114e+00
-4.484686421597742445e+00
-5.695366258028977668e-01
1.000620076128092251e+01
-1.643299093705516611e+01
1.441459339114251748e+01
-4.898860799728415927e+00
-6.040439085780794137e+00
1.243898412612601234e+01
-1.271296332123414352e+01
9.517806535519410360e+00
-6.147230309912400159e+00
3.415643386340572185e+00
8.774673277873290544e-02
-5.198066652616340377e+00
1.019671802192212162e+01
-1.195174447422108166e+01
9.030981826941291146e+00
-3.430124608669887998e+00
-1.116224729015577566e+00
2.710825911694524137e+00
-3.074161197531553036e+00
5.444935965897466978e+00
-1.047132484460080626e+01
1.435353623105752874e+01
-1.169598019367742481e+01
9.435481042582187783e-01
1.273689933676792663e+01
-2.050750354705703415e+01
1.688998061711163956e+01
-4.739506984128937006e+00
-6.644420152830068815e+00
9.187237351075689062e+00
-2.989021411238431902e+00
-3.785611494458242632e+00
2.399003871816441258e+00
8.005914679223018027e+00
-1.872101957754423651e+01
1.861727134829047969e+01
-4.264853683574806098e+00
-1.592212318204664356e+01
2.767853598728097353e+01
-2.239636229625337549e+01
4.412370292407482353e+00
1.238799597774092121e+01
-1.602971320050589554e+01
6.276643173987821456e+00
5.641366622379121232e+00
-7.223963359125415096e+00
-4.006603343463506661e+00
1.800734777997478986e+01
-2.084124444228109496e+01
7.062775366330098947e+00
1.489120188744148443e+01
-2.912767899648959258e+01
2.520684367773249690e+01
-6.608233686526847173e+00
-1.236648889141131669e+01
1.848901913702518840e+01
-1.012302726817400966e+01
-2.410587485768360683e+00
6.538017909114399728e+00
1.446322773700329023e+00
-1.342564186030429241e+01
1.694926152158060972e+01
-6.400636720375175948e+00
-1.187243681549600005e+01
2.471354186331657843e+01
-2.294003069526834793e+01
8.506532926694598373e+00
7.722524104710317694e+00
-1.517309163389440130e+01
1.163983948723693196e+01
-3.683794693987517022e+00
-2.229449312726412558e-01
-2.716078355648704701e+00
7.859073172199582125e+00
-8.140221176412067550e+00
8.584817635410839642e-01
9.864274027065668804e+00
-4.282375584753811415e-01
-5.385107334091618903e-01
-6.264365674180529808e-01
-6.736731173173833298e-01
-6.647120374969723855e-01
-5.885387952905294373e-01
-4.399452880283569733e-01
-2.203776726950532616e-01
6.176216550775937009e-02
3.914007269526040833e-01
7.476559005337367614e-01
1.105226147416760840e+00
1.436210534126611149e+00
1.712228318579901432e+00
1.906680282869474885e+00
1.996979070368773757e+00
1.966573701071398395e+00
1.806604547188434440e+00
1.517048717646785061e+00
1.107250457666947074e+00
5.957744223740542022e-01
9.568474829505291268e-03
-6.175265121740356467e-01
-1.246833200217667414e+00
-1.837330135475782056e+00
-2.348414045803776773e+00
-2.742742187985071745e+00
-2.988954026687751231e+00
-3.064074928358361927e+00
-2.955422177474390288e+00
-2.661864448637227376e+00
-2.194327917199728972e+00
-1.575492657281404751e+00
-8.386784161422380368e-01
-2.597542590600787626e-02
8.142703554037941105e-01
1.630461115623570434e+00
2.371046717473063836e+00
2.987902238028551594e+00
3.439556360153670056e+00
3.694049493345274104e+00
3.731221876930778780e+00
3.544267353456880265e+00
3.140435721655247647e+00
2.540822470585243131e+00
1.779245509891733246e+00
9.002701179163197232e-01
-4.349849242482717315e-02
-9.946848647601225224e-01
-1.894765395545682907e+00
-2.687807074244053407e+00
-3.324076904731343873e+00
-3.763282378245840221e+00
-3.977225933410335035e+00
-3.951693719545078309e+00
-3.687448735343096029e+00
-3.200257244490976927e+00
-2.519941332903181674e+00
-1.688515257945107040e+00
-7.575244609662010742e-01
2.152403923177734768e-01
1.169439865649836596e+00
2.046050377746401416e+00
2.791143026753680090e+00
3.359328012445700562e+00
3.716638118253386303e+00
3.842662002940907318e+00
3.731788057764696465e+00
3.393478934369552391e+00
2.851561527917729766e+00
2.142582830983532194e+00
1.313344213644280778e+00
4.177811302929350656e-01
-4.866016725968371759e-01
-1.342500569111335862e+00
-2.096537594429154439e+00
-2.702692011259930194e+00
-3.125212847186665144e+00
-3.340822567138036270e+00
-3.340070920014586608e+00
-3.127756154419840673e+00
-2.722394236852199167e+00
-2.154781079906317842e+00
-1.465753702900382427e+00
-7.033095617000790778e-01
8.071460477495917551e-02
8.341749755729304106e-01
1.508122237496682727e+00
2.060035290791186746e+00
2.456570389638002450e+00
2.675644316753160723e+00
2.707717638222019829e+00
2.556200349435346908e+00
2.236963365937483683e+00
1.777001078735843898e+00
1.212348307329127683e+00
5.854054477478037866e-01
-5.813501694202999337e-02
-6.725418540463186101e-01
-1.215249285871118579e+00
-1.649788920612240695e+00
-1.948247618684193938e+00
-2.093084765423550486e+00
-2.078189033988711465e+00
-1.909109347523780587e+00
-1.602453507225631180e+00
-1.184506695520909814e+00
-6.891766680429134428e-01
-1.554191043999473276e-01
3.756679356027502470e-01
8.638696352762551545e-01
1.272782507873927216e+00
1.572435988267500306e+00
1.741421986726274573e+00
1.768383299621664628e+00
1.652758583658516800e+00
1.404735418348830089e+00
1.044419957741761662e+00
6.002877516687903370e-01
1.070315235069612125e-01
-3.970355895969128746e-01
-8.728315980014820230e-01
-1.283404721782316571e+00
-1.596669955494983029e+00
-1.787785449484184941e+00
-1.840997423028599034e+00
-1.750820896815969752e+00
-1.522471498924389710e+00
-1.171517523396990779e+00
-7.227774523718839550e-01
-2.085422989104506186e-01
3.337494628837816002e-01
8.642173780439723618e-01
1.343430616707517844e+00
1.735278020438380420e+00
2.009610323337152948e+00
2.144464409706402730e+00
2.127709148040163534e+00
1.957993452758826525e+00
1.644926844253626452e+00
1.208477377257859198e+00
6.776275095251100833e-01
8.838133372921119779e-02
-5.187371538452365538e-01
-1.101518703641552355e+00
-1.619036425894390563e+00
-2.034536651622280701e+00
-2.318048414385958989e+00
-2.448526500844590892e+00
-2.415375697301182178e+00
-2.219247332324688404e+00
-1.872050409228222856e+00
-1.396174918677189236e+00
-8.229804140573536708e-01
-1.906547008771253271e-01
4.584081187175267358e-01
1.080527126774089686e+00
1.633747497809537874e+00
2.080736134994544351e+00
2.391357570431562607e+00
2.544750151463185617e+00
2.530757677534697159e+00
2.350616965669661607e+00
2.016854104706810702e+00
1.552397716917981896e+00
9.889724597392887118e-01
3.648863980155450104e-01
-2.776317914640433759e-01
-8.953585331790241408e-01
-1.447058682893316739e+00
-1.896317616279231455e+00
-2.214024385421430097e+00
-2.380333334530972955e+00
-2.385968769729475802e+00
-2.232783954346150068e+00
-1.933538535135063574e+00
-1.510913748543899038e+00
-9.958384957339962984e-01
-4.252478076402677054e-01
1.605650754266915170e-01
7.208136109427486504e-01
1.217095783083208538e+00
1.616080648119472496e+00
1.891813762716781255e+00
2.027479500262949763e+00
2.016497565063578357e+00
1.862878970280969604e+00
1.580819924823945177e+00
1.193566679378525341e+00
7.316365152466370869e-01
2.305260021599402354e-01
-2.719258743541785872e-01
-7.383277105643426541e-01
-1.134476206420643951e+00
-1.431848580360191692e+00
-1.609666494250661328e+00
-1.656382328043770391e+00
-1.570480606043653804e+00
-1.360537075216117664e+00
-1.044531810136853256e+00
-1.674645645328498134e+01
1.542841187932039659e+01
-7.535274035984167895e+00
-1.500664499964620369e+00
7.248157548786131166e+00
-9.156538679308987128e+00
9.357740098076055446e+00
-9.342387731003380935e+00
8.226134570992890360e+00
-4.259287760205836548e+00
-2.342054833249785695e+00
8.566175792606246731e+00
-1.094927097322079845e+01
8.813353450569112013e+00
-4.963028848156186612e+00
2.854067989092540891e+00
-2.935458302060848901e+00
2.021211488736048612e+00
3.245940909341251679e+00
-1.199292988940371707e+01
1.837750730950038047e+01
-1.601723493304180934e+01
4.064978287919860378e+00
1.076405403414036144e+01
-1.878020245641951647e+01
1.512473928354396868e+01
-4.016288732748094503e+00
-4.694668668236785969e+00
4.087822074886434898e+00
3.582024012970304483e+00
-8.771518647134929125e+00
3.427867641239719099e+00
1.095672243815966240e+01
-2.347099806579893055e+01
2.260498205035286645e+01
-6.459245144881712974e+00
-1.465868824457096764e+01
2.599950629437062588e+01
-2.026151437444755032e+01
3.515242195491710575e+00
1.005305026781191202e+01
-1.022045076427181520e+01
-7.178124215365688787e-01
1.033616014517978599e+01
-7.380877388803259720e+00
-7.842845730005286953e+00
2.314313559278332022e+01
-2.464728153977380742e+01
8.846881789684502451e+00
1.390451976061245354e+01
-2.754172148036163748e+01
2.321735814885363069e+01
-6.102762331796606432e+00
-9.517344166938421779e+00
1.241638088906001869e+01
-3.386524469393249248e+00
-6.444355274131632783e+00
6.062468548855588502e+00
5.520785648183966110e+00
-1.842628302512661165e+01
2.059825373259022641e+01
-8.300188200859160759e+00
-1.060029185672043184e+01
2.310914741050063981e+01
-2.153228107923207801e+01
9.005411094927666227e+00
4.092698240534592635e+00
-9.149352539739389556e+00
5.803568749264532478e+00
-7.670336074684942496e-01
8.014492053713038189e-01
-6.497972540136572661e+00
1.219026368357544143e+01
-1.151101814956693303e+01
3.218876716533062954e+00
7.823506074153112166e+00
-1.491758810997195361e+01
1.482707209793753655e+01
-9.477714328505131292e+00
3.181421691797655882e+00
1.391978826269513636e+00
-4.622137763720164827e+00
7.917305880485902669e+00
-1.096699947051176594e+01
1.145489999763979760e+01
-7.577569305773343089e+00
5.778315392148014595e-01
5.665718492657768834e+00
-7.929676958022344735e+00
6.607976196600335861e+00
-5.171104843930538486e+00
6.350368349061758622e+00
-8.769863272720392899e+00
7.722763540343478894e+00
7.869926970927743071e-02
-1.211639063244409087e+01
2.066938755507730718e+01
-1.872660712978774811e+01
6.361720467728939177e+00
8.367367048809017049e+00
-1.547982670285544060e+01
1.127819202492457507e+01
-1.490800537913596457e+00
-3.792025788909130668e+00
-7.221171829741153125e-01
1.036948062432591833e+01
-1.432514502876899698e+01
5.452465879008837391e+00
1.238211869814183075e+01
-2.636876237878248475e+01
2.501860803372429132e+01
-8.073021632509746581e+00
-1.263607221326123131e+01
2.251731731313284257e+01
-1.604494498163763438e+01
1.006205699639724394e+00
8.538768375287915546e+00
-4.570718546467207766e+00
-7.953961862058135601e+00
1.561423917754928326e+01
-8.620818925638214836e+00
-1.002353866586913433e+01
2.637637295732395870e+01
-2.700965613905124840e+01
1.033466235170684655e+01
1.187113074903736276e+01
-2.402177603925396809e+01
1.921752273097520458e+01
-4.166162081625483182e+00
-7.336321775867149064e+00
6.439767857987618527e+00
3.620073537378112771e+00
-1.114632457830060375e+01
6.826663997756854840e+00
7.809951742757725413e+00
-2.155438041907501656e+01
2.303324791106113167e+01
-1.022493797529397064e+01
-8.049995517948003609e+00
1.954419102587407764e+01
-1.825538544451551815e+01
8.239686733971595345e+00
1.053227440404372439e+00
-3.220694157182638406e+00
-3.369470903722593391e-01
2.967450461845391629e+00
3.704204429749591299e-01
-8.371852619031731280e+00
1.475356996508056895e+01
-1.398083502074807427e+01
5.950016265816694627e+00
4.327133632490705928e+00
-1.118859588645831238e+01
1.254987945424499429e+01
-1.030652649933678866e+01
7.294550564256059744e+00
-4.330399090737438783e+00
2.623300824519532171e-01
5.464322184475103761e+00
-1.089193589921762140e+01
1.267553379761765875e+01
-9.292758508068683199e+00
2.958506261942822402e+00
2.051327584691726713e+00
-3.326391844526147779e+00
2.617394603215713822e+00
-3.915769389399838651e+00
8.863885258100033582e+00
-1.402892688245466779e+01
1.324958878322255451e+01
-3.509351807799109046e+00
-1.101123586939073284e+01
2.103106497322938040e+01
-1.937514964840230647e+01
7.265761279501727898e+00
6.142093511112038051e+00
-1.116035491250200806e+01
5.768339776276067532e+00
2.686592550135112667e+00
-4.161498813146565112e+00
-4.649596008209941900e+00
1.657502733291232033e+01
-1.970196863516714814e+01
8.012279849300286472e+00
1.236141895128573331e+01
-2.716098573456677912e+01
2.539398805432345085e+01
-8.541004413212910151e+00
-1.044903412078376981e+01
1.778395643305101004e+01
-1.013783191602205491e+01
-3.031529564071013816e+00
8.161800254566349722e+00
2.536350043440549484e-01
-1.461996847732220139e+01
2.078387182058300908e+01
-1.057077021404189132e+01
-1.055082924841731540e+01
2.741240959306299985e+01
-2.745209604701526374e+01
3.152718263202066939e+00
2.811288032341825449e+00
2.297458578807879181e+00
1.648228053059443754e+00
9.089328276200325796e-01
1.301068326161685107e-01
-6.359748924327039976e-01
-1.338831324113695542e+00
-1.933148436638593815e+00
-2.381762016986725072e+00
-2.658050652178610029e+00
-2.747581128376016757e+00
-2.648900973850134122e+00
-2.373432291542832306e+00
-1.944483227636670142e+00
-1.395454099248250035e+00
-7.673701688051183245e-01
-1.059185295091717438e-01
5.418005462584346565e-01
1.130579360631292829e+00
1.620235109558779474e+00
1.978352172452517044e+00
2.182446705628290129e+00
2.221407694880122463e+00
2.096120353828718308e+00
1.819235733361978191e+00
1.414110551144400318e+00
9.129993425411528918e-01
3.546330202504420770e-01
-2.186398016258945809e-01
-7.639427284682421826e-01
-1.240971778333686437e+00
-1.614885529788784080e+00
-1.858781082281623531e+00
-1.955582177843482761e+00
-1.899208433043074962e+00
-1.694946290551148982e+00
-1.358999345201046705e+00
-9.172540885831986790e-01
-4.033527262234097854e-01
1.437863618021604228e-01
6.828211531648900046e-01
1.173006183597899987e+00
1.577163756379625248e+00
1.864393555374106004e+00
2.012327169504988689e+00
2.008766822203371660e+00
1.852591708063282550e+00
1.553867628080407348e+00
1.133152371465695696e+00
6.200464954517641569e-01
5.109276033431786601e-02
-5.328262979882376627e-01
-1.089407587335143202e+00
-1.577955948036617428e+00
-1.962306642985567784e+00
-2.213434070293205380e+00
-2.311561098909121537e+00
-2.247618714792050110e+00
-2.023951557112369404e+00
-1.654218172440142354e+00
-1.162491657224971053e+00
-5.816227836173201160e-01
4.902026648824020505e-02
6.862774623780123484e-01
1.286196860637746742e+00
1.807098624868964665e+00
2.212488268930367319e+00
2.473614806781822661e+00
2.571494390805613151e+00
2.498257509392574960e+00
2.257725244226480577e+00
1.865174112572521192e+00
1.346305834952524538e+00
7.354939778177970178e-01
7.342991879450677661e-02
-5.956675711850956123e-01
-1.227084564905312147e+00
-1.778674885220629998e+00
-2.213740769387373852e+00
-2.503531538535840539e+00
-2.629187643892943793e+00
-2.582996616912786703e+00
-2.368875859608923662e+00
-2.002051451164283069e+00
-1.507958391403851683e+00
-9.204419924819603471e-01
-2.793886554678349787e-01
3.720463680001505624e-01
9.904191695976103382e-01
1.534976615707315029e+00
1.970427358393997075e+00
2.269312424145121909e+00
2.413812478050497035e+00
2.396869305074230905e+00
2.222547943918730340e+00
1.905619768798929803e+00
1.470401814864115364e+00
9.489398887689783901e-01
3.786688078832657345e-01
-2.002807521622458897e-01
-7.479353788740734643e-01
-1.227288495694222270e+00
-1.606867288887449785e+00
-1.862876459842269572e+00
-1.980769619000599446e+00
-1.956140980511059002e+00
-1.794879336896850308e+00
-1.512579543688497452e+00
-1.133260105518666405e+00
-6.874851079336214976e-01
-2.100311357589197403e-01
2.627280630174879672e-01
6.955268511082849381e-01
1.056804978512879689e+00
1.321007626362779908e+00
1.470421350939560501e+00
1.496413468268558589e+00
1.399986372593581496e+00
1.191608601050386351e+00
8.903375045689574385e-01
5.223003262550145465e-01
1.186475649863336645e-01
-2.868686980565546829e-01
-6.605111288830953775e-01
-9.711731638673559708e-01
-1.192799388731250687e+00
-1.306428828170781431e+00
-1.301706896092341248e+00
-1.177750326503051337e+00
-9.432965964019293104e-01
-6.161217794371895984e-01
-2.217646567160900251e-01
2.083536385342437125e-01
6.392798930142282732e-01
1.035178671869293243e+00
1.362087793844007244e+00
1.590575746190586504e+00
1.698102388953086628e+00
1.670903806545364301e+00
1.505254862346091516e+00
1.208006652927924307e+00
7.963475966075681534e-01
2.967926931452039008e-01
-2.565384075886889548e-01
-8.242415076195955814e-01
-1.364388233245843907e+00
-1.835534680798231122e+00
-2.199765566352624546e+00
-2.425555277874307691e+00
-2.490236906764704106e+00
-2.381895001475976770e+00
-2.100535850813684213e+00
-1.658438020500966559e+00
-1.079642297544401108e+00
-3.986002481235462191e-01
3.419399178073891377e-01
1.093676739769921413e+00
1.805948611334423415e+00
2.429162885661146465e+00
2.918227565438385795e+00
3.235748435513970733e+00
3.354767175919125322e+00
3.260844363144515867e+00
2.953333519393208650e+00
2.445745717098406935e+00
1.765165113192032065e+00
9.507400511574291002e-01
5.133764021458131488e-02
-8.774923519783884851e-01
-1.777049888772536113e+00
-2.589283121763715556e+00
-3.260602194714182556e+00
-3.745453982011131888e+00
-4.009416844634589694e+00
-4.031604365680889757e+00
-3.806211365584793338e+00
-3.343091374025039642e+00
-2.667318431545207424e+00
-1.817753342105141279e+00
-8.447007732595848140e-01
1.931955709042916247e-01
1.232621216091892569e+00
2.209585919329385639e+00
3.063486137956394018e+00
3.740970338412898943e+00
4.199354751465608437e+00
4.409366211324244667e+00
4.357032611178681236e+00
4.044597331735696244e+00
3.490398013652970199e+00
2.727717961685787174e+00
1.802685742868155749e+00
7.713606794711982406e-01
-3.038051978041635959e-01
-1.357898081821617087e+00
-2.327610868597758120e+00
-3.155186153550485706e+00
-3.791980442930880102e+00
-4.201422689240462915e+00
1.095595411283276377e+01
9.393067075040008262e+00
-1.911423558765242348e+01
1.355629422721006705e+01
-7.991022463902641704e-01
-6.233131162282773197e+00
1.281822541672331894e+00
1.009431261752417086e+01
-1.589108741336480435e+01
8.541034516432723933e+00
8.254222887064797121e+00
-2.248627524409502243e+01
2.376546590863374320e+01
-1.159016874125604346e+01
-4.836873363816062366e+00
1.455243023015771442e+01
-1.339915460557224414e+01
6.114375583572946304e+00
-8.960553211520898564e-01
1.852147441158235708e+00
-6.010084799705532888e+00
6.969893810843375448e+00
-1.302677819323461605e+00
-8.231195757909294031e+00
1.520513561571143235e+01
-1.504526244268793889e+01
8.444063535137967591e+00
5.725096484554548226e-03
-6.070257086543325187e+00
8.811507414301544827e+00
-9.822880083990789046e+00
1.025661881784821006e+01
-9.139509774381867402e+00
4.773292128909245591e+00
2.469034323095720573e+00
-9.263472005274028476e+00
1.174623409273239361e+01
-9.044483375432553984e+00
4.274714065625783377e+00
-1.640690592930447167e+00
2.218667773018557554e+00
-2.684063152817888209e+00
-1.323376302202521781e+00
1.009053173573805928e+01
-1.806129649399733950e+01
1.782204430097573322e+01
-6.853857499303850354e+00
-9.070378552395267135e+00
1.955180045361836250e+01
-1.779270363625558815e+01
6.398056876057516718e+00
4.640999320084568502e+00
-6.487467308373965125e+00
-7.618939747592836653e-01
8.094064515888330646e+00
-5.774355453075838085e+00
-7.291170826812479078e+00
2.149575608078323796e+01
-2.413894157329606216e+01
1.050682056909824702e+01
1.121798126348366509e+01
-2.589004125845979232e+01
2.353449237303836483e+01
-7.458098373499284506e+00
-8.685034182517743062e+00
1.249070467046630917e+01
-3.168168761977780967e+00
-8.246050511521607618e+00
8.996043359061619782e+00
3.762100591327408594e+00
-1.998221856953512088e+01
2.511286949803484703e+01
-1.269305933079481719e+01
-9.690181717860850696e+00
2.625589128437878372e+01
-2.574905257434598127e+01
1.026893610833152515e+01
7.098739925193089384e+00
-1.352797551822864008e+01
6.827314128283511252e+00
3.733179639889298684e+00
-6.384915454355498454e+00
-2.496550829914166769e+00
1.529342753336565863e+01
-1.998831466040771687e+01
1.072563079963304489e+01
7.074053699817851815e+00
-2.119574875145816861e+01
2.253488216443705738e+01
-1.190613543321882872e+01
-1.633713571198594394e+00
8.848781407467079418e+00
-7.502737468534184551e+00
2.794428121744190641e+00
-1.478612690133274565e+00
5.456477479383611495e+00
-1.048329685150335422e+01
1.059869121592958408e+01
-3.788338734157536081e+00
-6.262605976342447534e+00
1.349096785890629313e+01
-1.440238365991019975e+01
1.015448357143286628e+01
-4.424916043130411758e+00
-2.690644511431470320e-01
4.078415324168602751e+00
-8.083366458183093073e+00
1.170010930876146382e+01
-1.238919422056157593e+01
8.203026583786726889e+00
-4.776355438046611113e-01
-6.468563364671457983e+00
8.826750753924239135e+00
-6.749127745959176750e+00
4.174397227952785450e+00
-4.802666851254624447e+00
7.954218568223702768e+00
-8.615124746297064817e+00
2.226619309170573491e+00
9.977564552411507748e+00
-2.042133154056138267e+01
2.077699491671086207e+01
-9.280219586049277325e+00
-6.837239483168147558e+00
1.658339203163548348e+01
-1.411369407755483252e+01
3.638268506463917973e+00
4.274528692906983451e+00
-2.128726919915734150e+00
-7.539690706036981993e+00
1.409392517644979037e+01
-8.347616138500551841e+00
-8.491088636264780831e+00
2.462449082858069360e+01
-2.696973762861133750e+01
1.229647043530511397e+01
9.455331709140116558e+00
-2.287868569598585822e+01
1.954532390715935009e+01
-4.655816295209716849e+00
-7.820226880905917000e+00
7.358278975316801862e+00
4.088869264071828269e+00
-1.406191943984620352e+01
1.085949621407251087e+01
5.708294388306040190e+00
-2.349076009629317952e+01
2.794237532594875262e+01
-1.437967090925408620e+01
-7.915445371285908749e+00
2.320463218197334498e+01
-2.196832616584377718e+01
8.043355533277049219e+00
5.535180908995326554e+00
-8.025509867096317862e+00
-2.139198281177439043e-01
8.934618035942948566e+00
-7.710512398422468827e+00
-4.574451770140004925e+00
1.864327860023804107e+01
-2.279384536488398183e+01
1.279746998273856207e+01
4.723807202820109907e+00
-1.795685670040389681e+01
1.936113336056358136e+01
-1.086789089105072748e+01
9.401182163127995706e-01
3.222761165759450375e+00
-1.280027247056088946e+00
-1.316799268770794562e+00
-6.791379586008656766e-01
7.214029931179846145e+00
-1.317400466820952509e+01
1.322780588354103060e+01
-6.521055822742702901e+00
-2.908302405809735092e+00
9.858655112161095246e+00
-1.201201997680959366e+01
1.069225720665370716e+01
-8.276887051658349037e+00
5.415603284598267564e+00
-9.961699468446303385e-01
-5.391133002202968427e+00
1.152149716114625377e+01
-1.365965195784549202e+01
9.971140903328539196e+00
-2.767104112656908477e+00
-3.061981658941857809e+00
4.349434087551996342e+00
-2.620512455891116588e+00
2.546351965295271746e+00
-6.957767469898552548e+00
1.313385336131712933e+01
-1.438512818001495575e+01
6.155950826916255281e+00
8.727470405150929977e+00
-2.092898016825765595e+01
2.166606835449517376e+01
-1.021451879726030754e+01
-4.907602502835009872e+00
2.422364490981253393e+00
2.685148952944379719e+00
2.773702670084623900e+00
2.683242410223247276e+00
2.420958643041064562e+00
2.005448439007710970e+00
1.465372517629905280e+00
8.374338765765952930e-01
1.638219613480607073e-01
-5.106974188753812260e-01
-1.141842751493336250e+00
-1.688815265848546687e+00
-2.117028187771908598e+00
-2.400380088602606321e+00
-2.522918824750854050e+00
-2.479786322475939109e+00
-2.277385634648924295e+00
-1.932766638684519256e+00
-1.472281564702413004e+00
-9.296123736489347866e-01
-3.433152794660148666e-01
2.459395888701324528e-01
7.982355143916133322e-01
1.277179923003620932e+00
1.652383703497454892e+00
1.901476851007909863e+00
2.011522812738308907e+00
1.979738118531287006e+00
1.813474435269119001e+00
1.529473446854352714e+00
1.152457105806374615e+00
7.131630983239460875e-01
2.459744428606824851e-01
-2.136797656804707568e-01
-6.319603195229854808e-01
-9.790972808773890090e-01
-1.231532372879932113e+00
-1.373569881846838925e+00
-1.398418607301457506e+00
-1.308552832425883272e+00
-1.115370809618949188e+00
-8.381811841540136587e-01
-5.025973364028439860e-01
-1.384632069197972992e-01
2.225313903303625107e-01
5.493651702955528737e-01
8.141392214470458688e-01
9.942845568418258173e-01
1.074355872522600563e+00
1.047274640797009493e+00
9.149254714536873001e-01
6.880577030888890278e-01
3.854959512124283005e-01
3.271506860410955397e-02
-3.401171163592338065e-01
-7.004853479198489552e-01
-1.016086618933035535e+00
-1.257412210371448458e+00
-1.400156711886003658e+00
-1.427269374816517944e+00
-1.330487563358251135e+00
-1.111228498987948843e+00
-7.807613925012717448e-01
-3.596341793557722988e-01
1.236163042526468026e-01
6.343886770080521265e-01
1.134445975793400896e+00
1.584680215402643588e+00
1.948016169991053204e+00
2.192244463933481491e+00
2.292575480064064308e+00
2.233722046229356550e+00
2.011349349869413494e+00
1.632773048643240132e+00
1.116838211166278017e+00
4.929689752933034130e-01
-2.005623408763356208e-01
-9.190416449630880447e-01
-1.614240230230146178e+00
-2.237668345150937377e+00
-2.743934310479533956e+00
-3.093976892128650569e+00
-3.257943284939266437e+00
-3.217505658773706756e+00
-2.967444522308730903e+00
-2.516374891711454787e+00
-1.886548243965585403e+00
-1.112725646924862533e+00
-2.401810368291588116e-01
6.780460146598569215e-01
1.584475729567184743e+00
2.420877579619888031e+00
3.132081846915673928e+00
3.669659755468068774e+00
3.995224117636888117e+00
4.083124790164783136e+00
3.922351085368339874e+00
3.517504192058852119e+00
2.888763278438639226e+00
2.070835242944950583e+00
1.110945605635552669e+00
6.599224023440397602e-02
-1.000959815099761174e+00
-2.024619213330337342e+00
-2.941591157814041679e+00
-3.694414916318910169e+00
-4.235252665230875735e+00
-4.528987871263320919e+00
-4.555529072395185786e+00
-4.311166222046034946e+00
-3.808888312512531016e+00
-3.077638703143836807e+00
-2.160553935998653419e+00
-1.112298205034409460e+00
4.335366950341645875e-03
1.122337817922830272e+00
2.174659779773702617e+00
3.098380689860185111e+00
3.838604387779736893e+00
4.351832458693637662e+00
4.608601711166161685e+00
4.595221079986713697e+00
4.314502706340478611e+00
3.785447960460220251e+00
3.041917309012760029e+00
2.130378647956620686e+00
1.106887669820362907e+00
3.350214536441953328e-02
-1.025633450140514658e+00
-2.008277920000985262e+00
-2.857901294736384212e+00
-3.527069450848670407e+00
-3.980195186205571112e+00
-4.195490092426579665e+00
-4.166006443636372403e+00
-3.899719715187807800e+00
-3.418666048939494218e+00
-2.757210681367709526e+00
-1.959578925352641221e+00
-1.076827094239307669e+00
-1.634638411476887487e-01
7.260492708699581854e-01
1.540686542954324167e+00
2.235917857444976953e+00
2.776248420640884618e+00
3.137087410785580843e+00
3.305843556610988276e+00
3.282200605827976236e+00
3.077582462203035885e+00
2.713872506303697030e+00
2.221500513970971813e+00
1.637050366879175156e+00
1.000569827178116267e+00
3.527783084212068321e-01
-2.676309192221877353e-01
-8.264110211923230143e-01
-1.295747304870253025e+00
-1.655687719053294371e+00
-1.894941615331362517e+00
-2.011018609115643674e+00
-2.009728427934821759e+00
-1.904108779357934988e+00
-1.712888196298208765e+00
-1.458621717808969986e+00
-1.165657039536233786e+00
-8.580961715122237266e-01
-5.579123563261454422e-01
-2.833646577175119585e-01
-4.782474741588771394e-02
1.409057158268525178e-01
2.807502268253627697e-01
3.749918302203030240e-01
4.314358689552475479e-01
4.611880202189672096e-01
4.771649798494745909e-01
4.924758593262420492e-01
5.188217828938147536e-01
5.650586262430319362e-01
6.360535504285143027e-01
7.319410830459891493e-01
8.478509261065683145e-01
9.741400393730297314e-01
1.097118946617109625e+00
1.200219971205085168e+00
1.265516550986562905e+00
1.275470977966366659e+00
1.214765433275710738e+00
1.072059932787953196e+00
8.415218183304952193e-01
5.239848565339525477e-01
1.276210328270117877e-01
-3.319569489402984797e-01
-8.322021066121054744e-01
-1.344741516836420736e+00
-1.837031931754338876e+00
-2.274463183319287651e+00
-2.622771161497263748e+00
-2.850592645499382627e+00
-2.931976414864777780e+00
-2.848660498967677590e+00
0.000000000000000000e+00
1.467095506811257000e+00
2.850348287171997619e+00
4.070898362741408150e+00
5.059544082514964458e+00
5.760822915228472674e+00
6.136247661400116904e+00
6.166501919553540212e+00
5.852464575501214128e+00
5.215007031989658870e+00
4.293584057053267955e+00
3.143714511011391100e+00
1.833516961884566587e+00
4.395229244896766141e-01
-9.579664854461387158e-01
-2.279688964975414400e+00
-3.452096099588600975e+00
-4.411608904920916174e+00
-5.108197955104600396e+00
-5.508078472182389440e+00
-5.595369749760136457e+00
-5.372636033921130760e+00
-4.860297963408918953e+00
-4.094975135589765003e+00
-3.126886667838303158e+00
-2.016493524319965314e+00
-8.306103179190543750e-01
3.617573687021050644e-01
1.493582937585111070e+00
2.503735211410547556e+00
3.340403762786910313e+00
3.963833664347428343e+00
4.348220364202358468e+00
4.482674027208263468e+00
4.371225676584916009e+00
4.031910511192449142e+00
3.495022636488210210e+00
2.800686280762191060e+00
1.995928152392327570e+00
1.131461548533837735e+00
2.584037592364408775e-01
-5.748561025176825989e-01
-1.325440733409456229e+00
-1.958253511704175054e+00
-2.447608552038982310e+00
-2.778147086465263094e+00
-2.945017888380368376e+00
-2.953351595823467513e+00
-2.817106815790640262e+00
-2.557406505431014665e+00
-2.200513645631159587e+00
-1.775613757070059417e+00
-1.312577381548990507e+00
-8.398682522617473278e-01
-3.827434449103406244e-01
3.813786033021759891e-02
4.076177497895926427e-01
7.164178732865151833e-01
9.609988631880217458e-01
1.142948472074289512e+00
1.267982282970304020e+00
1.344669267340434793e+00
1.383013001240368745e+00
1.393026739026333560e+00
1.383436402699090406e+00
1.360630385561089728e+00
1.327950253309949646e+00
1.285384055574612772e+00
1.229686712641087976e+00
1.154912859655184754e+00
1.053309791139700247e+00
9.164848189212180252e-01
7.367351575216292137e-01
5.084115488847308351e-01
2.291806767532336142e-01
-9.894339196207724285e-02
-4.689122445475355505e-01
-8.683879670173486609e-01
-1.279972965583617395e+00
-1.681938382001417986e+00
-2.049422817102755534e+00
-2.356032099240744415e+00
-2.575734040987406104e+00
-2.684912514567503905e+00
-2.664425247392805396e+00
-2.501501307808280838e+00
-2.191318295675678929e+00
-1.738115827440688044e+00
-1.155730122654357706e+00
-4.674725769043870383e-01
2.946794143960247414e-01
1.091561597955745810e+00
1.878904072102348444e+00
2.609899627862136029e+00
3.238103861255493321e+00
3.720481025522321517e+00
4.020391183236258215e+00
4.110309755611865512e+00
3.974080771933666600e+00
3.608529686130246272e+00
3.024299210722470654e+00
2.245819927639292501e+00
1.310383368772185531e+00
2.663451101305946978e-01
-8.294548688309013595e-01
-1.914911881147006945e+00
-2.926326379379490916e+00
-3.802298461858973688e+00
-4.487600291398692320e+00
-4.936774517382106708e+00
-5.117218408687108422e+00
-5.011541349880287655e+00
-4.619026053121749520e+00
-3.956078688967892276e+00
-3.055616669735053303e+00
-1.965410917377492739e+00
-7.454676335453072067e-01
5.354016856060505036e-01
1.803618290820335979e+00
2.985236162335251020e+00
4.010430918295794456e+00
4.817795217954927267e+00
5.358167118028570819e+00
5.597744641123682641e+00
5.520282935049257489e+00
5.128227149056527878e+00
4.442700908377231528e+00
3.502342722044325285e+00
2.361056095309905345e+00
1.084808729286690809e+00
-2.523226018742391608e-01
-1.572616144192954035e+00
-2.799399793419537374e+00
-3.861682631673868382e+00
-4.698433463431316071e+00
-5.262238863502149755e+00
-5.522112915777761089e+00
-5.465285140975701061e+00
-5.097858525191458767e+00
-4.444301780309565686e+00
-3.545814261015586943e+00
-2.457673473311673629e+00
-1.245739175444050328e+00
1.765945899700094301e-02
1.258189644308574939e+00
2.404049611011738641e+00
3.390286286502212754e+00
4.162627134093668246e+00
4.680591392495775160e+00
4.919694962645561276e+00
4.872623706427953394e+00
4.549317859232491656e+00
3.975981065385919777e+00
3.193096523745656334e+00
2.252595349901191923e+00
1.214374462673004418e+00
1.423997673808747311e-01
-8.993472249745100289e-01
-1.850816189802632294e+00
-2.659477453608898756e+00
-3.283332136859721473e+00
-3.693163872304182860e+00
-3.873906928109065007e+00
-3.825066728502570790e+00
-3.560192916102775662e+00
-3.105467857672318033e+00
-2.497530639179455392e+00
-1.780704356820694834e+00
-1.003829820600467659e+00
-2.169294827310689067e-01
5.320696381368663630e-01
1.200336062818709415e+00
1.752664495530319222e+00
2.163382610233939296e+00
2.417527383280315689e+00
2.511238341484601122e+00
2.451371319358320644e+00
2.254390807032200961e+00
1.944647918058390434e+00
1.552191068626425086e+00
1.110284979889619716e+00
6.528288031503969302e-01
2.118652157816964809e-01
-1.846405376638232676e-01
-5.145982646113491654e-01
-7.630498842389075165e-01
-9.228126335270023795e-01
-9.944834374517299569e-01
-9.858285271755751200e-01
-9.106285733803965998e-01
-7.870895267356943226e-01
-6.359601517860584696e-01
-4.785167401978971391e-01
-3.345823897632218547e-01
-2.207421797127169238e-01
-1.488971695206366963e-01
-1.252709201448427567e-01
-1.499445017014547910e-01
-2.169526477947161247e-01
-3.149281814025697290e-01
