1.182706817004161248e+00
1.571540072894828555e+00
1.903980464212064128e+00
2.153682079664188898e+00
2.297577934857687687e+00
2.317745881154022136e+00
2.203028137477328396e+00
1.950274254485447667e+00
1.565098724300843180e+00
1.062074486251404437e+00
4.643203537593506569e-01
-1.975185258939206601e-01
-8.868554621251570902e-01
-1.563229392289614550e+00
-2.184734805089904697e+00
-2.710665127450829992e+00
-3.104199997517712362e+00
-3.334957602330177906e+00
-3.381236003341129948e+00
-3.231782241340543482e+00
-2.886954305025777323e+00
-2.359177262532651920e+00
-1.672638776449931530e+00
-8.622180585546456166e-01
2.830711559548404477e-02
9.486817902505045863e-01
1.845086117129515646e+00
2.663365128329687082e+00
3.352377254275986651e+00
3.867250039887530022e+00
4.172332327591363743e+00
4.243646829030779166e+00
4.070674794295495502e+00
3.657343818116313372e+00
3.022138314128658187e+00
2.197306814221243521e+00
1.227197532306633976e+00
1.658098674004074291e-01
-9.262989755635794298e-01
-1.985569719880254436e+00
-2.949244315098731306e+00
-3.759183068221674695e+00
-4.365457654675230614e+00
-4.729492996239072156e+00
-4.826556558710146660e+00
-4.647432316560971444e+00
-4.199166091605603057e+00
-3.504826114899757705e+00
-2.602283880516071068e+00
-1.542081761172229282e+00
-3.845115064103070690e-01
8.039220691612065650e-01
1.954438427876584505e+00
3.000079718565872078e+00
3.879719124942755393e+00
4.541732641498359868e+00
4.947107918600812226e+00
5.071798259456691049e+00
4.908176412173101966e+00
4.465498531375727609e+00
3.769350046894601292e+00
2.860108272918111982e+00
1.790517413385166456e+00
6.225263142498317359e-01
-5.764155717715472305e-01
-1.737375835526254519e+00
-2.794023928741204976e+00
-3.686533945582040062e+00
-4.365069022244278507e+00
-4.792638565525943584e+00
-4.947159932502511737e+00
-4.822606790921563302e+00
-4.429183902740913226e+00
-3.792528784559483057e+00
-2.952000729596223394e+00
-1.958173227951486739e+00
-8.696934229739643474e-01
2.502910322829312584e-01
1.337913694821172061e+00
2.332346335465166121e+00
3.179303439002142184e+00
3.834086116364752606e+00
4.263989765558251044e+00
4.449942677837562144e+00
4.387293167215354117e+00
4.085717349558274591e+00
3.568274845143456275e+00
2.869691883525540721e+00
2.033997266799882464e+00
1.111673580283273566e+00
1.565117572947605229e-01
-7.776297868721431250e-01
-1.639960277096067287e+00
-2.385597637239556867e+00
-2.977951668383716388e+00
-3.390519771533681670e+00
-3.608007118960096626e+00
-3.626728975058590265e+00
-3.454299851363668239e+00
-3.108659224678143929e+00
-2.616523740191517788e+00
-2.011388657423606396e+00
-1.331224836686957902e+00
-6.160305528674794306e-01
9.460064008290514082e-02
7.637436200585054902e-01
1.359103248613826365e+00
1.854566820316698061e+00
2.231273260016915838e+00
2.478161218092714613e+00
2.591995359605320459e+00
2.576905504106046241e+00
2.443504431528643384e+00
2.207675089191879714e+00
1.889135094221275679e+00
1.509894914548965961e+00
1.092725680676200462e+00
6.597436415934039289e-01
2.312018577568126787e-01
-1.754426291029151930e-01
-5.461442509475629148e-01
-8.705532390796998365e-01
-1.141982756663118437e+00
-1.357097853709790858e+00
-1.515385833357091538e+00
-1.618482190846314506e+00
-1.669433872230064342e+00
-1.671981787586660717e+00
-1.629937491143925277e+00
-1.546715471676037179e+00
-1.425063853803470559e+00
-1.267014171849407678e+00
-1.074047189542734815e+00
-8.474485620342000480e-01
-5.888074829173759461e-01
-3.005951308007454581e-01
1.325082216148781855e-02
3.468131718140026187e-01
6.918277497807778786e-01
1.037525302615501577e+00
1.370729657380800770e+00
1.676237385350373588e+00
1.937479081260238489e+00
2.137435962143642953e+00
2.259759925525807844e+00
2.290022649616858974e+00
2.217001747211126528e+00
2.033901042882352517e+00
1.739398901009441722e+00
1.338423788567961514e+00
8.425698766652613969e-01
2.700867865786272803e-01
-3.545947251491221586e-01
-1.001807099120456401e+00
-1.638031707633941680e+00
-2.227662973250592593e+00
-2.735056189601943188e+00
-3.126737898629281975e+00
-3.373638581519006863e+00
-3.453197398659097139e+00
-3.351188877989669024e+00
-3.063132217765814236e+00
-2.595164911277094255e+00
-1.964292647529769731e+00
-1.197965136077586923e+00
-3.329703067677542982e-01
5.863155267769828427e-01
1.510239501341740009e+00
2.386623306201646866e+00
3.163796795368515546e+00
3.793732520953743581e+00
4.235085942042580598e+00
4.455944854816506151e+00
4.436103292619959504e+00
4.168699362929441321e+00
3.661091972320828170e+00
2.934896103597189221e+00
2.025147547162442496e+00
9.786225482808865728e-01
-1.486077843660983389e-01
-1.294257818656123327e+00
-2.393368483786908918e+00
-3.382101705483684384e+00
-4.201559915005521617e+00
-4.801395591221646164e+00
-5.142983864255830539e+00
-5.201953870201332819e+00
-4.969910602355517071e+00
-4.455226367579158797e+00
-3.682836772805551107e+00
-2.693036992934112916e+00
-1.539336092131862399e+00
-2.854864438389471681e-01
9.981419927888490751e-01
2.238630065330379448e+00
3.364778122020921636e+00
4.311317604261406089e+00
5.022809055238775855e+00
5.456987023446734142e+00
5.587344400397459054e+00
0.000000000000000000e+00
1.955196717204751877e+01
-2.569530098330740842e+01
1.544982731588900648e+01
1.815157821615024147e+00
-1.240094590916514861e+01
9.466685892558576398e+00
1.873765142097707059e+00
-9.562142799989317155e+00
5.252348791392748240e+00
8.436462878789203756e+00
-2.007478067122815446e+01
1.901984803710209349e+01
-4.349795257356275258e+00
-1.422614308214329171e+01
2.403885588186857092e+01
-1.924027052585199016e+01
4.776156419533339026e+00
8.279543422883222092e+00
-1.173397086508203913e+01
6.126476172963708500e+00
9.712307513843074780e-01
-2.132307089016323154e+00
-3.625586088840833554e+00
1.051036309202824803e+01
-1.135110516785867318e+01
3.796461767785668684e+00
7.825609808381733146e+00
-1.611270699798332018e+01
1.625457798520213615e+01
-9.100594015867926601e+00
-3.556513039076056870e-01
7.141683842444553676e+00
-9.440153830028290116e+00
8.564837757075830282e+00
-6.671915235352557261e+00
4.750394292181367106e+00
-2.518002060172802814e+00
-3.368560072374573444e-01
3.301607259104246239e+00
-5.489902071669543915e+00
6.626730459113058025e+00
-7.170743988443266659e+00
7.279579504322057915e+00
-5.898166234400284758e+00
1.439006918600666651e+00
6.114403587415526253e+00
-1.372866849567301095e+01
1.652023273028329342e+01
-1.139358684535718780e+01
2.417116333892881386e-01
1.047589752633630944e+01
-1.417936506250338091e+01
9.351147053360495676e+00
-9.725144732400288206e-01
-3.479417460652717509e+00
4.690370234483416390e-01
6.235191248903872996e+00
-8.562441873460485908e+00
1.388018711572405639e+00
1.210274937110957794e+01
-2.195512364837329500e+01
1.922983014843009286e+01
-3.803477943387200799e+00
-1.457254095587631149e+01
2.338173474622890069e+01
-1.713498966319427907e+01
1.774212957971221805e+00
1.018274152186770820e+01
-9.939357265598971480e+00
-3.724065407603633915e-01
9.706886991837970768e+00
-7.782793872614008457e+00
-5.694180387578518854e+00
2.018409683838935464e+01
-2.281371104655149651e+01
9.273229473010832891e+00
1.203348396685235855e+01
-2.623336156420057819e+01
2.363290432899231419e+01
-7.242897406801636961e+00
-9.954753228407112076e+00
1.563920181386351871e+01
-7.846539149251401390e+00
-4.176903770020379270e+00
8.394792475143947996e+00
-4.118557181378932341e-01
-1.284221109728741261e+01
1.910848538353427983e+01
-1.127637536666697038e+01
-6.464856159262768465e+00
2.181681115928058290e+01
-2.409196503662513678e+01
1.239751337565497025e+01
4.216593402388160605e+00
-1.433586196462794859e+01
1.296706653247391472e+01
-4.468266704070269491e+00
-2.203321977735984483e+00
1.395362033724788731e+00
4.895670326546806450e+00
-9.470376688428705947e+00
6.547352183291459404e+00
3.255179742232702012e+00
-1.353228878700104509e+01
1.732537329331817944e+01
-1.235845627861370133e+01
2.174388964920476397e+00
7.149138153626419800e+00
-1.148654457514160754e+01
1.073606269642748678e+01
-7.471205168031125332e+00
4.126599733140797532e+00
-1.398959684634409228e+00
-1.197191425950749455e+00
3.875662639248949048e+00
-6.011261588395617750e+00
6.877737759542860374e+00
-6.527197025684593257e+00
5.577136941563498596e+00
-4.110412799813694562e+00
1.164671704724082879e+00
4.154318859618046034e+00
-1.076676938996080501e+01
1.508508978263694011e+01
-1.315668326484832384e+01
4.207816306426098940e+00
7.572686397452663698e+00
-1.523994033723827357e+01
1.415889882709100078e+01
-5.887818180413539437e+00
-2.738803682202266998e+00
5.093616436581462459e+00
-4.296003582070468951e-01
-5.275220758816833388e+00
4.483158353424575360e+00
4.833740819211486794e+00
-1.642351217439511402e+01
2.021635917545036776e+01
-1.077833547182294183e+01
-7.303881171803741523e+00
2.207336980659092518e+01
-2.326530748829497242e+01
1.053812937108106063e+01
6.076463942244856753e+00
-1.418474568312069906e+01
9.053961268499080006e+00
2.705002393556966034e+00
-8.999621243872113041e+00
2.842101753124034680e+00
1.128825619723254903e+01
-2.085980652285833514e+01
1.583058731977966715e+01
2.461908264387098644e+00
-2.164930495933995047e+01
2.787662329422030183e+01
-1.679502235508163466e+01
-3.032659221708886577e+00
1.709819319730091536e+01
-1.650237108642919281e+01
4.597009962459758015e+00
6.581023938671594742e+00
-6.843095938005931522e+00
-3.582432110412900883e+00
1.452880468263521152e+01
-1.479897407098105688e+01
1.876907376087454615e+00
1.568042905937773490e+01
-2.503401320139046504e+01
1.927697993787173658e+01
-2.683392693094310388e+00
-1.303971116345820036e+01
1.805969101850902803e+01
-1.155201989254075379e+01
1.167986081444396085e+00
4.088405718759442919e+00
-1.260143723521336412e+00
-4.901250327458931189e+00
6.833506759957375110e+00
-9.994846018113197061e-01
-9.147779658871360908e+00
1.619158494579115626e+01
-1.480130180972033571e+01
5.675570725355890467e+00
5.499337335037332686e+00
-1.262711216366696121e+01
1.327613186271743473e+01
-9.272107521817456899e+00
4.139768493744454325e+00
-1.667262085412133388e-01
-2.491174863851452592e+00
4.593637013935392588e+00
-6.310741623474451778e+00
7.026244553341388865e+00
-6.293656213305053093e+00
4.515863050922197530e+00
-2.424319759110773909e+00
3.056518802124053025e-02
3.459898276874475265e+00
-8.277309256524105763e+00
6.146911720916075073e-01
1.299690510916099440e-01
-4.024561351838558121e-01
-9.530858287036916288e-01
-1.488937138083538114e+00
-1.975556883101099892e+00
-2.379259095819558745e+00
-2.669439175956943799e+00
-2.820806202637635707e+00
-2.815374059731246881e+00
-2.644062419071289582e+00
-2.307779840486056777e+00
-1.817892111668695243e+00
-1.196017579723832380e+00
-4.731351461510002188e-01
3.119630933761833869e-01
1.114797019383791721e+00
1.887782262759838847e+00
2.583118576420450285e+00
3.155803413036792016e+00
3.566577311008476414e+00
3.784606292088794177e+00
3.789718078730643036e+00
3.574033068185405337e+00
3.142866316758104350e+00
2.514821172817492290e+00
1.721045881405110167e+00
8.036782223181022644e-01
-1.864434700905271136e-01
-1.192675261907043316e+00
-2.155898934130278999e+00
-3.018088292479317314e+00
-3.725889849396166298e+00
-4.233991959941779015e+00
-4.508065734448100770e+00
-4.527084449760247153e+00
-4.284864421698594050e+00
-3.790717206835110709e+00
-3.069157668027917119e+00
-2.158671419083896481e+00
-1.109604692576082297e+00
1.870409111148341186e-02
1.161382501627536534e+00
2.251864404544106524e+00
3.225878527507644922e+00
4.025339787767752142e+00
4.601901734074385075e+00
4.919947658650034583e+00
4.958831361992491082e+00
4.714224152109190769e+00
4.198479581319976006e+00
3.439988204694349960e+00
2.481557430257038455e+00
1.377912326643709662e+00
1.924681812058108843e-01
-1.006428846993675741e+00
-2.149563368681667086e+00
-3.170966230825004839e+00
-4.011832083587392184e+00
-4.623999866967725580e+00
-4.972784559005186900e+00
-5.038989250625268035e+00
-4.819977915338043317e+00
-4.329747834681790586e+00
-3.598002777494113680e+00
-2.668289757365104098e+00
-1.595319599169492841e+00
-4.416410229774054841e-01
7.261235761358906249e-01
1.841247361562752705e+00
2.840829732932178331e+00
3.669449947806121770e+00
4.282325126028693418e+00
4.647787459258990950e+00
4.748940002905167823e+00
4.584403187310315708e+00
4.168121691530235040e+00
3.528259856380048021e+00
2.705269636690303070e+00
1.749264695576950857e+00
7.168745680056625158e-01
-3.322185452820536344e-01
-1.338842467628679866e+00
-2.247778048756813085e+00
-3.010875870073842275e+00
-3.589665366325222706e+00
-3.957311265448240079e+00
-4.099816737725388904e+00
-4.016422381352443338e+00
-3.719201821941530373e+00
-3.231904883185572341e+00
-2.588144782440319425e+00
-1.829063788322864426e+00
-1.000639980479462343e+00
-1.508146094814517557e-01
6.733757060819844931e-01
1.428485035693308758e+00
2.077004075257164573e+00
2.589235764862941824e+00
2.944605996601576958e+00
3.132355259032990169e+00
3.151599451062363055e+00
3.010789515687953610e+00
2.726637229885292335e+00
2.322606019181039816e+00
1.827089123175315910e+00
1.271411521250004562e+00
6.877961309494078357e-01
1.074290289491388606e-01
-4.412563785175596109e-01
-9.339787715188044848e-01
-1.351622637980635755e+00
-1.680828659899529010e+00
-1.914155779372352928e+00
-2.049841200575726496e+00
-2.091212162205360769e+00
-2.045825327898098234e+00
-1.924424663340141617e+00
-1.739815842238939814e+00
-1.505754314176971143e+00
-1.235935565191430996e+00
-9.431607779016588644e-01
-6.387305191464129894e-01
-3.320950906552722071e-01
-3.076483963665410659e-02
2.595408284612046312e-01
5.345487365498667875e-01
7.909516895724247876e-01
1.025864080238929832e+00
1.236289128629478151e+00
1.418670807185021365e+00
1.568593925135095546e+00
1.680680264481020147e+00
1.748708411786901173e+00
1.765961745133354910e+00
1.725784897193337830e+00
1.622306005659106543e+00
1.451262197514742613e+00
1.210850823863396819e+00
9.025203862719912706e-01
5.316138047198321059e-01
1.077830326098100366e-01
-3.548922207521705285e-01
-8.381285925801882364e-01
-1.320027461399376767e+00
-1.776020325043241588e+00
-2.180133929917239755e+00
-2.506509177371993857e+00
-2.731082585627246928e+00
-2.833319458681964331e+00
-2.797875678133411981e+00
-2.616061463468352777e+00
-2.286986208136498888e+00
-1.818278585894457233e+00
-1.226299835311750019e+00
-5.357991095140866022e-01
2.210039181453755663e-01
1.005884771710357173e+00
1.776564330441370076e+00
2.489042654238727614e+00
3.100184105542941992e+00
3.570397523883698909e+00
3.866241033266917704e+00
3.962777938086464502e+00
3.845518716638858692e+00
3.511804187153025225e+00
2.971515532582950314e+00
2.247036305032861669e+00
1.372437410766823795e+00
3.919055161853487457e-01
-6.425148949071184390e-01
-1.673748761883530722e+00
-2.642929291056847596e+00
-3.492859115237946011e+00
-4.171484279420010211e+00
-4.635164385941061838e+00
-4.851528886374292249e+00
-4.801729897474674935e+00
-4.481935038367735658e+00
-3.903947767490791865e+00
-3.094894918851990528e+00
-2.095978383572022707e+00
-9.603465502855760283e-01
2.498025551511421360e-01
1.466724178014558344e+00
2.621032583629538060e+00
3.645777628482265609e+00
4.480445508496231355e+00
5.074637747112799246e+00
5.391198701509885893e+00
5.408592763295793304e+00
5.122376227784653402e+00
4.545662870077340045e+00
3.708543275156475971e+00
2.656482122807397594e+00
1.447780889818647942e+00
1.502517883226282547e-01
-1.162701519670237271e+00
-2.416363009123783989e+00
-3.539086181348500837e+00
1.260844832266240267e+01
-1.299152130267040306e+01
7.002888782341906371e+00
3.832444228811395348e+00
-1.387141989354730320e+01
1.690888821439017420e+01
-1.102974641289408275e+01
6.080919890096545544e-01
6.768182995675626756e+00
-6.372999586693742557e+00
3.788254658231906546e-01
3.908127566274274045e+00
-5.483404301863092911e-01
-9.216844082247622083e+00
1.715305483160229727e+01
-1.465501514387125859e+01
5.332473520128480082e-01
1.681172267922855923e+01
-2.525583017500722249e+01
1.848586499743520051e+01
-1.365110644703000808e+00
-1.361408035069612055e+01
1.620333292160110261e+01
-6.552490216984507398e+00
-5.211263693231771299e+00
7.768130941515503096e+00
1.553698351627907037e+00
-1.425087374870324552e+01
1.775817585824714584e+01
-6.364459669237939821e+00
-1.328573194254970069e+01
2.694660390926982885e+01
-2.406955966648764189e+01
6.376284000099727400e+00
1.340353403114363040e+01
-2.162282149369710993e+01
1.434137424357224688e+01
1.749447452292685057e-01
-8.914360841358941911e+00
5.121822651825530315e+00
6.353795573198183888e+00
-1.364887499268812832e+01
8.321263845450976859e+00
7.230732976865963835e+00
-2.151739105993537393e+01
2.327290989326671422e+01
-1.052527008046389412e+01
-7.959815911096410623e+00
1.975806540631139541e+01
-1.833675168128430499e+01
7.346201245700382465e+00
3.368793758388877180e+00
-6.182482143813778919e+00
1.397735176540481739e+00
4.100734301160273709e+00
-3.484896323498434256e+00
-4.026455982270210399e+00
1.271516540170810927e+01
-1.536250248809292529e+01
9.161301815765202861e+00
2.301760895059149270e+00
-1.215652572703706014e+01
1.540902523411080338e+01
-1.190230735340790069e+01
5.237856662444345446e+00
6.619652176077561734e-01
-4.144997233033834938e+00
5.801292036533895136e+00
-6.684054197736846170e+00
6.943855011364059138e+00
-6.056892443558442807e+00
3.907182231903593816e+00
-1.193737497528361224e+00
-1.338464291598230105e+00
3.787426957019469853e+00
-6.776456957358499622e+00
1.001079449080032013e+01
-1.137030272895605520e+01
8.085913306893823815e+00
4.730630500215280421e-01
-1.091950503534276251e+01
1.722030289674141912e+01
-1.496975729389331455e+01
5.260027704815765759e+00
5.468069707281087766e+00
-1.012046419037557676e+01
6.647792419863870705e+00
1.604678208434471287e-01
-2.738703176761325686e+00
-2.438156108440276970e+00
1.115905417674225930e+01
-1.452705202182362143e+01
6.668025448986266035e+00
9.345366375977938844e+00
-2.279810787094190516e+01
2.341921722851938625e+01
-9.856332976423219705e+00
-8.650231287353665977e+00
1.921002057874432012e+01
-1.542687139299059140e+01
2.388558230368405866e+00
7.787512590583960836e+00
-6.278286484998400141e+00
-4.885310746415608030e+00
1.450222231893474500e+01
-1.188057322987763165e+01
-3.580747808395466691e+00
2.111187648871045397e+01
-2.694117959514488092e+01
1.553374141667140051e+01
5.620568966907386610e+00
-2.172967464837420692e+01
2.229514876682538826e+01
-9.090892827636709583e+00
-5.914395707336138841e+00
1.075967552325823817e+01
-3.227571973841801167e+00
-7.896954156112490963e+00
1.083347189293022872e+01
-1.144259132674694257e+00
-1.430677132666863294e+01
2.297217183623144621e+01
-1.698318616344165832e+01
-3.822431951942526496e-01
1.731733610859891215e+01
-2.278218888513029583e+01
1.474735511090546858e+01
-8.929076653736763847e-01
-8.268802305114355988e+00
7.779048226953726441e+00
-1.301273356140339565e+00
-3.096790264997179243e+00
3.245976969494481779e-01
7.535799822576016993e+00
-1.340178892284905032e+01
1.140406542170182291e+01
-1.716131061238925781e+00
-9.784475495993333993e+00
1.624038525276599643e+01
-1.472144072706509377e+01
7.525382221681063299e+00
4.906988660294173688e-01
-5.719692792398039849e+00
7.594011303946945901e+00
-7.540263344794332134e+00
6.835275231034927401e+00
-5.580751433159402808e+00
3.371203280956195592e+00
-3.948032693266930737e-01
-2.476340566068179427e+00
4.618120529781670314e+00
-6.294592893946900247e+00
7.995145698724079431e+00
-9.088806767450510193e+00
7.543569018424182815e+00
-1.644759341172695288e+00
-7.531641928731389157e+00
1.547549820553480160e+01
-1.684203307924965287e+01
9.727926238122613256e+00
2.017859541147988267e+00
-1.099947294335373726e+01
1.180138192732562707e+01
-5.413418858605513861e+00
-1.464504291008006831e+00
2.119779597684011474e+00
4.091864000988675087e+00
-1.069415968222579849e+01
9.473901610408578478e+00
1.935667439538964807e+00
-1.686755718279502503e+01
2.411771325213269535e+01
-1.692392459707931707e+01
-9.535696646430054102e-01
1.746899808676528210e+01
-2.148249528557763810e+01
1.154766568681628947e+01
3.051647565956102426e+00
-1.007849631151629488e+01
4.579298086556323533e+00
7.015633307256849527e+00
-1.250822451320814288e+01
4.655908390324956514e+00
1.206504712901717014e+01
-2.456282027316025562e+01
2.175918080325670445e+01
-3.979250413318554891e+00
-1.679388998913891839e+01
2.617323223491639439e+01
-1.860180173824464234e+01
1.387548818486527669e+00
1.165195234512170330e+01
-1.153128275521460822e+01
1.011497641741766484e+00
8.463424281666210192e+00
-6.960211109224725412e+00
-5.320403558631308094e+00
1.817306489884245480e+01
-1.999453396689321849e+01
7.550041511681822470e+00
2.206458955734118099e+00
2.247044068292676666e+00
2.161650900507134043e+00
1.965097341199984138e+00
1.677943907370695875e+00
1.324742418597135041e+00
9.321228993174990318e-01
5.268608990958079108e-01
1.340625748703561104e-01
-2.244096113299457462e-01
-5.311705425534908320e-01
-7.741346676796916348e-01
-9.468894132639580352e-01
-1.048617392173268437e+00
-1.083598977490929371e+00
-1.060357271740189011e+00
-9.905322916514178733e-01
-8.875885988138447757e-01
-7.654695069589276812e-01
-6.373109106974836902e-01
-5.143189103232954640e-01
-4.048986093739606051e-01
-3.140981754083815858e-01
-2.434043884635095911e-01
-1.908956865177621753e-01
-1.517285361941859145e-01
-1.189051661463518261e-01
-8.424745313281767345e-02
-3.948483631270360839e-02
2.264515260656896345e-02
1.073861147036474506e-01
2.171367060376017122e-01
3.508889649050956905e-01
5.039889027452140180e-01
6.682504497988869252e-01
8.324242443457308127e-01
9.829926286923872381e-01
1.105233932487634352e+00
1.184474927728153881e+00
1.207432180616456741e+00
1.163532412392231485e+00
1.046099865159407560e+00
8.533053656721258928e-01
5.887869414662678658e-01
2.618744753043436013e-01
-1.126205878396913107e-01
-5.150570848529993917e-01
-9.220302637659076872e-01
-1.307792095543467870e+00
-1.645936350792164049e+00
-1.911235506124706163e+00
-2.081500715547020874e+00
-2.139329303687455663e+00
-2.073607236301304280e+00
-1.880646826273830952e+00
-1.564861854657044082e+00
-1.138911965538269566e+00
-6.232836820858582705e-01
-4.531428233169165765e-02
5.622956327141366284e-01
1.163397554306011550e+00
1.720622463236908928e+00
2.197778770890606914e+00
2.562263130737640004e+00
2.787320765547552703e+00
2.853997464464966605e+00
2.752641968149391882e+00
2.483844169607021257e+00
2.058729779897388923e+00
1.498573587387268757e+00
8.337384487568131330e-01
1.019926701034323813e-01
-6.536986389438035339e-01
-1.387775305698554229e+00
-2.054914868152943441e+00
-2.612915536959077301e+00
-3.025441512929099908e+00
-3.264448303909833538e+00
-3.312123455715282994e+00
-3.162207169453409961e+00
-2.820595835712296218e+00
-2.305177121750164204e+00
-1.644894940695936780e+00
-8.780931393584752165e-01
-5.023469757913678890e-02
7.888645953753035123e-01
1.588115512158301268e+00
2.298352812009106128e+00
2.875445809780615924e+00
3.283120655927977971e+00
3.495309656536248255e+00
3.497872019861772763e+00
3.289569947153065943e+00
2.882231456948779691e+00
2.300083662208596280e+00
1.578293982528275130e+00
7.608084261939003223e-01
-1.023778047098031774e-01
-9.583446229359433577e-01
-1.754567131541644898e+00
-2.442218852139286689e+00
-2.979245881434919418e+00
-3.333014021629415513e+00
-3.482358183665917650e+00
-3.418901837893561613e+00
-3.147561474519994462e+00
-2.686203843192183971e+00
-2.064478696195273244e+00
-1.321903245083933642e+00
-5.053230321253683321e-01
3.340857790240545633e-01
1.144078226805850917e+00
1.874655334387501204e+00
2.481217866360279523e+00
2.927356267079600727e+00
3.187098437311336241e+00
3.246473066692753928e+00
3.104291499916684405e+00
2.772102557124089373e+00
2.273328933829348752e+00
1.641647179681130497e+00
9.187222726362903602e-01
1.514492425592479652e-01
-6.111145500444873369e-01
-1.320924017988578170e+00
-1.934019991867901300e+00
-2.413302436451709720e+00
-2.730825256178126104e+00
-2.869467791701740378e+00
-2.823880514276915221e+00
-2.600651261505282363e+00
-2.217690326473745088e+00
-1.702884324353692858e+00
-1.092116575452339200e+00
-4.267925995497117708e-01
2.489594589703710836e-01
8.912240675101084086e-01
1.459173051560886725e+00
1.917690133746347891e+00
2.239574605194870394e+00
2.407183745725610891e+00
2.413412959043514050e+00
2.261958270222385270e+00
1.966854699964534214e+00
1.551332750924697468e+00
1.046080523706786281e+00
4.870377957983911266e-01
-8.712181476508940037e-02
-6.376456400800573077e-01
-1.128312015155212844e+00
-1.527819599088727553e+00
-1.811797570212609454e+00
-1.964306464091356785e+00
-1.978736104952573793e+00
-1.858049672994903867e+00
-1.614368465288091414e+00
-1.267937189789648755e+00
-8.455515719931168128e-01
-3.785658055316316606e-01
9.937544890430682898e-02
5.547189917633292833e-01
9.563319885369768736e-01
1.277617106276495385e+00
1.498270416549903894e+00
1.605565615886348940e+00
1.595082881196824509e+00
1.470840683678029226e+00
1.244831281212520402e+00
9.360024090713143785e-01
5.687659758885650341e-01
1.711467046220529475e-01
-2.272925489329371551e-01
-5.975981947348252277e-01
-9.134923354753357039e-01
-1.153212342641494415e+00
-1.300995740932822553e+00
-1.348109450164262757e+00
-1.293356185206294473e+00
-1.143028970696329694e+00
-9.103245409025564339e-01
-6.142650243490063167e-01
-2.782120224437318878e-01
7.191445449762134956e-02
4.095796980963530842e-01
7.095978139290433084e-01
9.499721837098835664e-01
1.113480287142370795e+00
1.188890009367008727e+00
1.171722252872481107e+00
1.064508302161256914e+00
8.765275027416788989e-01
6.230487246447835581e-01
3.241350529465631403e-01
3.102603887901178581e-03
-3.152509393294802287e-01
-6.065162921762263792e-01
-8.485027151181681049e-01
-1.022893556593261088e+00
-1.116605733578194926e+00
-1.122753810465471069e+00
1.120207212903484617e+01
-2.339013672434008129e+01
2.125505599569277138e+01
-7.729788786599589123e+00
-6.631209111652816901e+00
1.236645911433776135e+01
-8.116383645960626225e+00
4.938484810541636794e-01
2.412087471241123993e+00
1.976841437173435523e+00
-9.017013706900868897e+00
1.134586478568118295e+01
-5.353609461611597453e+00
-5.854558009561070975e+00
1.510780030852906286e+01
-1.677584386033383623e+01
1.060368786043851586e+01
-1.063004834726751557e+00
-6.548665222629331595e+00
9.678989183536746310e+00
-9.143893398487715984e+00
7.126940076163178261e+00
-4.953521327692815390e+00
2.590736223401931326e+00
2.783740180538263331e-01
-3.250600441613475944e+00
5.442340080681029590e+00
-6.483133767196029851e+00
6.845290785585618210e+00
-6.924839877992511994e+00
5.935599857579118677e+00
-2.226150514340086595e+00
-4.745763495004195143e+00
1.257982213518760872e+01
-1.652252917091335860e+01
1.280849195763523340e+01
-2.263836396788111216e+00
-9.242783976362305864e+00
1.463873047537854433e+01
-1.110174221540457751e+01
2.534657563849814110e+00
3.470638633354736768e+00
-2.056037567310937675e+00
-4.481874621479764897e+00
8.396323625747154296e+00
-3.335351292540022605e+00
-9.361564054484365016e+00
2.063937861765269588e+01
-2.063671201029006497e+01
7.119039330511024666e+00
1.175955654667733263e+01
-2.318973921013800776e+01
1.964814862333574652e+01
-4.926453997428947851e+00
-8.937741799565014134e+00
1.152076144734209961e+01
-2.546952437870646513e+00
-8.107249111861101198e+00
9.073381922359946117e+00
2.416005417979849135e+00
-1.761461179455466919e+01
2.322366278980990018e+01
-1.258408532397722368e+01
-8.259883184267678757e+00
2.485464771201946377e+01
-2.562559163507735605e+01
1.093795429535459185e+01
7.478626070131630499e+00
-1.617165517809348074e+01
1.064398576122937001e+01
1.678572268524532785e+00
-8.389205903376009132e+00
2.898316555327127730e+00
1.001528101484870170e+01
-1.841349993424527298e+01
1.344526958737640143e+01
3.029833663670275179e+00
-1.971907719238130596e+01
2.484496942874539016e+01
-1.528433633974304406e+01
-1.455596700298955382e+00
1.364083643470935669e+01
-1.448725651943956727e+01
6.630093079944019863e+00
1.264785402638413991e+00
-2.306476951488702021e+00
-3.133020735850942984e+00
8.511078363175506922e+00
-7.288603451430395452e+00
-1.350337202825935279e+00
1.190188692054508479e+01
-1.711862841637274713e+01
1.360545022928374337e+01
-3.916692117682978314e+00
-6.013077242380502341e+00
1.141417697704017797e+01
-1.140115986547610483e+01
8.229259575446246089e+00
-4.566858298393328575e+00
1.522990268345298048e+00
1.190016328466798612e+00
-3.863023655179073312e+00
5.997544318021986953e+00
-6.857541688869771335e+00
6.418804172850363088e+00
-5.360151086211140559e+00
3.998141300551960597e+00
-1.524247124256380204e+00
-3.177250978082961641e+00
9.585086475476913392e+00
-1.454619472384458234e+01
1.390728557590378855e+01
-6.031091488689430236e+00
-5.800476879286178722e+00
1.478029412617695293e+01
-1.537394824080811162e+01
7.830762063990116317e+00
1.644655464850382387e+00
-5.752068376690434803e+00
2.232055353861784219e+00
4.030347608644847313e+00
-5.158440388267687915e+00
-2.485202791880411155e+00
1.422475202726522525e+01
-2.013695785714040909e+01
1.323667478125448227e+01
3.952797452245256693e+00
-2.033204975733522701e+01
2.448398732446435844e+01
-1.376029336016226345e+01
-3.396092047163040917e+00
1.411856946012010994e+01
-1.148643960654637830e+01
8.768468866101386539e-03
8.464135377815946271e+00
-5.085118843507650865e+00
-8.094435682808699184e+00
1.948838285924392721e+01
-1.767276320531191303e+01
1.374082340723927320e+00
1.872724558268344097e+01
-2.812487810616029904e+01
1.998917202718615016e+01
-5.951613866929656993e-01
-1.578571367521875146e+01
1.828314829302241407e+01
-7.727263315009703426e+00
-4.840448362246615233e+00
7.927325443201624466e+00
6.981396821181427015e-01
-1.241333823813869408e+01
1.538607327279937209e+01
-4.854631427388838461e+00
-1.259807187330520151e+01
2.422791194572518947e+01
-2.132022365663906527e+01
5.958394906959902926e+00
1.096463846987482427e+01
-1.849353418602556332e+01
1.376884361060706219e+01
-3.176475458495115589e+00
-3.840263419760808539e+00
2.691619577470922842e+00
3.268724302648431390e+00
-6.530574032226338588e+00
2.342692584069945738e+00
7.226207801639484174e+00
-1.518724215227380547e+01
1.543572055806220078e+01
-7.428701682345502988e+00
-3.849869338799746465e+00
1.202514088878940868e+01
-1.379243669908228398e+01
1.027537509388973902e+01
-4.931314808146971096e+00
4.722949286021442816e-01
2.515468010299883872e+00
-4.686383819186161759e+00
6.363692150200819242e+00
-7.064298896594262800e+00
6.315940157608007866e+00
-4.463615098750661758e+00
2.331168293236623335e+00
-1.300609672657966343e-01
-2.901075946266290728e+00
7.321041059160139142e+00
-1.182021195335624597e+01
1.312185980288840170e+01
-8.325812051554864368e+00
-1.950543371658413072e+00
1.267220129795551919e+01
-1.731303544811442308e+01
1.280848164658949884e+01
-2.429019023030594582e+00
-6.327226856963187984e+00
7.618040058482240973e+00
-2.151888959754531427e+00
-3.317274307973236525e+00
1.913886806284606834e+00
6.854911048039558530e+00
-2.120999080534633485e+00
-1.681976709529293679e+00
-1.179948006328128240e+00
-6.485209339094994974e-01
-1.207813927337428872e-01
3.727974078883955489e-01
8.061500651437196741e-01
1.159010574245373792e+00
1.417825072368813721e+00
1.576147243983893054e+00
1.634516149410766950e+00
1.599853149836859778e+00
1.484447571438510138e+00
1.304627520888556269e+00
1.079231074208742314e+00
8.280027647647051348e-01
5.700404339388036590e-01
3.224083259252987776e-01
9.901472897118701599e-02
-9.017198982774354832e-02
-2.395244418567367695e-01
-3.477617399982980695e-01
-4.175788326319863630e-01
-4.549486136391902580e-01
-4.681708200646454987e-01
-4.667603583083184127e-01
-4.602785767387640448e-01
-4.572133963959064129e-01
-4.640080437471052477e-01
-4.843239753903230138e-01
-5.186026250151493100e-01
-5.639645321890358609e-01
-6.144553087366170230e-01
-6.616180656899794954e-01
-6.953437179350050457e-01
-7.049262349005361861e-01
-6.802313500891634668e-01
-6.128759757441648581e-01
-4.973125331733854182e-01
-3.317179188278189805e-01
-1.186005422745828319e-01
1.349401759119945865e-01
4.173408040519330786e-01
7.130959836230774673e-01
1.003652388926285610e+00
1.268620564100068293e+00
1.487223245756602807e+00
1.639876949838543041e+00
1.709789119880734676e+00
1.684447263458506150e+00
1.556879885056501323e+00
1.326581620041555887e+00
1.000016064292297280e+00
5.906380139483684566e-01
1.184102646072116016e-01
-3.911735664358566567e-01
-9.085121302663479170e-01
-1.401683061961648713e+00
-1.838481738690882938e+00
-2.188578369417527814e+00
-2.425646517618572418e+00
-2.529313076763075596e+00
-2.486787209229245121e+00
-2.294043545096049019e+00
-1.956462003021477880e+00
-1.488861249073904380e+00
-9.149027898709252149e-01
-2.658853239439791238e-01
4.210086669471040377e-01
1.104912969759590524e+00
1.743790089277085453e+00
2.297097140813510130e+00
2.728431822357315184e+00
3.007982183822544009e+00
3.114612908189977603e+00
3.037441341316863497e+00
2.776787365659536100e+00
2.344420492305219650e+00
1.763072724114570944e+00
1.065233858361185781e+00
2.912937444430463430e-01
-5.128596418328785767e-01
-1.298639640946495977e+00
-2.017782575987767224e+00
-2.625398950463399217e+00
-3.082856631980548379e+00
-3.360306654936931814e+00
-3.438683101062393277e+00
-3.311040749270493411e+00
-2.983135806329070050e+00
-2.473203367582900825e+00
-1.810937166530843134e+00
-1.035729239535197133e+00
-1.942759028577765168e-01
6.623013493232432491e-01
1.481638615868602127e+00
2.213413471300574642e+00
2.812519392431494847e+00
3.241925905279953835e+00
3.475038832246871046e+00
3.497406491203718382e+00
3.307659423973142054e+00
2.917620506574593264e+00
2.351575899014126225e+00
1.644751709434841391e+00
8.410928908132664361e-01
-9.513654312367947341e-03
-8.543935255854345767e-01
-1.641413942804615278e+00
-2.322273233146986637e+00
-2.855538998367901815e+00
-3.209239732641731013e+00
-3.362843892689949765e+00
-3.308500495172312927e+00
-3.051463584056074652e+00
-2.609676182208001016e+00
-2.012544096457660636e+00
-1.298982568948254812e+00
-5.148657914714264150e-01
2.899523665338779033e-01
1.064850928020865783e+00
1.761678003306695439e+00
2.337800595455225228e+00
2.758771470957152694e+00
3.000442879653638428e+00
3.050394293217364883e+00
2.908587240998940615e+00
2.587211666751722206e+00
2.109741572861508097e+00
1.509269507227059215e+00
8.262362512211488541e-01
1.057108064335230690e-01
-6.055960689189481272e-01
-1.262385754828775797e+00
-1.823691651993343044e+00
-2.255474586347304911e+00
-2.532726810499509540e+00
-2.640952103239927240e+00
-2.576932384991123648e+00
-2.348739726247281112e+00
-1.975003329651959127e+00
-1.483490591370755673e+00
-9.091063779590146110e-01
-2.914522057468826866e-01
3.278853740743319922e-01
9.081319623327360757e-01
1.412019581741811303e+00
1.808199016701723894e+00
2.073212653870760924e+00
2.192902086522686922e+00
2.163164695489069977e+00
1.990018685680343236e+00
1.688983503463693525e+00
1.283828932146467316e+00
8.047883113166325320e-01
2.863664215026802129e-01
-2.351017000233746046e-01
-7.239700468007453926e-01
-1.147705274089632743e+00
-1.479050077881623793e+00
-1.697782081981752178e+00
-1.791954007621143541e+00
-1.758538392414948248e+00
-1.603442420583647499e+00
-1.340902544559240184e+00
-9.923114440215843324e-01
-5.845685247709482280e-01
-1.480769713526539633e-01
2.854667992599861925e-01
6.853330678075226778e-01
1.023908753281201012e+00
1.278587996613920419e+00
1.433274367090586754e+00
1.479394819773019565e+00
1.416361343050996924e+00
1.251456121914536812e+00
9.991571565994242787e-01
6.799607097609459139e-01
3.187919447674256723e-01
-5.687676296624077921e-02
-4.190610309230775599e-01
-7.413051254974734050e-01
-1.000581384595006673e+00
-1.178913542436743844e+00
-1.264610418032832584e+00
-1.253025660014229548e+00
-1.146794227732114368e+00
-9.555344890278374415e-01
-6.950434754663611381e-01
-3.860491886803084638e-01
-5.261531176130018750e-02
2.796819724696619769e-01
5.856698178538790600e-01
8.424463016812961946e-01
1.031063410534313718e+00
1.137903460230642594e+00
1.155650116895217350e+00
1.083785353855106992e+00
9.285786748232511822e-01
7.025722120098507606e-01
-1.582240304833108979e+01
1.577134293354240313e+01
-3.591038520063596806e+00
-1.400553609976550717e+01
2.488588549517021420e+01
-2.092021830181151643e+01
4.765528465070662634e+00
1.186109534678213961e+01
-1.736327807452064320e+01
9.490027561281278778e+00
3.096875148158896529e+00
-8.357755553554014227e+00
1.283842817360773214e+00
1.162465303469504363e+01
-1.775829769852744988e+01
9.293716439841755772e+00
9.580369234533700151e+00
-2.536858416006700878e+01
2.590848500373223473e+01
-1.024144759606036104e+01
-1.046286133949793040e+01
2.173503802092447401e+01
-1.713428217277951759e+01
2.818822690079885618e+00
8.204705587614943951e+00
-7.142220903811012711e+00
-3.497578989258069981e+00
1.254329016152935239e+01
-1.005929828322894259e+01
-3.952072306595291629e+00
1.930362858300581408e+01
-2.389459884657489397e+01
1.351472092591309249e+01
4.864851874532526210e+00
-1.876215735338078616e+01
1.988649978038063892e+01
-9.933900678819520991e+00
-1.843887097153753096e+00
6.703089117187436052e+00
-3.168931978118284754e+00
-2.819553890538704088e+00
3.861215521188537281e+00
2.312477808760551312e+00
-1.109691762157289219e+01
1.515034130045264504e+01
-1.052174717021646266e+01
-3.644640570076589370e-01
1.092642898864855816e+01
-1.549754801070283250e+01
1.295418092422291245e+01
-6.403394932670384065e+00
-1.470075617847399485e-02
4.083846581994799330e+00
-6.015315098948874173e+00
6.882192002183384005e+00
-7.056770997301470949e+00
6.138349955566541283e+00
-3.964245532404516048e+00
1.191147945021246102e+00
1.329025370099147452e+00
-3.547474173549112209e+00
6.162749343128798962e+00
-9.255688519946062343e+00
1.108497058086306097e+01
-8.810262599127957728e+00
1.143796477540481860e+00
9.331221814850430007e+00
-1.680749292319575972e+01
1.616929443361308927e+01
-7.302199635097117891e+00
-4.079224395914769374e+00
1.042667060821817060e+01
-8.314469303183624760e+00
1.343823231342966551e+00
2.855414745136861221e+00
6.185932992594557200e-01
-9.143174369715824312e+00
1.422678118232384215e+01
-8.738455564026544664e+00
-6.228838345659021059e+00
2.101061336168905314e+01
-2.447691170513208547e+01
1.309464604807866372e+01
5.647805728615472809e+00
-1.870182224311202646e+01
1.766621612379310591e+01
-5.396775790726843880e+00
-6.587865502436436316e+00
7.898271361106200317e+00
1.881477364856612766e+00
-1.281808751751198550e+01
1.320038824743385319e+01
7.614317551579619092e-02
-1.815400835593398199e+01
2.696073855225252913e+01
-1.864810922339570709e+01
-1.741763144697396015e+00
1.999598492932047122e+01
-2.386217158406230965e+01
1.248208949715814420e+01
3.528746028586246197e+00
-1.121461936631020073e+01
5.900296444631795367e+00
5.480724018937485731e+00
-1.087558372374039628e+01
3.727443807872681703e+00
1.126728559094773097e+01
-2.198321134585274095e+01
1.891727385525841498e+01
-3.037565751506832612e+00
-1.495240309439530790e+01
2.308087223394752385e+01
-1.720030116931345532e+01
3.436037184643957243e+00
7.508645727344609888e+00
-9.040433599434308576e+00
3.179117955528962813e+00
2.341234948330963128e+00
-1.308732664931103074e+00
-5.725945365255329378e+00
1.234161589164731865e+01
-1.200482360469489329e+01
3.553474718012740396e+00
8.024367703269177809e+00
-1.568348989129890292e+01
1.552331597157883891e+01
-8.940564101645289696e+00
6.046078398168497348e-01
5.387274511015543332e+00
-7.845086828633690779e+00
7.938754057088858396e+00
-7.106929229587757746e+00
5.720467618674765831e+00
-3.466300113816759065e+00
4.602069491105216237e-01
2.455704885120725933e+00
-4.549815919641782003e+00
6.001198355809612472e+00
-7.457267328521032468e+00
8.650563529518800365e+00
-7.760069733351913968e+00
2.777597153984372902e+00
5.941624580452501192e+00
-1.446607589590921350e+01
1.727790396447843335e+01
-1.150541998325627802e+01
-6.953934673052941662e-02
1.029288664798795239e+01
-1.283419441673609995e+01
7.268447726130641051e+00
4.358781344764235399e-01
-2.906059084491113609e+00
-2.098749904133057065e+00
9.302929415687685832e+00
-1.018897203170930155e+01
6.999324936203810132e-01
1.422219495030543079e+01
-2.363294216681120119e+01
1.921248069529131541e+01
-2.531231858262469991e+00
-1.538526906702209374e+01
2.233680362457936752e+01
-1.453809986470235849e+01
-4.353416593176113736e-01
9.985415161954318108e+00
-6.993801209096382365e+00
-4.282440146157928673e+00
1.198364160246029009e+01
-7.039780596588149919e+00
-8.570247870776347199e+00
2.282516600728103384e+01
-2.334989974222531117e+01
7.830993401491748607e+00
1.357007566082928030e+01
-2.597013830085946040e+01
2.140568140201265379e+01
-4.843419946523809472e+00
-1.027496026507931859e+01
1.311893606645006116e+01
-3.958184974582882099e+00
-6.831042397385294507e+00
8.116255126440886869e+00
2.315259869144736804e+00
-1.585424710266117465e+01
2.037010795895003668e+01
-1.045357303633571355e+01
-7.946386048163502025e+00
2.218512918374356246e+01
-2.283822980499331123e+01
1.069946385971387670e+01
4.571121390495686221e+00
-1.254992862777748996e+01
9.975848104116757042e+00
-2.217223137536799893e+00
-2.291098684397024243e+00
-5.341997982121338140e-01
7.384733463487684446e+00
-1.099453613316925882e+01
6.645021656558679268e+00
3.873665194845221649e+00
1.731625768569542978e-01
-4.525735705466996661e-01
-1.014587242447422266e+00
-1.484262790545769040e+00
-1.840388553889711343e+00
-2.070063089573967119e+00
-2.169007790395458546e+00
-2.141292967792826740e+00
-1.998524387123672863e+00
-1.758572517540724967e+00
-1.443955069237764954e+00
-1.080002949960003900e+00
-6.929494530014153053e-01
-3.080818888199527983e-01
5.191566975502420744e-02
3.683193028889778509e-01
6.273392858177758713e-01
8.206605250022487308e-01
9.455331058595438654e-01
1.004431169296090776e+00
1.004330335870317059e+00
9.556810876042809433e-01
8.711759860662633415e-01
7.644209725649986353e-01
6.486245100277192588e-01
5.354129072261561983e-01
4.338664053439521551e-01
3.498497131588186315e-01
2.856843803046140717e-01
2.401808151294487215e-01
2.090172271840446960e-01
1.854236955911241491e-01
1.611041941486541784e-01
1.273097033152135182e-01
7.596302461152903973e-02
7.315435184405139069e-04
-1.020517059623058387e-01
-2.327060586827880417e-01
-3.878282293748505083e-01
-5.602670521904524747e-01
-7.394617492257277158e-01
-9.121270822982476822e-01
-1.063239160313830700e+00
-1.177249285148838309e+00
-1.239432127184187049e+00
-1.237260449722372257e+00
-1.161692756746612432e+00
-1.008263217996066219e+00
-7.778749657005654683e-01
-4.772176320708925168e-01
-1.187564629214921119e-01
2.797283664976712991e-01
6.960397519646110975e-01
1.104852565987091806e+00
1.479315595152512541e+00
1.792862045708069063e+00
2.021104528720977012e+00
2.143679395998014936e+00
2.145903866347423250e+00
2.020117901632636936e+00
1.766600889669564189e+00
1.393979791561090975e+00
9.190788043749362757e-01
3.661985431359577881e-01
-2.341473458767651117e-01
-8.469711621532927115e-01
-1.434923307734584430e+00
-1.960646005230244571e+00
-2.389216175659428565e+00
-2.690514366641408195e+00
-2.841356961779206713e+00
-2.827240508770568983e+00
-2.643569312036609276e+00
-2.296269124977719400e+00
-1.801728851590432834e+00
-1.186056084630198848e+00
-4.836781469237738662e-01
2.646350386847164948e-01
1.014209519146490823e+00
1.719217265488957924e+00
2.335563603827167434e+00
2.823725612099193150e+00
3.151354654407739986e+00
3.295468409417688704e+00
3.244081804609228570e+00
2.997160749725106044e+00
2.566825301114394886e+00
1.976777128983113530e+00
1.260976742206908918e+00
4.616454959618732090e-01
-3.732873577549409294e-01
-1.193134485624681940e+00
-1.947611238531779199e+00
-2.590005589107549966e+00
-3.080152737700238674e+00
-3.387020598718616604e+00
-3.490735944337822083e+00
-3.383915942196557225e+00
-3.072213951214546768e+00
-2.574038880782484107e+00
-1.919460878979418306e+00
-1.148369078976082758e+00
-3.079960956563227992e-01
5.500343297237828555e-01
1.372948480501988477e+00
2.110145078503002480e+00
2.716385468277223048e+00
3.154646077018572470e+00
3.398449127086470511e+00
3.433521143147941324e+00
3.258672268142707829e+00
2.885839932891059334e+00
2.339294691189861553e+00
1.654060461229295509e+00
8.736524163992106518e-01
4.727998065035898811e-02
-7.733031080681680436e-01
-1.537097167288866251e+00
-2.197089784101528664e+00
-2.713215221783574993e+00
-3.054849976239299103e+00
-3.202685461736121120e+00
-3.149860158335371807e+00
-2.902282472918199296e+00
-2.478128791887975080e+00
-1.906555199661192468e+00
-1.225712526311745654e+00
-4.801993930596447635e-01
2.818762066648626829e-01
1.012031851560856399e+00
1.664535846266079311e+00
2.199318596820141636e+00
2.584482015691157208e+00
2.798246892175223266e+00
2.830216670834346360e+00
2.681882330708425854e+00
2.366343913419922895e+00
1.907276282660653521e+00
1.337216428101914323e+00
6.952937489685502293e-01
2.456036159665220264e-02
-6.308967405218165458e-01
-1.228867452990197284e+00
-1.731760751271357535e+00
-2.108997467436406481e+00
-2.338899381894282925e+00
-2.409955996441055071e+00
-2.321393563019103823e+00
-2.083018731757635855e+00
-1.714358278757772247e+00
-1.243163445872340844e+00
-7.033893061731231189e-01
-1.327934762385485357e-01
4.296777857650382337e-01
9.465360302868663922e-01
1.384249903223147893e+00
1.715430132474997205e+00
1.920556878776598753e+00
1.989139392001091800e+00
1.920238283241151089e+00
1.722325339437114744e+00
1.412501563126883575e+00
1.015137860015784321e+00
5.600415368917310843e-01
8.028290189372278007e-02
-3.901622806382523123e-01
-8.187883081076501313e-01
-1.176788070768606698e+00
-1.440982265243806237e+00
-1.595319998046750287e+00
-1.631853216042543409e+00
-1.551125516005032567e+00
-1.361957660234236256e+00
-1.080654605286547110e+00
-7.296990617437826288e-01
-3.360317573956121961e-01
7.095373269406124450e-02
4.615553597538024633e-01
8.078920988285265281e-01
1.085867598182436167e+00
1.276830742039071209e+00
1.368819171427516412e+00
1.357302901885505175e+00
1.245381806733045549e+00
1.043430254456036543e+00
7.682217700720193054e-01
4.416034233217827065e-01
8.882113814768044513e-02
-2.633789263660619717e-01
-5.887329968570447214e-01
-8.633817636568803522e-01
-1.067593161841554394e+00
-1.187162808174567541e+00
-1.214393473838480952e+00
-1.148586309767817282e+00
-9.960124952071491844e-01
-7.693719409188414238e-01
-4.867829068769276013e-01
-1.703802171569587243e-01
1.553722443922702645e-01
0.000000000000000000e+00
1.317557895365677467e+00
2.560240573193897973e+00
3.657557994987623573e+00
4.547525925715373951e+00
5.180273855999155685e+00
5.520923845813589637e+00
5.551569031588620362e+00
5.272236141734247816e+00
4.700778933078947119e+00
3.871715040738438418e+00
2.834083198591485164e+00
1.648457098440668567e+00
3.833026230475360396e-01
-8.890962949887094569e-01
-2.096893697014190483e+00
-3.172861453823132560e+00
-4.058242417659013945e+00
-4.706049296065377696e+00
-5.083618471695243279e+00
-5.174276158215878496e+00
-4.978030647934994057e+00
-4.511265318214862319e+00
-3.805468622723426009e+00
-2.905095611121868870e+00
-1.864706968380478003e+00
-7.455730056750237145e-01
3.880409801096402767e-01
1.472676643736594793e+00
2.449340324044352535e+00
3.266799376038137304e+00
3.884327484685985432e+00
4.273748156123245323e+00
4.420672911811784900e+00
4.324883341977505680e+00
3.999860615538277653e+00
3.471518762549028914e+00
2.776245701338328153e+00
1.958395643114442475e+00
1.067405831789660198e+00
1.547279609022317315e-01
-7.292307272744515956e-01
-1.537969634819222664e+00
-2.231392978588496945e+00
-2.777806401368885680e+00
-3.155312046626404410e+00
-3.352544721071614831e+00
-3.368736416532046807e+00
-3.213140113012449728e+00
-2.903883556967926438e+00
-2.466357075361721662e+00
-1.931264437518922295e+00
-1.332480945764836111e+00
-7.048676740625814396e-01
-8.218517717310491744e-02
5.047651263337480376e-01
1.029666883804746025e+00
1.471806327534098013e+00
1.816738714626122020e+00
2.056495316443974097e+00
2.189355601754104708e+00
2.219238647685060073e+00
2.154791579517006284e+00
2.008269468470128771e+00
1.794309671014339136e+00
1.528703773291612000e+00
1.227262450423669771e+00
9.048536029837337402e-01
5.746735470322126282e-01
2.477866586516989100e-01
-6.705719777110558111e-02
-3.633437232287931029e-01
-6.364930197293632297e-01
-8.833941461299749109e-01
-1.101846126796842462e+00
-1.289982143749132781e+00
-1.445752456598994540e+00
-1.566533425667619772e+00
-1.648915633671691694e+00
-1.688704787838762433e+00
-1.681146518145765212e+00
-1.621362319407309016e+00
-1.504960781516559987e+00
-1.328767931533981983e+00
-1.091604783270685664e+00
-7.950305105494572810e-01
-4.439670128860353504e-01
-4.712545432861681149e-02
3.828325424621084050e-01
8.294477377601650048e-01
1.272954997794798260e+00
1.691111442210335714e+00
2.060329883137468787e+00
2.357058629874986266e+00
2.559324078988841400e+00
2.648333078771241134e+00
2.610019598686778686e+00
2.436416021603835524e+00
2.126734097497066767e+00
1.688054288250199431e+00
1.135544258312715549e+00
4.921563459982096767e-01
-2.122118608057301792e-01
-9.420725156097522479e-01
-1.658159205322537577e+00
-2.319601305815958359e+00
-2.886336773397709443e+00
-3.321616282270198894e+00
-3.594437984294187594e+00
-3.681749069425376497e+00
-3.570258348480032762e+00
-3.257723106656031042e+00
-2.753602556783207866e+00
-2.079007699281596455e+00
-1.265920985573401936e+00
-3.557061114256376833e-01
6.030245414158188488e-01
1.557073021702010784e+00
2.451699394724622394e+00
3.233866130794099458e+00
3.855484981212640605e+00
4.276461840693810856e+00
4.467342100015823547e+00
4.411379050478086761e+00
4.105879999510199774e+00
3.562727058193861929e+00
2.808019514873254963e+00
1.880839205765560074e+00
8.311958660095650764e-01
-2.827375081439365001e-01
-1.397942230334072278e+00
-2.450229529107160520e+00
-3.378053232578082543e+00
-4.126226185793041346e+00
-4.649309331997431904e+00
-4.914459402211090122e+00
-4.903552010624731672e+00
-4.614439839572231250e+00
-4.061257907501416575e+00
-3.273746396778029144e+00
-2.295622492376051760e+00
-1.182092268448168504e+00
3.351965862895989190e-03
1.192657804580190994e+00
2.317237373455779181e+00
3.312045471542044428e+00
4.119461575666440112e+00
4.692737075068925456e+00
4.998795181225496265e+00
5.020210494457256978e+00
4.756245731391605780e+00
4.222881439424538641e+00
3.451836951550807164e+00
2.488643403438096424e+00
1.389888368072323743e+00
2.198028307705695017e-01
-9.535984146354888891e-01
-2.062584865035158366e+00
-3.043736856073749664e+00
-3.841684302829523112e+00
-4.412330621420077037e+00
-4.725368226838178032e+00
-4.765937375797648201e+00
-4.535334508522915975e+00
-4.050736121887052121e+00
-3.343965727410200373e+00
-2.459390680324570422e+00
-1.451088854722596189e+00
-3.794689478598999854e-01
6.924400801810642880e-01
1.702797187318507488e+00
2.594619033069347935e+00
3.319087540268483849e+00
3.838297604251362571e+00
4.127285652542217242e+00
4.175227605709245893e+00
3.985748941285019331e+00
3.576346439641486796e+00
2.976977087030437730e+00
2.227920936673143615e+00
1.377068244867160729e+00
4.768142263247692192e-01
-4.192346391821589191e-01
-1.259531771637580899e+00
-1.997634842874109085e+00
-2.594838751405639243e+00
-3.022243844301798710e+00
-3.262146382278646950e+00
-3.308684948428103123e+00
-3.167726322279324602e+00
-2.856023920524267456e+00
-2.399727969549124929e+00
-1.832366151730520087e+00
-1.192444083830579649e+00
-5.208348239030617943e-01
1.418653885822193650e-01
7.578420044834488500e-01
1.294270007045118298e+00
1.725092698926255164e+00
2.032273109277947576e+00
