0.000000000000000000e+00
1.708273887744368835e+01
-1.512643182901706140e+01
-1.753092677545968536e+00
1.344578329602288491e+01
-9.718086844682090941e+00
-5.138616320460882569e-01
5.318165230571715085e+00
-4.699291388790455493e+00
4.459767821122033737e+00
-3.494484406679757349e+00
-3.038269194869049894e+00
1.096283912589642817e+01
-8.785201646959510668e+00
-4.947696711874381315e+00
1.520440577077106781e+01
-8.516137286247127847e+00
-7.931705562790659414e+00
1.433646263939977139e+01
-3.985471488707915455e+00
-8.691888060923620429e+00
8.457824952565614396e+00
1.152353401616734274e+00
-5.569156621852891398e+00
7.299702826897531693e-01
3.337475214424723724e+00
1.595944345790316632e-01
-4.511641059512618845e+00
1.388242571935865310e+00
5.034582254085778530e+00
-4.434823829413808483e+00
-2.887541305834229632e+00
5.731298462309244002e+00
5.680583662355713770e-01
-6.123427205424499142e+00
1.390230679386406987e+00
7.230269435320420435e+00
-5.862072712856075896e+00
-5.624209094457336633e+00
1.157974877484359411e+01
-2.362368670368351076e+00
-1.108314897775093577e+01
1.147914263512519106e+01
1.498737191437902183e+00
-1.150939779693958087e+01
7.861701357023043180e+00
2.181396317284976405e+00
-6.345977761732390476e+00
3.876524456343418912e+00
-2.017581986156727680e+00
1.738944527145356300e+00
2.563232236025352329e+00
-9.618504514300784791e+00
8.598186369687095265e+00
4.657999364778421914e+00
-1.670772159312386052e+01
1.123967131721964918e+01
8.033465886393802435e+00
-1.932909626476978815e+01
9.612147839158827978e+00
9.163208859198702427e+00
-1.596393940449468474e+01
6.389331436413833387e+00
5.624924454955005260e+00
-8.474314233547763919e+00
4.945669560489099226e+00
-2.059269221874592048e+00
-8.939585991352938521e-01
6.924138135583710607e+00
-1.051882019502562038e+01
3.130739090173439543e+00
1.105734445942727540e+01
-1.555170220520879809e+01
2.564678843628626748e+00
1.404565034953102831e+01
-1.475863563869488715e+01
-5.727923783784523160e-01
1.289769415679104192e+01
-9.065493467272009553e+00
-2.793146683185630863e+00
7.139676860519775126e+00
-2.129603798500254275e+00
-1.646181153640728478e+00
-6.273014174920126251e-01
1.980453855556377540e+00
2.560881175546045885e+00
-6.243477264457954590e+00
1.307142052619497008e+00
6.996564937688254382e+00
-6.610732432040075324e+00
-2.916667875175094515e+00
8.326224862657678472e+00
-1.695879893824980833e+00
-7.304934038400844543e+00
5.140175795294300798e+00
5.410714157593680795e+00
-8.733799349450295679e+00
-8.786717640688346265e-01
1.042960770679626314e+01
-6.487624533593431053e+00
-5.877341205283382664e+00
1.055476260320916460e+01
-2.688009891855081435e+00
-6.272224159008552569e+00
6.105857259476224819e+00
-7.289226683100782367e-01
-1.103767052990304975e+00
1.133154881454835339e-01
-2.795039331000500393e+00
7.258258845924756564e+00
-3.842633129473402853e+00
-8.167576290158436336e+00
1.454193176678672828e+01
-4.063066211936867234e+00
-1.349977344637468946e+01
1.720876220829430636e+01
-1.794990582174876170e+00
-1.492116717579803264e+01
1.457858873263372246e+01
-2.291296722006714859e-01
-1.059211594654831678e+01
9.070850305996497553e+00
-2.133066537323045964e+00
-2.008700258634783520e+00
4.444144237653683938e+00
-7.748246327122603638e+00
6.827794810634866707e+00
3.241006669498662340e+00
-1.440694028960143314e+01
1.185330643510745574e+01
5.156400514731591223e+00
-1.816865942541772583e+01
1.140629445374846895e+01
7.408305514648747980e+00
-1.640974118379016033e+01
7.115417479237223120e+00
6.829843800865533332e+00
-9.641706541419313936e+00
2.658577452942570751e+00
2.237757341017648560e+00
-1.327990884648982295e+00
1.251800583645711118e+00
-4.556387530439534927e+00
4.211265821145551591e+00
3.555820780426523608e+00
-9.811359438696868551e+00
4.449882410052245163e+00
7.386775272584945817e+00
-1.031258664225220301e+01
1.368236780397733554e-01
9.391290593149783206e+00
-5.583071879684001537e+00
-5.341223512650329575e+00
7.519700561573451125e+00
1.645384935081282585e+00
-8.262694410852960303e+00
2.594252030076191318e+00
7.049714216424554536e+00
-6.992540641266069557e+00
-2.118277141597304514e+00
7.385188501122184945e+00
-2.917829892519257839e+00
-3.069408662768592144e+00
2.468995853930444184e+00
6.940691443620350398e-01
1.114835143249143457e+00
-4.808700849416636558e+00
1.104819361753942797e+00
8.544528818074700993e+00
-1.042863135161021759e+01
-1.878136390161942559e+00
1.510727421739373355e+01
-1.183647558051850268e+01
-5.667100647931000879e+00
1.698998074397995950e+01
-9.469102230792772801e+00
-6.623086920797838673e+00
1.304176424164223569e+01
-6.227657485576217233e+00
-2.594639152066684940e+00
5.436957600276501879e+00
-5.296850409274398430e+00
5.450699987614025410e+00
-1.781658948005504506e+00
-7.817740357306884214e+00
1.383041092494404012e+01
-5.302116928148948638e+00
-1.201094559861052780e+01
1.836335862632630267e+01
-4.565009081167129779e+00
-1.436020604013161872e+01
1.696379797091737984e+01
-1.892015078474053258e+00
-1.206639334321861412e+01
1.091694071581306602e+01
-6.826210616304022594e-01
-5.110322752808160729e+00
4.005435598889187432e+00
-2.933790641808757371e+00
3.493227055388130164e+00
7.271280747682329348e-02
-7.781367579903482046e+00
9.467731116950997006e+00
6.334125902469001090e-01
-1.206143414152141169e+01
9.935533768325267800e+00
4.092120643209816500e+00
-1.251690188430099226e+01
5.225333076288626089e+00
7.045711725563534422e+00
-8.152268206195600442e+00
-1.361271327341263326e+00
6.750334352178882114e+00
-1.123072735100621777e+00
-5.667835913081134436e+00
3.064371333316357582e+00
4.482470793095616912e+00
-5.289836812892814599e+00
-1.453372635805856739e+00
5.201634859177164394e+00
-9.642614095129098395e-01
-3.355180539408383122e+00
4.207767583081274410e-01
4.140302274221554946e+00
-7.914793721739754595e-01
-7.203627804706785653e+00
6.711231211659047347e+00
5.029474754889081467e+00
-1.340998740986852411e+01
5.589840878857378570e+00
1.043358653848588702e+01
-1.499155323631207892e+01
2.523286447249888376e+00
1.157515350613668126e+01
-1.171105466644730519e+01
8.700214893264170968e-01
6.934403186114531437e+00
-6.236887933948911389e+00
3.148840114864468021e+00
-1.634597973552958106e+00
-2.190170283068400892e+00
9.111587019674100674e+00
-1.001038633626553498e+01
-1.645117627525884973e+00
1.567738375320439559e+01
-1.434921152624149698e+01
-3.772790938139833461e+00
1.881900788148357861e+01
-1.340662734121884725e+01
-5.531418346517101625e+00
1.617471256838610927e+01
-9.130784918345934642e+00
-3.916148407311544233e+00
8.654989330008069359e+00
-5.177048775471264186e+00
1.778220151587014630e+00
-3.562172362087867583e-02
-4.372942647115745096e+00
9.244236979347466132e+00
-5.667445309898662131e+00
-6.846191919944020654e+00
1.452200855560560022e+01
-6.068598778901137081e+00
-1.006304118516732515e+01
1.455721332933566359e+01
-2.342391945769519701e+00
-1.072507238875454583e+01
9.261349429646511311e+00
2.049289482972132870e+00
-7.213787364338003272e+00
1.689773083988887148e+00
3.689206973942004364e+00
-8.987550866639812952e-01
-3.808189222173015587e+00
1.471373043077785159e+00
4.611549067019572234e+00
-4.271073269365011527e+00
-2.778859855638908360e+00
5.808315767557943765e+00
1.069636596992449284e-01
-5.718946806708668618e+00
1.660001773548935411e+00
6.260164064415108420e+00
-4.949260792440878021e+00
-5.569458256775334348e+00
1.036436119149493962e+01
-8.247878674984137071e-01
-1.163720449918757360e+01
1.035202613857719456e+01
3.638458642611917426e+00
-1.293439183139057747e+01
7.154911263596488880e+00
4.731527664093347241e+00
-8.695623497188982753e+00
3.871589702514373510e+00
5.907482690062231256e-01
-1.370937394396099407e+00
3.459971371154876962e+00
-7.401737899924748731e+00
5.057305613946052603e+00
6.547349840691470746e+00
-1.532179839584582126e+01
7.674792517248812729e+00
1.086750249654700617e+01
-1.908422318210046598e+01
6.423325454260963241e+00
1.273227186880318129e+01
-1.695654373507031920e+01
3.910497222209693202e+00
9.564038519251338855e+00
-1.056791597024816909e+01
3.412468821826191601e+00
1.783609558285353502e+00
-3.768455473311107973e+00
6.455235625871112326e+00
-7.240516619852221503e+00
-1.127519165802768342e-01
1.163675744411003876e+01
-1.319203730560809973e+01
-6.397824287336488780e-01
1.550810353618532211e+01
-1.346684622271606813e+01
-3.403402380560781815e+00
1.493403540587759259e+01
-8.757088284620270002e+00
-5.022919504592188389e+00
9.341513496444026288e+00
-2.528921795292840891e+00
-3.167330672735560348e+00
1.320039824064538792e+00
1.247205497481251868e+00
1.732266271914289391e+00
-4.872567694678679118e+00
6.077355192667033279e-01
6.716722586262708461e+00
-5.947873816117168921e+00
-3.299574549945373914e+00
8.331356568385178463e+00
-1.645848309975142421e+00
-7.212136332187570886e+00
5.083637086565778063e+00
5.134411222987987244e+00
-8.134754388875112596e+00
-1.350925011738513870e+00
1.021203052578800552e+01
-5.471527259680188493e+00
-7.026550698931277594e+00
1.076787570350744616e+01
-1.453775206143006926e+00
-8.176194900162514045e+00
7.018668453255049400e+00
4.290385710614295078e-01
-3.614762398131995624e+00
1.846924071918695232e+00
-2.069642573539598907e+00
4.485040187955254609e+00
-1.317440563654151520e+00
-8.227856422103648981e+00
1.195756910979213039e+01
-9.051980698418180538e-01
-1.460537982208588126e+01
1.525269727232182504e+01
1.731387546550000822e+00
-1.715075419734822759e+01
1.357727681089738248e+01
3.319782154497676885e+00
-1.379625469646011382e+01
9.183078370703416482e+00
1.043607978784525159e+00
-5.829749119748969477e+00
5.657034631155728022e+00
-5.331162284409711738e+00
2.870157853821446281e+00
5.398576933643434828e+00
-1.304957366931597562e+01
8.241481069338689736e+00
7.996772867728187073e+00
-1.800125457308776689e+01
8.513827383336586507e+00
1.059687268210031164e+01
-1.734173764273923268e+01
5.141919378052789646e+00
9.992949291124027411e+00
-1.137197868993769490e+01
1.621533660893720974e+00
5.010245426058704155e+00
-3.421718079560614356e+00
1.020311825208770173e+00
-2.463788805289385930e+00
2.203805931238684401e+00
3.899366084268509169e+00
-8.537865334050085409e+00
2.876428025880989559e+00
8.018921878961954519e+00
-9.796158296971775314e+00
-8.309405576329762511e-01
1.000587737808156596e+01
-5.562715912867938428e+00
-5.720704078959421679e+00
7.830724546910120765e+00
1.562310472989207888e+00
-8.222692035671748556e+00
2.389567151203240591e+00
7.273164885798271584e+00
-6.792900040278778917e+00
-2.914797800159853125e+00
8.222137582392393895e+00
-2.852984065865774799e+00
-4.350766600475552970e+00
4.041198453509579736e+00
3.375184037095024792e-01
-3.588646281256160364e-01
-2.583814868407181997e+00
8.381822330316657244e-02
7.297737387726780156e+00
-7.798376204779011722e+00
-3.721554335407027736e+00
1.452442955349708953e+01
-9.142005859970064208e+00
-8.356645260495778160e+00
1.740339519033899762e+01
-7.074896022677615193e+00
-1.000767874798936852e+01
1.458830090565709980e+01
-4.469350859423192546e+00
-6.343474268849917053e+00
8.030278128161889128e+00
-4.445514429405903023e+00
1.797722079873032897e+00
1.586362235485284433e+00
-8.047550507942553111e+00
1.076079301986902159e+01
-1.539354905898059567e+00
-1.336228361141617960e+01
1.626956976208706251e+01
-8.122705135072962879e-01
-1.670666609380686296e+01
1.604504599824861444e+01
1.483999228269974768e+00
-1.510823398007973495e+01
1.114126839883928355e+01
2.026040758630028638e+00
-8.415814891654484597e+00
5.141404905478569987e+00
-1.082189536904025307e+00
3.959954176699724826e-01
1.770099796901265066e+00
-6.851162224384241384e+00
6.972748930839082426e+00
2.516073585983933825e+00
-1.196810910966693697e+01
8.256702959106393180e+00
5.831034697371035413e+00
-1.302123447410831858e+01
4.349733535289352915e+00
8.400281698441188993e+00
-8.893361426953731552e+00
-1.648581843946907988e+00
7.586533510891894316e+00
-1.698299728069934122e+00
-5.702547094930014104e+00
3.365701625114553952e+00
4.407440939050734308e+00
-5.427206607513023862e+00
-1.575156447848301333e+00
5.790709013312021369e+00
-1.495388487548455547e+00
-3.659165076700233499e+00
1.614260866203503397e+00
3.035304641818728388e+00
-9.356684945225373085e-01
-5.670977176791563323e+00
4.977057439534801730e+00
5.419035865388664774e+00
-1.192833532982941946e+01
3.294152198360354333e+00
1.166211659740791617e+01
-1.396725026455097840e+01
-1.471416082480665466e-01
1.377914207228799448e+01
-1.147097931160787176e+01
-1.876925217445127636e+00
1.002305382335677741e+01
-6.972663801786215032e+00
7.083038400824079872e-01
2.030899157802919408e+00
-3.944349044739818844e+00
7.384877956693227219e+00
-6.215552316016807133e+00
-4.322543696129496738e+00
1.500528791968364928e+01
-1.089852243338476967e+01
-7.158086443791180642e+00
1.937915998647825688e+01
-1.069264280967183822e+01
-9.306414415365798831e+00
1.791821777801397531e+01
-7.398530443954376423e+00
-7.687067778412411734e+00
1.130728201197999638e+01
-4.506643273955728723e+00
-1.571114789875137863e+00
3.095463686646631629e+00
-4.697095100783228006e+00
6.677716912275476702e+00
-2.528761317235123762e+00
-7.979697320231730728e+00
1.295315763849916202e+01
-3.319806703414793780e+00
-1.173041005221515043e+01
1.398888369936631548e+01
-2.306566761889419226e-01
-1.258945231709822821e+01
9.476328815162698760e+00
3.449272153635041249e+00
-8.920787478091702027e+00
2.311854356545118172e+00
4.453201169179330066e+00
-2.143380342899866342e+00
-3.203070363637015028e+00
1.784345710284110931e+00
4.005205507928939923e+00
-4.035120386589662544e+00
-2.662398498067901187e+00
5.823621153825358832e+00
-2.212439590382224708e-01
-5.508680200015461992e+00
2.073752581117468630e+00
5.357656537616405146e+00
-4.357327414615262740e+00
-5.134636670075756193e+00
9.037153443874261782e+00
3.800524637029711883e-01
-1.160617712049485029e+01
8.856651945477878485e+00
5.563710461740346780e+00
-1.365647463078488144e+01
5.801048990173875097e+00
7.303113454677439442e+00
-1.035041219210145158e+01
2.979492575080651129e+00
3.535774788351740305e+00
-3.932932999934785734e+00
3.323500121324375556e+00
-4.510498336493546034e+00
1.793820330233909743e+00
7.389892118168653212e+00
-1.296483229640420021e+01
4.033979221218475963e+00
1.278713818613100628e+01
-1.767046871001383224e+01
2.780172041736285848e+00
1.565085586961216890e+01
-1.672049212243632610e+01
6.373099139839921712e-01
1.320791865622137706e+01
-1.152417235320185895e+01
8.400202104020979554e-01
5.719567608709791529e+00
-5.732189261699471849e+00
4.836416967789900490e+00
-3.512516530700000583e+00
-2.766168862368941106e+00
1.110368906480763229e+01
-1.011590077642721752e+01
-3.611007605597473802e+00
1.602952132792587747e+01
-1.132131966656207389e+01
-6.330711630083347252e+00
1.629544787200206457e+01
-7.600424331186790283e+00
-7.596703683001805985e+00
1.117240205414291410e+01
-2.212706420993297840e+00
-5.159560390311735745e+00
3.175610419429955922e+00
1.009974676840873276e+00
4.381104691649775340e-01
-3.394648148302239932e+00
1.545923236231372400e-01
6.094350865395215422e+00
-5.096496911314230438e+00
-3.655487918793223212e+00
8.194939654320688049e+00
-1.453524945937117785e+00
-7.228696554330010571e+00
5.108680701600743390e+00
4.844399324297924636e+00
-7.664897973450108815e+00
-1.556904454639121749e+00
9.757261371901142510e+00
-4.479857837432840384e+00
-7.815800126500707989e+00
1.051026484130077954e+01
-3.375545830983739393e-02
-9.750709911966136900e+00
7.277569601617918771e+00
2.045746927544920268e+00
-5.957417197932414865e+00
2.844599676441051717e+00
-6.076835582073734088e-01
1.610471665244826767e+00
5.218208284046896850e-01
-7.330375755984849029e+00
8.939659946122247902e+00
1.753380313222697495e+00
-1.464102646671320329e+01
1.252896467921006618e+01
5.058990790218159006e+00
-1.833937406728004760e+01
1.153489022830628841e+01
7.038325747517053088e+00
-1.613451071124389813e+01
8.093561973275136268e+00
4.765731727447946042e+00
-9.082282984847372731e+00
5.651363676079109055e+00
-2.048664517630026438e+00
-8.907798310857395485e-01
6.468855364464252133e+00
-1.061619455422187031e+01
4.442185752312273195e+00
1.000588995748644905e+01
-1.668951786567085804e+01
5.101061185316801527e+00
1.328874120430794825e+01
-1.720885883645160419e+01
2.419159571388442398e+00
1.301227396182315843e+01
-1.224151387019434267e+01
-2.587106206602571290e-01
7.947926036394049376e+00
-4.936716395711268746e+00
-9.184153607669109931e-03
6.919870444203723991e-03
4.758106798394896586e-01
3.606057237175638086e+00
-6.800809886019398398e+00
1.327575226210861992e+00
8.245944472735127206e+00
-8.862442759461828246e+00
-1.934633472456058989e+00
1.045936242835795582e+01
-5.279315802192936502e+00
-6.274154919013701814e+00
8.177572397848830832e+00
1.526751113969339269e+00
-8.271174094530783449e+00
2.322149737109571621e+00
7.326872731145720685e+00
-6.498560295821688371e+00
-3.595377846826739443e+00
8.729964391944983859e+00
-2.459685665576891722e+00
-5.660485592998933058e+00
5.229690968334857359e+00
5.349894483943504753e-01
-2.100855599485766945e+00
-6.681035621387896306e-01
-2.242516654179107505e-01
5.496618416341060964e+00
-5.276894738645738769e+00
-4.806060095795464449e+00
1.311658492147349087e+01
-6.260162683651669724e+00
-1.037858434358342663e+01
1.679700447859447010e+01
-4.152312784304239557e+00
-1.295018744970782443e+01
1.504287949855542728e+01
-1.858380178714575948e+00
-9.979406882632508413e+00
9.605425733605581939e+00
-2.494116773342920812e+00
-2.122809741873830092e+00
4.150965353786158829e+00
-7.053740910827152710e+00
7.055711356958607183e+00
1.743608186936694171e+00
-1.351464011627157547e+01
1.324724098480809076e+01
2.840448318951318107e+00
-1.802364692631963550e+01
1.402752354920417943e+01
5.133086777355577723e+00
-1.740426084067705759e+01
1.024348858328496981e+01
5.313438438546729259e+00
-1.132114637692516546e+01
5.274351618882694659e+00
1.539448186445748323e+00
-2.645527244661998623e+00
2.694405625702565921e+00
-5.098074099061831177e+00
4.251495536382410734e+00
3.914691522326344764e+00
-1.113411764759664635e+01
6.178818616100285155e+00
7.372841092089727155e+00
-1.297202304427999842e+01
3.034161817595422583e+00
9.784289341979571120e+00
-9.322151031033707014e+00
-2.290628687703490929e+00
8.574501493473659863e+00
-2.195667927742268599e+00
-5.912944838741227116e+00
3.816179811419726953e+00
4.240837039974627132e+00
-5.519115187038149628e+00
-1.668899973006523041e+00
6.226885550776706246e+00
-1.777844300752585704e+00
-4.142249171701887889e+00
2.720348304125736583e+00
2.308370448311329870e+00
-1.500144646341386334e+00
-4.043079011907575904e+00
3.636210396121185795e+00
5.173977221886573830e+00
-1.008762934451643289e+01
1.276410064621106510e+00
1.212562981077352120e+01
-1.229356539697714723e+01
-2.774798255140163761e+00
1.521268972923641272e+01
-1.032657524568254459e+01
-4.899617184033698614e+00
1.247679663850427545e+01
-6.641044671615103923e+00
-2.354625922208393618e+00
5.325176739186527897e+00
-4.599681097591413526e+00
4.724188218553554641e+00
-2.439272589143452130e+00
-6.016336268762571216e+00
1.318116958247321335e+01
-7.082322382497342694e+00
-9.808908962162284695e+00
1.870452711026352333e+01
-7.261950525436355441e+00
-1.269181973634669802e+01
1.849565748372172180e+01
-4.689342055245617757e+00
-1.145247922457897971e+01
1.300088088414231358e+01
-2.730637841994583592e+00
-5.274316302718001559e+00
5.574656623010691092e+00
-3.933953447010646975e+00
3.481362000412127067e+00
3.068535267189158589e-01
-8.178763601351466406e+00
1.060359299688930079e+01
-5.469200943065315457e-01
-1.271320688774871499e+01
1.263022209458378242e+01
2.153687803606129769e+00
-1.406103074751863780e+01
9.020037101098555610e+00
5.252711253646094924e+00
-1.050697963167912263e+01
2.471926347680269753e+00
5.620165689354006844e+00
-3.463601909144542912e+00
-2.816485400363651248e+00
2.382357888513774391e+00
3.240923945037154752e+00
-3.801462190654238960e+00
-2.458047747836752617e+00
5.725738560368736074e+00
-4.166423783053776475e-01
-5.432252467524445017e+00
2.530858954673363748e+00
4.606746555911037433e+00
-4.085616396655514571e+00
-4.428608216825221433e+00
7.754624800667309970e+00
1.166538323808450128e+00
-1.106185631081569554e+01
7.191445219092438279e+00
7.095497501337427515e+00
-1.367040398948562085e+01
3.997100512547380635e+00
9.638112467835041386e+00
-1.120218674872803000e+01
1.348526436024544140e+00
6.513769777255831173e+00
-5.730040641455694583e+00
2.212065350414046172e+00
-1.248185766394353635e+00
-8.822778693504091940e-01
7.127049567881668324e+00
-9.890255106750613479e+00
6.851760832257829392e-01
1.361056712726343143e+01
-1.524788367555419200e+01
-9.391193069127616866e-01
1.762961329683980694e+01
-1.529393966592552800e+01
-3.093049237915267646e+00
1.619474195329419430e+01
-1.125144765132306190e+01
-2.520455683509686740e+00
9.362140574323094100e+00
-6.578065940308160719e+00
2.202931924306958500e+00
3.055014583316766341e-01
-4.540689172107476246e+00
9.467990022967228469e+00
-6.611043019093777673e+00
-6.024882418316472865e+00
1.550702878468452539e+01
-8.507598112161211645e+00
-9.045270326750287637e+00
1.679819877898968628e+01
-5.668957095486642395e+00
-1.026336988261721572e+01
1.241207609671715772e+01
-1.154234498901696382e+00
-7.458956685113108165e+00
4.730198847317513611e+00
1.365004662739183861e+00
-1.253632839323076897e+00
-1.966789990000512134e+00
7.088664005846601057e-02
5.114082085095530417e+00
-4.135298340610307655e+00
-3.879624644909420716e+00
7.849143130789181022e+00
-1.113069696350041937e+00
-7.306587266952359272e+00
5.137180640775778073e+00
4.616111716799283116e+00
-7.356169307734939267e+00
-1.540784302704841124e+00
9.177637762591203341e+00
-3.627548619643009786e+00
-8.218646332000499655e+00
9.887795384005661603e+00
1.392113683882906017e+00
-1.087772541804400994e+01
6.937194116552887202e+00
3.911728491558553955e+00
-7.921659035158898021e+00
3.073242761219725505e+00
1.397567407978697496e+00
-1.084108210423944119e+00
1.534081214440097263e+00
-5.605574757376039940e+00
5.802599403926413935e+00
3.664381625800841036e+00
-1.363648449365536841e+01
9.336726942607931790e+00
7.854531162657296228e+00
-1.839504834693276081e+01
8.686484303486315284e+00
1.054800381653393870e+01
-1.739347417034313636e+01
5.933481138833604618e+00
8.659487265558750479e+00
-1.145352606490537539e+01
4.431695027728739689e+00
1.780538630446020010e+00
-4.082666893949270737e+00
6.328617193336310898e+00
-7.329138623304412015e+00
8.374134960052339594e-01
1.095337843863652161e+01
-1.433520149421362611e+01
1.509156200131891445e+00
1.518473606503439655e+01
-1.598958406326721615e+01
-7.938720781306085605e-01
1.556827511954347543e+01
-1.212449657793674085e+01
-2.829745412891188305e+00
1.075982027529930285e+01
-5.679322343799265482e+00
-1.794002914602409904e+00
2.633139056982953363e+00
-7.574454973557127602e-01
2.626984168059235181e+00
-4.731398408766637864e+00
-6.234390526921096409e-03
7.962450058244521678e+00
-7.549234622223207403e+00
-3.045769104850468700e+00
1.063424496379788842e+01
-4.696097449409437630e+00
-6.955320133982974440e+00
8.474718878242077480e+00
1.614786494746827117e+00
-8.443545260172008682e+00
2.372804104873038611e+00
7.282355385848726215e+00
-6.205517350244929453e+00
-4.095645156520769881e+00
8.932737518156992351e+00
-1.857558615889462139e+00
-6.854322002076583153e+00
5.978567186851046600e+00
1.188165921911332745e+00
-3.911115464531849106e+00
7.876357667474153113e-01
1.468919574661313732e-01
3.357276394352592508e+00
-3.103556749199054110e+00
-5.068470763222504338e+00
1.106870038089702213e+01
-3.492080875290297204e+00
-1.155867871265042979e+01
1.527957326494400192e+01
-1.021930284322901894e+00
-1.517280533643934781e+01
1.440454754004911919e+01
1.314872010779821743e+00
-1.314929848671435053e+01
1.003682643515620754e+01
3.443463924267895493e-01
-5.926294304538867408e+00
5.669040288925525140e+00
-4.936526001765725091e+00
3.080048248310866654e+00
4.214165890823433180e+00
-1.243888544563196419e+01
9.592871932931089418e+00
6.014801436810554236e+00
-1.815823998519770299e+01
1.110255192665344026e+01
8.682255194020612521e+00
-1.870435853956037420e+01
8.291789765106258869e+00
8.860533822569488294e+00
-1.352126221799138328e+01
4.353403522990475061e+00
4.702857089277934222e+00
-5.320884750790462192e+00
2.700557472236194023e+00
-2.641433032037832973e+00
1.572840782917428903e+00
4.630244060155062513e+00
-9.573417605790712770e+00
3.893947995775112858e+00
8.511764769648600293e+00
-1.230179781920744553e+01
1.377180809776866077e+00
1.102958265900989332e+01
-9.328586664103829307e+00
-3.277640969336871990e+00
9.616167406043034660e+00
-2.507813393730642382e+00
-6.353445741701561289e+00
4.401781911454166085e+00
4.045394962093144642e+00
-5.645287103946865059e+00
-1.671821188906179145e+00
6.498662347423718622e+00
-1.872057176740978379e+00
-4.691595075420947225e+00
3.642438036102736199e+00
1.958970588274347113e+00
-2.362512306511923121e+00
-2.491236205065096243e+00
2.775755417248640722e+00
4.380654196208469742e+00
-8.104135758048975902e+00
-2.801993658158838940e-01
1.183350621300506234e+01
-1.018860108202996706e+01
-5.093346682309945805e+00
1.578080330884845850e+01
-8.450038806164796412e+00
-7.880939798709208688e+00
1.408856614441750033e+01
-5.325768696920833989e+00
-5.717728401684912143e+00
7.943272822070008843e+00
-4.122921921610023688e+00
1.406758501560550823e+00
9.493789068080673577e-01
-6.567839007576646182e+00
1.039265301221981730e+01
-3.286662271406159075e+00
-1.145491499538290192e+01
1.686277060364042057e+01
-3.466076895009837511e+00
-1.533910450518790825e+01
1.784468889566129235e+01
-1.274243976348012897e+00
-1.483260295858991284e+01
1.355566786762005194e+01
-7.894725178330563864e-03
-8.971700659184081772e+00
7.136077026706270310e+00
-2.118797335930928671e+00
-5.111057743710034629e-02
2.533127573305370639e+00
-7.365763036340462477e+00
7.669412338307555643e+00
1.953068137647630209e+00
-1.285109316660074086e+01
1.056809837125782003e+01
4.567055980037658003e+00
-1.494000292587904610e+01
7.880286638256943199e+00
7.299390019035027599e+00
-1.178033649457698573e+01
2.087993026884781944e+00
7.123384592847188834e+00
-4.716635168591632343e+00
-2.758479237933070927e+00
3.280939612918109649e+00
2.385069187740661789e+00
-3.663003164225695940e+00
-2.097822770631213807e+00
5.497227630316888991e+00
-5.161017463545141126e-01
-5.410885663502556397e+00
2.943853923723142252e+00
4.050822563092491002e+00
-4.088976975051730633e+00
-3.576962669113282089e+00
6.644669024856350248e+00
1.508704294798554502e+00
-1.012475015228901043e+01
5.551919552067637653e+00
8.114460039092277199e+00
-1.304631003448833049e+01
1.971418955994157507e+00
1.152186878403493786e+01
-1.123301420704324016e+01
-8.058174295134348242e-01
9.234235851291431985e+00
-6.634396335370489339e+00
2.809674607695642479e-01
2.056251317438720694e+00
-2.732168632264718955e+00
5.814697527978694325e+00
-6.417278306701354573e+00
-2.042468211759037811e+00
1.327127033349341190e+01
-1.207636463163304796e+01
-4.353773866047193408e+00
1.847787385858035947e+01
-1.283626572298402024e+01
-6.897703923567620521e+00
1.822984894359839103e+01
-9.783914118542710980e+00
-6.334865033734821793e+00
1.235107179277385470e+01
-6.211728086539522131e+00
-1.202390277170493960e+00
3.836961063503204095e+00
-5.232060733344798820e+00
6.855231828094977331e+00
-3.019707982847819494e+00
-7.604063433763679214e+00
1.394421245015499267e+01
-5.291314178201819374e+00
-1.124422134310166577e+01
1.634093022290165464e+01
-3.125807548677121517e+00
-1.274340430184036776e+01
1.288917271019125366e+01
5.907616054656494864e-01
-9.849817874131991502e+00
5.787831147258422959e+00
2.347452258813452097e+00
-3.215275346655205979e+00
-7.632241481426591534e-01
4.487810851271233359e-01
3.812151555586011042e+00
-3.179051910306635698e+00
-3.866576529300857157e+00
7.256272006170585875e+00
-6.584665310556498952e-01
-7.371314233204572020e+00
5.091870509030915315e+00
4.497004287490536711e+00
-7.200040945186945152e+00
-1.375809585364248466e+00
8.582036136335929655e+00
-2.990396288334335129e+00
-8.261001936632970555e+00
9.034394234502316934e+00
2.666166049119716774e+00
-1.150226447405632868e+01
6.111533020666533922e+00
5.810509870056090875e+00
-9.355297385004194055e+00
2.582871237893669125e+00
3.710006139276858406e+00
-3.354149010141977083e+00
1.671736452637782033e+00
-3.261772436338597814e+00
2.857674305883604937e+00
4.666700824141731374e+00
-1.172628636763253240e+01
6.012301014972331714e+00
9.849104506817674576e+00
-1.734340004992990103e+01
5.343636081806436344e+00
1.349884512010969928e+01
-1.747295262431260099e+01
2.941564050609359882e+00
1.233678296417362219e+01
-1.272249091515751296e+01
2.126918709684535447e+00
5.781279647839723701e+00
-6.389985750679578302e+00
4.978319717381363141e+00
-3.501286710777680167e+00
-2.205357268751778843e+00
1.071468065278699200e+01
-1.115068091050404853e+01
-1.893125912045538151e+00
1.605994223864799153e+01
-1.377593362256148701e+01
-4.176127292861545826e+00
1.737657233641229482e+01
-1.099463533609630872e+01
-5.856152421494206450e+00
1.315098666113347470e+01
-5.527984170580092282e+00
-4.204084230281134538e+00
5.156515284604075156e+00
-1.318108458547265105e+00
9.886957427541833709e-01
-2.515329109258568785e+00
-9.374429406446882496e-01
7.113887418707001586e+00
-5.951578910446098547e+00
-4.011591482751184934e+00
1.043266188524696325e+01
-3.820752332334411250e+00
-7.679447006310176960e+00
8.625857180368791788e+00
1.882663240502250979e+00
-8.738143111747440628e+00
2.489023159620660230e+00
7.221605026388976611e+00
-5.989148819276345570e+00
-4.393810897221113621e+00
8.893616304522769411e+00
-1.173209477712150672e+00
-7.824108904532275588e+00
6.290905163039113290e+00
2.159291978693950398e+00
-5.604269233485054791e+00
1.697524967916110183e+00
1.094206192839004110e+00
1.113452817448561838e+00
-1.463183146372038834e+00
-4.535217665872503190e+00
8.620054778355314085e+00
-1.109975091545585713e+00
-1.181782544637404619e+01
1.304773110539137448e+01
1.987957096198545326e+00
-1.648137789538486686e+01
1.278355632997830682e+01
4.711271018753304674e+00
-1.555635117809389101e+01
9.318078743492861804e+00
3.770332427175069334e+00
-9.245704748610815926e+00
6.007055367078738328e+00
-1.910090619506846998e+00
-7.753787343879208205e-01
5.623370848460546689e+00
-1.023173608157637204e+01
5.669446796163191138e+00
8.378288587057955539e+00
-1.707753055051171032e+01
7.558373922000450662e+00
1.176139107934811534e+01
-1.885608227882423193e+01
5.466439242334524273e+00
1.231074503570457779e+01
-1.477442029199081119e+01
2.437492722352182728e+00
8.111457987209329090e+00
-7.343255383099460687e+00
1.734861226300651982e+00
3.150958598859419091e-01
-7.806095642312671501e-01
4.524944862565545733e+00
-7.383504806828931066e+00
1.635958175486772248e+00
9.068074992098518194e+00
-1.101036127528041675e+01
-4.670444586367024087e-01
1.196134428213454548e+01
-8.842625492309588608e+00
-4.546623547845367597e+00
1.058341766455363775e+01
-2.535767206998586154e+00
-7.042311318176221135e+00
5.069165332214996766e+00
3.903963364492165411e+00
-5.876481913008621660e+00
-1.553915964148202100e+00
6.633341670222266728e+00
-1.860105982411485392e+00
-5.206469933101205427e+00
4.327026827380938911e+00
1.938314048957346714e+00
-3.382408330482452818e+00
-1.155259521931556677e+00
2.418511112003244534e+00
3.176057220000621850e+00
-6.188233318180175857e+00
-1.257656805843146319e+00
1.087354931166111527e+01
-7.899251489697439510e+00
-6.886149835524308038e+00
1.548322139320309532e+01
-6.079161248074120394e+00
-1.052371193104627523e+01
1.474649540292439553e+01
-3.207533221833812398e+00
-9.039747813062417592e+00
9.658840248874440704e+00
-2.597079936541648593e+00
-2.230053146797299046e+00
3.628523346535056593e+00
-5.937528763980697732e+00
6.923022268167654758e+00
1.085593854177973050e-01
-1.193020127331270785e+01
1.404053946110251516e+01
3.061131827503154046e-01
-1.697418582397533982e+01
1.602872269242437397e+01
2.500162783210406747e+00
-1.748207066035549673e+01
1.290633923690974072e+01
3.400843924747088298e+00
-1.229510880672003381e+01
7.602304491432812839e+00
6.011726477859733464e-01
-3.579449100558687480e+00
3.895731996410092712e+00
-5.567655498642761103e+00
4.419854323594356593e+00
3.895577980752497727e+00
-1.206591848995166494e+01
7.973430903564713290e+00
6.743325797300142810e+00
-1.507652652850169517e+01
6.123119554793911234e+00
9.382686478063511970e+00
-1.256382946381854993e+01
1.136116919442179851e+00
8.841044550921353107e+00
-5.744472226185709296e+00
-3.110297472330778579e+00
4.447881197298153566e+00
1.538371384915365958e+00
-3.715139918294027677e+00
-1.540577857619749302e+00
5.159175010200252487e+00
-5.849238666410487841e-01
-5.363550969594922613e+00
3.252311415884870271e+00
3.690438043029419024e+00
-4.289812300296812708e+00
-2.702685027348483260e+00
5.793181403531250773e+00
1.436986831891432281e+00
-8.944643290233388555e+00
4.108116904173940043e+00
8.569275635080019882e+00
-1.191574828856668766e+01
-4.380516210953988576e-02
1.280352825723904608e+01
-1.051143144677508445e+01
-3.227803458999670028e+00
1.145010123457359619e+01
-6.616501328610523203e+00
-2.238052175976545932e+00
5.083864695402791511e+00
-3.610679182039438828e+00
3.613694457271249050e+00
-2.895741437369339977e+00
-3.891968025514980667e+00
1.182253819067204148e+01
-8.486837024076654856e+00
-7.120141197917455145e+00
1.812244994573876866e+01
-9.610533025061402057e+00
-1.038825937708439717e+01
1.911648062150977978e+01
-7.278245302706636721e+00
-1.022085024365836503e+01
1.439043306040435155e+01
-4.662868372512823711e+00
-5.053158627919330570e+00
6.728037185509236906e+00
-4.744277068083182058e+00
3.496313382641670131e+00
2.965313102898079478e-01
-8.149571318900795447e+00
1.145481498832509004e+01
-1.992500628863745682e+00
-1.266508034663934623e+01
1.492027945670096400e+01
-2.105444638385209899e-01
-1.475900942351687739e+01
1.250446231037794576e+01
2.884392979676170476e+00
-1.208624758222120832e+01
6.191045775228872117e+00
3.920915117918961190e+00
-5.269645110623585538e+00
4.631908455354594167e-02
1.332435175201916122e+00
2.277786953255724001e+00
-2.365152676984995317e+00
-3.528376827027374762e+00
6.419538948304677639e+00
-1.608516651031903777e-01
-7.335576526008383169e+00
4.912186927361292810e+00
4.498395565671673424e+00
-7.152412612091737287e+00
-1.148817476221026812e+00
8.059363042301757929e+00
-2.598874492990170815e+00
-8.011425939529512874e+00
8.091681291711676494e+00
3.670041736388473641e+00
-1.163269711378441684e+01
4.955261405609106440e+00
7.543750114120318706e+00
-1.017641862604061842e+01
1.495098312076573066e+00
6.079190372617921945e+00
-5.015946406933458057e+00
9.804858978189328056e-01
-5.590590930205703302e-01
3.803255307427293452e-01
4.699673925505582162e+00
-9.131609162216431486e+00
2.892690700998977071e+00
1.086431808344255856e+01
-1.532183046202595378e+01
1.860192188027605997e+00
1.560529984614721322e+01
-1.639455449763501704e+01
-5.621874100506785155e-01
1.543584877645197118e+01
-1.278244021986533951e+01
-1.023614079334201232e+00
9.561176989683273675e+00
-7.587303100393332222e+00
2.542864442318313323e+00
4.959789705837751583e-01
-4.372147806843518225e+00
9.286010053994958824e+00
-7.438618096503349264e+00
-4.748115026813309214e+00
1.578986196467186431e+01
-1.076712651035468760e+01
-7.377086192312254376e+00
1.822036640006476915e+01
-8.932459148857370579e+00
-9.041524004400958603e+00
1.485531130784525189e+01
-4.451307807537889794e+00
-7.031194240553527486e+00
7.310446661465591411e+00
-1.089737440040364547e+00
-1.203557814656371683e+00
-3.748630934527845682e-01
-1.305605349767907875e+00
5.709366943878189105e+00
-4.215497563572911055e+00
-4.674102653052749190e+00
9.794056912693021033e+00
-2.710302143605122893e+00
-8.333069659400083040e+00
8.540839743557713248e+00
2.353763722459988106e+00
-9.114955963259330218e+00
2.595955217642404556e+00
7.220665086459490567e+00
-5.892633873353563700e+00
-4.509480728541845451e+00
8.700592145959102908e+00
-5.215387007994287671e-01
-8.507896945487654961e+00
6.221829360551828003e+00
3.292027744981377957e+00
-7.030013283750149000e+00
2.044642229566613345e+00
2.462683612567261981e+00
-1.010727007157959711e+00
-4.696768387165772829e-01
-3.313675808537917433e+00
6.035336707709364035e+00
6.702953094604009454e-01
-1.117570997832068258e+01
1.036125388953783677e+01
4.576162508292517472e+00
-1.678266601522179613e+01
1.038616123934765767e+01
7.979761859612016117e+00
-1.698961436980474460e+01
7.559990367646344467e+00
7.430564868979470106e+00
-1.176955115443754352e+01
5.153665369926970108e+00
1.720726594830995104e+00
-4.134746371261006637e+00
5.831773233121919198e+00
-7.105771397184039273e+00
1.868658268156718094e+00
9.679553275857838202e+00
-1.487338367281466134e+01
3.751085385365366953e+00
1.404255221662118558e+01
-1.782296807022878582e+01
2.043325536978150669e+00
1.530714839892246459e+01
-1.493036002875947332e+01
-3.069891893918857417e-01
1.142996350364537506e+01
-8.482138234197496018e+00
-1.543947463028665368e-01
3.501669771069865433e+00
-2.543781996866788297e+00
3.542239910049004958e+00
-4.740164127784404435e+00
-3.439970388553259539e-01
8.912282550236042766e+00
-9.171270144086706821e+00
-2.302831755592912977e+00
1.242074582388292825e+01
-7.848919366346860826e+00
-5.983723824268896152e+00
1.133410090340730392e+01
-2.206742291228932729e+00
-7.953617318408221948e+00
5.731607047473968208e+00
3.904214199114460548e+00
-6.259687682485087556e+00
-1.323114385566038997e+00
6.689141121822345326e+00
-1.829277605886360902e+00
-5.612929422361509602e+00
4.766390181292840644e+00
2.161864047141440537e+00
-4.421881828521370572e+00
-1.294619171939959124e-01
2.526837720840890089e+00
1.727030725390196864e+00
-4.520925871789486905e+00
-1.611060278024795789e+00
9.396457729726888530e+00
-5.672321305915129841e+00
-8.006516223339080085e+00
1.440896683227970421e+01
-3.488568421692961330e+00
-1.258116695962245757e+01
1.444153021397189463e+01
-5.411809784539443058e-01
-1.199680648335191258e+01
1.034530627450429918e+01
-2.094987915520762911e-01
-5.825405015611460513e+00
5.356024550550586127e+00
-4.207051604173525305e+00
3.120360719668902050e+00
2.769124698294224807e+00
-1.118982273199645050e+01
1.052347000539331034e+01
3.669117055810506844e+00
-1.742629759115273913e+01
1.323095280010563179e+01
6.247498283973374811e+00
-1.912676555459939109e+01
1.111109240858720781e+01
7.158697407370078203e+00
-1.490694293324548170e+01
6.905691360373186427e+00
3.979290737278494028e+00
-6.752072985534097072e+00
4.221951743517601052e+00
-2.917509750712243388e+00
1.171019144002476864e+00
5.040833508518588246e+00
-1.037527309718790569e+01
5.087004517935564962e+00
8.423083545073730249e+00
-1.439215570437917258e+01
3.891372297720897322e+00
1.127075622069023630e+01
-1.271926782311023096e+01
-3.402244967477141557e-01
1.060636924880497034e+01
-6.394464439412892887e+00
-3.908347985484879050e+00
5.801841613041879953e+00
8.232748546592318917e-01
-4.038418419841457663e+00
-7.828313202800902815e-01
4.769198396046527400e+00
-7.036968098364231317e-01
-5.223030932797541048e+00
3.431719884470853188e+00
3.487799466526936953e+00
-4.593979980460375145e+00
-1.908746830608159861e+00
5.237420139557909415e+00
1.027939146632378176e+00
-7.679048823156850112e+00
2.986902515608666153e+00
8.476336339808009157e+00
-1.045155370201307754e+01
-1.838709505571089586e+00
1.340798140657750537e+01
-9.179233231972318663e+00
-5.651434824959380876e+00
1.298166839107811477e+01
-5.743306514828153020e+00
-5.064862760335865133e+00
7.558841824916425978e+00
-3.477931117658180860e+00
7.694526289700949206e-01
3.313606252066448321e-01
-4.703375578094479259e+00
9.429136331083034506e+00
-4.845379003776799642e+00
-8.966885697281075096e+00
1.661373391314864278e+01
-5.955054643336655573e+00
-1.321136389302841607e+01
1.877601602604375586e+01
-3.997226328895795877e+00
-1.378770344225612732e+01
1.528012210983674279e+01
-2.083325745720197908e+00
-8.972769404023765105e+00
8.685502963008115529e+00
-3.101966519083645402e+00
-2.946663877238842044e-01
2.994996491969608599e+00
-7.564697015442805927e+00
8.254326028785294866e+00
1.047153320855337633e+00
-1.311637143362219682e+01
1.263605983049809467e+01
2.783489507762292536e+00
-1.606564427373509218e+01
1.124693431655180831e+01
5.516784630609079088e+00
-1.391891569616142021e+01
5.843225427548002671e+00
5.975268291084174344e+00
-7.207667370100759641e+00
3.195369665732075148e-01
2.706195909211594142e+00
6.470517144946290600e-01
-1.835561663330913973e+00
-2.811347655835931381e+00
5.387991672384317532e+00
2.805200851634745973e-01
-7.115612751346006348e+00
4.567461515542182049e+00
4.593502094103425470e+00
-7.144162405530429361e+00
-9.434637883366026045e-01
7.666195024454932394e+00
-2.438964829438804216e+00
-7.566315933829852014e+00
7.189268616379547616e+00
4.335292842500342303e+00
-1.133313099537656399e+01
3.641568804553828809e+00
8.952406297067595276e+00
-1.037677678904330847e+01
-1.582936819673719242e-02
8.268744986261593155e+00
-5.962578119046582970e+00
-4.111237830861780296e-01
2.221239656030237875e+00
-1.417256505772788611e+00
3.804934423114808784e+00
-6.133479010032472978e+00
2.802410391121413769e-01
1.082796182720359823e+01
-1.256190833358903269e+01
-1.405712646308818758e+00
1.667457483283527253e+01
-1.429717084072482791e+01
-4.211071095420490629e+00
1.765862029227827534e+01
-1.165102853378156134e+01
-4.695668043914063894e+00
1.275167725360754467e+01
-7.562964634743386760e+00
-7.409576142284350908e-01
4.271357981732267994e+00
-5.436149478319599382e+00
6.786488384671489626e+00
-3.561484178591530103e+00
-6.747532413119317063e+00
1.436623629136726521e+01
-7.251283529693402841e+00
-1.005362746785909600e+01
1.797647895495041226e+01
-6.120920928792498827e+00
-1.205832784207961339e+01
1.566655276625454718e+01
-2.516619905170196070e+00
-1.000778550190950256e+01
8.850234112124871544e+00
-3.545941525241391723e-02
-3.772026519549460222e+00
1.455041642414201419e+00
-1.000062296667998840e+00
3.827137910698512613e+00
-2.524210716427510270e+00
-4.891542031801480839e+00
8.708973761726841900e+00
-1.468868468270787098e+00
-8.789132279519808577e+00
8.152776941256522747e+00
3.010435541737447540e+00
-9.500847218474129718e+00
2.611221241846830132e+00
7.334545252136625670e+00
-5.921088413893216718e+00
-4.496096350968517896e+00
8.449562511203861703e+00
9.805762791045502524e-03
-8.892963705684032050e+00
5.865325171433451779e+00
4.432963474020441552e+00
-8.087618983535774575e+00
1.876480764983111449e+00
4.067583617910957905e+00
-2.825072291950687209e+00
-1.587434567188945600e-01
-1.574912733284798527e+00
3.574483173344211728e+00
1.709077243824234760e+00
-9.743491694949005577e+00
7.512535643717294320e+00
6.499151888947055866e+00
-1.609014109112536772e+01
7.489605771305532400e+00
1.079443702164376617e+01
-1.734359384954739269e+01
4.976165639512762695e+00
1.095596215579807975e+01
-1.327335379886512001e+01
3.219167579680004554e+00
5.593183392895386241e+00
-6.676310953482476052e+00
4.823511738530626758e+00
-3.367085904870672941e+00
-1.430053209657281332e+00
9.775205165101986893e+00
-1.175387465258027753e+01
6.789960040712017530e-02
1.527531437824333871e+01
-1.569060724553134634e+01
-1.633280436586696860e+00
1.753066870943122879e+01
-1.394921997563830374e+01
-3.620515741313992120e+00
1.431938107527296999e+01
-8.591025881484178228e+00
-2.817435746150885656e+00
6.608893683123297613e+00
-3.500026815773535471e+00
1.718409433686028498e+00
-1.882556651842874018e+00
-1.805729456178166714e+00
7.984858578625503966e+00
-6.929482020198465264e+00
-3.913599408811831992e+00
1.228739951281941423e+01
-6.395255919071582085e+00
-7.434083655438042726e+00
1.173155382758345766e+01
-1.489402388711564384e+00
-9.015687054846768689e+00
6.280848486429251309e+00
4.121855042865883334e+00
-6.807064238226271158e+00
-1.023981693696666362e+00
6.742407337881246576e+00
-1.855600613213691297e+00
-5.873444849043201188e+00
4.994355843467270795e+00
2.525854369249687537e+00
-5.363763098018991649e+00
5.442984506051254945e-01
3.013702405902519033e+00
2.074610288409273195e-01
-3.235587410555616827e+00
-1.367483954657242151e+00
7.594094018972617377e+00
-3.727425186880476637e+00
-8.388966306429077591e+00
1.272130017043461336e+01
-9.583222921004872497e-01
-1.388056369545884294e+01
1.326358157582544450e+01
2.374258730017098529e+00
-1.431571366489001029e+01
9.985696349895642143e+00
2.770889232125452573e+00
-9.033239245596490719e+00
5.992872359091737877e+00
-1.568326474776529089e+00
-6.397637667148410312e-01
4.440724030665140099e+00
-9.313304297098046192e+00
6.665744451440627216e+00
6.281054933956097486e+00
-1.664585900539935537e+01
9.735548883335678028e+00
9.581922499909005353e+00
-1.959338257672062511e+01
8.347114529086189449e+00
1.088705347441240789e+01
-1.653666105487915416e+01
5.098194662398422672e+00
7.693122609434309034e+00
-9.243593905782212516e+00
3.442303066314905458e+00
3.557845533024650564e-01
-1.746790837786759809e+00
5.222637147175969830e+00
-7.895704097903330165e+00
2.196380464226938223e+00
9.383803656265548909e+00
-1.289407983514533029e+01
1.393765643223772166e+00
1.273241421953858676e+01
-1.216804793197633394e+01
-2.228840226740822494e+00
1.222470025789790959e+01
-6.540995572031245153e+00
-5.133204131152596439e+00
7.218226766509512338e+00
3.668323750176667453e-01
-4.682325914247591925e+00
1.360753408427752831e-01
4.413160930677056726e+00
-9.523740851873954139e-01
-4.949448354933465133e+00
3.496146497476438242e+00
3.377060088902165802e+00
-4.908100516101225885e+00
-1.264929561892688348e+00
4.966627714869326304e+00
3.886789100439491662e-01
-6.472436948168797777e+00
2.261031249067157134e+00
7.911260083138880184e+00
-8.844272375563647870e+00
-3.247545188946090011e+00
1.333838786408002974e+01
-7.430794181746919413e+00
-7.829910151744170932e+00
1.373188777676336514e+01
-4.165821821750258280e+00
-7.903035465964602935e+00
9.275647583374695415e+00
-2.399217476534947657e+00
-2.416899850933175387e+00
2.963518211445966166e+00
-4.427644916400288899e+00
6.347274636388998914e+00
-1.514300687202838613e+00
-9.721907176941673612e+00
1.411856805929012282e+01
-2.247242893559672439e+00
-1.508525342203393116e+01
1.725554265238529439e+01
-2.820622434462451977e-01
-1.667725399370074157e+01
1.493726372811463854e+01
1.267939501607865171e+00
-1.257353518274845428e+01
9.508584931143255758e+00
-4.499332091936620870e-01
-4.152051314399136217e+00
4.788995819294115108e+00
-5.868338483030899333e+00
4.640062251220541611e+00
3.500608145777495128e+00
-1.250149664596095533e+01
9.684995045187358542e+00
5.539063571447571555e+00
-1.648134828748382219e+01
9.200465486802809068e+00
8.225403565814282558e+00
-1.512398294163875079e+01
4.725019546531186165e+00
8.333594478035934117e+00
-8.811451702225001625e+00
-3.721961076144375546e-02
4.489915228510472645e+00
-9.104805934041690918e-01
-1.716452189194906275e+00
-1.709194369934791347e+00
4.254576362671588008e+00
5.525426772968131672e-01
-6.647793353469499067e+00
4.065396861377231552e+00
4.721954650239043261e+00
-7.095662365254378656e+00
-8.246851654218430028e-01
7.420192024593364799e+00
-2.459545985823195835e+00
-7.032313835423912529e+00
6.428317794262391693e+00
4.646569040239645787e+00
-1.070935898788122387e+01
2.339453679085701232e+00
9.931594137014544188e+00
-1.001628775144988026e+01
-1.746798569334736762e+00
1.008138646346306189e+01
-6.170287525796888772e+00
-2.310790287319786529e+00
4.807902561810177389e+00
-2.405354452169537360e+00
2.117078711077099662e+00
-3.040545604840060090e+00
-1.587735565449591935e+00
9.777795374423341457e+00
-9.362183246774851142e+00
-4.129149842853997221e+00
1.662447054572443506e+01
-1.142005396973373266e+01
-7.630698660854882576e+00
1.880089048030756160e+01
-9.467115788719423719e+00
-8.514583515295818472e+00
1.504643416974081660e+01
-6.330648325180205482e+00
-4.549019936571735201e+00
7.454585321287949817e+00
-5.282344188051290246e+00
3.447072341296080644e+00
9.585514459288990707e-02
-7.666153934388249880e+00
1.190055414268382172e+01
-3.576930296377980767e+00
-1.190715638870819326e+01
1.663187370241840668e+01
-2.829415042306216765e+00
-1.458247677883967164e+01
1.546397241480397966e+01
1.123684672911990923e-01
-1.283373406655413085e+01
9.582393101152923975e+00
1.792237867156169173e+00
-6.481874444635932875e+00
2.753881732024951567e+00
2.194873921826934193e-02
1.611536558268243269e+00
-1.078212559939056625e+00
-4.559527374768374663e+00
7.226788234178165737e+00
-2.382461742837618246e-01
-8.925509113360504898e+00
7.432729803170384564e+00
3.792096508983786585e+00
-9.800622900447516272e+00
2.461329200190597533e+00
7.585770196200703808e+00
-6.042176796418887719e+00
-4.428335666276126403e+00
8.227287458616004301e+00
3.708186321051458734e-01
-9.011683861105012738e+00
5.336921145024531299e+00
5.450979673995915320e+00
-8.733051692063250826e+00
1.292903013790361655e+00
5.718564910434048798e+00
-4.191986838294965878e+00
-4.900665854597727744e-01
4.697144882043069458e-01
1.464771478554430351e+00
1.953284544206181028e+00
-7.706801580486986047e+00
4.793876981141554694e+00
7.594079293417655308e+00
-1.451804742048554431e+01
4.410324424907331675e+00
1.288778007884583054e+01
-1.662605812566812347e+01
1.857969371160540284e+00
1.400047080987716264e+01
-1.364130858208872965e+01
4.220241123806349748e-01
9.325179031574233335e+00
-8.165422147831790767e+00
2.707171474287263013e+00
6.169839240104004752e-01
-3.899194530356999699e+00
8.645203335711423520e+00
-8.022199793167386517e+00
-3.113310607079406545e+00
1.531423561190224092e+01
-1.265961712156039631e+01
-5.185934485499790192e+00
1.873502893706498540e+01
-1.190885382953652005e+01
-7.175456768094827353e+00
1.647361570610171810e+01
-7.626728224158037861e+00
-6.014961906267268787e+00
9.320167292377888657e+00
-3.507984758324620422e+00
-8.160083577887129458e-01
9.100559953959832526e-01
-2.548755605624652087e+00
6.308764215681319953e+00
-4.489930976435370980e+00
-5.086762734292586075e+00
1.149863020200836594e+01
-4.593207252992262291e+00
-8.718295160654180975e+00
1.166509758868342850e+01
-4.042493767868435839e-01
-1.011655263443097752e+01
6.603304569642132194e+00
4.604868523126063096e+00
-7.490402649911553468e+00
-7.301483629909495399e-01
6.871938033880410579e+00
-1.989819278707297912e+00
-5.990253433742264377e+00
5.076092203851523266e+00
2.925305162112091573e+00
-6.125662894752974985e+00
8.760378600664822102e-01
3.759163159986844249e+00
-1.223594466097853939e+00
-2.406861007800886743e+00
-6.164066530363587759e-01
5.674461445389446190e+00
-2.234731083785495453e+00
-8.050670441833947422e+00
1.063523675130219637e+01
1.256457833524845302e+00
-1.433756391847958689e+01
1.138707552375196741e+01
5.229114498134086020e+00
-1.580060255718430717e+01
8.670368566690779488e+00
6.024376959229245543e+00
-1.155797621973084333e+01
5.515039464378355127e+00
1.698882477207623865e+00
-3.993929427381293085e+00
4.974230749423397491e+00
-6.494874451189863507e+00
2.852568428807344958e+00
7.879121103643750956e+00
-1.470939940992501960e+01
5.898022693861870280e+00
1.215860264966855198e+01
-1.882841458348535468e+01
4.893217952918327285e+00
1.420497838185804440e+01
-1.701065479416287829e+01
2.348404726539350840e+00
1.137702126982577511e+01
-1.079050604549669856e+01
1.601421637223907624e+00
3.948830016614283345e+00
-4.024598347685124367e+00
4.370060348938751282e+00
-4.834780885460444821e+00
-3.937852171046243299e-01
9.467403722379785336e+00
-1.068006460903158583e+01
-1.114665203169810326e+00
1.356475312848634474e+01
-1.090597836977854307e+01
-4.356264183112253718e+00
1.349570161272793278e+01
-6.105365142230948727e+00
-6.705505982620064920e+00
8.541940681716107875e+00
2.813994151629799489e-01
-5.652694876341105790e+00
1.135485628215843867e+00
