-1.483786039900119924e+00
-1.556000163764597710e+00
-1.495145203809388645e+00
-1.304281666746261115e+00
-9.977884733632634839e-01
-6.002509693292829018e-01
-1.444506593548815498e-01
3.313759295959923246e-01
7.867771132423969638e-01
1.182547647580322714e+00
1.484114082322351091e+00
1.664550698688839203e+00
1.706963125034742346e+00
1.606029904506921513e+00
1.368563843305503624e+00
1.013038749175557696e+00
5.681159586433484066e-01
7.029118400192624350e-02
-4.391417574770359322e-01
-9.175544184743484877e-01
-1.324580960118450168e+00
-1.625543274052440035e+00
-1.794411857419784706e+00
-1.816049093336007170e+00
-1.687542097067218361e+00
-1.418509343886293461e+00
-1.030352303601656860e+00
-5.545128257883167322e-01
-2.988139882320878238e-02
5.004265537859847734e-01
9.926556049675986371e-01
1.406055185358557225e+00
1.706278083528173450e+00
1.868247246336623757e+00
1.878250597252847154e+00
1.735088864233516492e+00
1.450181304974495378e+00
1.046621919405197776e+00
5.572667960520020225e-01
2.201420312926122280e-02
-5.154939020384545767e-01
-1.011472705111433612e+00
-1.425597309776504673e+00
-1.724308214290820818e+00
-1.883546475130712938e+00
-1.890694477794093498e+00
-1.745565613352001222e+00
-1.460366194137970419e+00
-1.058638823237707305e+00
-5.732809136992668142e-01
-4.380806818434337946e-02
4.869067125843951627e-01
9.761455148558222383e-01
1.384818734812810259e+00
1.680613953955283346e+00
1.840564859118309915e+00
1.852834973662360829e+00
1.717577806616439551e+00
1.446812576237300974e+00
1.063336342021777625e+00
5.987723420063195690e-01
9.092405476988030255e-02
-4.193406768521354411e-01
-8.914155517947219831e-01
-1.288218185343407818e+00
-1.579124463355913388e+00
-1.742341085335746165e+00
-1.766531948198442947e+00
-1.651577816912326968e+00
-1.408421363190780706e+00
-1.058024980204814502e+00
-6.295405384150960515e-01
-1.578525859880489657e-01
3.192955396522366707e-01
7.643533028314026812e-01
1.142943100354232300e+00
1.426530525091861623e+00
1.594576326806673272e+00
1.636007944414857640e+00
1.549906970441134568e+00
1.345374500545444718e+00
1.040603481185488732e+00
6.612503642346330146e-01
2.382525405557995302e-01
-1.947210399025441907e-01
-6.039739427099326541e-01
-9.584219946973627779e-01
-1.231960654133656963e+00
-1.405379421630730929e+00
-1.467683949052119186e+00
-1.416737764771792696e+00
-1.259192349800065447e+00
-1.009731889614785327e+00
-6.897126991831649123e-01
-3.253228555544280254e-01
5.457843844591520055e-02
4.207621464592584681e-01
7.458866793565940290e-01
1.006536346309417684e+00
1.184889570507044354e+00
1.269900046461482024e+00
1.257916559954318059e+00
1.152713969805851058e+00
9.649549438205335949e-01
7.111456689964222866e-01
4.121855807970530305e-01
9.163853764577173378e-02
-2.261309532264317301e-01
-5.178086464294280322e-01
-7.628283320729468686e-01
-9.447943188423602034e-01
-1.052533218453377106e+00
-1.080712447596089643e+00
-1.029998866953947712e+00
-9.067671639552508100e-01
-7.224011139309258756e-01
-4.922592563561933310e-01
-2.343978858945646726e-01
3.184265545069242531e-02
2.872780929826874163e-01
5.142407018069115043e-01
6.977660492338638720e-01
8.265300748471465786e-01
8.934832151872266204e-01
8.961533283557739926e-01
8.366145833732108184e-01
7.211433261319908361e-01
5.596025719641547491e-01
3.646129428694090957e-01
1.505787549290852345e-01
-6.735676905612075771e-02
-2.743534192912144842e-01
-4.568445300798202879e-01
-6.033769839658447154e-01
-7.052740532283031660e-01
-7.570889172671428913e-01
-7.568319873569461231e-01
-7.059702137657599685e-01
-6.092104304415303373e-01
-4.740907953384325135e-01
-3.104140166198408601e-01
-1.295630413323024532e-01
5.625585474780403494e-02
2.347960164696651642e-01
3.945336562323965568e-01
5.253686353073543369e-01
6.192248387151435551e-01
6.705185431741870206e-01
6.764707182653564299e-01
6.372476376218818572e-01
5.559232140936315458e-01
4.382658116247638014e-01
2.923616101717035898e-01
1.280955607217555969e-01
-4.348081957256166863e-02
-2.108585156686343942e-01
-3.628152070420738173e-01
-4.891494339844494332e-01
-5.813585898604340940e-01
-6.332162973537889261e-01
-6.412092896638433848e-01
-6.048013123930133794e-01
-5.265015540711314168e-01
-4.117272446940064556e-01
-2.684636562884179511e-01
-1.067389323990905470e-01
6.205503784653165766e-02
2.259521689460845251e-01
3.732588226232051998e-01
4.933978728647803180e-01
5.776883535292126615e-01
6.200012980141862418e-01
6.172395273485025147e-01
5.696006860372418990e-01
4.805980730317539473e-01
3.568317226210385718e-01
2.075214252218049449e-01
4.383242306714640879e-02
-1.219582107603640608e-01
-2.773925085883078845e-01
-4.107884454772517957e-01
-5.121473954214250668e-01
-5.739391301741217921e-01
-5.916995908836729656e-01
-5.643905699267270926e-01
-4.944889449224187938e-01
-3.877947712139279135e-01
-2.529706026471789659e-01
-1.008469349993966757e-01
5.645129762250933325e-02
2.064864831814547941e-01
3.375176357890540269e-01
4.394532387798871786e-01
5.046674873500456293e-01
5.286106166180082333e-01
5.101609687561136086e-01
4.516881829131184078e-01
3.588215518704169771e-01
2.399430504963914190e-01
1.054485623772972724e-01
0.000000000000000000e+00
4.342734463044855886e+00
-8.046360474342487024e+00
1.060686618358468891e+01
-1.175893916353596325e+01
1.152409868032543550e+01
-1.019261018464923652e+01
8.244201707826016801e+00
-6.227123507041257611e+00
4.624887812881091520e+00
-3.742752181392944522e+00
3.641025870859723845e+00
-4.130796359497868053e+00
4.832467050842726763e+00
-5.282235750750496450e+00
5.060006010970582224e+00
-3.907014856369009692e+00
1.803936301831082556e+00
1.010215534498768886e+00
-4.083711103200236892e+00
6.851909907195979699e+00
-8.767674512622035010e+00
9.431246261871514491e+00
-8.688337632081200468e+00
6.672616370166947419e+00
-3.781923074126213535e+00
5.933226664738071587e-01
2.263338115327909073e+00
-4.243806762862240234e+00
5.007341975839857184e+00
-4.486682026671840795e+00
2.894035264050045519e+00
-6.623293637154182845e-01
-1.663636601811774529e+00
3.559639584441868010e+00
-4.646120820727961842e+00
4.774188128392607311e+00
-4.053179704304969100e+00
2.813685830629477191e+00
-1.515609611047751493e+00
6.241860817443707354e-01
-4.846553934918835793e-01
1.226625512344658553e+00
-2.721980109472083242e+00
4.607216901993092861e+00
-6.365465459504162204e+00
7.448900256659396923e+00
-7.412340528262120642e+00
6.025912572519450450e+00
-3.339457371542724040e+00
-3.172456325422807755e-01
4.399124729647756027e+00
-8.260574345180877742e+00
1.129362780829845292e+01
-1.305727499086076548e+01
1.336778825532528714e+01
-1.232924417863920041e+01
1.029770407091679907e+01
-7.788316175690425780e+00
5.348135675594472005e+00
-3.425481747557250323e+00
2.267247286453013544e+00
-1.868616959233059482e+00
1.986820761111737665e+00
-2.214951657964258303e+00
2.097270325765552279e+00
-1.257329496712751737e+00
-4.928916234230182880e-01
3.090086907357862067e+00
-6.219025813829098581e+00
9.375234200052249278e+00
-1.197655315811602783e+01
1.349722517023470303e+01
-1.359251732500473508e+01
1.218393208641178660e+01
-9.484300223199092272e+00
5.956288562824304300e+00
-2.213675866220270905e+00
-1.111640305558447395e+00
3.505808535298366557e+00
-4.680554262391700249e+00
4.627154458931164172e+00
-3.604756601120560511e+00
2.066622386635578401e+00
-5.426505785250705927e-01
-4.931424534742854249e-01
7.381027553888208637e-01
-1.316208637354479016e-01
-1.135746397262360263e+00
2.676465664522268639e+00
-4.009876284346040265e+00
4.689966623555148928e+00
-4.425501127741753749e+00
3.162725216231967451e+00
-1.109894145175987390e+00
-1.303063732277495834e+00
3.520716378310285055e+00
-4.991505372005462071e+00
5.299524080640368950e+00
-4.267096935183263717e+00
2.003360676910664662e+00
1.113179479746714939e+00
-4.514460798555205656e+00
7.566545436507749578e+00
-9.708246782948574349e+00
1.057224748788178204e+01
-1.006048266152613913e+01
8.356520371184576135e+00
-5.872729728179153952e+00
3.145568438444868775e+00
-7.046172349375732225e-01
-1.052908228696227688e+00
1.951981948236741093e+00
-2.072549667345586766e+00
1.717827412803926812e+00
-1.326378653862688717e+00
1.349912525068865055e+00
-2.127102965192543493e+00
3.784746232871688321e+00
-6.191003449413576831e+00
8.972895360754655769e+00
-1.159465665569353376e+01
1.347876519335893519e+01
-1.414100383740888489e+01
1.330731564597713401e+01
-1.098435495468553569e+01
7.466535159140001099e+00
-3.277421623082143132e+00
-9.410907027106991674e-01
4.565978738134806925e+00
-7.124605505820554185e+00
8.389909011214335521e+00
-8.417367162690258198e+00
7.515789049311187853e+00
-6.159789800769246426e+00
4.865676049577184692e+00
-4.061075278588814008e+00
3.979926772303479687e+00
-4.608118664136236831e+00
5.692641678552247342e+00
-6.811634953170626616e+00
7.487862319341562767e+00
-7.317558196668536574e+00
6.082778878658908539e+00
-3.819308251310331581e+00
8.228586176753969195e-01
2.408794558623613469e+00
-5.284587394585002151e+00
7.254296776767429122e+00
-7.936181314165656531e+00
7.207638400526628075e+00
-5.237052547196322294e+00
2.448933067235671501e+00
5.697208395939949988e-01
-3.199929682403421793e+00
4.927487035035049701e+00
-5.453911716690022615e+00
4.755793636906286537e+00
-3.079118993728786169e+00
8.707237288730302893e-01
1.335978671008906105e+00
-3.053017050413023625e+00
3.955580539679142582e+00
-3.957040815649443211e+00
3.223375686421372066e+00
-2.123880068436491353e+00
1.130567713916910133e+00
-6.911686394769214203e-01
1.107096399991682745e+00
-2.446632809976554412e+00
4.515121910645419234e+00
-6.890212383057002121e+00
9.014447944486391862e+00
-1.032356940173532323e+01
1.038011994231539603e+01
-8.980457421474035584e+00
6.209444250393002740e+00
-2.429437477238114429e+00
-1.794218072489226046e+00
5.813916035905991819e+00
-9.038501135035621914e+00
1.105752409781283951e+01
-1.172213381765827123e+01
1.116413578102804394e+01
-9.749564980767649658e+00
7.978764620577177169e+00
-6.357672779929049334e+00
5.271749803134039070e+00
-4.893122062526344074e+00
5.143292017133570759e+00
-5.720162307521365896e+00
6.182428284675620667e+00
-6.070396335307385982e+00
5.033362608943327210e+00
-2.931993644998619697e+00
-1.098992179498825550e-01
3.717633504832037250e+00
-7.339962973080091047e+00
1.036837869252875244e+01
-1.227338897000958973e+01
-1.843195557350592040e-01
-1.167015268769986402e-01
-3.264513376000632849e-02
5.852327604509205417e-02
1.466593187487857941e-01
2.218449906033051477e-01
2.754066936348956163e-01
3.008075651940096407e-01
2.943277738185656744e-01
2.554674567261621121e-01
1.870339582194883166e-01
9.490538230465173086e-02
-1.250668287176248672e-02
-1.250439643412963875e-01
-2.317631022657670181e-01
-3.219810572163979145e-01
-3.863056723507509727e-01
-4.175543012693269107e-01
-4.114739808197516724e-01
-3.671951468994123502e-01
-2.873755891145909347e-01
-1.780198991493165961e-01
-4.798944262629556423e-02
9.175385187008244792e-02
2.291023993377550028e-01
3.518711110325184466e-01
4.488831855161378170e-01
5.109764252412511976e-01
5.318401737659375073e-01
5.086081655716168104e-01
4.421543349414805979e-01
3.370649427575789780e-01
2.012888701439834449e-01
4.549605343479690145e-02
-1.178006788540812977e-01
-2.752848479795126924e-01
-4.139476089630874656e-01
-5.221763563085952686e-01
-5.907284717283591835e-01
-6.135084632221668999e-01
-5.880840454385466431e-01
-5.158992881550470422e-01
-4.021687913093365263e-01
-2.554636690744723215e-01
-8.702564163605086556e-02
9.013239628119695812e-02
2.622641307912750852e-01
4.159804232955434111e-01
5.393042345244974944e-01
6.226056874048448986e-01
6.593442007099274971e-01
6.465614563052677344e-01
5.850899606905191064e-01
4.794652861196956328e-01
3.375537547291557194e-01
1.699294264745331295e-01
-1.094696587676108335e-02
-1.916804203807046525e-01
-3.589502903083887642e-01
-5.004977309227501836e-01
-6.060183530632534676e-01
-6.678957689227097427e-01
-6.817255736581847581e-01
-6.465964465225531033e-01
-5.651140088059680711e-01
-4.431723129454588350e-01
-2.894958934866359579e-01
-1.149909014916426497e-01
6.804404510717898535e-02
2.467887151703254678e-01
4.087917813184793192e-01
5.428199531385820009e-01
6.396097720464773984e-01
6.924746829345256316e-01
6.977312300631393072e-01
6.549211931544141052e-01
5.668202269698998652e-01
4.392371788698737345e-01
2.806209212581876056e-01
1.015025814774333512e-01
-8.619001883122745511e-02
-2.699024150688210666e-01
-4.372608569187483862e-01
-5.768685228337379067e-01
-6.790434032726729852e-01
-7.364542648640444167e-01
-7.446168048187599142e-01
-7.022196132710503136e-01
-6.112585653743791703e-01
-4.769684220026810251e-01
-3.075513533039608838e-01
-1.137133991721904769e-01
9.196891611206869932e-02
2.958190026613691237e-01
4.839254141932431419e-01
6.430519239734266979e-01
7.615371978524699825e-01
8.301263268752320235e-01
8.426773429929910186e-01
7.966903340048341331e-01
6.936149974989321843e-01
5.389042777150647723e-01
3.417966814830379896e-01
1.148272450015820345e-01
-1.269140788534107722e-01
-3.667388554564638969e-01
-5.874758822839069028e-01
-7.726755050331065577e-01
-9.078207734942624896e-01
-9.814578485945131270e-01
-9.861584117265425053e-01
-9.192338227362829572e-01
-7.831344138447795533e-01
-5.854870367276512333e-01
-3.387486934993856336e-01
-5.948217185838028387e-02
2.327109438334338254e-01
5.165359805577707242e-01
7.705404555246637699e-01
9.747300906767965012e-01
1.112144555251372458e+00
1.170268732508941811e+00
1.142161891184449107e+00
1.027203543690119680e+00
8.313802073986806818e-01
5.670701645079265774e-01
2.523213364631919919e-01
-9.034231260375530370e-02
-4.355110617645754356e-01
-7.567664904315110075e-01
-1.028707595176049150e+00
-1.228970453203445556e+00
-1.340080046421906035e+00
-1.350979939052884715e+00
-1.258105513060361114e+00
-1.065898300030686308e+00
-7.867004526130074726e-01
-4.400165150913945000e-01
-5.118064028963825729e-02
3.504828737198199540e-01
7.338735763114541122e-01
1.068536295016459636e+00
1.327100554128964660e+00
1.487541056371105785e+00
1.535070840902138301e+00
1.463503099922784489e+00
1.275956313529943431e+00
9.848275701939578353e-01
6.110168398976268955e-01
1.824459529113097722e-01
-2.680248955024215896e-01
-7.051281357891499013e-01
-1.093971632938784744e+00
-1.402852108930091379e+00
-1.605870151522219125e+00
-1.685128771113573620e+00
-1.632326817221963822e+00
-1.449604265892542987e+00
-1.149554999590838289e+00
-7.543896112733501358e-01
-2.943005564461535495e-01
1.948511323257386130e-01
6.743500304776048893e-01
1.105719175407072097e+00
1.453842315151147702e+00
1.689859492793936102e+00
1.793594331824570620e+00
1.755306198265822015e+00
1.576613052756592470e+00
1.270497158359163103e+00
8.603805356485858535e-01
3.783340156335643911e-01
-1.374434962351330225e-01
-6.456765422984162006e-01
-1.105349797443036408e+00
-1.479057581946624289e+00
-1.736089585180366601e+00
-1.854994983118334329e+00
-1.825407726216498716e+00
-1.648975010139076325e+00
-1.339304050873381779e+00
-9.209232661635227135e-01
-4.273360783138939745e-01
1.016781108582461290e-01
6.232971586259796748e-01
1.095158749289173672e+00
1.478842997679748361e+00
1.743045495811744505e+00
1.866175246772049601e+00
1.838158461392292553e+00
1.661294453163019158e+00
1.350088467404821468e+00
9.300716593709231761e-01
4.357034068923080761e-01
-9.247149330036241732e-02
-6.111750383457312807e-01
-1.077978409080633027e+00
-1.454815199007917670e+00
-1.711131266706432008e+00
-1.826407012662132123e+00
1.272548788343675241e+01
-1.167198605613384998e+01
9.351260377994012885e+00
-6.240798321218036904e+00
2.951117063931902429e+00
-9.046370874788856042e-02
-1.867923015982221990e+00
2.684931390689311748e+00
-2.398156255680240712e+00
1.298615129235197063e+00
1.519412176451930829e-01
-1.442488260950919088e+00
2.143151724793888935e+00
-2.012823720388327686e+00
1.057896522697313824e+00
4.719814027857534011e-01
-2.149856796859046959e+00
3.482816684829575848e+00
-4.041322617421953645e+00
3.574669352567523273e+00
-2.083954465301152581e+00
-1.658686967747766694e-01
2.698609384553510182e+00
-4.932254149945286770e+00
6.312480059467501015e+00
-6.442644155428084218e+00
5.179276341369952519e+00
-2.670182079229764138e+00
-6.741595279686862785e-01
4.269389690366043766e+00
-7.485461719406435677e+00
9.784122959519304885e+00
-1.083346369428069522e+01
1.057289368828530485e+01
-9.213842787897473130e+00
7.176897964003184249e+00
-4.981279982531837902e+00
3.113880577182621678e+00
-1.909812036122097822e+00
1.473438496459857916e+00
-1.658891900834015498e+00
2.114536078075238912e+00
-2.380240407763078547e+00
2.013425587507480685e+00
-7.127622202807319951e-01
-1.591148790410055192e+00
4.700907469220522827e+00
-8.182634809620502381e+00
1.145512997342690298e+01
-1.391725720343791117e+01
1.508360686479554857e+01
-1.469629172349511848e+01
1.278625745836492555e+01
-9.669391370195913993e+00
5.878155981945394792e+00
-2.044754643564132834e+00
-1.236707418868770780e+00
3.536714545882945870e+00
-4.675977875715501497e+00
4.750600026617410876e+00
-4.091698601815066283e+00
3.170131588440297854e+00
-2.470065978496503778e+00
2.362472036126493258e+00
-3.009453252241437227e+00
4.322689087356152093e+00
-5.986022854097304169e+00
7.536569697210906860e+00
-8.484428942412735708e+00
8.441610881591303794e+00
-7.228420095130408285e+00
4.930854058553511443e+00
-1.894304409728817529e+00
-1.345829058132268052e+00
4.180770525862249620e+00
-6.064932718048098081e+00
6.640152354936065038e+00
-5.818111272599930217e+00
3.801302516159454914e+00
-1.037458819601339011e+00
-1.881855044527724674e+00
4.354557246665391901e+00
-5.901840710744273188e+00
6.271028790032932676e+00
-5.483606290742539358e+00
3.817753838712180769e+00
-1.730441603753965385e+00
-2.614033060111724538e-01
1.711425476289700320e+00
-2.354190914313114558e+00
2.168535524434405115e+00
-1.378612509082850712e+00
3.925468460015816285e-01
3.061728264922738418e-01
-2.878724170083097889e-01
-7.053612292662254646e-01
2.682185447630618391e+00
-5.384517761947932080e+00
8.335202653738248202e+00
-1.094025701428430608e+01
1.262189880773558492e+01
-1.295101437075070194e+01
1.174766895179294579e+01
-9.125735619839534962e+00
5.470925504963375374e+00
-1.357284631518937967e+00
-2.578202414236675288e+00
5.773386103398419955e+00
-7.858773924286984958e+00
8.727988010728415347e+00
-8.544901927862397883e+00
7.686736962058917655e+00
-6.637750718679697570e+00
5.859929387226385344e+00
-5.672472952400579693e+00
6.169555419391059559e+00
-7.196415928274822349e+00
8.389571411399941780e+00
-9.271281861202627539e+00
9.375125421027483696e+00
-8.371857970280336403e+00
6.164499982261469668e+00
-2.928877409234601270e+00
-9.111019428280044963e-01
4.768465827626215514e+00
-8.018967393699096391e+00
1.013821674905914172e+01
-1.081784518476970014e+01
1.003324701432974386e+01
-8.046874446148656546e+00
5.346331724226138782e+00
-2.531967020760807596e+00
1.805916228048687344e-01
1.282490823630404897e+00
-1.673111272146837525e+00
1.078810277888299751e+00
1.760938072861592263e-01
-1.621648023632917379e+00
2.766864148986388550e+00
-3.227082888766268809e+00
2.822900938926017567e+00
-1.626486933421391612e+00
-5.602300297961815279e-02
1.761764969779416656e+00
-2.989177149956095292e+00
3.327964184317155016e+00
-2.569099285429578217e+00
7.676374498739053642e-01
1.757620549135583188e+00
-4.488415608913968846e+00
6.820665164261203728e+00
-8.200893739719926856e+00
8.253296420892853646e+00
-6.867355293385358550e+00
4.225214866386041379e+00
-7.622904702078645567e-01
-2.929584552540797748e+00
6.233565226105623580e+00
-8.642733442403747190e+00
9.866860680480188606e+00
-9.886182972235273425e+00
8.940188482431540962e+00
-7.455060969670431525e+00
5.928132552654714615e+00
-4.797941033593876803e+00
4.331802838966283709e+00
-4.558413396370623261e+00
5.261941367481803411e+00
-6.039060702043089535e+00
6.404991598127694807e+00
-5.922609283893899956e+00
4.322930347185580224e+00
-1.587194742951524074e+00
-2.030121562376779210e+00
6.043888601080467105e+00
-9.837258341352157487e+00
1.279411266764463129e+01
-1.443401910486302953e+01
1.451793539668270938e+01
-1.309974764827068405e+01
1.051153386787554211e+01
-7.286148165205668548e+00
4.035557709361235368e+00
-1.313780441943523059e+00
-5.032253798578665283e-01
1.292609304687209804e+00
-1.197458867497694035e+00
5.752840963502459104e-01
1.044882946390393030e-01
-3.884412205432710152e-01
-3.906717635006895506e-02
1.270248897258659859e+00
-3.145420737939395028e+00
5.288838748846524496e+00
-7.200251632810724445e+00
8.379964711277953171e+00
-8.456933581795272659e+00
7.288491389428532585e+00
-5.006986968666700122e+00
2.001276836882567522e+00
8.139891101719279876e-01
5.884206990984108820e-01
3.212990887642162008e-01
3.247469709442568631e-02
-2.568617773315100550e-01
-5.257352459309583281e-01
-7.548964938743504272e-01
-9.281792851542787215e-01
-1.033610914427872007e+00
-1.064203130011965204e+00
-1.018375130307167087e+00
-8.999876173213962050e-01
-7.179946447484277794e-01
-4.857462692338160304e-01
-2.199980580570570221e-01
6.029809936376104296e-02
3.353347114868980294e-01
5.858273179979763823e-01
7.943373678557189566e-01
9.464517417743711913e-01
1.031742848694065184e+00
1.044449256589031982e+00
9.838361689386563302e-01
8.542164159081502284e-01
6.646346340427529142e-01
4.282386335760086649e-01
1.613813738487785976e-01
-1.174865816447974443e-01
-3.890616446841898002e-01
-6.344881895529066451e-01
-8.366320447631279134e-01
-9.812443104711081610e-01
-1.057939933389405951e+00
-1.060926609194841941e+00
-9.894346611937222535e-01
-8.478167691471101275e-01
-6.453068204618845893e-01
-3.954486109883005307e-01
-1.152264191153538481e-01
1.760506462073244682e-01
4.580414101445478003e-01
7.107600068247688085e-01
9.159667970953804250e-01
1.058468790151495531e+00
1.127238619033760880e+00
1.116270379441586025e+00
1.025105782694899492e+00
8.589843939131873718e-01
6.285961196561828945e-01
3.494411097046429271e-01
4.083009481133556551e-02
-2.754150347594825909e-01
-5.764768785705756127e-01
-8.401720903640611526e-01
-1.046580351669190723e+00
-1.179553898673147083e+00
-1.227992977528928442e+00
-1.186785545132904796e+00
-1.057330652808795568e+00
-8.475930538114062607e-01
-5.716698556359383065e-01
-2.488861835250159582e-01
9.752682876345362961e-02
4.420846678456368251e-01
7.589172655741541762e-01
1.023716055603474562e+00
1.215613544169241056e+00
1.318848976738898671e+00
1.324085467923665105e+00
1.229266761536023100e+00
1.039934216850583626e+00
7.689644526186669715e-01
4.357324054364056232e-01
6.474997442091559585e-02
-3.161266909425426430e-01
-6.777913996721132150e-01
-9.921262273617718064e-01
-1.234210792721460059e+00
-1.384327099938822414e+00
-1.429596339345454048e+00
-1.365109367697589615e+00
-1.194449784852670504e+00
-9.295548864122633592e-01
-5.899117626730325803e-01
-2.011393234248080031e-01
2.069422972024410057e-01
6.026099001621916251e-01
9.547251266134106906e-01
1.235215328601401152e+00
1.421347354193081225e+00
1.497607244222912026e+00
1.457027488057668130e+00
1.301845701860167681e+00
1.043431159370054262e+00
7.014743711832410744e-01
3.024951161622212448e-01
-1.222189981746618637e-01
-5.390830094467206068e-01
-9.148977982007442389e-01
-1.219529515703463796e+00
-1.428366195933563176e+00
-1.524348079960835989e+00
-1.499400857639056728e+00
-1.355148331143305240e+00
-1.102839176247149888e+00
-7.624867955597556257e-01
-3.612864106266138742e-01
6.856593098712693291e-02
4.924769927207968134e-01
8.762705708471812960e-01
1.188981009079729922e+00
1.405394672163268854e+00
1.508127392769021302e+00
1.489063199764725898e+00
1.350031891686782615e+00
1.102665951371304409e+00
7.674456707629759844e-01
3.720094216773629503e-01
-5.113200328438061160e-02
-4.672874477673358840e-01
-8.424594614007350213e-01
-1.146159959274471118e+00
-1.353931300841107355e+00
-1.449360909600072134e+00
-1.425419916365114448e+00
-1.285013209864248163e+00
-1.040694920794763334e+00
-7.135740886408923345e-01
-3.315040244860728569e-01
7.329021236544608353e-02
4.669440101109325614e-01
8.168123117963044244e-01
1.094212243603344792e+00
1.276816116868413564e+00
1.350491928096680727e+00
1.310436198981617784e+00
1.161505061886800139e+00
9.177186370003336258e-01
6.009849838890126694e-01
2.391570668204799910e-01
-1.364065814856059156e-01
-4.935644560472854936e-01
-8.021611105185098012e-01
-1.036602654670430557e+00
-1.178016512889989986e+00
-1.215810341129837990e+00
-1.148498182069534579e+00
-9.837265260542962242e-01
-7.375032607308797949e-01
-4.327023515280301047e-01
-9.698035315325881367e-02
2.397080550393124732e-01
5.477738804585547960e-01
8.006005847845311107e-01
9.768636087297468684e-01
1.062359021797138148e+00
1.051182220423452218e+00
9.461561593286967886e-01
7.584759395268270143e-01
5.066066822283439297e-01
2.145382337250966720e-01
-9.044257406997113780e-02
-3.802587438841171785e-01
-6.286013576986336782e-01
-8.133078061862449859e-01
-9.183456164574480551e-01
-9.352238372159420443e-01
-8.637063006586234160e-01
-7.117647339944157547e-01
-4.947788971062947461e-01
-2.340594259841440317e-01
4.516933249611698731e-02
3.161400842745171191e-01
5.530483636210772325e-01
7.334624486335225013e-01
8.404153005725578662e-01
8.639854537180730043e-01
8.022205172990182209e-01
6.613171696647384135e-01
4.550397805614121438e-01
2.034298934238639167e-01
-6.907565254885747463e-02
-3.359451832293581797e-01
-5.710590784628811756e-01
-7.511908493871752857e-01
-8.582313078126316830e-01
-8.809471155344408277e-01
-8.161067049148308383e-01
-6.688638915022623310e-01
-4.523573144251171740e-01
-1.865560107210420537e-01
1.035486140500683216e-01
3.902428303808513910e-01
6.456740380744434571e-01
8.444807315675217918e-01
9.662252687687755692e-01
9.974012193730095177e-01
9.328236458745672310e-01
7.762652072739070208e-01
5.402686765850089889e-01
1.163368026434935310e+00
-3.868562868180998482e+00
5.580487946042475222e+00
-5.969547120925298600e+00
4.983787053335966277e+00
-2.858789413986420058e+00
6.181526471325504701e-02
2.816427903058500881e+00
-5.196646206286120062e+00
6.640491995454068430e+00
-6.944265737403057415e+00
6.175030863635706524e+00
-4.641316465623505749e+00
2.806342419819557676e+00
-1.165497620837306680e+00
1.183179691063491745e-01
1.335967667729063280e-01
3.623018306872394234e-01
-1.321931847362774581e+00
2.297604260126958398e+00
-2.793912055802477035e+00
2.398220482284751931e+00
-8.937844459401595998e-01
-1.672466780666535868e+00
4.984655180514041994e+00
-8.517402978313793227e+00
1.164666556756069760e+01
-1.378620789002294877e+01
1.451771882729508434e+01
-1.368394155736781137e+01
1.142290529627330464e+01
-8.135292099649058528e+00
4.392819531151679335e+00
-8.094684632283581927e-01
-2.093905627318372709e+00
3.999650983435156792e+00
-4.852414672220914049e+00
4.853964295400543527e+00
-4.395972214289447066e+00
3.947929618845259281e+00
-3.928102829090790671e+00
4.589421442212827884e+00
-5.948446774178043128e+00
7.775018105193963081e+00
-9.645362256319597094e+00
1.104595420728326438e+01
-1.150297388102586282e+01
1.070582324097332361e+01
-8.594396281620019451e+00
5.388348554494688969e+00
-1.550444735418207154e+00
-2.308147508468223474e+00
5.558795402110712658e+00
-7.691986852317903356e+00
8.427520665671570654e+00
-7.772457761604369075e+00
6.013367700187352227e+00
-3.644994802971175396e+00
1.252533803895120812e+00
6.243633266383734615e-01
-1.613545479431927276e+00
1.589541819767265274e+00
-6.916544294300703832e-01
-7.225517060196362529e-01
2.176291855292884492e+00
-3.200440822146545017e+00
3.456918036542485417e+00
-2.828200486990237295e+00
1.450887478369196071e+00
3.151135026528448790e-01
-1.974515305949258615e+00
3.020472139465417261e+00
-3.064222088024884716e+00
1.938880835372945644e+00
2.482362317169988231e-01
-3.128136072160739189e+00
6.145371809896801096e+00
-8.678772659571947656e+00
1.017951113430171972e+01
-1.029408624346962675e+01
8.943297119322766164e+00
-6.338692481465001194e+00
2.932814000888034123e+00
6.847491068085820309e-01
-3.920673350882763142e+00
6.308918806087214115e+00
-7.608539315957900229e+00
7.845524674966019241e+00
-7.289496328926589719e+00
6.371816147821510512e+00
-5.565772422791212648e+00
5.258585068401619544e+00
-5.646842063428154646e+00
6.681197182607595764e+00
-8.074124077209042127e+00
9.369139082752477421e+00
-1.005488702281603608e+01
9.696456361518004385e+00
-8.051918537842695400e+00
5.145435919257373314e+00
-1.278559925149348242e+00
-3.023916310209066260e+00
7.121516348257385332e+00
-1.039418294950076671e+01
1.237514809248579439e+01
-1.284947181307815001e+01
1.189525944039723804e+01
-9.858164235829665500e+00
7.265609996478589849e+00
-4.701432167804676432e+00
2.670919685776110164e+00
-1.488324272772790557e+00
1.213301065811294599e+00
-1.650813395219923096e+00
2.413654137553875145e+00
-3.031612029325165825e+00
3.080084530562292144e+00
-2.296309498379412783e+00
6.544662341452216481e-01
1.619064297216893156e+00
-4.094413703410475946e+00
6.239451623606685260e+00
-7.549205995456677698e+00
7.672157073457648302e+00
-6.502626245239722991e+00
4.216451855194652154e+00
-1.240638428873171550e+00
-1.836553751241293275e+00
4.394334197231158257e+00
-5.916834864321240062e+00
6.107040190096690857e+00
-4.950488805149872107e+00
2.713964515985254788e+00
1.201611188280339304e-01
-2.968008956480307159e+00
5.279345362274376896e+00
-6.661607348722576205e+00
6.963474255416722158e+00
-6.298558444221554531e+00
5.004317114500644870e+00
-3.546946191253038005e+00
2.396034232314325774e+00
-1.899996987478499655e+00
2.193041270195233317e+00
-3.156690391032138887e+00
4.445606171365832360e+00
-5.571772858056328381e+00
6.026846947142178834e+00
-5.413067313071572073e+00
3.550838980535571565e+00
-5.365133385709972558e-01
-3.264301287615286817e+00
7.287182482270678108e+00
-1.088711220411473235e+01
1.347701817504328403e+01
-1.465425583128916998e+01
1.428545185398781925e+01
-1.252999798724029112e+01
9.797051090202186785e+00
-6.646669589781975418e+00
3.658916658911620878e+00
-1.302225618951356800e+00
-1.677281586042811412e-01
7.549464933275409351e-01
-7.053231934196959596e-01
4.293443020210896410e-01
-3.848482809988782449e-01
9.490407268990592726e-01
-2.311499450779201936e+00
4.414759624082723377e+00
-6.957478764816586114e+00
9.459943807813576910e+00
-1.137647317644306710e+01
1.222775636120997689e+01
-1.172114404643278895e+01
9.829576759489629723e+00
-6.809589146259451553e+00
3.153317230260571424e+00
5.148081291657264913e-01
-3.572759562413271528e+00
5.535539987459632272e+00
-6.158244324024148675e+00
5.483553846840779400e+00
-3.822878388620784218e+00
1.676135589011669591e+00
3.902954722021418910e-01
-1.878072616187635546e+00
2.471694811581552464e+00
-2.106410936290171065e+00
9.734915855114875116e-01
5.376695233734325452e-01
-1.945868138122216706e+00
2.806371044702693940e+00
-2.829448095371493554e+00
1.959845328589462365e+00
-3.973982885917144436e-01
-1.446701424182982088e+00
3.047806175862839417e+00
-3.896458015747573889e+00
3.626742499039575574e+00
1.598096754920302232e+00
1.751420656020712396e+00
1.763045681083264871e+00
1.634940647503071665e+00
1.380241621944077846e+00
1.021950450584998116e+00
5.908598549149938206e-01
1.228921581855068057e-01
-3.439171984040855223e-01
-7.725362660331359654e-01
-1.129896025178802832e+00
-1.389454522593190688e+00
-1.533166036334584037e+00
-1.552709653950192781e+00
-1.449896407689248878e+00
-1.236243891572035292e+00
-9.317761296469939669e-01
-5.631686463568379430e-01
-1.614091931236621424e-01
2.408204880945197801e-01
6.118196135608775510e-01
9.233798450223901222e-01
1.152933433985195100e+00
1.285174403721681902e+00
1.313037856308129747e+00
1.237979174178486019e+00
1.069554539463017484e+00
8.243617223171736397e-01
5.244507374610518635e-01
1.953537197009856952e-01
-1.360907359589221821e-01
-4.439331717332282712e-01
-7.051487042897717217e-01
-9.013525107084532362e-01
-1.020068419525031800e+00
-1.055465803142852543e+00
-1.008527482848006418e+00
-8.866600217476041657e-01
-7.028034344768285813e-01
-4.741362474903035307e-01
-2.205009898395331458e-01
3.730746971582055149e-02
2.792437505654979946e-01
4.875649711483838744e-01
6.481152900377440407e-01
7.512507986505696511e-01
7.923483382888063531e-01
7.718795629941088698e-01
6.950689299540400157e-01
5.711880796420767403e-01
4.125665432314713499e-01
2.334178441703069762e-01
4.858963553624662257e-02
-1.276537740519607667e-01
-2.827177309598730703e-01
-4.065511114271433968e-01
-4.922499249094311469e-01
-5.363597693438421077e-01
-5.388741542986662525e-01
-5.029520062504644340e-01
-4.344001353174263835e-01
-3.409833121194411620e-01
-2.316347261344149366e-01
-1.156425058381572724e-01
-1.883897989579552679e-03
1.018315193561931675e-01
1.892632108186174111e-01
2.560573077301840916e-01
2.998713340223997381e-01
3.203153346839711646e-01
3.187347240519423086e-01
2.978724070022636949e-01
2.614552872008101825e-01
2.137527836177601226e-01
1.591525719213267021e-01
1.017920709989715844e-01
4.527421491105354523e-02
-7.515939451916309189e-03
-5.448982341717228950e-02
-9.433709116104177506e-02
-1.264282753781887092e-01
-1.506631729196999947e-01
-1.672933382175481321e-01
-1.767470292658711029e-01
-1.794815558453644044e-01
-1.758818174298102388e-01
-1.662157591237445331e-01
-1.506485584895635998e-01
-1.293086754732127863e-01
-1.023914733500906893e-01
-7.028079348844690211e-02
-3.366621820529358544e-02
6.365959491358846867e-03
4.828690727164987317e-02
9.013783993091678548e-02
1.296069597404138074e-01
1.641684650534119827e-01
1.912731926399140470e-01
2.085733367531094062e-01
2.141584245226076932e-01
2.067769474439469235e-01
1.860181023073146367e-01
1.524310205573645161e-01
1.075643874163982883e-01
5.391691229768860727e-02
-5.202071741408673122e-03
-6.589345057688830720e-02
-1.239536609197958994e-01
-1.752005642987516931e-01
-2.158111969227697324e-01
-2.426407984954281893e-01
-2.534936060535898372e-01
-2.473199108127768220e-01
-2.243204308780443190e-01
-1.859475040327517315e-01
-1.348021130031972215e-01
-7.443537500162000775e-02
-9.071904087132390271e-03
5.672047513039679689e-02
1.183855067784816417e-01
1.717267748863131605e-01
2.132195999948909293e-01
2.402606548842023404e-01
2.513357395290587437e-01
2.460942130243333192e-01
2.253275102497535598e-01
1.908580600777429193e-01
1.453528779935255866e-01
9.208235157294142326e-02
3.464868939570063533e-02
-2.329016683556722755e-02
-7.827670562056732173e-02
-1.272693882058600900e-01
-1.678025694871947415e-01
-1.980827273899212759e-01
-2.170202832819391192e-01
-2.242032275374862271e-01
-2.198244987376641313e-01
-2.045789786123382026e-01
-1.795476567254122857e-01
-1.460858558057080703e-01
-1.057295401454634298e-01
-6.012907154564089973e-02
-1.101396500688106572e-02
3.981398852812234601e-02
9.046758490567585742e-02
1.389538674138279806e-01
1.831619419644069935e-01
2.208744976117174019e-01
2.498162745378171290e-01
2.677480676586047048e-01
2.726083174230994333e-01
2.626966474125846940e-01
2.368857801965019994e-01
1.948411120763010596e-01
1.372218485479522743e-01
6.583485478972439520e-02
-1.628712464030235285e-02
-1.049071888716135437e-01
-1.947227885988541685e-01
-2.796274529057193869e-01
-3.530896947104342209e-01
-4.086296892573961226e-01
-4.403614382852538700e-01
-4.435571733197348210e-01
-4.151830703367141995e-01
-3.543520672620781853e-01
-2.626414507741937632e-01
-1.442301934419517595e-01
-5.823526068918671861e-03
1.436508730025480851e-01
2.935706993491618011e-01
4.323451047183982099e-01
5.482924962051838325e-01
6.306053562565189230e-01
6.703238250329727199e-01
6.612324551677282169e-01
6.005946033679938623e-01
4.896468907063131759e-01
3.337918538789624301e-01
1.424493910038514555e-01
-7.144475208554823542e-02
-2.922746194410671405e-01
-5.028640567973357012e-01
-6.858029182174953942e-01
-8.248780859552692357e-01
-9.064923652704933721e-01
-9.209482573358145352e-01
-8.634781387273675612e-01
-7.349176656925389128e-01
-5.419444883080779540e-01
-2.968378734418022358e-01
-1.675403474747694244e-02
2.774463462661711510e-01
5.627413280858358791e-01
8.157487074383791281e-01
1.014644141456682913e+00
1.141038952190839062e+00
1.181656323179439694e+00
1.129654587791248943e+00
-2.113165765533361107e+00
-4.877590082668148419e-01
3.761900911601542941e+00
-7.122821967045725344e+00
9.938381867459057162e+00
-1.166910293525543629e+01
1.198590199150195801e+01
-1.083967270307955388e+01
8.466647139544816625e+00
-5.328733966847558179e+00
2.003461149180334910e+00
9.499555430862614003e-01
-3.116387433716768296e+00
4.312566104869361538e+00
-4.616351395434273641e+00
4.331229736737642888e+00
-3.895479814979269761e+00
3.758822769435817612e+00
-4.257210588177941624e+00
5.516813161226560069e+00
-7.411145957157515340e+00
9.582353989518445303e+00
-1.152205086377889565e+01
1.269257101767732898e+01
-1.265953854275461765e+01
1.120369508208096576e+01
-8.384688325567370981e+00
4.540870407595294367e+00
-2.243748923782878935e-01
-3.913818377350969158e+00
7.262165768726989157e+00
-9.377925652237323106e+00
1.007744640507145206e+01
-9.466517520889535575e+00
7.904194501165554776e+00
-5.909322615933700007e+00
4.032551381470044660e+00
-2.724700674753441909e+00
2.232983880967290169e+00
-2.549672174681072878e+00
3.424974650401988008e+00
-4.440303818983389661e+00
5.123457450604393060e+00
-5.077103112331741386e+00
4.088744318411497325e+00
-2.194848523900160497e+00
-3.170585336511366759e-01
2.969462171413387086e+00
-5.204847538038992028e+00
6.518389397124364493e+00
-6.581443032181901742e+00
5.325927672942149194e+00
-2.968892475099465855e+00
-2.923859855434884913e-02
3.063438324213310526e+00
-5.516942465048669142e+00
6.897132319937419709e+00
-6.942617937968099007e+00
5.676566590025656112e+00
-3.394132892019985803e+00
5.875361655003719097e-01
2.172866370276264281e+00
-4.372793547399682623e+00
5.671370979533271850e+00
-5.973686859782882053e+00
5.441649332603553546e+00
-4.441229558023330526e+00
3.439601753372032888e+00
-2.877819938983652293e+00
3.050578849356210931e+00
-4.022870872341827386e+00
5.604390932214124099e+00
-7.388516683409000585e+00
8.846983027415264544e+00
-9.457766099574353547e+00
8.835476575589529702e+00
-6.832724723051019744e+00
3.587675361090085779e+00
4.942515402627607468e-01
-4.820910718210898338e+00
8.737727282317242938e+00
-1.166684183636040117e+01
1.322863515446860205e+01
-1.331736051197691850e+01
1.211355387628370117e+01
-1.003095222213673132e+01
7.611214682730848224e+00
-5.392077667301811594e+00
3.780729213832390911e+00
-2.962693360403139131e+00
2.867745623513894948e+00
-3.200458296049161433e+00
3.527259598882872993e+00
-3.398173073023091906e+00
2.472989344059495664e+00
-6.205392995302592141e-01
-2.033752948322916865e+00
5.124325315792006563e+00
-8.122691514550073322e+00
1.045736742969997657e+01
-1.164797910977108941e+01
1.142138183219600656e+01
-9.781714733728314570e+00
7.017174009726693029e+00
-3.641311255805507408e+00
2.822505074171464123e-01
2.454371411390361413e+00
-4.116679761289194772e+00
4.501389170779244608e+00
-3.690238178994198037e+00
2.020029155598848991e+00
5.906436436520445810e-03
-1.843093110711773619e+00
3.037768274014764014e+00
-3.333497046231870264e+00
2.727121888620941625e+00
-1.461014639641988744e+00
-4.590349333171150903e-02
1.311041469461523112e+00
-1.916933136292437112e+00
1.624093692362310382e+00
-4.399311839198243312e-01
-1.373656987862773349e+00
3.356508145763545059e+00
-4.957234470268130799e+00
5.665658797733476248e+00
-5.138901939893714577e+00
3.290679746817592122e+00
-3.219970772777775991e-01
-3.314680518179082380e+00
7.009867391094700473e+00
-1.012823236212996214e+01
1.214587296360660318e+01
-1.276161213828529917e+01
1.195645555405446281e+01
-9.987728142844270351e+00
7.319981340727867547e+00
-4.509790367267845212e+00
2.072439926910679020e+00
-3.626228561513533677e-01
-5.023293319464916529e-01
6.586212731376774876e-01
-4.482898660568116478e-01
3.198721611245955998e-01
-7.022396605733112196e-01
1.882922862534575081e+00
-3.921189251131336206e+00
6.617741301971473256e+00
-9.549189994977293594e+00
1.215973677755682480e+01
-1.388855259770990713e+01
1.430254101970779956e+01
-1.320264301819578989e+01
1.067796538017973340e+01
-7.094333791838851155e+00
3.019436263346472415e+00
8.981987474986588005e-01
-4.068168848977285812e+00
6.082646882359787455e+00
-6.797360327383213274e+00
6.350564139128026753e+00
-5.116289476339769493e+00
3.603815467048201882e+00
-2.328062571246725554e+00
1.682388548685884722e+00
-1.844463062573919565e+00
2.737711798613864822e+00
-4.057237952588122809e+00
5.353427815045455951e+00
-6.152415637644535806e+00
6.083604952373022456e+00
-4.982684848323483351e+00
2.944466799718131966e+00
-3.119847314771178048e-01
-2.396269317451760195e+00
4.604076563141668466e+00
-5.812294836908793449e+00
5.718524849731069892e+00
-4.292850225690653332e+00
1.791207180676311239e+00
1.297264721766678619e+00
-4.356838988931416523e+00
6.780894007139703916e+00
-8.104888160071483938e+00
8.105519406531509929e+00
-6.843087935070852446e+00
4.637670739921660790e+00
-1.985515561555454278e+00
-5.637238376112376770e-01
2.539067474785147827e+00
-3.657737718361317114e+00
3.885919800731734597e+00
-3.436486699122699662e+00
2.704782593248042932e+00
-2.158626539236684572e+00
2.209836828802576925e+00
-3.099099790071504934e+00
4.822821603192354978e+00
-7.120472294899932386e+00
9.526295173995453780e+00
-1.358717285398411967e-01
3.404947861589092684e-01
7.759004996098229912e-01
1.134145736619162070e+00
1.386434588335728302e+00
1.513713548495618344e+00
1.508124108670394481e+00
1.373457497791449544e+00
1.124588417435290921e+00
7.859541180972822172e-01
3.892276342447436588e-01
-2.959769782199150878e-02
-4.334469961896261214e-01
-7.874360866624154909e-01
-1.061888969608920874e+00
-1.234839083136802795e+00
-1.293802498134887680e+00
-1.236678760711284797e+00
-1.071714505378491111e+00
-8.165490223227138689e-01
-4.964421674818166874e-01
-1.418561856226861484e-01
2.143820254979627027e-01
5.400776369759281437e-01
8.065526699748936101e-01
9.911618858251421971e-01
1.079219604364883178e+00
1.065173280731616101e+00
9.529296897065926419e-01
7.553171636093825025e-01
4.927454630309693329e-01
1.911965112499074138e-01
-1.202619742014092163e-01
-4.122071180046447125e-01
-6.575836435083382003e-01
-8.341702994600281862e-01
-9.265676575686045968e-01
-9.275310086236784324e-01
-8.385336465180009968e-01
-6.695172200797843143e-01
-4.378605072406615561e-01
-1.666691356821467518e-01
1.174499817065988300e-01
3.869198857439503092e-01
6.157944781124495837e-01
7.821884021066271009e-01
8.703125023939055627e-01
8.719290487185454852e-01
7.870952334758672952e-01
6.241294941498143345e-01
3.988069058645485887e-01
1.328606929466021325e-01
-1.480696103953857423e-01
-4.168524013773774461e-01
-6.474168800506309163e-01
-8.172084746776823172e-01
-9.093200148147289053e-01
-9.141017897019338978e-01
-8.301014799984212100e-01
-6.642463290510211005e-01
-4.312492352932666417e-01
-1.522914051678401215e-01
1.468996242280712905e-01
4.384023884882374822e-01
6.946705061015547855e-01
8.910842181137323958e-01
1.008251306877317122e+00
1.033846275902835288e+00
9.638178325035444693e-01
8.028513060875377416e-01
5.640395778111596536e-01
2.677873848971191739e-01
-5.995690024044042499e-02
-3.899869414849887472e-01
-6.924392476125611484e-01
-9.394775477613039882e-01
-1.107820531694093225e+00
-1.180885550350193602e+00
-1.150353995417970232e+00
-1.017014613179658244e+00
-7.908044966875389381e-01
-4.900383289258268826e-01
-1.398883524216327778e-01
2.297558455254392062e-01
5.868632161902611610e-01
9.000489578980535033e-01
1.141330470619307702e+00
1.288609601924450176e+00
1.327662102049124382e+00
1.253457347762632734e+00
1.070689136225974725e+00
7.934666545853583663e-01
4.441876392022873210e-01
5.168689113435731564e-02
-3.511834899019461442e-01
-7.303360550410534779e-01
-1.053354090187663017e+00
-1.292272392053379182e+00
-1.425993441922280391e+00
-1.442130484833624937e+00
-1.338117803221840152e+00
-1.121491009624955515e+00
-8.093110688544367104e-01
-4.267788852317971893e-01
-5.156368572661884642e-03
4.208309950975571700e-01
8.158909372798828219e-01
1.147116071438187168e+00
1.386741425472119760e+00
1.514475501394322299e+00
1.519208857998513240e+00
1.399957053964184794e+00
1.165959573936802052e+00
8.359275346175290000e-01
4.365044669559390300e-01
7.024010743367226084e-05
-4.379272940476096609e-01
-8.418896333330380122e-01
-1.178990859427301752e+00
-1.421864409776002258e+00
-1.550832007699413762e+00
-1.555492708201413166e+00
-1.435544256255294027e+00
-1.200773423160039988e+00
-8.702211981716944100e-01
-4.705968387715209755e-01
-3.407614954060073087e-02
4.043310768715905890e-01
8.096257589341716576e-01
1.149642329136962182e+00
1.397619745159121685e+00
1.534313849871713042e+00
1.549484000910545500e+00
1.442639901214395781e+00
1.222996241535208473e+00
9.086479028617242548e-01
5.250416449287984566e-01
1.028762610589136345e-01
-3.243923796376731450e-01
-7.232356058649822561e-01
-1.062707572707625392e+00
-1.316860021186562424e+00
-1.466726785680959821e+00
-1.501726424574854057e+00
-1.420380659985442939e+00
-1.230302933635532892e+00
-9.474705704116751503e-01
-5.948509381447304456e-01
-2.005020491059892884e-01
2.046926218684436694e-01
5.894696460602908417e-01
9.246157246257165063e-01
1.185192133424058714e+00
1.352383838661828097e+00
1.414837068263437470e+00
1.369392528405473985e+00
1.221171054311752435e+00
9.830201579485300378e-01
6.743795207455498542e-01
3.196671124804535413e-01
-5.367796664444825228e-02
-4.173370470880436445e-01
-7.442692576705403074e-01
-1.010719763836349649e+00
-1.197930243243299664e+00
-1.293430199066801123e+00
-1.291823368762408553e+00
-1.195024496192674590e+00
-1.011944730621755717e+00
-7.576655125474214270e-01
-4.521778699056427930e-01
-1.187939311186052560e-01
2.176418129011206126e-01
5.326035806358133673e-01
8.036600811642600206e-01
1.012047857962196984e+00
1.143934471498633032e+00
1.191290312454832634e+00
1.152319157024740415e+00
1.031431173519754552e+00
8.387754075715231350e-01
5.893794161510085283e-01
3.019696242149749188e-01
-2.434459108628855839e-03
-3.020468562694114678e-01
-5.758529420790692299e-01
-8.050522580741312773e-01
-9.743106081838914800e-01
-1.072742211077874375e+00
-1.094563730409533919e+00
-1.039385967573685399e+00
-9.121341591158650397e-01
-7.226124875152790672e-01
-4.847510491628524432e-01
-2.155928163767839856e-01
6.590693830879290616e-02
3.401864102333388429e-01
5.884014089569598038e-01
7.936820331935565687e-01
9.422421446266406875e-01
0.000000000000000000e+00
6.712301704023649895e-01
1.287340587992193530e+00
1.797783812385244984e+00
2.160774189080993057e+00
2.346743974031702429e+00
2.340777506380425699e+00
2.143821044745882975e+00
1.772569081311485828e+00
1.258039360063310408e+00
6.429589970529778764e-01
-2.181630065594497569e-02
-6.815473089473955692e-01
-1.282163200474945697e+00
-1.774738338851520769e+00
-2.119519803176252548e+00
-2.289170841463692430e+00
-2.270962883126998122e+00
-2.067738424134359931e+00
-1.697571334457960823e+00
-1.192161023221362637e+00
-5.941030916278908780e-01
4.672737223262979356e-02
6.773707025629607248e-01
1.246200201201473901e+00
1.707190687562865294e+00
2.023681864501002625e+00
2.171325727815196949e+00
2.139978562233606940e+00
1.934389029262901349e+00
1.573636584024167062e+00
1.089380139208188325e+00
5.230765244457219465e-01
-7.758654032227446651e-02
-6.627346315556297274e-01
-1.184482798605082321e+00
-1.600891346253709546e+00
-1.879371568151627869e+00
-1.999262197331963975e+00
-1.953370861525682622e+00
-1.748364933234020757e+00
-1.403994979566872692e+00
-9.512330174072755051e-01
-4.294985179129778841e-01
1.167800623238338664e-01
6.419677083397836714e-01
1.103062296331738468e+00
1.463245938673292112e+00
1.694852600852422508e+00
1.781510658341116660e+00
1.719293142297773969e+00
1.516795659085449888e+00
1.194154683618324775e+00
7.811090784193082115e-01
3.142875707195472712e-01
-1.660321833744823339e-01
-6.194065547054907750e-01
-1.008649054097229047e+00
-1.302902491306007215e+00
-1.480104685805708309e+00
-1.528649230015080906e+00
-1.448115890893569180e+00
-1.249027812268669102e+00
-9.516774294081393748e-01
-5.841425400541631063e-01
-1.796814776451433615e-01
2.262538518081779193e-01
5.991201962857938268e-01
9.082292244677939719e-01
1.129285965830198357e+00
1.246308493985149868e+00
1.252776459813863319e+00
1.151926763538697607e+00
9.561910579973208479e-01
6.858450831989185703e-01
3.670074448703795622e-01
2.917956125002496570e-02
-2.974453998817447875e-01
-5.846615303643826200e-01
-8.086806361802572063e-01
-9.521050049096272394e-01
-1.005278702889736531e+00
-9.669125784838453752e-01
-8.439452156222211343e-01
-6.506711311721031787e-01
-4.072323455425667094e-01
-1.376243674266559025e-01
1.325921042359919921e-01
3.786601783364010876e-01
5.788602557832346340e-01
7.164086794307855666e-01
7.808567738350230547e-01
7.688742658565976829e-01
6.843594155459350459e-01
5.378806598322707355e-01
3.455154576095890717e-01
1.272058366508393712e-01
-9.520788147066633345e-02
-3.000871803718656028e-01
-4.680323693376176042e-01
-5.836688710367122779e-01
-6.370214036146144565e-01
-6.243553493542998156e-01
-5.484157315548779943e-01
-4.180509979872797932e-01
-2.472659664269822311e-01
-5.380059213430413156e-02
1.426260565012122394e-01
3.222378742456347145e-01
4.671076568221210756e-01
5.628682137150666787e-01
6.000699208446732547e-01
5.750603749133584852e-01
4.903073546141422101e-01
3.541387007026162159e-01
1.799271292912175690e-01
-1.520061407387057750e-02
-2.120071535192955547e-01
-3.909852691471944475e-01
-5.342233336436839064e-01
-6.271210884304071476e-01
-6.597959116266742807e-01
-6.280488101249329658e-01
-5.338003256905301530e-01
-3.849555795007562065e-01
-1.947102810092302683e-01
1.963911057498812784e-02
2.382724261437839663e-01
4.406659333611565588e-01
6.074892334627056689e-01
7.224054446155205866e-01
7.736098479634091474e-01
7.549657277679584499e-01
6.666324381327969339e-01
5.151264699884823273e-01
3.128073350455553570e-01
7.683183307600405243e-02
-1.723319131819881500e-01
-4.126996517172184520e-01
-6.227165152751421573e-01
-7.831802153498714780e-01
-8.789709017777206368e-01
-9.004334740479637000e-01
-8.442885768758076059e-01
-7.139898753010631705e-01
-5.194938018101018518e-01
-2.764594972248792804e-01
-4.946588768266146907e-03
2.722776123804778736e-01
5.316757826328620817e-01
7.509560426133629063e-01
9.109913129484802363e-01
9.974769836707148007e-01
1.002183926455774143e+00
9.236987802432296002e-01
7.675875477495752719e-01
5.459679959797065774e-01
2.765268669056164530e-01
-1.893487427889861685e-02
-3.163056268698662965e-01
-5.911632413331427971e-01
-8.208031646238551637e-01
-9.861244806264665153e-01
-1.073216369628545497e+00
-1.074513408614123477e+00
-9.894249292918719796e-01
-8.243881287960928006e-01
-5.923429595912375056e-01
-3.116749007653796255e-01
-4.715496593310164464e-03
3.040735807262601176e-01
5.900821335232999676e-01
8.305356130873458032e-01
1.006320114927650611e+00
1.103501110097806714e+00
1.114415409916611033e+00
1.038251980819715481e+00
8.810797523539199982e-01
6.553258887652008147e-01
3.787523531370745600e-01
7.301836595877936320e-02
-2.380516181924950403e-01
-5.303529831466969879e-01
-7.813876139959531342e-01
-9.720030185329764372e-01
-1.087849003873627041e+00
-1.120441724277710938e+00
-1.067757899253954701e+00
-9.343204083849063757e-01
-7.307770991217248380e-01
-4.730142035920479326e-01
-1.808811375953151834e-01
1.233680366133412254e-01
4.167916185758248071e-01
6.775015067438815430e-01
8.862956831234927169e-01
1.028060439754495015e+00
1.092841319962471802e+00
1.076509355237327714e+00
9.809815550175431387e-01
