0.000000000000000000e+00
6.864371537003314927e+00
-4.360884168670886574e+00
6.137040390930375011e-01
-3.840024285571838725e+00
5.755771158578803615e+00
5.755216930366882089e-01
-5.154409641622610394e+00
2.978170993039830350e-02
5.124394074424564849e+00
-2.228726027747767624e+00
-2.711427017757550573e-02
-4.669974552354939412e+00
6.331445906336209184e+00
1.263563952124319156e+00
-7.144360267318285551e+00
3.944659039253781696e+00
-1.296939976200805145e+00
5.271589827598316624e+00
-6.023428497302090179e+00
-1.272247570191970656e+00
5.125583240196123214e+00
3.377922508423063519e-01
-4.157342800374912883e+00
5.160278599723689963e-01
5.834733651439352187e-01
4.879822575461417955e+00
-5.600060381714794033e+00
-2.436198027381213826e+00
7.129460012557550463e+00
-3.420191384195790274e+00
1.981665318841196122e+00
-6.457866917351784863e+00
5.921895800578842461e+00
2.079163589770493203e+00
-5.062420197153135959e+00
-5.145450086226066588e-01
2.903247529363529367e+00
1.211611331136667413e+00
-1.015492776722747514e+00
-5.003173174580886950e+00
4.732992807034429816e+00
3.432895219106776086e+00
-6.793781641504470059e+00
2.794567366972923850e+00
-2.630986970744041198e+00
7.349759005373140752e+00
-5.468791178453148660e+00
-2.943860099540041464e+00
4.954617345595881517e+00
5.021518255963761668e-01
-1.428006587754617085e+00
-2.864926171695493906e+00
1.288822980823536302e+00
5.055378932916980261e+00
-3.796734953263662504e+00
-4.180092877368192461e+00
6.130068060597356983e+00
-2.083784734595190979e+00
3.214398782104698871e+00
-7.917116087318668782e+00
4.703807046316828888e+00
3.805310177844095421e+00
-4.788444645658218590e+00
-3.153928267461312274e-01
-1.896141215563145188e-01
4.357478892726504682e+00
-1.377833192720946620e+00
-5.052074019010523998e+00
2.856881496149831445e+00
4.620419843442242325e+00
-5.151074092982467434e+00
1.312666520995273700e+00
-3.709402793976620316e+00
8.149890591755259095e+00
-3.686225308542758761e+00
-4.597682484931914004e+00
4.548628747694287711e+00
-1.995505480767389983e-02
1.863151790995985602e+00
-5.611224782353286145e+00
1.268342028433326441e+00
5.006999856331079357e+00
-1.973823623666455918e+00
-4.716351015819788550e+00
3.889617557420784077e+00
-5.139266302504159611e-01
4.102307327469014275e+00
-8.057922305492713377e+00
2.491121254835804599e+00
5.254721793038100941e+00
-4.220571521215736865e+00
4.698981879068750978e-01
-3.504024572367616663e+00
6.561624103148590237e+00
-9.596408722545601844e-01
-4.930196106641854925e+00
1.199041900200546351e+00
4.452528218086605705e+00
-2.397254914277083593e+00
-2.735830641155665433e-01
-4.388183051220162056e+00
7.669410838536710351e+00
-1.204507743927713648e+00
-5.714395866364329279e+00
3.792685532584529895e+00
-9.954246859260793556e-01
5.027131157520150495e+00
-7.161941564492414258e+00
4.656059424870835350e-01
4.826732591385070492e+00
-5.722378873848370517e-01
-3.836600034787305713e+00
7.416333612806206288e-01
1.007340986392923021e+00
4.570031350853816399e+00
-7.028225680945901388e+00
-8.225410356516915655e-02
5.923476139246842465e+00
-3.258612008966545126e+00
1.555845617896469690e+00
-6.356091809218563426e+00
7.386426575261177518e+00
1.852407610543262972e-01
-4.696104549413484541e+00
1.194725563195757623e-01
2.898536956411417176e+00
9.973319365220539856e-01
-1.644169399718180546e+00
-4.657285944784614884e+00
6.190282378371416705e+00
1.278399770242510503e+00
-5.841712892246019528e+00
2.619091022277959979e+00
-2.112004246390880802e+00
7.427782821580996675e+00
-7.232142246990441059e+00
-9.507838917599070738e-01
4.532349783963454115e+00
1.476024390101153827e-01
-1.688484204682538348e+00
-2.732218950800105794e+00
2.143568389583393241e+00
4.663823313412569505e+00
-5.219273201021404240e+00
-2.299658830435096224e+00
5.445284423684515041e+00
-1.883278363600679128e+00
2.629101417629768012e+00
-8.195872962256009586e+00
6.719303230660805148e+00
1.777457754933498002e+00
-4.324877310731088720e+00
-2.314204864217073165e-01
2.733153353811945685e-01
4.373489467918016516e+00
-2.471107782776275297e+00
-4.605695757071875285e+00
4.182077838155735527e+00
3.073705657140976211e+00
-4.729243184286969992e+00
1.069347036979346299e+00
-3.078927779111626961e+00
8.633146874388256009e+00
-5.890085391557825290e+00
-2.603370980813446423e+00
4.059929027281224734e+00
1.471657733635951537e-01
1.267862087607184218e+00
-5.835149550617369840e+00
2.601597400847974306e+00
4.498819793843596315e+00
-3.144191828283577905e+00
-3.544795737404740521e+00
3.708747205516940149e+00
-2.042700816899203353e-01
3.441351836063741843e+00
-8.732490808230393142e+00
4.805976659411619778e+00
3.362223666877833583e+00
-3.722534559004274435e+00
7.941384062587752979e-02
-2.848928045242732132e+00
7.040294222126148860e+00
-2.521761446928357131e+00
-4.356850803013648132e+00
2.165497270785865069e+00
3.677277713735952691e+00
-2.418947911477351109e+00
-6.772491818823049847e-01
-3.704981879636759956e+00
8.506513564562043328e+00
-3.543840448353621220e+00
-3.987759648619459085e+00
3.298770124267597303e+00
-4.148303812106259869e-01
4.382332355077450003e+00
-7.926152522974879489e+00
2.232170846854978130e+00
4.189452694066955196e+00
-1.296663421302677754e+00
-3.457750703997287456e+00
9.134996684707925585e-01
1.534659054351965368e+00
3.866993644958571341e+00
-7.985872884665236704e+00
2.190953416660933240e+00
4.418446196051054820e+00
-2.778099336364650007e+00
8.210588783268812918e-01
-5.784652107101382335e+00
8.448278487923442270e+00
-1.748236320796180188e+00
-4.001131003512347739e+00
5.764073949284318488e-01
2.895731792681519146e+00
7.382446578360263301e-01
-2.324139948046653803e+00
-3.932188003093874507e+00
7.216467551226743105e+00
-8.393514547621814259e-01
-4.602045161799140693e+00
2.155560306680857963e+00
-1.258844446079355084e+00
6.981747291253357801e+00
-8.583588824168318254e+00
1.100131450805776678e+00
3.790742772945099315e+00
-2.977223078749391405e-02
-2.022802888358535611e+00
-2.455191605149054990e+00
3.001704123726016249e+00
3.911408074998340645e+00
-6.255731662826634398e+00
-4.201336018249253179e-01
4.499736111043293185e+00
-1.433570614315719638e+00
1.690841623214463851e+00
-7.913173070697787637e+00
8.332025365240426140e+00
-3.315941699001834775e-01
-3.551731634954261807e+00
-3.325030433043560940e-01
8.903118361159627625e-01
4.149371542103477140e+00
-3.526582537944276563e+00
-3.819497576265859173e+00
5.168324541171159581e+00
1.503742480184562247e+00
-4.089474066272618558e+00
6.231493196586664896e-01
-2.084339948303028933e+00
8.535566379063778797e+00
-7.716714291797553749e+00
-5.023590345980392113e-01
3.273067339062616377e+00
5.135323887827651923e-01
4.341978707568263651e-01
-5.731392704125719995e+00
3.864631540393538067e+00
3.673017761700052564e+00
-4.021543684095076010e+00
-2.340165199062035128e+00
3.368311071534575429e+00
2.555988275858945835e-01
2.413374610145120336e+00
-8.824802890374924047e+00
6.782597952173114564e+00
1.338685946221487733e+00
-2.940801453090317708e+00
-5.288438777185553441e-01
-1.871568345474484030e+00
7.116119774174354262e+00
-3.991478024371040156e+00
-3.487956277395641180e+00
2.880797048594097909e+00
2.875064157130155618e+00
-2.353478800683522998e+00
-1.173831105594216329e+00
-2.660080996458479952e+00
8.776811897898234349e+00
-5.593621413219469929e+00
-2.110338899348533026e+00
2.540091005936131907e+00
4.041182126621913895e-01
3.336292466502918774e+00
-8.228189478438954652e+00
3.895130167094033258e+00
3.277656434420809894e+00
-1.805454628444799869e+00
-3.074442353078356227e+00
1.082114196925666683e+00
2.095169971560082001e+00
2.815221836741415462e+00
-8.407034320465358590e+00
4.228656939117500180e+00
2.750786625579804134e+00
-2.057494610196622720e+00
-1.723267620768647035e-01
-4.742093332894345536e+00
9.006980856186885376e+00
-3.577811982412448799e+00
-3.051170512515337663e+00
8.453595852344570893e-01
2.926637199081103535e+00
3.903944143188295968e-01
-2.977710424958666113e+00
-2.877889454022811044e+00
7.748605646043992934e+00
-2.776438098665086951e+00
-3.198723925052580075e+00
1.483315285738188161e+00
-1.294712886514290950e-01
6.007432758103476544e+00
-9.410690647891399863e+00
3.056831614604191838e+00
2.812197975804999750e+00
-3.821965310966435325e-02
-2.442817162325985336e+00
-1.993364101996256910e+00
3.776707698163729976e+00
2.854457228329336349e+00
-6.849434024816780209e+00
1.329844704953481171e+00
3.402630157771891817e+00
-8.137535739875191299e-01
4.633974512011400648e-01
-7.060575594833796487e+00
9.419222520789226394e+00
-2.364362009734981118e+00
-2.558712703625054097e+00
-5.919748298072931014e-01
1.655963276296973152e+00
3.644904756084167197e+00
-4.447756908905445172e+00
-2.756917822696489218e+00
5.768417560726669890e+00
2.007476204659486285e-02
-3.324837332418876912e+00
5.264473528589300177e-02
-7.938198457248526463e-01
7.843875193731065565e+00
-9.035678607360804193e+00
1.546093267981839992e+00
2.283317439719691588e+00
1.035443058028086671e+00
-6.184227998381275349e-01
-5.256880079233107850e+00
4.950225555998098770e+00
2.600795863693082133e+00
-4.571098937700130094e+00
-1.189938511884757411e+00
2.944793969289299707e+00
7.874157257391016795e-01
1.089976665425779201e+00
-8.317007089176016166e+00
8.286337445722251616e+00
-6.588025175919456355e-01
-1.974294330394846586e+00
-1.296038175016261729e+00
-6.017796256191627613e-01
6.740417417925000265e+00
-5.250667235294172563e+00
-2.402855590704553013e+00
3.325086241194697756e+00
2.109330413899806800e+00
-2.261260545912459730e+00
-1.684705539063352298e+00
-1.327964448366743211e+00
8.458958214175805068e+00
-7.219107052223712628e+00
-2.330271112013915236e-01
1.617253633019346770e+00
1.389706914355161693e+00
1.925604080924416595e+00
-8.011596513015529553e+00
5.325933815436554752e+00
2.178836951470668470e+00
-2.095574407844158937e+00
-2.725206853999683876e+00
1.293242939404040115e+00
2.608852894662324395e+00
1.491959935552172878e+00
-8.268671409879825518e+00
5.900547993980199024e+00
1.061328631855199323e+00
-1.197224203952108601e+00
-1.342157583810102972e+00
-3.268297717621265974e+00
8.996928126008427284e+00
-5.165714989134561286e+00
-1.941445854020984463e+00
9.412823015257778536e-01
3.005119220902433774e+00
-7.955695028751419429e-02
-3.522170427990665154e+00
-1.574614902435893304e+00
7.764342723694760195e+00
-4.411661285867657156e+00
-1.759040294792141079e+00
7.009843144951624083e-01
1.185963796378000978e+00
4.544965066012911947e+00
-9.638242168737294335e+00
4.774268240646115657e+00
1.698796645770078939e+00
8.892198397402717447e-02
-2.939043611495040675e+00
-1.322986474954048974e+00
4.381783967877970198e+00
1.576637045125857561e+00
-6.981464701298029318e+00
2.842722460923498673e+00
2.264842192952306821e+00
-1.194036900961843450e-01
-9.573658717986885947e-01
-5.676021828926059776e+00
9.896641107406850324e+00
-4.171156671226873058e+00
-1.453459889285650064e+00
-9.584966004706654275e-01
2.539707437195518391e+00
2.842686351773616948e+00
-5.142421971144202963e+00
-1.505640620992685363e+00
5.969795548915590722e+00
-1.287509967709852710e+00
-2.527698741966525997e+00
-5.504400156252966525e-01
6.930443365392888744e-01
6.592163116969525838e+00
-9.755235666574701980e+00
3.390882967538788595e+00
1.202210091174643836e+00
1.644666858014385058e+00
-1.841407803529947262e+00
-4.397163303413541335e+00
5.759668497933377651e+00
1.374412258825776778e+00
-4.789505435269004074e+00
-1.626817217764418011e-01
2.510868478921786551e+00
1.303593902893675605e+00
-4.271299787027753592e-01
-7.238518633995827400e+00
9.220461989074614451e+00
-2.481389867721506270e+00
-9.365012779501870055e-01
-2.138779796295971369e+00
8.974211929530957477e-01
5.898410773052097156e+00
-6.193433959110386411e+00
-1.198785141473043492e+00
3.506802326878577514e+00
1.424839315007124352e+00
-2.195071307102919533e+00
-2.126202000449127993e+00
1.886838038202650059e-01
7.577731589958697000e+00
-8.321876608239985984e+00
1.501484570572455102e+00
6.436289576237566035e-01
2.445605472940154179e+00
2.237994400486882363e-01
-7.258353622058116628e+00
6.411368049562370608e+00
9.953448028283338189e-01
-2.189367223915358984e+00
-2.429447312759041466e+00
1.580555961190188707e+00
2.995256464817622533e+00
1.690056733315570270e-04
-7.591780056695439427e+00
7.110430907466545492e+00
-5.173299236492923114e-01
-3.084710364869256427e-01
-2.581697530307971444e+00
-1.443362455227491736e+00
8.394539756555408516e+00
-6.391931179063288226e+00
-7.791997554026187656e-01
9.019309491136946466e-01
3.124774827141269640e+00
-6.878835842974053705e-01
-3.879202977594185864e+00
-1.253299859196762012e-01
7.282452800949959837e+00
-5.655332593891158055e+00
-4.017778009787256188e-01
-8.435661477614386783e-02
2.572993707651172635e+00
2.677271623464101413e+00
-9.235574677622425455e+00
6.126855534762635891e+00
5.620394429617709964e-01
2.976978621812447212e-01
-3.479949627839558080e+00
-4.426682110178026264e-01
4.739402776112004112e+00
1.809932279410974010e-01
-6.670489279952925621e+00
4.039700440369456302e+00
1.188062366611815968e+00
5.481370653609090038e-01
-2.451888614968198432e+00
-3.841982011955536791e+00
9.725921003717981961e+00
-5.622764043921500310e+00
-3.506716902617559306e-01
-1.361888939644883001e+00
3.486622346259114380e+00
1.753078929131927088e+00
-5.532378577527390817e+00
-1.691096924469661644e-01
5.793488199267231131e+00
-2.355302992186498301e+00
-1.780027495214116851e+00
-1.091713755168597144e+00
2.254042610594455542e+00
4.859794406209444695e+00
-9.829724481254332957e+00
4.901772541081699686e+00
1.461846235905177593e-01
2.255529666893655971e+00
-3.159123063580496105e+00
-3.170835165634755537e+00
6.212700278833409584e+00
9.814307984219627912e-02
-4.702773870686941748e+00
6.967359603116509703e-01
2.126979390331633191e+00
1.717413222220919744e+00
-2.015200016949012962e+00
-5.663723792568710280e+00
9.533392167652964488e+00
-4.000973335551695875e+00
5.618191245714299065e-02
-2.957323254405471058e+00
2.533117960212313946e+00
4.613261787581445006e+00
-6.736304761082802628e+00
1.872977830771072050e-02
3.459478478975708704e+00
8.445680146674199307e-01
-2.192974394244283864e+00
-2.419449714549197328e+00
1.768276952733308427e+00
6.201521955737092640e+00
-8.846732883158050953e+00
2.970781740941802251e+00
-2.664379298700365606e-01
3.460005428546850226e+00
-1.662877663560674346e+00
-5.992657732513249513e+00
7.063997721034998456e+00
-1.657756754437385016e-01
-2.130146478097906915e+00
-2.186092459309439739e+00
1.959886265310573528e+00
3.182996260873710792e+00
-1.540945327156890921e+00
-6.438600901037167645e+00
7.802568702694665959e+00
-1.872214654306187942e+00
4.985696126552974228e-01
-3.769523509289604224e+00
6.173639084142974465e-01
7.221897149787704251e+00
-7.164858384802125002e+00
3.269933879311199831e-01
7.821915435411084250e-01
3.259365824309894411e+00
-1.429343175115564524e+00
-3.984053658587415114e+00
1.353888243373565503e+00
6.359687368641285588e+00
-6.454832131667389561e+00
7.732551947781725055e-01
-7.687071593175562878e-01
3.903299819029418583e+00
5.245796588031093055e-01
-8.220117507900233988e+00
7.019262922699056162e+00
-4.883011118945561613e-01
5.204644772667103014e-01
-4.014123600315283369e+00
6.233600759950985726e-01
4.790182804322241417e+00
-1.219837767531111838e+00
-5.969132759637587604e+00
4.875269050295085727e+00
2.554669587379132523e-01
1.092906119036102019e+00
-3.887767318863253774e+00
-1.679588812143370857e+00
8.918103950240276134e+00
-6.621260351797529253e+00
6.394041080052215165e-01
-1.721266699549560908e+00
4.421230403927969732e+00
4.164177197643414985e-01
-5.562092154376227171e+00
1.143434289868940468e+00
5.289900244462732992e+00
-3.148964891405040767e+00
-1.145389645150014513e+00
-1.484754678447625320e+00
3.755414324324100050e+00
2.765315886917515620e+00
-9.262994812018209956e+00
5.980074822548276714e+00
-7.751566336350923514e-01
2.774160062089787715e+00
-4.474176508341867198e+00
-1.630845562282843719e+00
6.255996879283552303e+00
-1.121873611246616997e+00
-4.361344426556930998e+00
1.368993775561807791e+00
1.834796975802842844e+00
1.953041525834148473e+00
-3.541603658268551946e+00
-3.705761129216230909e+00
9.221975963664768017e+00
-5.120567791026910065e+00
8.962815555105270171e-01
-3.645789000882458275e+00
4.189063676954878801e+00
2.946671594112904913e+00
-6.826595714099021883e+00
1.146239536223758515e+00
3.235981840728330727e+00
3.694485034053291983e-01
-2.273317093143950363e+00
-2.499720645196458868e+00
3.281437885305620306e+00
4.436038737327717030e+00
-8.784698658406814076e+00
4.082568428043225950e+00
-1.009372417863350080e+00
4.316650912286691621e+00
-3.603100748373055495e+00
-4.280983588490893332e+00
7.230451570909092851e+00
-1.203361780176969820e+00
-1.975516840205228997e+00
-1.975031101709159298e+00
2.425802988925500614e+00
3.118390240162278726e+00
-3.006926370271823856e+00
-4.906265518382797453e+00
7.964242159568336810e+00
-2.919065169133792104e+00
1.126170891205857227e+00
-4.781174419539584441e+00
2.771732563170519636e+00
5.546424569970287877e+00
-7.429517876330823611e+00
1.277996121802901897e+00
6.464324810895434315e-01
3.365990256518250234e+00
-2.275295636442741909e+00
-3.793464260569191726e+00
2.744673616244798886e+00
5.084329032031059903e+00
-6.796542458584946544e+00
1.693339150714694652e+00
-1.262181576761968405e+00
5.046776986018207012e+00
-1.764619092214806173e+00
-6.656831205819469410e+00
7.394528334631672806e+00
-1.355099377308460529e+00
6.845230605494453391e-01
-4.475163859778399811e+00
1.824827219017538749e+00
4.500159651345827072e+00
-2.514255075677847895e+00
-4.957377157449598393e+00
5.338314697011854015e+00
-4.752046111137615547e-01
1.434750136500589024e+00
-5.132032952860491548e+00
6.607583774592522552e-01
7.532912991101582634e+00
-7.107965875450055648e+00
1.421967796517126459e+00
-1.954628236218078463e+00
5.254023461600715983e+00
-1.097900141379409167e+00
-5.205354831207491983e+00
2.327381116400176531e+00
4.531965684971368091e+00
-3.663601810734210318e+00
-6.634044910931091721e-01
-1.660784107334023707e+00
5.064146800124084358e+00
4.568982490803884522e-01
-8.107581339463063586e+00
6.566347651078325853e+00
-1.470024033899231419e+00
3.108960226539953631e+00
-5.675440202455690475e+00
1.375693089129561564e-01
5.869300481143719495e+00
-2.187877707736039401e+00
-3.832897661973852621e+00
1.859177831881187570e+00
1.653204360839587217e+00
1.954333850522818050e+00
-4.875972638542606319e+00
-1.506960964226740751e+00
8.330556789515947358e+00
-5.781605994528069559e+00
1.496073366309699004e+00
-4.103399604337271356e+00
5.735010889709820425e+00
9.958457621085383682e-01
-6.448088568312170921e+00
2.092439772840569034e+00
2.900880600150462563e+00
-1.911426145848627023e-02
-2.432353433916210506e+00
-2.324270444520396328e+00
4.602846402012510829e+00
2.414866743017163753e+00
-8.171928531497012926e+00
4.781407355461833930e+00
-1.502901173009208335e+00
4.906686979841097695e+00
-5.450871787331765361e+00
-2.228293337955087772e+00
6.896715895981706979e+00
-2.032046092726670139e+00
-1.789208531277198810e+00
-1.761123834375647013e+00
2.950919573559320774e+00
2.772296052379651154e+00
-4.279500402159456485e+00
-3.117540960812015705e+00
7.624410241889233220e+00
-3.608327945066126752e+00
1.499146404581019665e+00
-5.501429884689294170e+00
4.862033293217632668e+00
3.476548927007239165e+00
-7.172520254914196869e+00
1.993868676187427136e+00
5.597395063956875916e-01
3.390653060816689823e+00
-3.174688409534420330e+00
-3.291500190044413188e+00
3.937311101040467776e+00
3.567151408580732319e+00
-6.704124899100571966e+00
2.317890449239856210e+00
-1.498454439012105510e+00
5.884042246671819854e+00
-4.025370884830968166e+00
-4.653506823246049251e+00
7.238725529453800434e+00
-1.963469183395376128e+00
7.215189090282292383e-01
-4.788815292269569035e+00
3.088017254976811010e+00
3.865633930543012298e+00
-3.602092187483018293e+00
-3.733721967349499238e+00
5.449852533307616653e+00
-9.755542056493411440e-01
1.517981444769609389e+00
-6.063681511433898663e+00
3.011499170701143591e+00
5.673851350214121680e+00
-7.067810709493366872e+00
1.927053526915186499e+00
-1.988885951021635456e+00
5.890111139284997854e+00
-2.695500421537726066e+00
-4.469216565204051861e+00
3.292589910975953771e+00
3.606459646243577843e+00
-3.920781471004412211e+00
-3.471651357833600571e-01
-1.576385212889978238e+00
6.060323365820320163e+00
-1.899830088105259440e+00
-6.459722643809256759e+00
6.644418933862002774e+00
-1.873554797234463276e+00
3.181223044747505835e+00
-6.648095937816075995e+00
2.022291927397657396e+00
5.068520149882246528e+00
-3.019771003264290599e+00
-3.193743844258382758e+00
2.192907880039643320e+00
1.577197842763130353e+00
1.691488922928599870e+00
-5.902175428369021759e+00
7.731680537696303812e-01
6.945986352204087666e+00
-5.967546924634614669e+00
1.796334079658073346e+00
-4.245596925283505740e+00
7.037984940591268668e+00
-1.113024893794508641e+00
-5.623402258668066089e+00
2.786921130893519116e+00
2.521823381363355043e+00
-3.543227615908646211e-01
-2.644739877693580876e+00
-1.877839931214418279e+00
5.622674682057079210e+00
2.877792790358386643e-01
-7.084739182931896195e+00
5.051801111140921563e+00
-1.694326752767948641e+00
5.140151545996668681e+00
-7.057805852867430119e+00
2.936661882094493414e-02
6.089882297927417198e+00
-2.590499790318731677e+00
-1.632357886859133966e+00
-1.500296863436398231e+00
3.488051723670416493e+00
2.144402171902742626e+00
-5.257335825930281814e+00
-1.209597617036976214e+00
6.848731417375923947e+00
-3.927571276336037531e+00
1.572515143814512406e+00
-5.836018704826705594e+00
6.728039057691423963e+00
1.153652906630977970e+00
-6.423288137913718110e+00
2.421631890615878024e+00
5.790188946778975776e-01
3.275620584233606358e+00
-4.057888261935181262e+00
-2.492616470825478991e+00
4.840717832150753352e+00
1.930721508533929764e+00
-6.233459989719248640e+00
2.640051039985948478e+00
-1.441672349830507516e+00
6.318176983458403839e+00
-6.089791373524309215e+00
-2.352310752679194206e+00
6.581743422056431925e+00
-2.268062382761107276e+00
5.765731294321971845e-01
-4.881620160928966001e+00
4.321228114567460921e+00
2.915038037305851315e+00
-4.403754331878396933e+00
-2.405053283081992177e+00
5.257776399781260324e+00
-1.247121083708860434e+00
1.317391109999707099e+00
-6.585252627913447121e+00
5.201650339994388084e+00
3.479555323690269208e+00
-6.529726650488678175e+00
2.116362574749629744e+00
-1.769260778341352314e+00
6.239146639513529990e+00
-4.264012481903699303e+00
-3.394716396667678104e+00
3.971652273209670181e+00
2.604423266973641571e+00
-3.962956136584357303e+00
-1.838008670196891181e-01
-1.218479890886882799e+00
6.648337764742558775e+00
-4.135455569334464343e+00
-4.450706761887711416e+00
6.241414641858559875e+00
-1.954158225141237049e+00
2.934781308597829597e+00
-7.284755535042662267e+00
3.892667686467295773e+00
3.905423431279406721e+00
-3.562506388738664320e+00
-2.519756830432355432e+00
2.410283077554574938e+00
1.579756493858557542e+00
1.164869926903716824e+00
-6.528974511418498494e+00
2.971295275471304009e+00
5.189105550683850154e+00
-5.703527285965300564e+00
1.772151524207510764e+00
-4.013899099941999893e+00
7.974460774398164808e+00
-3.234267991361822858e+00
-4.412764724101005065e+00
3.186709384846083015e+00
2.160909347496211996e+00
-6.773057912424635951e-01
-2.866832029252505798e+00
-1.175226483676782063e+00
6.256512564149618427e+00
-1.792084720152313793e+00
-5.631319394289132418e+00
4.917417846413401072e+00
-1.565731320088173728e+00
4.955954455849282958e+00
-8.286174540719837722e+00
2.335289957475396694e+00
4.876133727689250463e+00
-2.847165223284613411e+00
-1.555226273163848649e+00
-1.146984675747118043e+00
3.975021036577799816e+00
1.264490698945254898e+00
-5.865088410754832893e+00
6.781057519727169414e-01
5.731544438126702445e+00
-3.900201857529635330e+00
1.336006407544828800e+00
-5.721598911003657584e+00
8.220683260610430310e+00
-1.259009792956915508e+00
-5.251393612842038650e+00
2.540241533767041648e+00
7.449751417205932036e-01
2.967730813581106020e+00
-4.843022562627564476e+00
-1.441591964040790375e+00
5.390493641160782445e+00
2.981184203882749628e-01
-5.464889229599325660e+00
2.684784545649550491e+00
-1.090151831606462007e+00
6.284557642400275590e+00
-7.801112906110129863e+00
8.169347676980026618e-02
5.494104205383518291e+00
-2.257333023558255825e+00
2.161271541503797522e-01
-4.690161572557587810e+00
5.422626168896570675e+00
1.707563498926341516e+00
-4.867196874609547308e+00
-1.076270823939829313e+00
4.829304909780653077e+00
-1.318726855273486986e+00
8.410232054910335986e-01
-6.632339955614092730e+00
7.070942049519237216e+00
1.112181402143953779e+00
-5.563056936389457086e+00
1.986856028701377230e+00
-1.267010362571715731e+00
6.225519833308005957e+00
-5.682355102549816017e+00
-2.054265835323944245e+00
4.325759351189410573e+00
1.611724017442496049e+00
-3.846017683021454303e+00
-1.380224008604832298e-01
-6.060634067475247910e-01
6.765902669636338018e+00
-6.090721092067456155e+00
-2.235359867365625419e+00
5.423844000128543286e+00
-1.716459291273971788e+00
2.343653045909392496e+00
-7.496565105121050010e+00
5.610083643575956458e+00
2.463876365859195339e+00
-3.790840721946372671e+00
-1.877847662566630937e+00
2.558423028401337618e+00
1.616412686059122583e+00
4.055937295493694528e-01
-6.698351938306892350e+00
4.933743613384680593e+00
3.203535815546407761e+00
-5.052172376841713941e+00
1.435220439739316456e+00
-3.383462756322560772e+00
8.442283401023050970e+00
-5.214411578847863993e+00
-2.909241524327656148e+00
3.279932990044443830e+00
1.867017848026890192e+00
-1.029507961221614032e+00
-3.042398749303749650e+00
-2.606417834767762454e-01
6.452840380851402102e+00
-3.680984658015002964e+00
-3.940980031870352285e+00
4.436640833863140010e+00
-1.135602648389299141e+00
4.329319836864419457e+00
-9.021493379893955833e+00
4.524663201245274990e+00
3.355116409952961121e+00
-2.802892039358124698e+00
-1.590301418073134077e+00
-6.620297874355438594e-01
4.341601923823549036e+00
1.905058879436825059e-01
-6.059872960206419634e+00
2.415666215886146606e+00
4.385681164432815748e+00
-3.580728458884804066e+00
8.149709859627196629e-01
-5.133007497453480283e+00
9.215116627739195820e+00
-3.589474213743287123e+00
-3.760240545832262082e+00
2.362263606300657681e+00
1.075884000804373741e+00
2.426705948637981614e+00
-5.444208310441544185e+00
-2.102861977333125854e-01
5.554272723734965389e+00
-1.217829165816608050e+00
-4.493640264345547308e+00
2.503794858743789931e+00
-4.765107891001942875e-01
5.757807688550167668e+00
-9.026974573306926430e+00
2.474030482889583382e+00
4.080124210072968438e+00
-1.954330029570745086e+00
-3.663984832587012797e-01
-4.169884948462989627e+00
6.289758240297931735e+00
3.286234757042996169e-01
-4.972073758500881624e+00
1.592825149381824623e-01
4.242014923967212248e+00
-1.240961315847145752e+00
1.294472860450164298e-01
-6.180114171155893565e+00
8.483078069397187448e+00
-1.256120344936979105e+00
-4.270353591561216078e+00
1.570741530970468869e+00
-4.846150545065377457e-01
5.797744836687370729e+00
-6.831478480428936351e+00
-5.458760975057976861e-01
4.347602718436505143e+00
7.007340988243555557e-01
-3.630886668571001952e+00
-1.581760877369713936e-01
2.114682536005747515e-01
6.389995147299924128e+00
-7.629480581569639597e+00
2.124985067328521993e-02
4.290170546948495200e+00
-1.200546300015542078e+00
1.416831703843135504e+00
-7.223168538836598707e+00
7.039831737997601202e+00
8.529350618494030423e-01
-3.710983053882134897e+00
-1.318897008415684802e+00
2.683519592454308711e+00
1.631962197693943573e+00
-5.271710324636891265e-01
-6.390721365522152198e+00
6.528864623375509879e+00
1.142858661849962765e+00
-4.106048607753643331e+00
8.324013030580241779e-01
-2.367527672601231536e+00
8.371164630176323840e+00
-6.905005915524750293e+00
-1.230827730348686533e+00
3.086250307320468345e+00
1.669953731126749830e+00
-1.445082538250459958e+00
-3.110100291003548456e+00
7.960920555363844020e-01
6.197355168739157705e+00
-5.256116488835738565e+00
-2.152015386098980354e+00
3.694974346660828246e+00
-4.567330873092136923e-01
3.275903301244226462e+00
-9.183455433194593454e+00
6.438135146505246986e+00
1.651197516364979023e+00
-2.490206680996749355e+00
-1.747576253695285242e+00
-2.008610517456022038e-02
4.517863497698424879e+00
-9.964036907859281644e-01
-5.834565363058977105e+00
3.893210423197463577e+00
2.931167041936204143e+00
-3.047153826562920997e+00
6.762581635413722481e-02
-4.087033547761639518e+00
9.621930275005849964e+00
-5.671131084840590475e+00
-2.077673816663871076e+00
1.932073787726156233e+00
1.563897750140789356e+00
1.632490373421251917e+00
-5.780825022539163527e+00
1.108495567566368134e+00
5.333886824964518603e+00
-2.523765583175503480e+00
-3.419468806672548933e+00
2.167897366457180119e+00
3.357584529202997103e-01
4.755176073200249043e+00
-9.670742757175009530e+00
4.655100076157308919e+00
2.468070020430297440e+00
-1.413929992000604541e+00
-1.147812742064011626e+00
-3.302495898610794178e+00
6.829783791386100589e+00
-1.117447094490024329e+00
-4.730678512695470239e+00
1.227654715390474660e+00
3.574469734841660529e+00
-1.078490178051512149e+00
-7.483771258128688597e-01
-5.246226032442404374e+00
9.336926922852438082e+00
-3.457422657155027945e+00
-2.777273711749062901e+00
9.318491477891929220e-01
5.422071124459617586e-01
4.936016776398464145e+00
-7.605537008124768406e+00
1.015255155156050249e+00
4.061046691310641776e+00
-7.603166734180488717e-02
-3.375115678038500544e+00
-1.840722235691281128e-01
1.159213383511886519e+00
5.539179883784209224e+00
-8.649511223488103084e+00
2.157668896544905124e+00
2.960628362596583685e+00
-4.775966441675452145e-01
1.996437219357138915e-01
-6.440484743053936256e+00
8.063151498505513715e+00
-8.025888895490483899e-01
-3.358991171009552801e+00
-8.728930861167767397e-01
2.823353785456534482e+00
1.568521749438495760e+00
-1.551915838722310426e+00
-5.626551966836176533e+00
7.657213618270660049e+00
-8.426091844279550713e-01
-2.977555437496302915e+00
4.069150336541116353e-02
-1.018217847961495837e+00
7.730696742246396802e+00
-8.175412136910896521e+00
4.898771171623685361e-01
2.654002433165623120e+00
1.577060575439825030e+00
-1.944218674721414519e+00
-3.011877733651005418e+00
1.906126329414225884e+00
5.513770728212804784e+00
-6.424898436987463768e+00
-3.993512921335620192e-01
2.795134374403869693e+00
3.893863228815657163e-01
1.852111205187607190e+00
-8.734147048611596631e+00
7.935176626108638942e+00
-9.758543557355858766e-02
-1.969289581251708166e+00
-2.012565736348284950e+00
7.843854413479123266e-01
4.442990719208527395e+00
-2.199384402873481470e+00
-5.217659756567853080e+00
5.029058838399586229e+00
1.483940237312940003e+00
-2.391348402666834794e+00
-8.210739925354866298e-01
-2.642298820254317615e+00
9.395488008501157395e+00
-7.356438066047834567e+00
-3.443946457381930060e-01
1.320757421817447819e+00
2.174355569706281965e+00
5.907187387635328690e-01
-5.786851951583409814e+00
2.409439878370545962e+00
4.764176186039012606e+00
-3.552651936879390071e+00
-2.336594376145269880e+00
1.757717937368576511e+00
1.258908767537134876e+00
3.335988473994790926e+00
-9.679826310992899252e+00
6.473985090663781250e+00
7.982481843558058010e-01
-7.167810211084499894e-01
-2.075620462797491683e+00
-2.101052262069243337e+00
6.969385226530867783e+00
-2.516761804542717584e+00
-4.185630473773829685e+00
2.079652610133022606e+00
2.897458772687385498e+00
-9.010798435658458061e-01
-1.702205120382549453e+00
-3.889804716964449849e+00
9.574644852507002923e+00
-5.341647564141308813e+00
-1.220557865534174447e+00
1.587537707620584881e-01
1.745969812111135333e+00
3.657066903738156238e+00
-7.922392131798528858e+00
2.507007018287357614e+00
3.517643343353247687e+00
-6.897041372797425574e-01
-3.125460236159131266e+00
-1.556721343363958177e-01
2.144367780843067450e+00
4.272102123218529002e+00
-9.090237583384624287e+00
4.029216776665619726e+00
1.565297544285925824e+00
3.576835759020562389e-01
-1.228567739047948582e+00
-5.165439455858100715e+00
8.588299696430230057e+00
-2.373206770719954228e+00
-2.796105733750027689e+00
-5.467713480433542550e-01
3.001167146051359591e+00
1.373997026889404394e+00
-2.572922443255537317e+00
-4.464281101023491516e+00
8.258649098464793781e+00
-2.618225334070058530e+00
-1.787288824453363123e+00
-8.408845516003840004e-01
5.764741356609750511e-01
6.535038226104173731e+00
-8.924363191919429283e+00
2.117446245333033161e+00
2.054395599452807808e+00
1.572680542851636165e+00
-2.528230454837668617e+00
-2.701293084370174569e+00
2.970278133431130119e+00
4.461061365297098291e+00
-7.131214561793036033e+00
1.196856328113213852e+00
1.845863043277509163e+00
1.301105744158514987e+00
1.515143488639096869e-01
-7.682720385953281550e+00
8.906006561067968619e+00
-1.751848238404689395e+00
-1.321072844788512057e+00
-2.347326046201130723e+00
1.733298200810853729e+00
4.073598432371460021e+00
-3.315165711097817880e+00
-4.269750767999615171e+00
5.774891340769588766e+00
1.456824590323084756e-01
-1.708442309514245139e+00
-1.748305928190029945e+00
-8.952027286172232756e-01
8.538569744832701147e+00
-8.529036953283812394e+00
1.298726107852251399e+00
6.182236540565103633e-01
2.848254685436839129e+00
-6.644015934932752110e-01
-5.419256161236503999e+00
3.584631644765015945e+00
3.908624087396443514e+00
-4.267654623053168450e+00
-1.324940695302593063e+00
1.353746810296352798e+00
2.190065500317346370e+00
1.597193574786998305e+00
-9.050225660595708987e+00
7.810544522544904389e+00
-7.898381514440044882e-01
3.943752250903220791e-02
-3.071800664965295802e+00
-6.120829932794631389e-01
6.663315762841213186e+00
-3.756410706840426883e+00
-3.404591674057925843e+00
2.693289613730872389e+00
2.266769188549371261e+00
-7.743525470330290261e-01
-2.629842318989635164e+00
-2.206641440131439147e+00
9.186019387835472116e+00
-6.788388784509864493e+00
2.647505239746679173e-01
-6.446705769539523567e-01
3.032332901632057265e+00
2.015692643865979683e+00
-7.732379642365120986e+00
3.811460477530721924e+00
2.790386644692089302e+00
-1.135948544655117853e+00
-2.912242293761606149e+00
-2.163677234835770236e-02
3.065746952743891640e+00
2.682311796223630473e+00
-8.936719347397879432e+00
5.519271982805799226e+00
2.316074151101408241e-01
1.197051200666154003e+00
-2.760308626250500108e+00
-3.457068816836021519e+00
8.559560550734742534e+00
-3.736418204070688809e+00
-2.101528109081235218e+00
-3.251505784290729117e-01
3.221615685361840953e+00
1.009980334727875295e+00
-3.489970878104942109e+00
-2.994753341464011509e+00
8.315785299425973776e+00
-4.075500869505732204e+00
-6.520391290956992769e-01
-1.701652880861260542e+00
2.299318134869178909e+00
4.843727807287026010e+00
-9.089196916779206603e+00
3.525738822716624199e+00
1.373324870025941946e+00
1.620525048130651458e+00
-3.177040481771299607e+00
-2.150854491560846959e+00
3.888939602513779459e+00
3.127468072004071509e+00
-7.358136007142581647e+00
2.540633624785156197e+00
9.506103479770628972e-01
2.167228373072946024e+00
-1.702372496500064170e+00
-6.086018634370644165e+00
9.280980142234415808e+00
-3.183292307274283139e+00
-6.381690937857178447e-01
-2.694413785571175168e+00
2.783839404982172638e+00
3.390586076386298053e+00
-4.244194299567497275e+00
-3.077045523935483029e+00
6.117538081414256368e+00
-1.004291222629298375e+00
-1.086348059953706535e+00
-2.604091918631527669e+00
1.027732400063612328e+00
7.102864702456324508e+00
-9.113180945713509118e+00
2.723237704761632738e+00
-7.666568650777405569e-02
3.507700009546369735e+00
-2.070249686551075996e+00
-4.664490480811458006e+00
4.533936201942768029e+00
2.852309531394074504e+00
-4.662817858555929007e+00
-4.435238372769587656e-01
1.026819258562776671e+00
3.021927446978543319e+00
-3.345991271821655011e-01
-7.826902650705107156e+00
8.584718820623079338e+00
-2.170047339530342789e+00
7.505598878828518838e-01
-4.039603525298823605e+00
1.085643691880389561e+00
5.900653529674009690e+00
-4.735103673947422820e+00
-2.472601268669267327e+00
3.073176668523684540e+00
1.718218751469432704e+00
-7.512963232371054900e-01
-3.427751716618024691e+00
-3.210133070131995781e-01
8.208676126479028667e+00
-7.715895779200014459e+00
1.557623354288685480e+00
-1.370318432788630192e+00
4.288068308605438972e+00
1.026559282992618449e-01
-7.024419291243338748e+00
4.825798168071568028e+00
1.965385457177559525e+00
-1.432947195454453704e+00
-2.746116161583500581e+00
2.532360209892852154e-01
3.824244609653410620e+00
8.899317582373403868e-01
-8.219610465010564582e+00
6.547707388409728324e+00
-9.275245496936270762e-01
1.930149404988039885e+00
-4.268866624683044897e+00
-1.413751978427977951e+00
7.963284953705097813e+00
-4.787836897848865014e+00
-1.363412701886668854e+00
-1.738390696381326705e-01
3.469294457977297075e+00
4.581583372656110598e-01
-4.208623119469756091e+00
-1.332757616551443203e+00
7.853581365893356647e+00
-5.139744079066369764e+00
3.263982503401021695e-01
-2.430895250299589083e+00
4.013532502173244865e+00
2.758442126079392764e+00
-8.651863813660256142e+00
4.609190531352794551e+00
7.016966984860275591e-01
1.668698030318423786e+00
-3.849425435558317066e+00
-1.357459873070291145e+00
4.572184058292748432e+00
1.621899519029745829e+00
-7.126990210160180972e+00
3.566796546607768015e+00
1.972166540744511032e-01
2.878627159953118131e+00
-3.566318243904788687e+00
-4.045023195485443424e+00
9.036561756483678209e+00
-4.286065487461159229e+00
-1.456892221986039182e-02
-2.983399350963729102e+00
3.870339278623230683e+00
2.403717132209599150e+00
-4.900577588903210824e+00
-1.742600625719643359e+00
6.077363372577032408e+00
-1.914373326787727869e+00
-5.964892645507227087e-01
-3.282768562048292704e+00
2.980431986231514507e+00
5.185235508887886091e+00
-9.079623054838066309e+00
3.824412752145521566e+00
-6.669444414909655450e-01
4.063826255903303597e+00
-3.539133721341915617e+00
-3.542333033417161658e+00
5.174804743660500250e+00
1.692938099922001838e+00
-4.760595140252356749e+00
2.734192934973664890e-01
8.300290482050511898e-01
3.653953464329298129e+00
-2.313857655538829050e+00
-6.099944425844899598e+00
8.762237600787040392e+00
-3.240687030922380529e+00
1.317216202405685710e+00
-4.872749927653996060e+00
2.885744602189247665e+00
4.708037782432685781e+00
-5.372863048721194801e+00
-1.482853599998712468e+00
3.247046280410323948e+00
1.265415200873905910e+00
-8.654581892521480135e-01
-4.001846495452733521e+00
1.625078228476606101e+00
6.724176750202424557e+00
-8.086461584565462601e+00
2.561738381527675745e+00
-1.917429302224355148e+00
5.391363338343805545e+00
-1.961001699916628649e+00
-5.828783735213127315e+00
5.471901172535449831e+00
1.132347431140916960e+00
-1.616786325158296567e+00
-2.617568227972975503e+00
6.825308711747077872e-01
4.333152217653249316e+00
-9.690180569247324183e-01
-7.011177124682263617e+00
7.075783084638299414e+00
-1.823788690649082778e+00
2.456217595910807017e+00
-5.619512319610268314e+00
8.332990185972810604e-01
6.830314803538320767e+00
-5.450691664956280214e+00
-6.690298545877735314e-01
-4.567805194539534958e-02
3.710027621967440403e+00
-2.755297150194375710e-01
-4.650021676301838269e+00
3.934911551310638078e-01
6.935220349538457008e+00
-5.774257453847026156e+00
1.070521882699157157e+00
-2.929519753311438102e+00
5.574656887897428525e+00
4.158950213307480714e-01
-7.641104264878816110e+00
5.292194938954159156e+00
1.252663742040605044e-01
1.656817257749601424e+00
-4.486083084448125646e+00
-3.452849148720278372e-01
4.949025958311036533e+00
6.360744742310608935e-02
-6.493004489308108695e+00
4.244238063916629500e+00
-3.503933797117717575e-01
3.339700800323927243e+00
-5.289686177282183266e+00
-1.697381681097509087e+00
8.197317616788804884e+00
-4.985970975016731366e+00
4.648234407652935829e-01
-3.139262467876883900e+00
4.909038404450098980e+00
1.153332358711572248e+00
-5.220813053577161078e+00
-3.761965565876299600e-01
5.703550118311423667e+00
-2.562828565133784764e+00
-2.866652450771396410e-01
-3.694060665240353369e+00
4.809789158402482556e+00
2.920065865998717314e+00
-8.447444688351684050e+00
4.530199532917695393e+00
-1.068253240206924470e+00
4.426410654312653570e+00
-4.964623089588166671e+00
-2.106556241725022982e+00
5.450500138046100673e+00
5.308965352341745714e-01
-4.606635747635214884e+00
8.172759082110787610e-01
7.929121858117924582e-01
4.002902339190512748e+00
-4.188644991009257801e+00
-3.996882827514032233e+00
8.356259034061459090e+00
-3.933094946707266448e+00
1.655703642807604847e+00
-5.466152387238751409e+00
4.661931651786527908e+00
3.149448588993382536e+00
-5.618784016623599165e+00
-5.268986823951578025e-01
3.259900766990266874e+00
9.003979837251914198e-01
-1.126556554350321093e+00
-4.277369501978093069e+00
3.484237117956570096e+00
4.850415992051738456e+00
-7.907802161377453842e+00
3.213546125495722716e+00
-2.203502875888410095e+00
6.223493903774212299e+00
-4.032820391780273184e+00
-4.216155796837059100e+00
5.703683830259216769e+00
3.748853394596243227e-01
-1.734837830996882380e+00
-2.499169755066428245e+00
1.255319266070422657e+00
4.527281670857842499e+00
-2.754611515498015972e+00
-5.417828246601632536e+00
7.107152898034197364e+00
-2.400872836367943464e+00
2.694910453872440659e+00
-6.681929959987876089e+00
3.129798482334329002e+00
5.234483521302122355e+00
-5.682768164270292743e+00
-9.514195421496163263e-02
1.119700820237092831e-01
3.894803857444576245e+00
-1.159501118083320570e+00
-4.759192669116123042e+00
2.053891196884142012e+00
5.654779529878013911e+00
-5.980823912962793365e+00
1.533660996051183112e+00
-3.120626503593185497e+00
6.843517408995441365e+00
-2.022554751600196710e+00
-6.130543775508188631e+00
5.535668797210537839e+00
-2.849391568436994149e-01
1.524440182940896005e+00
-5.015262160767140820e+00
8.342919357842299988e-01
4.974875769279424986e+00
-1.428827353649902765e+00
-5.538076875520256515e+00
4.575722302298345312e+00
-6.577168375426323266e-01
3.478520807567443640e+00
-6.727694187599801978e+00
7.933562640321645265e-01
6.833731158919297499e+00
-5.246649939763510240e+00
7.337230934655813996e-01
-3.091779243135872601e+00
5.805361014744931936e+00
-2.911030483600360874e-01
-5.170398217238483696e+00
9.161154176124457482e-01
5.066893691546667355e+00
-2.956712410114028078e+00
-1.767438055184014090e-01
-3.772646026469927527e+00
6.368977374569948502e+00
4.683672437337407235e-01
-7.281680847571857740e+00
4.806988034666985321e+00
-1.218304763493327947e+00
4.514195520957594354e+00
-6.230352060601287434e+00
-4.422275612942514478e-01
5.335892488707144388e+00
-5.406363619659360076e-01
-4.262496359237296417e+00
1.202919281266523033e+00
9.184855424537730073e-01
4.011662958185116423e+00
-5.813750684641510347e+00
-1.671883397851138264e+00
7.424851818002198733e+00
-4.216924525444682104e+00
1.707331697656283787e+00
-5.727096622112814117e+00
6.278175732155895084e+00
1.322427102512376162e+00
-5.456066305594697852e+00
3.147054028708686779e-01
3.166520783993585830e+00
5.969970585923538575e-01
-1.518980839371671721e+00
-4.206856805881707295e+00
5.116410705432766548e+00
2.731062710192888598e+00
-7.230395956650155220e+00
3.486982221435843243e+00
-2.173443131709159815e+00
6.680739777883253794e+00
-5.960227310822427071e+00
-2.292957586677871529e+00
5.511423734310996636e+00
-2.383282705940326096e-01
-1.837941737881542581e+00
-2.350289785399354070e+00
1.936194261125790295e+00
4.369958037346140856e+00
-4.335178334521750720e+00
-3.569929641886806060e+00
6.685016435278383184e+00
-2.638483022925954380e+00
2.595133619534464753e+00
-7.342697736490197968e+00
5.310578112735777623e+00
3.287253861682678746e+00
-5.480101579475382678e+00
3.003859293164223843e-01
3.489664924795627954e-01
3.965933763229564590e+00
-2.138125805306568150e+00
-4.510996699459647097e+00
3.527894928855102918e+00
4.127486594518739338e+00
-5.796584280201726003e+00
1.703167265098479710e+00
-2.957906870797310628e+00
7.699068415168248691e+00
-4.383701505360791728e+00
-4.232836349922989960e+00
5.340164655563986784e+00
-4.805982387213618701e-01
1.219844937771298321e+00
-5.360402072584686373e+00
2.105821718078016769e+00
4.636413810350513920e+00
-2.748111221041670937e+00
-4.361491737758870890e+00
4.594365935574937332e+00
-7.218879155655442137e-01
3.254652895655910427e+00
-7.754390384475517095e+00
3.250857252719567825e+00
5.056032727750620737e+00
-5.072155663710206319e+00
7.520609514435778742e-01
-2.784882547075174131e+00
6.463015994590471713e+00
-1.835590736064932393e+00
-4.747628212702210249e+00
2.041742557608193120e+00
4.250947270585761828e+00
-3.127810885565045051e+00
-2.575695010375844696e-01
-3.485253083743331981e+00
7.530320404728099604e+00
-1.995380681589770333e+00
-5.686988864687543277e+00
4.661664598164611206e+00
-1.084112777552904472e+00
4.264839539432399462e+00
-7.220499725057408114e+00
1.340214935046416533e+00
4.840214234992515685e+00
-1.444509693512213033e+00
-3.797146950521036679e+00
1.463950116995538453e+00
1.183414375646555161e+00
3.655487467334785912e+00
-7.063216752619825733e+00
7.071986434934969257e-01
6.064618034700243854e+00
-4.101671755303858191e+00
1.445272624583960663e+00
-5.585748431571180284e+00
7.600423464928177886e+00
-6.490137932251014430e-01
-4.903788365402163230e+00
9.803149268869915112e-01
3.023233715218058837e+00
3.164440584595181738e-01
-2.003330922096832722e+00
-3.775380262887842342e+00
6.400846563884385887e+00
5.230532016381062022e-01
-6.141131556116611989e+00
3.394428787759629085e+00
-1.805992409707436241e+00
6.685363852128396012e+00
-7.593293785157461784e+00
-1.932972945910246265e-01
4.922636777833550248e+00
-6.606245586300962813e-01
-1.972322504169210067e+00
-2.123695914243100447e+00
2.668261139687057693e+00
3.857168691505203473e+00
-5.598491573839639912e+00
-1.609911367787841385e+00
5.885814557799275093e+00
-2.552673362764679155e+00
2.140997128752196499e+00
-7.516610772837548637e+00
7.213142964356545228e+00
1.128923101245558502e+00
-4.877045632935828934e+00
4.848469123683289972e-01
7.043423969430313569e-01
3.864746752375249450e+00
-3.136205464068368087e+00
-3.913112002187313809e+00
4.714760646943757294e+00
2.478565935173923762e+00
-5.287756463149708708e+00
1.600022647489546923e+00
-2.431028557389439460e+00
8.049890984239631564e+00
-6.496572706363893168e+00
-2.090358283718054544e+00
4.745228607232244045e+00
-4.416169624475023703e-01
7.081611927985247412e-01
-5.448990111228734889e+00
3.375741554478119077e+00
3.953369956084006098e+00
-3.807427292825758425e+00
-3.069575185423802477e+00
4.357314054805491388e+00
-5.704552927680837104e-01
2.663867994390030525e+00
-8.274128016991722845e+00
5.500314803013647946e+00
3.004606380071838334e+00
-4.505686911558560048e+00
5.108300982725006989e-01
-2.184955421929669850e+00
6.794027179626974444e+00
-3.368970978103332570e+00
-3.984171817874722077e+00
2.929595804195463948e+00
3.342502769674934981e+00
-3.126170926403227579e+00
-4.931342184903619863e-01
-2.834581660495068878e+00
8.196524680634265536e+00
-4.297474189019739654e+00
-3.797973525775888870e+00
4.139791331686237363e+00
-6.662139323982532169e-01
3.643426286305448958e+00
-7.830949040045432241e+00
3.113636223448971840e+00
4.006468906085173032e+00
-2.126462432031838823e+00
-3.278244685237572398e+00
1.645954646692149081e+00
1.541246971255535669e+00
2.945003874493115514e+00
-7.841100830142492484e+00
2.972711018341123168e+00
4.401110942245217039e+00
-3.634347667709229235e+00
8.781922862288835674e-01
-5.003889779140964222e+00
8.508781653673800349e+00
-2.624204512038795567e+00
-4.015218399332619370e+00
1.432881563050660834e+00
2.879907061492032572e+00
1.452498505894883607e-02
-2.520819370664393322e+00
-3.002541870171839822e+00
7.246164920117074359e+00
-1.616691309211778504e+00
-4.753951988799201445e+00
2.983899052890554238e+00
-1.116781933329803245e+00
6.194543840360450915e+00
-8.797784968427967200e+00
1.931786568114226332e+00
3.999387259083544865e+00
-8.718760363275248615e-01
-2.172198315017942694e+00
-1.773254089122689781e+00
3.378787100252681252e+00
3.018446311089864498e+00
-6.460945096033899659e+00
3.201851312753900558e-01
4.810187040143956594e+00
-2.192532032142379350e+00
1.354270972840932341e+00
-7.155731428522136284e+00
8.691375311317914409e+00
-1.082842678092879485e+00
-3.942697831015924859e+00
4.541514105906068188e-01
1.199403129398402879e+00
3.539957890372960492e+00
-4.065916804012569052e+00
-3.005738180291213091e+00
5.541658882896807192e+00
8.317862549739674094e-01
-4.540943345760401151e+00
1.274987257621885473e+00
-1.567456695613266504e+00
7.843242554366595343e+00
-8.206534795521726267e+00
1.367187827878532103e-01
3.825066674392757271e+00
-1.785926039232506035e-01
-2.210341229379952921e-02
-5.221685598586398136e+00
4.540615691416495459e+00
2.977011909108639998e+00
-4.547331374008273031e+00
-1.765358966498304483e+00
3.937386045778748400e+00
-2.569277846614347327e-01
1.739267683163678857e+00
-8.230459045539706864e+00
7.382676056436428880e+00
8.378548503778728840e-01
-3.624621450302161652e+00
3.364434825103934656e-02
-1.287104125996009429e+00
6.728664022014567259e+00
-4.772418130352313881e+00
-2.942343977952834422e+00
3.535678387313858195e+00
2.422429436435043826e+00
-3.012027441597266098e+00
-8.257157372162948761e-01
-1.859655415040169846e+00
8.309234205895702274e+00
-6.279037703478842047e+00
-1.767087554944775096e+00
3.320123047967145524e+00
5.896630170552086270e-04
2.648578807472243390e+00
-7.980023518981461450e+00
4.744860802322801163e+00
2.907525053543815297e+00
-2.559353430140520302e+00
-2.764149707990510407e+00
1.798619537872066854e+00
1.928328377360385648e+00
1.925709562796578567e+00
-8.089493591762003888e+00
4.970787715538177665e+00
2.576991697311232787e+00
-2.893576608649269133e+00
5.025486509458154671e-02
-3.980938605414505727e+00
8.909004584126556381e+00
-4.457493758258697980e+00
-2.872803023252667565e+00
1.662817441549826247e+00
2.773093255317693462e+00
-3.506035324382272833e-01
-3.000049855979319169e+00
-1.941022502065364641e+00
7.597635737847790338e+00
-3.544101273650382744e+00
-3.198453746120794694e+00
2.332789652454439810e+00
-1.576589103393830626e-01
5.206322596640093892e+00
-9.467286057917025488e+00
3.926831496232579433e+00
2.832276688146308175e+00
-8.800317944021653904e-01
-2.453964602801096628e+00
-1.261807801051720856e+00
3.986921311608997875e+00
1.914396323877115780e+00
-6.873895942785628321e+00
2.090549793268405843e+00
3.572155949045415557e+00
-1.633630598594698835e+00
2.930721207743651746e-01
-6.255253020824050658e+00
9.628134452571600832e+00
-3.186122053147983468e+00
-2.774019441081239101e+00
2.331029423610773144e-01
1.832829021461856556e+00
2.955740503134289821e+00
-4.835526816256107807e+00
-1.858044072109853673e+00
5.968906033205962913e+00
-7.011841639392479841e-01
-3.652992405627742301e+00
8.017573912989303109e-01
-4.305134389047760024e-01
7.070774179928733361e+00
-9.388154108425545985e+00
2.283897714616750729e+00
2.680944134335227158e+00
2.680726376278457224e-01
-9.549419676477990393e-01
-4.640701022768999984e+00
5.496866387563769329e+00
1.785481194249333825e+00
-4.939733437275876327e+00
-5.392858319901843167e-01
3.413650560739704076e+00
1.463772575746741245e-01
5.487047234756825542e-01
-7.611605397458411026e+00
8.767514123750247634e+00
-1.281361938442290072e+00
-2.532350348058703293e+00
-6.251954718982775105e-01
-1.186457957211319858e-01
6.224217891508366129e+00
-5.930166664941449284e+00
-1.709329597647105237e+00
3.845710551867589366e+00
1.557823523151989686e+00
-2.847081240352076659e+00
-1.183382979582106920e+00
-6.325707068393742194e-01
7.854122933868424639e+00
-7.808633338186000472e+00
2.487565592365492684e-01
2.306029415244978509e+00
8.500900167376896910e-01
1.315449186706128870e+00
-7.617705746226185681e+00
6.106327370440664204e+00
1.639263093035571162e+00
-2.744368722186480980e+00
-2.297553649549775923e+00
