0.000000000000000000e+00
5.774623663293597886e+00
-4.660434311326758561e+00
2.208359205805881409e+00
-4.372968398520600708e+00
5.520835815443422057e+00
-5.766684396157981674e-01
-3.456924695683307291e+00
3.025807025647204718e-01
3.691490266175811996e+00
-2.192641970570003984e+00
7.081011898616402789e-01
-4.195522011551780395e+00
5.911858297411770380e+00
-4.143517745388982654e-01
-5.175963125995247438e+00
4.392448936657895153e+00
-2.957984096728284218e+00
6.004199593345502350e+00
-7.155020259208678013e+00
1.642428771755627626e+00
3.043870634355517968e+00
-8.120662150732269602e-01
-1.967939775998941876e+00
-2.272174108515974122e-01
1.334426850305443280e+00
3.040945000340651294e+00
-5.471959583860208198e+00
6.228472988852788994e-01
4.309121722670919752e+00
-3.473973382155493006e+00
2.875388900518767166e+00
-6.858702789839572489e+00
8.302948157999185952e+00
-2.651301331992852450e+00
-2.317482067951464053e+00
8.615354789399902735e-01
6.079181365823442817e-01
2.548163807404980385e+00
-3.617202506956683994e+00
-1.364038255991087301e+00
4.445657783073275304e+00
-4.656178102239092453e-01
-3.401943901396597969e+00
2.091980991076148211e+00
-2.016448462226386518e+00
6.830149689047967598e+00
-8.736563653368735416e+00
3.345923242755528992e+00
1.456467495453694694e+00
-4.672346835735727844e-01
2.173633906770744417e-01
-4.460022039329976984e+00
5.794361948387399153e+00
-5.681721638056460577e-01
-2.938978294015263781e+00
-1.344399893585745964e-01
2.668495986049583379e+00
-4.987482860075418412e-01
5.611221143336438955e-01
-5.952085800002367755e+00
8.334263582977845530e+00
-3.505787882928194321e+00
-6.811179338933943672e-01
-2.561855267002272063e-01
-4.490161433390458257e-01
5.731923522759124978e+00
-7.533926562070698552e+00
2.432253308193282670e+00
1.159819787215849329e+00
1.151529875042991424e+00
-2.264784666229255450e+00
-1.037873763048033471e+00
1.221244155995295344e+00
4.392305517805364268e+00
-7.106350119446950053e+00
2.992977210373771957e+00
2.065600313526672061e-01
1.123414516389991347e+00
1.444420886378878777e-01
-6.248210585573133358e+00
8.573188825087665776e+00
-3.902968185526168199e+00
6.157493836882363958e-01
-2.457687082315240801e+00
2.257217130743671696e+00
2.285113394526471886e+00
-3.021352711670186597e+00
-2.424018571274290768e+00
5.197536669009718224e+00
-1.783887418436647332e+00
-1.958824794376421430e-01
-1.920149833913096904e+00
5.407052259495559454e-01
6.023056317354690492e+00
-8.761926850069539086e+00
4.709459007722073487e+00
-2.091577418252700493e+00
3.844554264419739464e+00
-2.609909051044352335e+00
-3.087303876833599414e+00
4.544943491105744471e+00
3.789885374188619593e-01
-2.865681938711775345e+00
-1.946339301869759453e-02
7.224630878264250988e-01
2.450296322761111867e+00
-1.388598168955959444e+00
-5.191614434019552249e+00
8.085835267576015895e+00
-4.682875138526854109e+00
3.005169987078186278e+00
-5.062281820903249852e+00
3.193246107976462245e+00
3.391513710770308165e+00
-5.563270560419249833e+00
1.408934327309237400e+00
4.402717871979711095e-01
2.201209226891603699e+00
-1.749144077648667306e+00
-2.579258513827200616e+00
2.166030618326912904e+00
3.979846120636546747e+00
-6.666166597862193122e+00
3.786781662615800848e+00
-3.177142967563092224e+00
5.868253865276249925e+00
-3.811950819519358991e+00
-3.252246594404987867e+00
5.949983884068821283e+00
-2.659772511392306527e+00
1.732109218619505508e+00
-4.464864309932459641e+00
3.128741382508085422e+00
2.264661906104466382e+00
-2.672677830985762615e+00
-2.659061126674646669e+00
4.735903813333506740e+00
-2.124759788321164411e+00
2.547083671700185903e+00
-6.076332646167021068e+00
4.247091997263582996e+00
2.814738487991823135e+00
-5.697991741933957854e+00
3.192927053736752452e+00
-3.345666924619441929e+00
6.482344906661158923e+00
-4.626323359534421087e+00
-1.568281784084509578e+00
2.781408072794159470e+00
1.493937453818660277e+00
-2.597030610959160768e+00
-7.627519991104048103e-02
-1.188904570017442319e+00
5.597065687143036428e+00
-4.303727526064049513e+00
-2.280496720353253792e+00
4.913702174562893710e+00
-2.954272849746647278e+00
4.186353794589686039e+00
-7.950107331706965041e+00
5.959519201546946476e+00
6.466057749099749508e-01
-2.462869954883296852e+00
-6.938474739981019823e-01
5.668470281227819818e-01
2.504117740552704863e+00
-6.975261574964422007e-01
-4.460870147856851986e+00
3.854718294974843751e+00
1.862118419496681998e+00
-3.790307425624228621e+00
2.020321548024156311e+00
-4.166840278759523564e+00
8.642293864103075762e+00
-6.849608286838189564e+00
2.783858875479359174e-01
1.789692204950922960e+00
3.765316364829431883e-01
1.076826627124872093e+00
-4.813893056766423761e+00
2.817362011006585121e+00
2.819313427740866906e+00
-2.871916100141144845e+00
-1.736451162080772104e+00
2.565681411362863429e+00
-5.791680757178040428e-01
3.339348541549778560e+00
-8.451209962627110883e+00
7.073967385255262030e+00
-9.627627052477956138e-01
-9.196244383172125225e-01
-5.506851453697660936e-01
-2.141647706472394663e+00
6.685851749647481412e+00
-4.829089744873193979e+00
-9.236725082241591389e-01
1.438290724732391501e+00
2.005436368051914720e+00
-1.473275916623936421e+00
-1.107812241132412057e+00
-1.884216393977798276e+00
7.407679862551542982e+00
-6.510033326961476519e+00
1.190196059967905784e+00
6.105583114348389628e-02
1.120335558776589302e+00
2.549803894116691616e+00
-7.878041612596188514e+00
6.401688815559881007e+00
-9.157818050003282417e-01
2.618215916792774323e-01
-2.672456221520891795e+00
6.956039091734917967e-01
2.756074257539055328e+00
7.645775725849202065e-02
-5.677438435941311035e+00
5.162366431806598044e+00
-8.179266458977498822e-01
5.722102086566267509e-01
-1.909693355230747125e+00
-2.345225944333798385e+00
8.264555604475241068e+00
-7.270485412801894753e+00
2.382665841782801497e+00
-1.972976476072272334e+00
3.638979285231022764e+00
-3.292713707898751174e-01
-4.110321975006270279e+00
1.763450506415220165e+00
3.534050873432315498e+00
-3.167420078619240797e+00
-1.899046282403431540e-01
-8.079298811980528683e-01
2.703249171937339490e+00
1.678191755193467527e+00
-7.852748474072313911e+00
7.281739737474271834e+00
-3.210046846083852934e+00
3.414045540244246890e+00
-4.722345690904747428e+00
3.681914761401317016e-01
4.989469422619308148e+00
-3.325527414645635282e+00
-1.313108241079588234e+00
7.746797432797142280e-01
1.748338307645631140e+00
5.547578037126021933e-01
-3.293009462514536967e+00
-7.707759996413015013e-01
6.776701974694987918e+00
-6.418024342511754021e+00
3.228578437030343196e+00
-4.330471200054422098e+00
5.691403637357064227e+00
-7.080365831903518981e-01
-5.315936975898599037e+00
4.362843573593480961e+00
-6.441605085307844369e-01
1.692820703527572190e+00
-3.660277143915716014e+00
1.740137800053065398e-01
3.523449260569545327e+00
-1.298714002250296318e-01
-5.268575209540987458e+00
4.799926483692252610e+00
-2.398339735287136065e+00
4.543571954994314765e+00
-6.313192915088927215e+00
1.170839312475997485e+00
5.124158033869898432e+00
-4.731280173968010594e+00
2.047817780318213821e+00
-3.891774683704860127e+00
5.646718461762541885e+00
-1.257319131418898728e+00
-3.325260830120936539e+00
8.012564646327224871e-01
3.613492968296628582e+00
-2.663896869342589735e+00
8.184040581336349263e-01
-3.987506111736808023e+00
6.401641558173515101e+00
-1.544734538826612269e+00
-4.547184034125317353e+00
4.409577630986164287e+00
-2.706584704061642199e+00
5.516251982189789516e+00
-7.393406223286690171e+00
2.484845888584589879e+00
2.731190577540203890e+00
-1.088693376835413229e+00
-2.096558058408687142e+00
3.203784110529717122e-01
1.287821974074069953e+00
2.726664054650105751e+00
-5.858729581497610361e+00
1.630886123358292528e+00
3.784458359108196390e+00
-3.496493223174004683e+00
2.557331649043724564e+00
-6.349435485295205517e+00
8.605605699412038234e+00
-3.594102727386590423e+00
-1.870759290785641404e+00
9.336820276450086276e-01
9.518857876120900841e-01
1.900114129377324268e+00
-3.609052269056323148e+00
-9.498018882827877762e-01
4.699886072370405010e+00
-1.288227535307175486e+00
-3.057390985924349991e+00
2.186169812101249388e+00
-1.671679002031503325e+00
6.300179975047859315e+00
-9.061058524123227542e+00
4.319281591106554075e+00
9.447837867834749659e-01
-3.822539692260320532e-01
-3.230170925323205822e-01
-3.703179927334969257e+00
5.797967397121789546e+00
-1.058501708624037363e+00
-3.058284591853686951e+00
4.670350070922362207e-01
2.561635204655952069e+00
-7.268475225556718655e-01
2.388959420010484114e-01
-5.417850488862907099e+00
8.651369318150070598e+00
-4.442792939130114860e+00
-1.845746728481663101e-01
-4.280504386814034667e-01
2.417861015998679086e-01
4.878895875752013112e+00
-7.529253951669549139e+00
2.964281660611869818e+00
1.166647783298019991e+00
7.755258833292044685e-01
-2.425521079950867076e+00
-6.289243304442657667e-01
1.471396528343754673e+00
3.882822995602572380e+00
-7.404082705434232636e+00
3.839684950510179107e+00
-1.962808029914842045e-01
1.299758880794468219e+00
-6.291379341153406912e-01
-5.333823332675576623e+00
8.553523023107590717e+00
-4.440381332101214440e+00
6.805740968551909909e-01
-2.281284719553788420e+00
2.682839012556897273e+00
1.672956392367932921e+00
-3.159575547535631745e+00
-1.974433085195548498e+00
5.481167858888121636e+00
-2.506336609724853393e+00
4.811218649090465149e-02
-2.019189443835789799e+00
1.317194551169996286e+00
5.101233240833160210e+00
-8.737567472007727432e+00
5.222400541760368498e+00
-2.178025294941588363e+00
3.817653535860032310e+00
-3.265336042349386680e+00
-2.279716880934629764e+00
4.549992172073245911e+00
2.222604399276217890e-02
-3.153901078628677634e+00
5.676315057690599630e-01
6.798298758632701499e-01
2.403558099009329485e+00
-2.087844666674413929e+00
-4.328206448763875613e+00
8.083935061494710084e+00
-5.154354029968558848e+00
3.064086318031196132e+00
-5.120162088680088708e+00
4.016429787348693381e+00
2.427117220338859127e+00
-5.438628727925979511e+00
1.650655952513577107e+00
7.584358306217353629e-01
1.739243770179033532e+00
-1.922690432449123854e+00
-2.342048079249440917e+00
2.720045620145281173e+00
3.242553044052798761e+00
-6.726586780838204049e+00
4.215808029915576682e+00
-3.169292869147825709e+00
5.943033217915916211e+00
-4.723496908666951377e+00
-2.196093754948032828e+00
5.725827636689840183e+00
-2.781764187976561775e+00
1.360122059522853144e+00
-4.101906182381943822e+00
3.505362666550905004e+00
1.822570734567977357e+00
-3.036449188595894633e+00
-2.106186796205649525e+00
4.903772415267184215e+00
-2.525590604904616399e+00
2.449495526702872183e+00
-6.108215403162440715e+00
5.162446609738669423e+00
1.749418129032747071e+00
-5.428404555713955304e+00
3.211652172746864764e+00
-2.905213121564209189e+00
6.184408321955196186e+00
-5.169428737781069927e+00
-9.386979889066275895e-01
2.940190537278923877e+00
1.164003171410247450e+00
-2.913379990746301829e+00
3.214044827422532502e-01
-9.974215605101499627e-01
5.543420493342832600e+00
-5.145842209473038942e+00
-1.294183691200488262e+00
4.669412050348802801e+00
-2.906839693123012491e+00
3.677688058388338455e+00
-7.684257557514483139e+00
6.617118803080307643e+00
-1.249266813005744936e-01
-2.434659109169449831e+00
-5.979995887217244288e-01
1.059140319013478049e+00
2.080971945241635979e+00
-9.698029673694861241e-01
-4.301639615525990834e+00
4.565056063926720142e+00
1.035557415711937157e+00
-3.648055075770940014e+00
1.959700038090498975e+00
-3.607408783845248657e+00
8.384595279899317077e+00
-7.564413350517531498e+00
1.126215486327815540e+00
1.622419913394360425e+00
4.952275392583933566e-01
4.023805873216135254e-01
-4.341533251027081874e+00
3.145235603622557718e+00
2.557979380999361396e+00
-3.417990061119260403e+00
-1.131060287154122879e+00
2.595978201058425139e+00
-5.658229088510799976e-01
2.762115036625509390e+00
-8.192101707254863641e+00
7.793556806783730195e+00
-1.812087521259566847e+00
-6.835321506522129553e-01
-8.354068952322655228e-01
-1.304367819632462400e+00
6.153264354431021488e+00
-5.182822362852274267e+00
-5.838500784709577118e-01
1.816574987382040929e+00
1.654527042383284741e+00
-1.728649390163220279e+00
-1.016456635532636987e+00
-1.332230917680722548e+00
7.153725825781843461e+00
-7.195200635660195410e+00
1.968956991902322651e+00
-1.624593979638688790e-01
1.500194249836660276e+00
1.594371016655988349e+00
-7.292509604802851264e+00
6.755277642102393898e+00
-1.297233273184218660e+00
2.792364115619905274e-02
-2.577020671395663598e+00
1.201390441019925426e+00
2.516451065653315222e+00
-4.053468604809308262e-01
-5.449151951890859991e+00
5.792174127441308329e+00
-1.467553435756554059e+00
7.033754236430540541e-01
-2.301911823483899333e+00
-1.336856773634663265e+00
7.653615624166286935e+00
-7.608859512250193191e+00
2.764499316513592042e+00
-1.839535565031098496e+00
3.768694883910324922e+00
-1.078602674778811554e+00
-3.701811757304722228e+00
2.137655984443910029e+00
3.360301847168381872e+00
-3.740170193398864029e+00
2.932906626625255697e-01
-7.808345922913693116e-01
3.025806620259655855e+00
6.937995499213731598e-01
-7.261928741818444166e+00
7.605310380913732793e+00
-3.555610633774589413e+00
3.326047043561442429e+00
-5.021532924456584723e+00
1.322106585902671938e+00
4.420003787794190231e+00
-3.570949141113977099e+00
-1.223324353631449979e+00
1.304827314254072057e+00
1.443998734656778193e+00
3.270062663902306710e-01
-3.477329254911367684e+00
1.124671258167790899e-01
6.263250388366421895e+00
-6.743564151631488812e+00
3.513119673216208216e+00
-4.232455786327706804e+00
6.088817301399714665e+00
-1.800761874068621093e+00
-4.622943234887964437e+00
4.480766022164262452e+00
-6.283235685998023179e-01
1.180988491920510697e+00
-3.523346850461937407e+00
6.157956394035144498e-01
3.524985743303477914e+00
-8.466341976990670037e-01
-4.892188433179320839e+00
5.157502385808228951e+00
-2.613205969162894160e+00
4.389486671557991215e+00
-6.733879323539609274e+00
2.319377125957290620e+00
4.370487295185458976e+00
-4.747822397967432551e+00
1.919530344608380457e+00
-3.372248794366349500e+00
5.647043551950537754e+00
-1.896923884177660335e+00
-3.130198754999572675e+00
1.308698781397450439e+00
3.425682431879013556e+00
-3.090392103454119077e+00
9.713754333212274439e-01
-3.747996228016080789e+00
6.778773589744167438e+00
-2.661149786200720069e+00
-3.812562195734256587e+00
4.373499691212309415e+00
-2.478041782799795811e+00
4.969426146759004403e+00
-7.490249778798870217e+00
3.280784552988332603e+00
2.358147371986751395e+00
-1.373763836135508232e+00
-2.130615216583669369e+00
8.508520704426085768e-01
1.176040153034978886e+00
2.392581507307089961e+00
-6.143391145993755131e+00
2.635216218420772805e+00
3.153813318911895536e+00
-3.472600835822144294e+00
2.260060897590362217e+00
-5.768493250030250152e+00
8.757020166974836428e+00
-4.487820271111769621e+00
-1.367253344424916861e+00
1.015718140919977364e+00
1.215369776046584693e+00
1.241505052642207341e+00
-3.511362488589749198e+00
-5.314695651774363760e-01
4.867202346437952798e+00
-2.119847800759286027e+00
-2.607989542320360510e+00
2.245312190855858869e+00
-1.352681353759386251e+00
5.694362447723710474e+00
-9.232615703517742745e+00
5.245675341538275305e+00
3.791425507911948545e-01
-3.103483165414273603e-01
-7.942845159028268931e-01
-2.910826449665846027e+00
5.689005342803827858e+00
-1.535896932401284998e+00
-3.109001219558161111e+00
1.092604887253591617e+00
2.351201182350442398e+00
-9.341741915489896186e-01
-4.682937906897495506e-02
-4.811867169990232007e+00
8.822545879922873979e+00
-5.341061405571024601e+00
3.652603872040509625e-01
-5.825408997089718266e-01
8.713851443707527622e-01
3.970300838455430359e+00
-7.393339999442336108e+00
3.468049727969993334e+00
1.124116818855465105e+00
3.587861775001832676e-01
-2.483356343564496527e+00
-2.254064882567607953e-01
1.670652086600461717e+00
3.312460480261039564e+00
-7.571111997688927175e+00
4.662544958346588331e+00
-6.550806001421025648e-01
1.454330972899926078e+00
-1.346023283962217043e+00
-4.349979463053156081e+00
8.390691138178461017e+00
-4.938812107345643909e+00
7.772018111256426831e-01
-2.047397858885826594e+00
3.005456588202159107e+00
1.051478823918986283e+00
-3.231294606285820326e+00
-1.479202861300344729e+00
5.655904019553919859e+00
-3.226019480672798867e+00
3.546907930273359710e-01
-2.093073894238902000e+00
2.038844424596499394e+00
4.102485100198515866e+00
-8.566289449389254074e+00
5.692550160656674407e+00
-2.282928731836902259e+00
3.718279341511914637e+00
-3.817331602097702170e+00
-1.449820830366743252e+00
4.474128065700980095e+00
-3.634804001254186012e-01
-3.359055350244160909e+00
1.177728931026456038e+00
5.641780959814792773e-01
2.330192040631533956e+00
-2.732638398744379415e+00
-3.386122010373592950e+00
7.939804307497644764e+00
-5.587487883424643087e+00
3.134370505908037785e+00
-5.094296282312992474e+00
4.736406049506326710e+00
1.429706168587206783e+00
-5.221836049066319596e+00
1.906092399820283445e+00
1.020279452770171291e+00
1.226194856743953565e+00
-2.009978753817450059e+00
-2.079053175596632830e+00
3.219824723555625656e+00
2.429108184465275322e+00
-6.657028377052395030e+00
4.619350418426617644e+00
-3.173177801049006597e+00
5.928176190287989478e+00
-5.533980402210624483e+00
-1.098344157963036860e+00
5.402706380774699113e+00
-2.906231573749009200e+00
1.019981094430053137e+00
-3.660389871948579898e+00
3.781460347220696683e+00
1.357603878237746420e+00
-3.347119171435557927e+00
-1.482116726731316891e+00
4.959650846264974433e+00
-2.921154153375820961e+00
2.371558972273456245e+00
-6.050973445409481677e+00
5.982056064699918352e+00
6.353298736217590781e-01
-5.057861974694970897e+00
3.227337043998786736e+00
-2.477180094750472072e+00
5.784070520808917593e+00
-5.599029291121899732e+00
-2.902821187606630104e-01
3.048539945559235242e+00
7.683916686134346641e-01
-3.139026897323773380e+00
7.392807042381319693e-01
-8.399821023396787378e-01
5.407676301362846161e+00
-5.901604640237184896e+00
-2.523229994042159863e-01
4.326581326307080921e+00
-2.857302699924574974e+00
3.169025261060470111e+00
-7.298456871947237801e+00
7.151995051984952667e+00
-9.115928426538072449e-01
-2.360220270629886929e+00
-4.410142204000093713e-01
1.482694241122204382e+00
1.609743572704707137e+00
-1.189285543870694628e+00
-4.072942492422093608e+00
5.202783778268528891e+00
1.460425163142557992e-01
-3.413031663618058431e+00
1.904049732989376853e+00
-3.043433109798132197e+00
7.997561852217278222e+00
-8.153262434063716313e+00
1.987591196727049647e+00
1.414056116145969044e+00
5.553918206484151909e-01
-2.235824465085691770e-01
-3.793880615794799738e+00
3.400062709665076177e+00
2.243557393375565034e+00
-3.909022513823167788e+00
-4.539730325037347747e-01
2.541240587827021002e+00
-5.694456147976101335e-01
2.183335308359045435e+00
-7.803218143136184892e+00
8.391505093219299383e+00
-2.677183181155291081e+00
-4.113527516663829653e-01
-1.062019608589663822e+00
-4.988034142157915518e-01
5.521744740062018764e+00
-5.444922423926836785e+00
-2.084919516303192499e-01
2.159878130213988001e+00
1.221677601624868270e+00
-1.907306680392682363e+00
-8.930498657979490940e-01
-7.878295021377227370e-01
6.778050833507005990e+00
-7.771174254081453903e+00
2.770795157985234347e+00
-4.184473050326855681e-01
1.820602812656152647e+00
6.583291008722411686e-01
-6.590241139450516705e+00
7.003306655929032232e+00
-1.698400113846110226e+00
-1.915491503044339794e-01
-2.388394600743641849e+00
1.638290555109636060e+00
2.228687437969333107e+00
-8.665302029593211497e-01
-5.114084809173820467e+00
6.332814277003206982e+00
-2.153168337560241952e+00
8.659184662971526336e-01
-2.632485065195812268e+00
-3.400602976060342897e-01
6.915295285916606360e+00
-7.834763327521568677e+00
3.154742832401110864e+00
-1.701832204388494141e+00
3.794081917635291568e+00
-1.765858669508957313e+00
-3.230005154038416038e+00
2.476938824417147522e+00
3.099082562807789820e+00
-4.249688785919087941e+00
8.305702330498516694e-01
-7.872297551759261935e-01
3.284790312276875568e+00
-2.830549909719387580e-01
-6.540491129910718904e+00
7.817884657147569527e+00
-3.905001340828404111e+00
3.219309009699636626e+00
-5.206926563215474424e+00
2.219839164434253664e+00
3.774488145158489072e+00
-3.768498824716472573e+00
-1.066725016504229462e+00
1.801017920698718022e+00
1.063687134788217303e+00
1.380744589577047599e-01
-3.597426872222857508e+00
9.896900843105862489e-01
5.622562677937708031e+00
-6.968150644910250158e+00
3.804885971542785850e+00
-4.107339017483981891e+00
6.366349501894561946e+00
-2.842950438193053486e+00
-3.844335150586074334e+00
4.541394333140411632e+00
-6.603656339243451079e-01
6.736054117273430064e-01
-3.286988049173633630e+00
1.010988275507483714e+00
3.463550187820444215e+00
-1.557856760083008663e+00
-4.396962545007744083e+00
5.431740324457551949e+00
-2.846762594744796537e+00
4.207155340748399475e+00
-7.033464397880715424e+00
3.423823794275405508e+00
3.524872349772260272e+00
-4.702597307604152732e+00
1.824536014903582748e+00
-2.830605603858091790e+00
5.525661790259926320e+00
-2.481239633187390936e+00
-2.875340708359255260e+00
1.811392790328177904e+00
3.130364668560446706e+00
-3.456750125119720796e+00
1.161445938049457949e+00
-3.486366042564799095e+00
7.039384648867702765e+00
-3.741851573450202473e+00
-2.982300779265983692e+00
4.276636771714088070e+00
-2.274374527333020701e+00
4.379619692273034381e+00
-7.447140728127969567e+00
4.013838207420048043e+00
1.929786070994699010e+00
-1.656117844652267301e+00
-2.069273142858416570e+00
1.347342732411828115e+00
1.003980385699593914e+00
2.048703434010412217e+00
-6.322022478362973708e+00
3.615038080130443809e+00
2.425449180540038885e+00
-3.393964656214141673e+00
1.986183677171101003e+00
-5.131340444834984638e+00
8.756773448784814562e+00
-5.314385066044432726e+00
-8.130244928029547458e-01
1.098635433360189761e+00
1.394481787997658540e+00
5.906126168241181418e-01
-3.328337999029724603e+00
-1.197827660921385595e-01
4.944052671489792772e+00
-2.941365033533288376e+00
-2.059272867938486407e+00
2.259684423279851195e+00
-1.062192096204909175e+00
5.027552825660270841e+00
-9.249076221926864960e+00
6.105992060212964923e+00
-2.340261373374106224e-01
-2.441752367683458491e-01
-1.189864927568625497e+00
-2.102413043650680269e+00
5.470939432882926390e+00
-1.988894237878073401e+00
-3.088151611556836151e+00
1.725339378982505334e+00
2.039409794218532301e+00
-1.109074941065421260e+00
-2.936465499221108666e-01
-4.148156890605979363e+00
8.844125127808144526e+00
-6.181085268490773998e+00
9.623553546432046524e-01
-7.260303320316130460e-01
1.431129591091537367e+00
3.026337534887585168e+00
-7.128795462134613459e+00
3.931463861800958526e+00
1.029832217352382617e+00
-8.415705623908253941e-02
-2.436880926039102224e+00
1.587554986832975246e-01
1.817314120169986724e+00
2.694160034660274317e+00
-7.602429124154419959e+00
5.442249709925905954e+00
-1.164988116486437963e+00
1.593341935468731707e+00
-1.996270883374245297e+00
-3.317026875428373600e+00
8.086247437489545220e+00
-5.385659837006647521e+00
9.076084449832451106e-01
-1.768226086438581923e+00
3.220047443818820021e+00
4.369492772758230004e-01
-3.235750925972058045e+00
-9.499779807479575844e-01
5.715498382799065524e+00
-3.924312569815712859e+00
7.208760016186768205e-01
-2.148651933347524690e+00
2.695286823868151327e+00
3.046589001109499151e+00
-8.248291124542607378e+00
6.106908516249879071e+00
-2.408116507112312288e+00
3.556602167022691940e+00
-4.257588442508765780e+00
-6.159987991958870701e-01
4.317542618744201199e+00
-7.678981858975852948e-01
-3.473718628855710921e+00
1.793228654536133115e+00
3.760904762534558188e-01
2.238363260931309995e+00
-3.313021116172291336e+00
-2.383806069422450324e+00
7.651913729377094242e+00
-5.968940345417921733e+00
3.218016595390633672e+00
-4.993294412024648743e+00
5.342177115807703380e+00
4.192532059422120483e-01
-4.913801358143389919e+00
2.166416631164622242e+00
1.217249248244177240e+00
6.784456480810748813e-01
-2.008900315555971261e+00
-1.800218821491079257e+00
3.656510084163988150e+00
1.555917069812979392e+00
-6.453840029961477320e+00
4.983740053800511660e+00
-3.191247910315697656e+00
5.831276484006761684e+00
-6.230488994291261129e+00
2.020794341112608361e-02
4.981774017913084052e+00
-3.025572852057626605e+00
7.212778725032582550e-01
-3.155406817442514722e+00
3.952174895157336998e+00
8.816745580745690702e-01
-3.597383416579899240e+00
-8.006615537603716248e-01
4.897416446288217706e+00
-3.297410822039001932e+00
2.316404242650107026e+00
-5.911713524353936933e+00
6.691944618549650059e+00
-5.068326282927015924e-01
-4.587097402253432321e+00
3.233253577295561065e+00
-2.072034308347442177e+00
5.295131449813716529e+00
-5.907669940901642214e+00
3.631892243515548735e-01
3.100861001146964835e+00
3.179980334542822362e-01
-3.265147956242244742e+00
1.162897309791134148e+00
-7.205328594121034325e-01
5.196891355675642643e+00
-6.556790890831151408e+00
8.254562766683781749e-01
3.884744982874437369e+00
-2.799314978405543552e+00
2.671449857957787888e+00
-6.805238472170609398e+00
7.554415186795593762e+00
-1.698125428859802000e+00
-2.235508499658938941e+00
-2.308385642716426212e-01
1.825941918710644263e+00
1.105309014337141571e+00
-1.351156620904667260e+00
-3.782085616856609711e+00
5.754110571640856264e+00
-7.887485588678520010e-01
-3.082787991553161966e+00
1.846832507379458921e+00
-2.486270215293007180e+00
7.492465401340648867e+00
-8.604556538181117986e+00
2.846333429706660922e+00
1.161662166357881665e+00
5.622932792312531625e-01
-7.869409907048376951e-01
-3.186142179150865950e+00
3.576155740004385297e+00
1.883739860463166771e+00
-4.332131978597066890e+00
2.797866631172389873e-01
2.396354017782345469e+00
-5.827386284548266016e-01
1.614236649954109870e+00
-7.294528818331710518e+00
8.854780183151330419e+00
-3.541654593176025045e+00
-1.005943136458044007e-01
-1.233654543335699572e+00
2.588023749944512453e-01
4.806607233770574972e+00
-5.608845594501106646e+00
1.943346156597635654e-01
2.456465070654861194e+00
7.188193572844925328e-01
-2.000993866085789996e+00
-7.461188053866909531e-01
-2.617056722135804314e-01
6.289231350886867133e+00
-8.223882933823903230e+00
3.579818477502038743e+00
-7.097288571297222237e-01
2.083295913970854674e+00
-2.406082019159527796e-01
-5.786282525372866914e+00
7.138358728008546983e+00
-2.110961099612974401e+00
-3.860105331995602462e-01
-2.115281210794956568e+00
1.994720308411566112e+00
1.902822801964734190e+00
-1.297270171238148473e+00
-4.679300034159609822e+00
6.769491261783784353e+00
-2.860032500601563221e+00
1.063768490904257513e+00
-2.902590255393513452e+00
6.267855112585850597e-01
6.063857020856947777e+00
-7.939828541273088902e+00
3.545000528863908595e+00
-1.569496267602300543e+00
3.720778898609057528e+00
-2.376255301656669872e+00
-2.706484095336390006e+00
2.772550476678067977e+00
2.755832217776092996e+00
-4.680678539762503476e+00
1.408861148920133477e+00
-8.328267862518816678e-01
3.481639918033293313e+00
-1.234198263368240678e+00
-5.701300775256459730e+00
7.909989586396511285e+00
-4.249933047989591373e+00
3.102827625366695763e+00
-5.281516559616816764e+00
3.043847398116069414e+00
3.065791383325704444e+00
-3.910512433905513063e+00
-8.470743093459276452e-01
2.247596154059257056e+00
6.184743981781593014e-01
-4.062533046407690307e-03
-3.655690808109112844e+00
1.843746198403305225e+00
4.865465824913848714e+00
-7.080990250394448182e+00
4.095848759908864878e+00
-3.963860332710661627e+00
6.524931769827216677e+00
-3.815005029720430763e+00
-2.993737325353319711e+00
4.537939326526915451e+00
-7.381433657278013705e-01
1.865872715619762978e-01
-2.960115473545563258e+00
1.349118447465275317e+00
3.342938408391865845e+00
-2.248087884219202248e+00
-3.791105141138761958e+00
5.610285509337334275e+00
-3.091326250369393236e+00
4.005419211583542527e+00
-7.211488379553074424e+00
4.463400366546885323e+00
2.600938976634388222e+00
-4.589265531530035247e+00
1.762120499814654018e+00
-2.282926543310505707e+00
5.289334572124947620e+00
-2.997321928635052757e+00
-2.566060963282192020e+00
2.296007516372625012e+00
2.732696087220587877e+00
-3.748846506975296755e+00
1.381307748829493365e+00
-3.211842412461387131e+00
7.182269006879370643e+00
-4.765813684008121776e+00
-2.069137367114064485e+00
4.112501552720710940e+00
-2.095961824092412051e+00
3.762947101009551876e+00
-7.268799794508025158e+00
4.668854908790788905e+00
1.452926798224511540e+00
-1.924668798764281652e+00
-1.914431389487381452e+00
1.793845454125019501e+00
7.785771380899582095e-01
1.704819994190583943e+00
-6.393210693503393216e+00
4.549957967188645647e+00
1.610302831898575038e+00
-3.253254936454833768e+00
1.736715175964353541e+00
-4.453927259199541133e+00
8.607711153445743335e+00
-6.056881477523848645e+00
-2.159304455183466698e-01
1.173401109098810124e+00
1.487934095003293766e+00
-3.472470979926489676e-02
-3.066533289126945672e+00
2.748366141964510012e-01
4.929191245890541140e+00
-3.733740640785632614e+00
-1.419559578385966248e+00
2.220422082283879828e+00
-8.013373280015618771e-01
4.315269932910231532e+00
-9.111575378007405135e+00
6.882099795984283119e+00
-8.864442606836073768e-01
-1.762819710002121454e-01
-1.505639208836520915e+00
-1.297365061682708376e+00
5.149881855971767841e+00
-2.406458627177324505e+00
-2.994842322639912346e+00
2.348046436705397255e+00
1.631344902785710094e+00
-1.240567513871253524e+00
-5.008374717567696255e-01
-3.441490708536181664e+00
8.715657330098551370e+00
-6.944085675143991665e+00
1.598745024661823333e+00
-8.650759045849154560e-01
1.914679821738358489e+00
2.067559603419701020e+00
-6.741132103087821292e+00
4.342942117790606460e+00
8.832590546189458269e-01
-5.381823663988229978e-01
-2.287606480476974458e+00
5.100851059995110681e-01
1.911499352375328531e+00
2.041622539300982364e+00
-7.496068829155185576e+00
6.159892956179577439e+00
-1.719096115049995266e+00
1.723246173084642674e+00
-2.572115564798052922e+00
-2.256000138221858187e+00
7.644827525598569373e+00
-5.768863789876593984e+00
1.072104913500943946e+00
-1.456858257811819435e+00
3.324530495156865939e+00
-1.545637581395928883e-01
-3.174149485911248458e+00
-3.991190979534651184e-01
5.656492455231244776e+00
-4.582601174007475464e+00
1.141478219851204123e+00
-2.193060386069068279e+00
3.278209113200508451e+00
1.954282727526072794e+00
-7.786943194972744564e+00
6.452967012636364075e+00
-2.553894267752546021e+00
3.343935410614463422e+00
-4.580721837174470679e+00
2.033036501357257109e-01
4.082547353122634171e+00
-1.180162969803132178e+00
-3.492944142100024685e+00
2.396103301114436146e+00
1.185410204029686554e-01
2.136556882311680283e+00
-3.820977925919670781e+00
-1.340878251041494940e+00
7.221901226158560227e+00
-6.285726233712607858e+00
3.315566655772494098e+00
-4.827100093552590288e+00
5.825603041388588643e+00
-5.839356313005026333e-01
-4.517696337790296113e+00
2.422251398244924303e+00
1.342940629524271401e+00
1.132573541325543331e-01
-1.919921829655135692e+00
-1.515834710658394258e+00
4.023083655125183178e+00
6.407186050909365882e-01
-6.116439762333017782e+00
5.295427828102853951e+00
-3.224493342117085160e+00
5.661377848947809710e+00
-6.802851130689060000e+00
1.138159437946406616e+00
4.466561742596508289e+00
-3.131694749804121880e+00
4.717745905556123276e-01
-2.603360255748054186e+00
4.015388695458016244e+00
4.070678758974364264e-01
-3.781680879666507789e+00
-7.707786458030652099e-02
4.713838219244416372e+00
-3.640127286348677771e+00
2.285616955716763599e+00
-5.699031130876721640e+00
7.280704280844055631e+00
-1.655488404074494380e+00
-4.019298011488302791e+00
3.222198445997983551e+00
-1.698692202811129315e+00
4.733087688152739503e+00
-6.090761021934352648e+00
1.007524476716427086e+00
3.093212892268260905e+00
-1.747591651543238811e-01
-3.285573067946060188e+00
1.577229292855044207e+00
-6.413284213468992689e-01
4.919579376533806503e+00
-7.099517189306492781e+00
1.918357146475085262e+00
3.345926106281920553e+00
-2.726016118907424790e+00
2.194713710523269246e+00
-6.219140977806095094e+00
7.817568129383484887e+00
-2.468768075184382571e+00
-2.058055204804059901e+00
2.300361902348679877e-02
2.079693203634539689e+00
5.835231555190174557e-01
-1.452477986783422992e+00
-3.437741306624733539e+00
6.207311149869722655e+00
-1.749689349384520254e+00
-2.657355535173324679e+00
1.780900477302713725e+00
-1.946088046720909848e+00
6.882797105827844319e+00
-8.909587885834859833e+00
3.685653842266179758e+00
8.638134434377796600e-01
5.228142387370215971e-01
-1.275657968059207281e+00
-2.534917048816154317e+00
3.669902791750077498e+00
1.487461196968705046e+00
-4.676195280020779776e+00
1.053469518676222183e+00
2.158638661993042884e+00
-5.976448056801493269e-01
1.064925911766185118e+00
-6.678333765649963283e+00
9.173112589029775776e+00
-4.388321713610698893e+00
2.497616879065592821e-01
-1.355082464005118892e+00
9.540020328582192732e-01
4.024946031692564041e+00
-5.670297119010701437e+00
6.154487152580844223e-01
2.696039218756074440e+00
1.598733393816074155e-01
-2.003811460547834322e+00
-5.851429049283991546e-01
2.365649581942556035e-01
5.698186518685356639e+00
-8.541790050316432570e+00
4.379112425647493367e+00
-1.037665789995084964e+00
2.291664821110484862e+00
-1.086251806889998228e+00
-4.897796767721419364e+00
7.155386952270947454e+00
-2.525584542190743242e+00
-5.460043040818407523e-01
-1.768614008261108594e+00
2.261338880856146982e+00
1.550071438386699141e+00
-1.688909050912270615e+00
-4.154131550519711169e+00
7.089626924651021511e+00
-3.572089272755248235e+00
1.299381592428744181e+00
-3.115069417756208381e+00
1.546582157527971013e+00
5.115948048362048084e+00
-7.918099935317490790e+00
3.925916684546961299e+00
-1.451300024679216261e+00
3.556857321202548938e+00
-2.897110611004796166e+00
-2.144242225119294964e+00
3.016980265834153574e+00
2.338128899474969380e+00
-5.019673738247380612e+00
2.013431891921031891e+00
-9.218256224749392658e-01
3.619458933895794317e+00
-2.142519610028258636e+00
-4.759798073265768537e+00
7.874515022120981200e+00
-4.581137217321090915e+00
2.984956086109835205e+00
-5.250875879391350587e+00
3.778519815264244741e+00
2.308432420106336203e+00
-3.990640924261058764e+00
-5.701119628198845213e-01
2.630312221990764865e+00
1.214553654965147000e-01
-9.299477330270677911e-02
-3.656163923037787811e+00
2.658362051175428231e+00
4.005474951480713308e+00
-7.073504354786706472e+00
4.376889720009898177e+00
-3.810257410256011390e+00
6.568163246299822511e+00
-4.699053619835416029e+00
-2.086654187623969481e+00
4.464986143504943605e+00
-8.577021293616051700e-01
-2.651226692428232390e-01
-2.554030560131202776e+00
1.621331825137835914e+00
3.168586179061211539e+00
-2.902582684743397756e+00
-3.085554891881566508e+00
5.682759189273027367e+00
-3.337932810019690777e+00
3.792679116786401128e+00
-7.270170146276770495e+00
5.418811757180916899e+00
1.614407831063085164e+00
-4.402886853075084872e+00
1.729896549253522764e+00
-1.744727454245842635e+00
4.947539829708829551e+00
-3.433879448118708488e+00
-2.209361220878385712e+00
2.749769665845759103e+00
2.240550084916423490e+00
-3.954219023373392261e+00
1.622109407093579758e+00
-2.933197348927535142e+00
7.208835852840783431e+00
-5.713215036671607017e+00
-1.088101810140519099e+00
3.875985756879569255e+00
-1.941601191042082730e+00
3.135309120674233618e+00
-6.962931716533278248e+00
5.232328833776244359e+00
9.360163171447302144e-01
-2.168754362826084581e+00
-1.670650790117375273e+00
2.175651676917035093e+00
5.086212530825289235e-01
1.370191050922806575e+00
-6.358026558821958218e+00
5.420473614511038818e+00
7.217823249353489956e-01
-3.044452083589755276e+00
1.511121981465389563e+00
-3.752265803915516784e+00
8.315843554946544813e+00
-6.699971225029091926e+00
4.145218648225367231e-01
1.231287679844970118e+00
1.497018021047106462e+00
-6.175732608735828855e-01
-2.734692953978628438e+00
6.426096466932955664e-01
4.823672820734481448e+00
-4.478486380573205139e+00
-6.997993987994330922e-01
2.119855180092354185e+00
-5.696658602782973535e-01
3.573283286037003847e+00
-8.824490996866598991e+00
7.557297467169979299e+00
-1.568127331680057912e+00
-9.941813102882091080e-02
-1.739971125215303616e+00
-5.145946094929931824e-01
4.734457817844667460e+00
-2.778318126735819682e+00
-2.830268473095399528e+00
2.943728774559712491e+00
1.134860735997556880e+00
-1.318707549469912976e+00
-6.693453549201370256e-01
-2.706992922770478316e+00
8.439905326946782083e+00
-7.612482117240809032e+00
2.264657374130653267e+00
-1.006116306138438388e+00
2.318077759161617735e+00
1.114376858114384916e+00
-6.238656345959258331e+00
4.691761176755813167e+00
6.857376790599216676e-01
-9.880109325622870031e-01
-2.039929362362943088e+00
8.159542311110894452e-01
1.955112242723911820e+00
1.368929720637781067e+00
-7.253147443304150954e+00
6.797449684157934158e+00
-2.308543964102566903e+00
1.850441556080496319e+00
-3.068071906398337045e+00
-1.188121190779362735e+00
7.074076862732558091e+00
-6.077263527559459533e+00
1.269312817214289346e+00
-1.126868170297717686e+00
3.319791668664508588e+00
-7.076254979874976314e-01
-3.049634855524746779e+00
1.606599569472026978e-01
5.478295081087429352e+00
-5.182762144141067395e+00
1.609165683276374548e+00
-2.233418646603187785e+00
3.781477579848265158e+00
8.467754086083928433e-01
-7.188758000910131507e+00
6.719082060931486744e+00
-2.719011282897777271e+00
3.092358874287271853e+00
-4.784354948357121273e+00
9.900406101446859175e-01
3.773552664706903759e+00
-1.589115426841016365e+00
-3.414381277153800021e+00
2.968376548217307231e+00
-2.031351061393888990e-01
2.033259662264422118e+00
-4.250572630528682616e+00
-2.776641758165234730e-01
6.654587554968935059e+00
-6.525599710849836477e+00
3.426067371267272677e+00
-4.606639906683577479e+00
6.181541039369576218e+00
-1.559703965227430489e+00
-4.038941985532102485e+00
2.663987168456858790e+00
1.393248331200079182e+00
-4.516977042277136589e-01
-1.746100940428036541e+00
-1.236198779070598164e+00
4.314506036670723077e+00
-2.978535226408234315e-01
-5.647381769166029741e+00
5.541385833252041593e+00
-3.272388721185365501e+00
5.428645825254634794e+00
-7.243821297532401893e+00
2.233992016914570389e+00
3.862979103533945580e+00
-3.216315300152116752e+00
2.772246807643736766e-01
-2.021515365780494733e+00
3.971790623692723621e+00
-5.391622352089697756e-02
-3.896330437239245992e+00
6.723330945675352055e-01
4.408697852365783376e+00
-3.935290056000580350e+00
2.279168128118521874e+00
-5.422700344413832418e+00
7.739716626209583339e+00
-2.788661439922442753e+00
-3.360129072712538800e+00
3.186785885397332319e+00
-1.364317357089001259e+00
4.114704683988966494e+00
-6.146693184329448556e+00
1.628494341486087515e+00
3.023441025648496705e+00
-6.962976063813748340e-01
-3.196961539256281792e+00
1.967105939527264757e+00
-6.028442837210190586e-01
4.585413140563196599e+00
-7.520488458658431519e+00
3.004893054814142150e+00
2.714692942064759862e+00
-2.630321179711911483e+00
1.747015805754882356e+00
-5.556307051244602668e+00
7.937728913644901851e+00
-3.207669447223465475e+00
-1.827095709656807010e+00
3.097292787008254500e-01
2.237364111768953112e+00
6.079040339007768523e-02
-1.492297235352309404e+00
-3.049660750670676101e+00
6.552991894966160302e+00
-2.716657162002664272e+00
-2.139345341316931215e+00
1.698787473709353124e+00
-1.431633935861156726e+00
6.183896147300449897e+00
-9.062751396257640479e+00
4.488560558000776801e+00
5.207265341911107015e-01
4.451732333973184019e-01
-1.680058759786632105e+00
-1.857766934200294484e+00
3.679896963875871840e+00
1.064617935842040897e+00
-4.932123480722248487e+00
1.849017426753224225e+00
1.827997783172177648e+00
-6.056469005763542857e-01
5.441523214926309304e-01
-5.968925154080903184e+00
9.339250191364381948e+00
-5.199628285739837708e+00
6.391273484121122728e-01
-1.432470822128401933e+00
1.574462910530385340e+00
3.195212122483887196e+00
-5.627386716059180394e+00
1.044831108875083459e+00
2.870022450922477208e+00
-4.396226847462383347e-01
-1.912417360000889133e+00
-4.202429120934154660e-01
6.987626860660232087e-01
5.017875025620753604e+00
-8.716187173769800012e+00
5.151143701001101860e+00
-1.402013974868486779e+00
2.450541426165497860e+00
-1.864287993770543661e+00
-3.943655188777713150e+00
7.051898336683763979e+00
-2.932200199349899172e+00
-6.634846785437430450e-01
-1.361231786323876536e+00
2.431307970730955503e+00
1.182498109365606620e+00
-2.034189177172033514e+00
-3.549917517974904513e+00
7.283187895892623942e+00
-4.272354017346938093e+00
1.573572338197323228e+00
-3.274231516476878490e+00
2.403881935366704248e+00
4.090215925453343004e+00
-7.766251209344553708e+00
4.287444535003380963e+00
-1.354878951772916285e+00
3.312545808843834649e+00
-3.318158838793512366e+00
-1.557349182216736461e+00
3.204187680282286621e+00
1.855459420136039927e+00
-5.255396061326714552e+00
2.628260065981875560e+00
-1.056716788720347466e+00
3.702826132217549748e+00
-2.992351773017769112e+00
-3.733647635218109162e+00
7.706964828652587585e+00
-4.888628063249833566e+00
2.873126433988022477e+00
-5.122932069262283505e+00
4.410538856307855582e+00
1.518238072021186325e+00
-4.004080527313088389e+00
-2.433582821887125824e-01
2.936700763683622206e+00
-4.125895516663596885e-01
-1.241109836322111803e-01
-3.604356766372413645e+00
3.418516515028774627e+00
3.058484557970396089e+00
-6.939618600477006183e+00
4.638061793844920011e+00
-3.653987604944105350e+00
6.502125566749212382e+00
-5.479354161864215200e+00
-1.140129320413661329e+00
4.318726331253639472e+00
-1.013438940629293405e+00
-6.679499189406250537e-01
-2.082118269441599168e+00
1.820666007696846833e+00
2.947379136243692077e+00
-3.507671532989596219e+00
-2.293722409677047658e+00
5.641087869360862150e+00
-3.576592583775310530e+00
3.576614309376557443e+00
-7.214259743011408155e+00
6.272682268511703185e+00
5.827653854871410743e-01
-4.140159977785450529e+00
1.723939214201770875e+00
-1.230550766744535895e+00
4.512208498003945856e+00
-3.781587938742566379e+00
-1.813674648989290761e+00
3.160816576961374746e+00
1.664312531136453277e+00
-4.062437087730945251e+00
1.873703184106563668e+00
-2.658461728273659563e+00
7.122993103404050785e+00
-6.565894422998805879e+00
-5.621024281372877240e-02
3.563614915287535378e+00
-1.808621985815199285e+00
2.511979302285637594e+00
-6.540004458307834057e+00
5.692754027182329146e+00
3.889268716705851503e-01
-2.378470830736075126e+00
-1.345005544690187183e+00
2.479757185450828239e+00
2.045231835481573501e-01
1.053252239912721988e+00
-6.219933329526025290e+00
6.208436671848941657e+00
-2.245044344294275795e-01
-2.763124243339059039e+00
1.307419535754458684e+00
-3.042017015270964020e+00
7.890169478693692007e+00
-7.230283564491431392e+00
1.067379008364087944e+00
1.264189547202738906e+00
1.425511292096146576e+00
-1.142346605934410064e+00
-2.343529194868794185e+00
9.747042593369515950e-01
4.630781074329812341e+00
-5.158124066628243298e+00
8.665294178821358884e-02
1.951815814826189488e+00
-3.652371603063041539e-01
2.817206160846434493e+00
-8.395312952828948738e+00
8.116736330958405077e+00
-2.267582593884312381e+00
-6.838401195896182116e-03
-1.893665354514583843e+00
2.279698589084082627e-01
4.235602010341143142e+00
-3.095279698697864568e+00
-2.597657370980920533e+00
3.496032312369301565e+00
5.604093593317149846e-01
-1.334931879563182822e+00
-8.016909347047789236e-01
-1.959745504589235132e+00
8.022759824643470594e+00
-8.170338847291620965e+00
2.948699465603010772e+00
-1.155176643349463683e+00
2.639748213914357322e+00
1.865656751835063076e-01
-5.632290454372434141e+00
4.968386101997598558e+00
4.404396689929495068e-01
-1.418637659434752729e+00
-1.701017079232339135e+00
1.064965126570817766e+00
1.951761724621741578e+00
6.901640822328247715e-01
-6.877823310553877079e+00
7.338240523535620952e+00
-2.922682701761700308e+00
1.980974246652693394e+00
-3.480969588093843381e+00
-1.343010211333606208e-01
6.384503257837669921e+00
-6.300944141453493685e+00
1.496197716865831362e+00
-7.919043083097796476e-01
3.209631308915120496e+00
-1.207855174298995138e+00
-2.867207220503866338e+00
7.166541617709731860e-01
5.183186543915957678e+00
-5.707639193655325016e+00
2.114600289689766655e+00
-2.276525499867623648e+00
4.201196639836054736e+00
-2.547480857951919808e-01
-6.463280403082900527e+00
6.894837230737424605e+00
-2.900683360534959565e+00
2.814330387648121601e+00
-4.869125724378715603e+00
1.727020744210838288e+00
3.396984740274065828e+00
-1.983644514756136346e+00
-3.238320965084042324e+00
3.492602457606706956e+00
-5.813407365196447962e-01
1.936641729274117374e+00
-4.598020965898188095e+00
7.852860859321737497e-01
5.957912539599510282e+00
-6.677434478535870355e+00
3.547082114112273921e+00
-4.343455909328706177e+00
6.407907325592228531e+00
-2.488527478815295346e+00
-3.485130942617058025e+00
2.882108205833180392e+00
1.366449627169010750e+00
-9.988129632788437240e-01
-1.493029652026309773e+00
-9.712785720133849665e-01
4.527795421598625580e+00
-1.240728161491233328e+00
-5.052344039105271634e+00
5.709506189490825001e+00
-3.332893255043339664e+00
5.144018718922433564e+00
-7.549189897286412432e+00
3.286572184975764976e+00
3.179248875828619703e+00
-3.271276406051838226e+00
1.412563286555879039e-01
-1.427530907743674637e+00
3.824866123359630610e+00
-4.893247783106025040e-01
-3.939609651367466103e+00
1.430650519760660933e+00
3.984833181076436581e+00
-4.169522652477660962e+00
2.295400725174821410e+00
-5.093340039532506580e+00
8.063302324189324466e+00
-3.884486583270313709e+00
-2.617690427207129744e+00
3.119752191908562011e+00
-1.074176354446838122e+00
3.457562527794606044e+00
-6.076876268355899668e+00
2.212216862219293478e+00
2.891252767140523261e+00
-1.232259086474526200e+00
-2.998903454082392450e+00
2.317644799461932248e+00
-6.037478841711960698e-01
4.204902472066772035e+00
-7.813178644949240415e+00
4.063387251599900551e+00
1.998146971489871859e+00
-2.505223723888638787e+00
1.334836870726705094e+00
-4.834048548680598856e+00
7.914346740572403505e+00
-3.899288899684079546e+00
-1.543642373366734599e+00
6.176451119176067373e-01
2.295135271769551011e+00
-4.463828811259817897e-01
-1.471694600228183436e+00
-2.628360577712206325e+00
6.784293572989058774e+00
-3.669013962144625385e+00
-1.533977491339200583e+00
1.593017493045623123e+00
-9.500546990414613369e-01
5.412539076503428248e+00
-9.061680825563501074e+00
5.238279401478613373e+00
1.343331629615258094e-01
3.386129507075112954e-01
-1.993042792041280986e+00
-1.172760069723342014e+00
3.607003893690518659e+00
6.257611888048391080e-01
-5.093079718968611225e+00
2.647515479927132098e+00
1.406996972126410839e+00
-5.980875739916278189e-01
5.911951891365552214e-02
-5.182205176539429026e+00
9.349140228720347778e+00
-5.958071892514837486e+00
1.065227734691898576e+00
-1.473103779104842026e+00
2.110225040901279936e+00
2.336755728715257163e+00
-5.480720200719224167e+00
1.471927925895533784e+00
2.971782468623663132e+00
-1.062929381943780394e+00
-1.726161801735079937e+00
-2.618448936693860141e-01
1.118214299126032429e+00
4.262945057284754036e+00
-8.741418834939752358e+00
5.878191306918237657e+00
-1.800828730274469436e+00
2.565943174216204437e+00
-2.562573097371975805e+00
-2.943987132692300168e+00
6.828073448283824121e+00
-3.320300563805655969e+00
-7.320493925943171165e-01
-9.075054019053951926e-01
2.500485229314552527e+00
8.126642802311185854e-01
-2.327442388858527611e+00
-2.879684792160499995e+00
7.342949438571370280e+00
-4.943338114825764684e+00
1.885397021996672029e+00
-3.385613890872360976e+00
3.185208552558535189e+00
3.006875472899976920e+00
-7.483737003702017887e+00
4.619146052569295335e+00
-1.286494906958430606e+00
2.999900917904406050e+00
-3.631801529682472829e+00
-9.605803340419503122e-01
3.329789251614367895e+00
1.318939299914454244e+00
-5.379053294869035717e+00
3.236441502736716824e+00
-1.238135078093259178e+00
3.737565055629977095e+00
-3.769806012589367761e+00
-2.642332844920154855e+00
7.405645747006216695e+00
-5.162001270838610267e+00
2.773609539378070199e+00
-4.907681390246859898e+00
4.929185330262374265e+00
7.119609351807569819e-01
-3.947758241033041404e+00
1.241310621689568627e-01
3.156409694540993627e+00
-9.675814960782805896e-01
-9.478064019120946426e-02
-3.507017777628829602e+00
4.110779613428450219e+00
2.042400632891510970e+00
-6.675992691664301759e+00
4.868886849813653939e+00
-3.501484149883528296e+00
6.335137382732394684e+00
-6.142645058002796254e+00
-1.723592035639600617e-01
4.097145783754646331e+00
-1.198315456427749837e+00
-1.010042448750753774e+00
-1.559488046480408174e+00
1.942272668311399997e+00
2.687418381897814790e+00
-4.051093712533326396e+00
-1.431168353782883429e+00
5.479777182674324898e+00
-3.796586416246809037e+00
3.363933574554819117e+00
-7.050828822382829486e+00
7.009942497957856844e+00
-4.751163233406360265e-01
-3.799619071862923914e+00
1.738971004831392220e+00
-7.535928208381852400e-01
3.997398621014965681e+00
-4.033354431659055273e+00
-1.388624274938906389e+00
3.518518417876277837e+00
1.016611915234633567e+00
-4.065421195237460594e+00
2.124938382513062329e+00
-2.394669609648745201e+00
6.930968537125036022e+00
-7.307763076088561682e+00
1.007897565132814588e+00
3.173761265243419949e+00
-1.693048578023089501e+00
1.907218730235218596e+00
-6.012960533575378186e+00
6.040930436751104082e+00
-1.772922843846671537e-01
-2.544980862551290191e+00
-9.468683749448394416e-01
2.695226422378600883e+00
-1.219753147839336416e-01
7.613506120191784188e-01
-5.984633312807547512e+00
6.897480025506022017e+00
-1.211082843320200331e+00
-2.406664963813620606e+00
1.122320032042342097e+00
-2.338099513666765716e+00
7.342428042091450280e+00
-7.636760855668168091e+00
1.730493207693281965e+00
1.264916651974275386e+00
1.279517729553849570e+00
-1.595211425028314700e+00
-1.905441926330578406e+00
1.263510232188357563e+00
4.355895867803265986e+00
-5.756617598829318005e+00
9.243304072636235880e-01
1.711908527216708720e+00
-1.847607400745539807e-01
2.062105270805647983e+00
-7.834437747237849692e+00
8.547801162989578927e+00
-2.972059293971867966e+00
1.074144476019636141e-01
-1.969857865833573030e+00
9.138249162881333376e-01
3.666291945897726556e+00
-3.349516918740796712e+00
-2.302152607637158788e+00
3.989674519770401329e+00
-7.920259015123987112e-02
-1.282367896874285318e+00
-9.018356832916627486e-01
-1.214404758616483448e+00
7.473078476556451299e+00
-8.603776597346929123e+00
3.638098623751707450e+00
-1.317590212155246743e+00
2.880433183769566696e+00
-6.971992770451276300e-01
-4.935325308369614916e+00
5.164772870586944009e+00
1.522659534402732717e-01
-1.815749581454943806e+00
-1.280620613342912328e+00
1.247302517852010073e+00
1.906622874169140225e+00
1.903759723248710234e-02
-6.377181206176398831e+00
7.767368239142022901e+00
-3.549299074303270185e+00
2.120257962064616031e+00
-3.809922768561069706e+00
8.853448983344303080e-01
5.589256487686822261e+00
-6.431555951780040914e+00
1.748158792889076052e+00
-4.652853192243879277e-01
3.000634983545221068e+00
-1.642321376918541631e+00
-2.633580879462709579e+00
1.256523225295942847e+00
4.776248156489661056e+00
-6.141498075296162540e+00
2.646636463326713873e+00
-2.328568227132234547e+00
4.535703463428760074e+00
-1.329616263973269374e+00
-5.622902370946856188e+00
6.971382502343223209e+00
-3.094671225271596438e+00
2.522296922364757776e+00
-4.838615769470673733e+00
2.398342777563958528e+00
2.961142240177735196e+00
-2.353026826894096146e+00
-2.967669066704519132e+00
3.952333160063248751e+00
-1.006383076046967862e+00
1.854248592284793773e+00
-4.861700862994956296e+00
1.827679873698496049e+00
5.142792796923274956e+00
-6.731584834054027411e+00
3.674758289828001345e+00
-4.049332328123680824e+00
6.505660662430106100e+00
-3.351983082468060982e+00
-2.865886810992555933e+00
3.067516593241406131e+00
