0.000000000000000000e+00
2.692419790793206147e+00
-4.269259315057578164e+00
4.572938838270747652e+00
-3.935122994952704012e+00
2.516872853648289166e+00
-7.550132206925543876e-01
-3.184843766502365447e-01
3.135081143400997306e-02
1.151654092740075797e+00
-2.356509518369719558e+00
3.166189624698071636e+00
-3.269262710974574215e+00
2.109473457359931636e+00
3.302655372636278397e-01
-3.016140074249365810e+00
4.816935172097656093e+00
-5.440273780093858313e+00
4.994595449237992923e+00
-3.456711443149599994e+00
1.228057889226744193e+00
5.557467643095694854e-01
-1.043790653022126369e+00
4.834363769191329929e-01
4.512093825540007819e-01
-1.416571463444804113e+00
1.993843924332068251e+00
-1.416044320471193441e+00
-5.339314321068646674e-01
2.962427754374151068e+00
-4.790777337540442105e+00
5.642414944563324042e+00
-5.418414342807230000e+00
3.888824201673665826e+00
-1.367000689389124002e+00
-9.704600254870001663e-01
2.139651334081432488e+00
-2.180085325987378031e+00
1.539102150418947712e+00
-4.384034103324778719e-01
-6.451756489479312240e-01
7.627039516251352680e-01
5.110593643814982379e-01
-2.468204444436090217e+00
4.147086455516452830e+00
-5.143844619684398545e+00
5.180903561256087642e+00
-3.812031538953018384e+00
1.216418859233882710e+00
1.454501325539007572e+00
-3.142496227926796948e+00
3.706925989301620206e+00
-3.358039679753371587e+00
2.155625712880576916e+00
-5.820317365769769324e-01
-2.741045477509529427e-01
-2.101704182405810251e-01
1.541527499284550906e+00
-2.930822628616805314e+00
4.005368107021975987e+00
-4.348159515286896593e+00
3.301075132826200687e+00
-8.735306439364731723e-01
-1.872405814545115676e+00
3.870882435186800308e+00
-4.844112397181182139e+00
4.771507190861911774e+00
-3.521767258636349762e+00
1.530517853515074744e+00
2.701263681076992995e-02
-3.588418710887757435e-01
-2.659288262233250322e-01
1.272791659508943463e+00
-2.375720668809603975e+00
3.065128855041372002e+00
-2.489414924612168178e+00
4.663813631971316376e-01
2.088089633118460409e+00
-4.169542064447384178e+00
5.417268918454205995e+00
-5.601468287417720404e+00
4.383174224692720777e+00
-2.102910298031121172e+00
-3.787086212846180189e-02
1.123164801458104378e+00
-1.208072496474917212e+00
6.267184173627141641e-01
4.699833587890004383e-01
-1.531123903742361847e+00
1.543294430193781874e+00
-1.269946721220280850e-01
-1.992562051402750667e+00
3.937708871772968244e+00
-5.325371794151582350e+00
5.751269234181611623e+00
-4.665735069425059223e+00
2.273168532696811628e+00
2.619304204811814252e-01
-1.957388783635384932e+00
2.683287894098911330e+00
-2.525543922035928812e+00
1.461846230801552737e+00
-3.212508931570678961e-02
-6.316730830743293446e-01
-3.562066829721466377e-02
1.527629690762438264e+00
-3.149689180087868134e+00
4.558013417521135757e+00
-5.218633910392355801e+00
4.381857052086910898e+00
-2.085496431068305068e+00
-6.039550660593027143e-01
2.704120233933212436e+00
-3.944991672672902183e+00
4.174343561040592121e+00
-3.171236937827636382e+00
1.414662305895005412e+00
-1.027899106072491797e-01
-4.226609883030096881e-02
-7.012238379300570479e-01
1.863964824893076688e+00
-3.199143632709511742e+00
4.094406550780217202e+00
-3.623802514296354360e+00
1.641320770114715222e+00
9.384667898117144968e-01
-3.201477418620534809e+00
4.794306221695274317e+00
-5.353047575172186434e+00
4.446811384587030958e+00
-2.449265562215496850e+00
5.668059707521249102e-01
3.655936707883462589e-01
-4.086309885999952485e-01
-2.189441914392613597e-01
1.416511547677338001e+00
-2.547376592006677321e+00
2.544846185872609023e+00
-1.076936240177796655e+00
-1.135829114931425021e+00
3.312797236277504886e+00
-5.080468510762472079e+00
5.903383756085220924e+00
-5.143838745112716992e+00
3.034330003151752386e+00
-7.297967037866492923e-01
-8.782145256124869181e-01
1.662272962041212887e+00
-1.584352662468514250e+00
5.616984805202682729e-01
7.977131880321305379e-01
-1.331654839375622235e+00
5.359550812556532762e-01
1.089431437335527608e+00
-2.953400876197334490e+00
4.726675787785579175e+00
-5.752385698734898689e+00
5.203064969749192414e+00
-3.145250805404879557e+00
6.254519451500493155e-01
1.472315492920991620e+00
-2.878224669588754114e+00
3.310234110522675355e+00
-2.479501031600316985e+00
9.166902747900339543e-01
1.726446801728451774e-01
-1.415167832652861613e-01
-7.390233683213986993e-01
2.109658981431556057e+00
-3.745154333057769680e+00
4.923191039932879320e+00
-4.656152728154903997e+00
2.832836530723829682e+00
-3.415180367033116005e-01
-2.007980917461898329e+00
3.861346809545769254e+00
-4.722678940091110888e+00
4.089997216459121177e+00
-2.375594415967514639e+00
7.723770586526623738e-01
-2.682188034528865117e-02
8.588966789185237261e-02
-8.468045002970583379e-01
2.238769683296072177e+00
-3.531436928054887403e+00
3.617165990335964310e+00
-2.209453375321389856e+00
-1.322338778522169633e-04
2.339521075555431651e+00
-4.434799078179638698e+00
5.620743785632356548e+00
-5.190820270728345953e+00
3.407955287937744604e+00
-1.396314305448963289e+00
-5.252773106866870378e-02
8.030526777920989900e-01
-6.962313012252221434e-01
-3.886305742869055613e-01
1.767832953764618908e+00
-2.261764676450573219e+00
1.425619237696892805e+00
2.694250870493910544e-01
-2.343954267671501057e+00
4.470532618865640018e+00
-5.869444848565985140e+00
5.652678163294851288e+00
-3.914776444827560375e+00
1.658811225007835510e+00
3.400056776843436435e-01
-1.803247229988283351e+00
2.324537559005310783e+00
-1.570614751349182381e+00
1.303302237707736344e-01
7.977093077546513200e-01
-6.413013584751205975e-01
-3.552624148692022921e-01
1.946581301916216589e+00
-3.913161542683244676e+00
5.421174645417191407e+00
-5.436641175603430298e+00
3.879902628346648008e+00
-1.588166214391665054e+00
-7.434254708058586347e-01
2.751492635858163283e+00
-3.814965149685641155e+00
3.384099336441706463e+00
-1.914248093400993556e+00
5.683991078418890730e-01
-3.028775698497465640e-03
1.890061375828886447e-01
-1.139007694288456163e+00
2.793046974642503955e+00
-4.324172442090274515e+00
4.597624512047622680e+00
-3.367396500160845907e+00
1.271180882504373777e+00
1.136632891983394789e+00
-3.472913125816710078e+00
4.949637625419125442e+00
-4.813574400710129098e+00
3.359753637530715764e+00
-1.662713731237319470e+00
4.105912958204527285e-01
2.400182241932240501e-01
-1.381227355987846295e-02
-1.226120774074941355e+00
2.716597515182409328e+00
-3.273717039133834383e+00
2.506342626304364440e+00
-8.330494876548173444e-01
-1.384944387390486975e+00
3.811434233519130466e+00
-5.549937144185470572e+00
5.672065026955047884e+00
-4.298944657969525629e+00
2.369030831017332694e+00
-5.436578963478728710e-01
-8.798898712142317891e-01
1.379114241028335686e+00
-5.998963334335832842e-01
-8.070292966105887533e-01
1.663248601689157669e+00
-1.465954018912835721e+00
4.110676507137380753e-01
1.372793930143911822e+00
-3.658590168797720477e+00
5.505488008755904161e+00
-5.850965214150725124e+00
4.642463766316764051e+00
-2.643144165243691113e+00
4.275786566433403824e-01
1.623322038991056315e+00
-2.773928525513488452e+00
2.451013716967932687e+00
-1.155631205516006510e+00
6.593932807869018475e-03
4.253829073255399607e-01
-1.269509523144760621e-01
-1.028589409943619692e+00
2.975654585912036687e+00
-4.793374789489204701e+00
5.335375528657172239e+00
-4.389160859374809931e+00
2.514660055759577073e+00
-1.429787517490344051e-01
-2.325658153361684022e+00
3.992167826657813112e+00
-4.080422729229672640e+00
2.918207817363177803e+00
-1.514507167816366406e+00
4.565880653559450941e-01
6.273729662633531490e-02
3.422136122421410853e-01
-1.805101079390688090e+00
3.484333791242752554e+00
-4.205343159425777522e+00
3.621931251267502372e+00
-2.076396389190069858e+00
-1.923023586248161498e-01
2.830631019382667368e+00
-4.836951254180309689e+00
5.264740315098997314e+00
-4.259661973313926708e+00
2.677626274941635298e+00
-1.066895943423754822e+00
-2.445748941095553519e-01
6.281691510678415469e-01
2.691022973879289015e-01
-1.734705565795019444e+00
2.622893620005628534e+00
-2.490755876614979769e+00
1.463563626127392103e+00
4.481696384950368817e-01
-2.999471772218920584e+00
5.152940683123677701e+00
-5.837388348097181989e+00
5.022255933789073978e+00
-3.376808758690314161e+00
1.354455616172938415e+00
6.372879399110573662e-01
-1.761525723217072681e+00
1.445110418285026288e+00
-2.347993264031684735e-01
-8.069838551976409313e-01
1.186006913652801753e+00
-8.266019192969831231e-01
-5.095682725027643745e-01
2.738289459567218032e+00
-4.853344858822263852e+00
5.713849637125822056e+00
-5.132715893015210362e+00
3.570837234903829760e+00
-1.334818593081354088e+00
-1.150706459858729769e+00
2.891013390058672528e+00
-3.111029478278207527e+00
2.170357538806107378e+00
-9.996049585854553943e-01
9.340879557647729925e-02
3.025487991769826301e-01
3.011442444128542562e-01
-2.018838917342513639e+00
3.937012033309348347e+00
-4.904790310385213736e+00
4.610266335744278798e+00
-3.297610817450565612e+00
1.082752514270188149e+00
1.656670847347332609e+00
-3.830085452613562147e+00
4.495921162425823958e+00
-3.821535526590430276e+00
2.566184800195099758e+00
-1.171757450083079855e+00
1.002551935672268968e-02
1.952542600668163431e-01
8.888283043774964920e-01
-2.492565308006550850e+00
3.514939132281864165e+00
-3.560518996028959826e+00
2.662561717748755719e+00
-7.143461954443488526e-01
-2.013729607821077128e+00
4.403429244751605687e+00
-5.396004297471886701e+00
4.977407952652884937e+00
-3.707259565179364280e+00
1.922871268571254122e+00
-6.817407159265487238e-02
-9.335256957362938479e-01
5.303785070995401529e-01
6.885902007554204340e-01
-1.727860234106580073e+00
2.156456230881595104e+00
-1.816627946738137878e+00
3.620344293599877528e-01
2.095164258810880753e+00
-4.477599942828184965e+00
5.668180574438904884e+00
-5.496712419223243273e+00
4.307706976318666392e+00
-2.287056648630632516e+00
-1.090899626387424881e-01
1.808196092638468366e+00
-2.058716027822338646e+00
1.248872788256969013e+00
-2.210171930423714404e-01
-6.097818056134962639e-01
9.277887361166268221e-01
-1.471298097460693732e-01
-1.815336450465244056e+00
3.986143967695460422e+00
-5.253207875180555320e+00
5.327405811334360308e+00
-4.336292331262746380e+00
2.276019572922676204e+00
4.462666339516282443e-01
-2.670634614644865845e+00
3.482943786725931634e+00
-3.068213724263578968e+00
2.078901577704231229e+00
-8.626073155418543248e-01
-1.511525881301185592e-01
1.548459809223610151e-01
1.149571954362235804e+00
-2.944810289158609429e+00
4.186512602085382895e+00
-4.512673592106569487e+00
3.845699776035504502e+00
-1.965373628922937321e+00
-8.275650741318780756e-01
3.354009824290858255e+00
-4.588841747147111683e+00
4.528654561552588831e+00
-3.612295126351197982e+00
2.071583383940622802e+00
-3.972780392832193641e-01
-4.163332677549211880e-01
-1.438422793063947047e-01
1.454001361858558994e+00
-2.594770179599771076e+00
3.182596305296033545e+00
-2.959472140434353360e+00
1.476402029747185818e+00
1.120849479935107862e+00
-3.702819603910376678e+00
5.194973669835047048e+00
-5.435532944522613263e+00
4.640122948162148653e+00
-2.882943572968390100e+00
6.587706065074958595e-01
9.010044221793118702e-01
-1.087794386480058328e+00
3.123331933159592122e-01
6.786326605788487454e-01
-1.532947099625512788e+00
1.848360278311118599e+00
-9.505405144229439607e-01
-1.204993884717216801e+00
3.601948565250898682e+00
-5.182549009742857038e+00
5.668968415214015621e+00
-5.058265424497630391e+00
3.234574686853725289e+00
-6.390223521173878929e-01
-1.520617823679352609e+00
2.377958527127214783e+00
-2.129943287100373173e+00
1.315816285606498770e+00
-2.053881115931883716e-01
-7.002517374377350556e-01
5.212338401343639127e-01
9.956846538674428704e-01
-3.000176922978542660e+00
4.516443406649308656e+00
-5.201430266227577093e+00
4.851843902396812069e+00
-3.141169314551541358e+00
4.033265358408400503e-01
2.144516465143031958e+00
-3.530789550125090326e+00
3.756237303368579639e+00
-3.132503884715546860e+00
1.801436242761217610e+00
-3.111939002379635610e-01
-2.881995216983441743e-01
-4.649462845202969596e-01
1.923897504392911850e+00
-3.253786503132961361e+00
4.101468459142054712e+00
-4.093603333858029991e+00
2.686140653110967058e+00
-6.084749506186948320e-02
-2.623446126756524777e+00
4.352961950485837228e+00
-4.966050146556492351e+00
4.542237052963950639e+00
-3.058044774548016154e+00
1.053980224203862281e+00
2.986494859815671532e-01
-3.492785901075943222e-01
-4.783613074116563890e-01
1.538478841025443966e+00
-2.523052412652953880e+00
2.928974672963411852e+00
-2.002513504475718520e+00
-2.590072233351985442e-01
2.817832793477238695e+00
-4.685841152424384148e+00
5.585625724240026457e+00
-5.375307205196271809e+00
3.839380862943180261e+00
-1.456830269787659171e+00
-5.387600316053429150e-01
1.345466414310332537e+00
-1.164188185792316199e+00
4.177589186434419455e-01
6.822331311167187939e-01
-1.550518041279924430e+00
1.246370484632760789e+00
4.337689936062589791e-01
-2.625553127731616421e+00
4.433433403952829366e+00
-5.519430550466871921e+00
5.544833815396772003e+00
-4.087856663374688893e+00
1.516918682364442050e+00
9.368603483844042401e-01
-2.372684104119538784e+00
2.787952345361546236e+00
-2.365036292426391906e+00
1.175165949624016326e+00
1.661002008903205152e-01
-5.676082277284155708e-01
-3.736905675768809054e-01
2.004231386355535438e+00
-3.581363210419167942e+00
4.765500839810393074e+00
-5.057340575546299455e+00
3.828102405948897058e+00
-1.295311293103344807e+00
-1.377741330574774326e+00
3.254447450493329175e+00
-4.165090027281314278e+00
4.051140441028082684e+00
-2.809736593225816037e+00
1.033919264767489299e+00
8.311765422595929209e-02
4.142648186278918843e-02
-9.839481478915850232e-01
2.203492376783039663e+00
-3.416813173130779813e+00
4.009103089948553134e+00
-3.157757332579052001e+00
9.012569463797537317e-01
1.725522576228499361e+00
-3.818396071024061200e+00
5.090402795394217250e+00
-5.258059819550227942e+00
4.022896729664886983e+00
-1.905173247581802176e+00
1.430077613705758033e-01
5.380258241519091378e-01
-3.321865615962664720e-01
-4.547558473278597857e-01
1.648370522076206379e+00
-2.569072147086691071e+00
2.227002303562284791e+00
-4.683697362803862507e-01
-1.850991565023486274e+00
3.926827111932767345e+00
-5.413672734348998539e+00
5.833528352660170668e+00
-4.684219508085323724e+00
2.368952481245681252e+00
-1.089183178641088823e-01
-1.279063645887600797e+00
1.780119124409345277e+00
-1.448987600286137267e+00
3.080454714394770810e-01
9.512929482316483387e-01
-1.210561630307957826e+00
1.270953546372517451e-01
1.658506111845659658e+00
-3.502868493421698926e+00
5.064414139241547375e+00
-5.712707864561556548e+00
4.747574956937903323e+00
-2.420115745685923248e+00
-1.273683856967184891e-01
2.048792696699200278e+00
-3.157976630676483154e+00
3.261171335765898682e+00
-2.197555158848164769e+00
6.186346528508568365e-01
2.770609033156818946e-01
2.155284913159993820e-02
-1.107572181220741081e+00
2.547689577856932619e+00
-4.064941843142037214e+00
4.926683578527533136e+00
-4.253827282294741607e+00
2.122328057880001229e+00
4.615656934591260141e-01
-2.689774716310713742e+00
4.256704654059500825e+00
-4.740216597803238230e+00
3.779069362689507994e+00
-1.937637531938697144e+00
4.390432895172047267e-01
7.372936018673659220e-02
2.250744958242103522e-01
-1.145548438922867174e+00
2.529480079770426659e+00
-3.596535804686292970e+00
3.320021709007892063e+00
-1.591850173375870092e+00
-7.653741743663304842e-01
3.048378048531319884e+00
-4.893350464661104127e+00
5.685181440174265077e+00
-4.859675947746431746e+00
2.854390876855554815e+00
-8.582930394959535914e-01
-4.038857247898577363e-01
8.942952259461183218e-01
-5.445656781939474111e-01
-6.492431896824866211e-01
1.914031343289006148e+00
-2.117167251461705479e+00
9.730063945568809824e-01
9.133189208343559518e-01
-3.003851935447908517e+00
4.941572383930571633e+00
-5.965784052502103307e+00
5.321246712018001368e+00
-3.289171959282733759e+00
9.664728210339693648e-01
9.004072408514953718e-01
-2.099859670560999536e+00
2.309739452158994233e+00
-1.334345030674442434e+00
-1.120806379542289566e-01
8.405204495739990733e-01
-4.098084056452808710e-01
-8.092841763354410300e-01
2.493020734774387570e+00
-4.354296736344706709e+00
5.542069838513681290e+00
-5.135262284295274426e+00
3.241453894033879735e+00
-8.127922198640264995e-01
-1.447694336395180414e+00
3.207363099600162748e+00
-3.913365636191152852e+00
3.164227109452658837e+00
-1.570308777331024697e+00
3.225915663114649057e-01
1.878863702235822331e-02
4.078991019291868803e-01
-1.526138813061679311e+00
3.174629222549835816e+00
-4.470606131403032535e+00
4.363761064226815201e+00
-2.784412332624195408e+00
4.966306957542563350e-01
1.904744207172377912e+00
-4.028442684444760502e+00
5.130168321863232350e+00
-4.604763357190382322e+00
2.923039866625456007e+00
-1.222081974823060913e+00
1.321933387569500518e-01
2.731950925923678497e-01
1.908597935758638009e-01
-1.532969729884469334e+00
2.896209072327842193e+00
-3.146546155592431671e+00
2.047687199093033428e+00
-1.454371943760601749e-01
-2.132369066475747754e+00
4.402354364816908117e+00
-5.780532598263974364e+00
5.475537551145087889e+00
-3.794439384228742718e+00
1.766817711533920976e+00
-3.550862553086497897e-02
-1.152598336284836211e+00
1.356775355593313526e+00
-3.695190996568071817e-01
-1.030490644860556415e+00
1.676967478637144460e+00
-1.191654706881755565e+00
-1.121136357751706392e-01
2.021131253940397610e+00
-4.224648077269158364e+00
5.758672225688679092e+00
-5.676710704736236401e+00
4.110787614195254847e+00
-1.935374899675513571e+00
-2.562614586914788717e-01
2.096331765243350187e+00
-2.913260538590196624e+00
2.288737598602368806e+00
-8.794100413651713133e-01
-1.703797055787186210e-01
3.778070380270932560e-01
1.728125491423053717e-01
-1.514983712023322715e+00
3.467875844381412165e+00
-5.050083362713015944e+00
5.202065612988817200e+00
-3.883055490623714689e+00
1.774385969904864080e+00
6.418218752154339901e-01
-2.939266837067149751e+00
4.257364984794135054e+00
-3.972575998596331814e+00
2.587014629533737953e+00
-1.169527185797898161e+00
2.596095414354793185e-01
1.938916488933628557e-02
6.262681072236342406e-01
-2.190633526401160491e+00
3.735393350692263859e+00
-4.137847349723378088e+00
3.200153494719712555e+00
-1.385153553794660430e+00
-9.920139849137304955e-01
3.513306247135842497e+00
-5.184062924479986734e+00
5.197571982765323284e+00
-3.881974167156260425e+00
2.181091963745712459e+00
-6.358674948700437923e-01
-4.606348292081015039e-01
5.608586238467696550e-01
5.330889180271178862e-01
-1.979854231031015654e+00
2.647761283882264838e+00
-2.210193193755184193e+00
9.011886488001552564e-01
1.176245731820830143e+00
-3.677576266457767584e+00
5.537231711877869778e+00
-5.801609996434491379e+00
4.619346490421965434e+00
-2.766962390204638300e+00
7.282430577852632148e-01
1.085749156330788834e+00
-1.899559656587244572e+00
1.300665751654432878e+00
1.000454520396965030e-02
-9.466735049592545082e-01
1.093180207156900563e+00
-4.608380528570665824e-01
-1.089727996407388044e+00
3.345439157377168016e+00
-5.235789966049182453e+00
5.707569565536971368e+00
-4.738253559258655656e+00
2.904941150621012547e+00
-5.767612061896683073e-01
-1.778549066193990669e+00
3.200870139543208204e+00
-3.070938522694568462e+00
1.918939247833961748e+00
-7.326850337843997529e-01
-2.988373038600311560e-02
1.799481884555436118e-01
6.765655751340897694e-01
-2.503559445698030128e+00
4.288917040356221122e+00
-4.934246086760913030e+00
4.267235648729197806e+00
-2.646004586196594843e+00
2.733096683211289069e-01
2.392204691859260990e+00
-4.262545990381426009e+00
4.537162688952656175e+00
-3.559930080877395042e+00
2.174662414737497329e+00
-8.278503965840475765e-01
-1.294418131685839413e-01
5.557084648117482928e-02
1.219496329681633018e+00
-2.797690367256791877e+00
3.592875269074575328e+00
-3.315778789511338864e+00
2.100258978703616553e+00
5.874351831158608483e-02
-2.776185580017906496e+00
4.901611666657436750e+00
-5.493644301842886435e+00
4.709480743569661954e+00
-3.211757102275506259e+00
1.380436719426123338e+00
3.217774464680358548e-01
-1.032043702709561694e+00
3.638531269974303317e-01
9.426254030265426298e-01
-1.869866226936704567e+00
2.053710205771237085e+00
-1.413596204195711303e+00
-2.906487535912889442e-01
2.805118032523756355e+00
-4.985279559826285123e+00
5.800717083516834016e+00
-5.236151644046524112e+00
3.747019198254584182e+00
-1.593804845825429251e+00
-7.086762403397226517e-01
2.120043100627713173e+00
-2.046472792465273915e+00
1.041144602088870608e+00
-1.480604152951148222e-03
-6.820711719944843043e-01
7.393157711032718460e-01
3.153225295735948563e-01
-2.404462298441529366e+00
4.455063322591760411e+00
-5.406360410429718044e+00
5.097811262691667622e+00
-3.764476268778171431e+00
1.500622289195122194e+00
1.190509276867695476e+00
-3.148392794784960813e+00
3.599505885958621754e+00
-2.897322351106708105e+00
1.775777573509977003e+00
-5.996226874445196309e-01
-2.097465565692679945e-01
-7.041468825588959035e-02
1.568369910549898716e+00
-3.339920579968692849e+00
4.354810551246022676e+00
-4.345153144955176572e+00
3.326287817281352588e+00
-1.189623481908260283e+00
-1.635680054703215536e+00
3.935250236623114795e+00
-4.799275288827674402e+00
4.385406390090757611e+00
-3.231396592620344066e+00
1.624344346329058997e+00
-8.719299791020374002e-02
-4.468433661518216304e-01
-3.663327308187194209e-01
1.755977789144804735e+00
-2.780737059061435090e+00
3.111152799832967109e+00
-2.557523689120928534e+00
7.852212789150896377e-01
1.906563530854882949e+00
-4.319154800142304573e+00
5.461700853315871740e+00
-5.315447923126013663e+00
4.201780215226630588e+00
-2.281764636934796364e+00
1.224898890655365946e-01
1.175821945305650873e+00
-1.062918005419017264e+00
1.074657538729387740e-01
8.898350339469578429e-01
-1.588379422149065023e+00
1.621471652694076226e+00
-4.212229450834950040e-01
-1.887377861537420154e+00
4.188200778341915509e+00
-5.471606156816321231e+00
5.575228997932820896e+00
-4.597437555085999605e+00
2.531957389923281898e+00
7.081284663529263668e-02
-2.000600189534572859e+00
2.529667850924223416e+00
-2.013736370308500945e+00
1.071169589857158710e+00
-2.021836914662067386e-03
-6.898776807765059083e-01
2.134497949894949009e-01
1.508972252169440864e+00
-3.502307182020982790e+00
4.802143459039706741e+00
-5.145682720705098134e+00
4.415406166881299832e+00
-2.406678820801976038e+00
-4.062047239970114076e-01
2.768801128527579536e+00
-3.820965842626495412e+00
3.712534616118024378e+00
-2.850438687460596920e+00
1.444598115755766576e+00
-8.673412464936136601e-02
-2.362061379220863344e-01
-7.659848480792494918e-01
2.304601206362471899e+00
-3.521087219054193085e+00
4.102240990917222163e+00
-3.735022982193137331e+00
1.998420314615381166e+00
7.623698687485116476e-01
-3.318057672781027811e+00
4.733541631384384551e+00
-4.976454605221761085e+00
4.227285788743357031e+00
-2.561603678356304314e+00
6.036424192603662142e-01
5.068373750798880195e-01
-2.769165931101880140e-01
-7.196606951192734414e-01
1.782809822094817420e+00
-2.602025645153000610e+00
2.701069681267666223e+00
-1.439489797682718342e+00
-1.008491453220564882e+00
3.505623522156887439e+00
-5.106613081928186304e+00
5.634595195425287528e+00
-5.043187804713026523e+00
3.237732414628434530e+00
-8.173590398660268708e-01
-9.811813762931205218e-01
1.491159898793282590e+00
-1.061508016088813733e+00
1.929755917327962700e-01
8.590325248215768816e-01
-1.497375251249041916e+00
8.750246356034823147e-01
1.031597589302553741e+00
-3.236006234761201750e+00
4.849207332699904782e+00
-5.597998557570937450e+00
5.222825922512315699e+00
-3.433827407587523695e+00
7.494966281864996471e-01
1.560797252147086756e+00
-2.702097212936227066e+00
2.807696947831348488e+00
-2.152510245607816231e+00
8.886672125743850792e-01
3.154418876956190942e-01
-4.348053475628947950e-01
-7.609729544842904758e-01
2.481729797357931755e+00
-3.957409061036853970e+00
4.872916200022304523e+00
-4.782066310494223593e+00
3.187708520427774417e+00
-4.786892688613054170e-01
-2.110778844350127859e+00
3.715846676284431993e+00
-4.280993313953169732e+00
3.844522778456170187e+00
-2.414470529981187497e+00
6.766288048064859062e-01
2.088670244129100517e-01
1.851456609049875190e-01
-1.293400317227348717e+00
2.518506148378592435e+00
-3.559814306835154873e+00
3.821902724499205650e+00
-2.602417223598136431e+00
1.222540763922552731e-01
2.485081004607555766e+00
-4.350854423648963021e+00
5.272358184305797835e+00
-5.056362042807023727e+00
3.535933129671232411e+00
-1.359803353969813333e+00
-2.311784877421101392e-01
6.417763029690894960e-01
-2.030204817682095264e-01
-7.010754564828127755e-01
1.838280099378962973e+00
-2.509630293331893913e+00
1.824252850824775285e+00
1.889532632276571533e-01
-2.554926565411865802e+00
4.468982672385350519e+00
-5.633678448997480714e+00
5.644156977888371785e+00
-4.139556593558407549e+00
1.680286811604795094e+00
4.742060789633273377e-01
-1.605812895378573968e+00
1.821717523772470537e+00
-1.267696345588549711e+00
5.978581464225085629e-02
1.050535826824015251e+00
-1.014622552518576359e+00
-3.378759223794953748e-01
2.235255446469407214e+00
-4.000887369877746735e+00
5.301171875231781350e+00
-5.552389289955092622e+00
4.193978266059769311e+00
-1.653786589153187769e+00
-8.552496532171427468e-01
2.550168280113781272e+00
-3.343141385196635174e+00
3.134097827962843752e+00
-1.884469747762108627e+00
3.451519637457955980e-01
3.206782419867724165e-01
2.458132094633063147e-01
-1.504432635943070196e+00
2.961282185809980927e+00
-4.306348403909382228e+00
4.819959315134764388e+00
-3.749808127373731814e+00
1.357520861836916115e+00
1.253362754173005023e+00
-3.300946235218720215e+00
4.546769158660784349e+00
-4.654487232025111609e+00
3.404263708042335690e+00
-1.494642153654771377e+00
1.501843199382237870e-01
1.102759635922860859e-01
4.135117962376946288e-01
-1.451264983862820879e+00
2.772678042603440751e+00
-3.571979680301252458e+00
2.926553180616580985e+00
-9.117135251788214267e-01
-1.533801160861517632e+00
3.697277724530900311e+00
-5.245348892549381858e+00
5.630742630405525695e+00
-4.438943674999858757e+00
2.269107003209817286e+00
-3.476457425521468636e-01
-6.909239824463417889e-01
9.169204169285116723e-01
-3.530463832207878516e-01
-8.983724599407491018e-01
1.998794160600132930e+00
-1.889161164842483975e+00
4.540872389634857953e-01
1.575602791207626918e+00
-3.620759689065984333e+00
5.315121157662479057e+00
-5.939063658194873696e+00
4.883873830182698939e+00
-2.610241255457466103e+00
2.847644347320870128e-01
1.399130393701450537e+00
-2.312204224068383773e+00
2.224098065534746205e+00
-1.072112247190487366e+00
-3.257227996053864150e-01
8.183583618238312596e-01
-1.120185452852826558e-01
-1.297317133189807681e+00
3.019105098321983149e+00
-4.717064038086428823e+00
5.547655110642595311e+00
-4.722132038828986467e+00
2.534476452274420311e+00
-3.237017767426120241e-02
-2.096457724396509459e+00
3.569153337234507006e+00
-3.915221394876019723e+00
2.883457575453650001e+00
-1.221544898390401812e+00
1.201158316612604970e-01
-2.263626308834876255e-02
6.761760931390816687e-01
-1.919768783306927018e+00
3.505578542314571777e+00
-4.520575608101529141e+00
4.022846384891503035e+00
-2.124570978096239848e+00
-2.972546103253874139e-01
2.627574441865954569e+00
-4.487710001573583796e+00
5.196742128219969281e+00
-4.306272771590998971e+00
2.450375925069463445e+00
-8.022082963021730517e-01
-8.844716761150994699e-02
2.429124881699937788e-01
4.309053860723699447e-01
-1.823001599607555701e+00
3.007221865568824093e+00
-2.926363535582053643e+00
1.510410178139610649e+00
5.743447129175058841e-01
-2.849048450471589167e+00
4.903609869962130219e+00
-5.890252129974521189e+00
5.169612988523546449e+00
-3.228197804968995221e+00
1.163813079366132097e+00
4.224165745937451533e-01
-1.350443388063445882e+00
1.270923938017570531e+00
-1.194149694484045454e-01
-1.219185964896353891e+00
1.618971053181843534e+00
-8.426261234701177827e-01
-6.788817718355686370e-01
2.657377210306718585e+00
-4.716672701362927711e+00
5.895647418743066304e+00
-5.384252428866795448e+00
3.498978216907614236e+00
-1.207739789776499428e+00
-8.993340684513417838e-01
2.487289713137811997e+00
-2.964689577329870041e+00
2.071254964272645438e+00
-6.017980593173829496e-01
-3.015249579039434025e-01
2.637897688959869313e-01
5.261235056859421277e-01
-2.011274080408809617e+00
3.909940786518926181e+00
-5.206639791014188390e+00
4.953239894190631709e+00
-3.286868442890755304e+00
9.985143876332438495e-01
1.397300530501673466e+00
-3.469334399912042954e+00
4.416913365027867577e+00
-3.778885769898734814e+00
2.219730723746074830e+00
-8.427716609291902028e-01
1.177467558957712157e-01
-8.576103210565300117e-02
9.441164398208163888e-01
-2.556292854171505979e+00
3.912250503779022281e+00
-3.968311310788005919e+00
2.686840989528175960e+00
-6.462398189978099117e-01
-1.775958668341508506e+00
4.117803144995052733e+00
-5.416811167036359009e+00
5.022065745195549269e+00
-3.438414902769953319e+00
1.676172940879267159e+00
-2.468211466046765779e-01
-6.088690792638926652e-01
4.359424355599861300e-01
8.111422158674268523e-01
-2.184003188414035179e+00
2.592992569446852080e+00
-1.844288521616157750e+00
2.826145917853195577e-01
1.904219531303771529e+00
-4.290277883437130235e+00
5.808999064184158456e+00
-5.645553821454883270e+00
4.128449483661437824e+00
-2.125359480067270379e+00
1.300182866763490708e-01
1.463369513168687019e+00
-1.958651203596199597e+00
1.107937429916506122e+00
2.507915202059797788e-01
-1.035328064850475460e+00
9.273295215124566226e-01
-3.353120296992484484e-02
-1.687266535604242446e+00
3.907136271039084896e+00
-5.518506332059128994e+00
5.580852285546404445e+00
-4.243094341600809116e+00
2.188721235151611211e+00
1.675613381043361549e-01
-2.336460951606486258e+00
3.415428112754161916e+00
-2.951692169744131178e+00
1.634661035154106212e+00
-4.852252368159875040e-01
-9.669463769245689733e-02
-6.768268061698279325e-03
1.087948236434970406e+00
-2.968809921066892343e+00
4.564000599493304833e+00
-4.854781547637914585e+00
3.820803670341815561e+00
-1.931120199089574330e+00
-5.366209042481773217e-01
3.063514173107339200e+00
-4.590616470697487017e+00
4.475145431523285922e+00
-3.232521348025849228e+00
1.771348976150472376e+00
-5.216346187332940865e-01
-2.046936060278756742e-01
-1.385715414595658501e-01
1.560683500305371174e+00
-3.056968429680896993e+00
3.583678135539235754e+00
-2.974409042092498012e+00
1.467426008756666178e+00
8.464255113267339370e-01
-3.485520352479008821e+00
5.295295642143218018e+00
-5.473477734861281974e+00
4.350050084646271742e+00
-2.676508164152271441e+00
8.564377810549901326e-01
6.498085944359006660e-01
-1.059296392350631555e+00
1.555619206051952474e-01
1.186811999916574045e+00
-1.954283854333648929e+00
1.869090073879872582e+00
-9.379972679782757616e-01
-9.718641918451840223e-01
3.478560914198898235e+00
-5.398184564352483505e+00
5.812237718184742441e+00
-4.868038957798196620e+00
3.124247580819513814e+00
-9.006633033502364771e-01
-1.251192685291051765e+00
2.347382115895034094e+00
-1.963148321353310743e+00
8.059399869596213239e-01
1.944852964918704075e-01
-6.930456435287890571e-01
4.806001754108035762e-01
8.199082217546200813e-01
-2.978645079332043810e+00
4.848539928210971794e+00
-5.447158347052633687e+00
4.755518214107334884e+00
-3.115321281936100917e+00
7.088555964219391825e-01
1.885417910102000993e+00
-3.533861884042090118e+00
3.620856117932241158e+00
-2.664215452442140197e+00
1.461369588201099301e+00
-3.741159781782168459e-01
-2.037963675095220140e-01
-3.506331518774961076e-01
1.997460889868855949e+00
-3.687160609201179717e+00
4.430479795176366586e+00
-4.070682428391934948e+00
2.721898665214388391e+00
-3.833166965548042149e-01
-2.405438252976152658e+00
4.423513424974235164e+00
-4.898454140563519132e+00
4.151443162307308476e+00
-2.807058688617923181e+00
1.189989362265001738e+00
1.665079092547143702e-01
-4.111165650414476680e-01
-6.260284668792843732e-01
2.043471950692771877e+00
-2.902808038816705238e+00
2.948205149945192449e+00
-2.070245333665392984e+00
5.166929357938809808e-02
2.668335317386447691e+00
-4.849985478151607410e+00
5.611374607607309883e+00
-5.085338164752625012e+00
3.693563450675229731e+00
-1.670326669086855675e+00
-3.673390643986640391e-01
1.375745524346488446e+00
-9.747820852476762887e-01
-1.188774677032584659e-01
1.071820977403919128e+00
-1.575282143028374326e+00
1.315165949944284041e+00
1.600322820874457985e-01
-2.563518150389702210e+00
4.704835802397131062e+00
-5.649146633433587361e+00
5.363238747048120203e+00
-4.048203683911768991e+00
1.799061006478728242e+00
7.454971809008312800e-01
-2.400920984247075562e+00
2.595726538544007589e+00
-1.841228838485761354e+00
8.187981749435491174e-01
1.605055270200392847e-01
-6.108075113475757156e-01
-1.537378666427109408e-01
2.036348518740901170e+00
-3.958405002739225687e+00
4.993035492891761962e+00
-4.975165149896190186e+00
3.881081944132844797e+00
-1.626038497401820271e+00
-1.193106354314366069e+00
3.313806822178860578e+00
-4.009491736721765065e+00
3.582559744128429813e+00
-2.525301993802723022e+00
1.099257360491611601e+00
8.294152553228695268e-02
-1.194310841181622784e-01
-1.102861834521662532e+00
2.668838126132714539e+00
-3.720011896014773001e+00
4.002737390568578135e+00
-3.278199260475447741e+00
1.253215643255785272e+00
1.576697247187434758e+00
-3.939932130314275138e+00
5.005137642351966676e+00
-4.878745759497988388e+00
3.839071399771683879e+00
-2.048594937823685846e+00
1.925074740407657359e-01
6.471748097097851371e-01
-1.472965937622539023e-01
-9.774403192556163633e-01
1.992326185544483597e+00
-2.604342564635451662e+00
2.382786058980089106e+00
-8.120401374676333717e-01
-1.764027616654427755e+00
4.133885860174051352e+00
-5.421209090328897418e+00
5.564160960422537272e+00
-4.615619383920400054e+00
2.595180980609542942e+00
-2.010753378564207328e-01
-1.355463343850510816e+00
1.560638808515047327e+00
-9.092472339316224339e-01
-3.423855752763838023e-02
9.891139591928643782e-01
-1.368286923988462522e+00
4.362105159488045558e-01
1.651419406649927701e+00
-3.806606003442320585e+00
5.172164271320145446e+00
-5.557676825894313666e+00
4.793021103709987685e+00
-2.720031150894632432e+00
-1.033883805048918525e-02
2.119730825713045164e+00
-2.941076457693983404e+00
2.748099496914377049e+00
-1.900511225385720593e+00
6.159770308233551983e-01
4.077353424557790262e-01
-2.347565070765860185e-01
-1.186657044054461485e+00
2.944488304048740179e+00
-4.263759213872190479e+00
4.873686213175976611e+00
-4.397136267952423516e+00
2.475073157311833860e+00
3.450717153169948759e-01
-2.786041081474946779e+00
4.079436068544450400e+00
-4.294462116064303281e+00
3.565452507486538636e+00
-2.000589501879327603e+00
3.552539514794328390e-01
2.702752621336537153e-01
3.832055634071780403e-01
-1.616807981816407391e+00
2.794742060591033805e+00
-3.618754219875716771e+00
3.533145238612168448e+00
-1.968863832889777399e+00
-6.775762223946046880e-01
3.198671568252262176e+00
-4.786578751966023226e+00
5.338193742219672799e+00
-4.756659980581982694e+00
3.001564072308570807e+00
-8.290353118585651604e-01
-5.462206408468923691e-01
6.770404605285378352e-01
-3.017539857362505629e-02
-9.443721009224049778e-01
1.974525874430133721e+00
-2.365125393727506520e+00
1.343261507124084764e+00
8.797430309928051528e-01
-3.229377975009462887e+00
4.924746824526060607e+00
-5.735061009924750763e+00
5.341131705051253675e+00
-3.524818007954597654e+00
9.863791280118365812e-01
1.005535517352317054e+00
-1.853317585375487742e+00
1.791881791103368649e+00
-1.052464064409718514e+00
-1.696834630697332535e-01
1.087287892628028718e+00
-7.453370089601256687e-01
-8.478690020664372273e-01
2.803216123432010320e+00
-4.431934848823838813e+00
5.428539701718429811e+00
-5.273976283044527591e+00
3.555347252786978274e+00
-8.649610884724150406e-01
-1.540915650141313709e+00
2.966586434629673086e+00
-3.434175071422685743e+00
2.938780786113174504e+00
-1.554551288911618645e+00
1.082304054119198611e-01
2.995385144316835557e-01
5.253541008348081576e-01
-1.916283571013804643e+00
3.335121656446199623e+00
-4.458565486878918627e+00
4.601930541056932888e+00
-3.154106433134356458e+00
5.561229300562635647e-01
2.014939577028481921e+00
-3.827950121199358069e+00
4.727849810885662585e+00
-4.472517176357104773e+00
2.979906903319172962e+00
-1.061672759745524219e+00
-8.499718446368209612e-02
8.306526932455149392e-02
6.420264008682596835e-01
-1.749939592391092313e+00
2.955829131603497473e+00
-3.452925953087684352e+00
2.442717089054146751e+00
-1.841553531148416578e-01
-2.286542918159421234e+00
4.270278317406623003e+00
-5.483448960185814514e+00
5.461340298597794352e+00
-3.941999543066278200e+00
1.669154830265830114e+00
1.219000584804952325e-01
-9.082831615084145938e-01
8.753715480838104579e-01
-1.334830345427082676e-01
-1.122492315691708598e+00
2.013642459305891919e+00
-1.578942464612748342e+00
-1.200281642767953016e-01
2.239158184770822846e+00
-4.177763895132945215e+00
5.580877554912929916e+00
-5.789860660647628166e+00
4.351987240439240345e+00
-1.895674546953038719e+00
-3.692317546906185299e-01
1.825789123491902144e+00
-2.439848168578725218e+00
2.076542171452959273e+00
-7.976586426494975957e-01
-4.988708460673580980e-01
7.273364387502647688e-01
2.460155294240178314e-01
-1.805482934354285529e+00
3.508363486929276576e+00
-4.989034628964245321e+00
5.435101923368252486e+00
-4.205778020187802113e+00
1.775804722247148248e+00
7.341762906939284239e-01
-2.675335372307002135e+00
3.831828977052455620e+00
-3.826145181891291713e+00
2.554949706649602970e+00
-8.822546462602425255e-01
-3.018544453209015543e-02
-1.268977190220414997e-01
9.843456841659599110e-01
-2.305147268465097543e+00
3.772225563265974024e+00
-4.467938703392056787e+00
3.579689055363263428e+00
-1.402347364383384365e+00
-1.091418143233550575e+00
3.288116651411578495e+00
-4.841709237800726484e+00
5.151452091859219706e+00
-3.929875235323406990e+00
1.957690197985272329e+00
-4.162957206466120219e-01
-2.460323657576282130e-01
1.535696590171222731e-01
6.943366106992728826e-01
-2.082193305705850150e+00
3.040446348825021072e+00
-2.613664497232449868e+00
9.052658032683964517e-01
1.308837355433712490e+00
-3.516903840901513867e+00
5.303118978222984836e+00
-5.877673777716666770e+00
4.763899480907054951e+00
-2.616614367427361199e+00
5.765458025809955256e-01
8.196019011603685733e-01
-1.472516893746775413e+00
1.130043482315309600e+00
1.368835156796224806e-01
-1.361331841692075439e+00
1.485156359094958134e+00
-4.248298899041955679e-01
-1.274954576999134392e+00
3.263963772127524976e+00
-5.120562959706926875e+00
5.911661028472790846e+00
-4.980321435459883261e+00
2.822590658332311264e+00
-4.787012830614052472e-01
-1.486883848769334548e+00
2.790249659479036026e+00
-2.932779136729823044e+00
1.810833916305067071e+00
-3.365253650479431702e-01
-3.782294240153549758e-01
8.384133052000652953e-02
9.231435269608618821e-01
-2.501860129608906469e+00
4.286842552287185804e+00
-5.255297676146863495e+00
4.592157283360670306e+00
-2.613977272897263227e+00
2.058168844582670132e-01
2.105830749548696534e+00
-3.905574749927972711e+00
4.471359198237595756e+00
-3.509669090981619721e+00
1.831199473682711520e+00
-5.468671676574095031e-01
3.610188456977070359e-02
-2.481503927331578652e-01
1.283328300743553196e+00
-2.887244618823409770e+00
4.004632372052553180e+00
-3.696104749264800482e+00
2.091949997749690482e+00
1.229635077904026597e-01
-2.525253618746802431e+00
4.630527412781702878e+00
-5.531910798483133718e+00
4.746000187814064297e+00
-2.943948881066807299e+00
1.178616889108218047e+00
8.989841399824882728e-02
-6.882434613180627991e-01
2.618253705115844987e-01
1.089570899333952791e+00
-2.334935890265492642e+00
2.453890397460031902e+00
-1.398559363614408024e+00
-3.777703674207451012e-01
2.613646329292404591e+00
-4.821918087273608933e+00
5.961542493715148439e+00
-5.373984504555859409e+00
3.563552415029956677e+00
-1.469631931698257343e+00
-4.255080117136094131e-01
1.763724340357027298e+00
-1.942719871538946208e+00
8.786585473709370708e-01
4.740888122004907057e-01
-1.064298580020968554e+00
6.888629468649680732e-01
4.452641594987474249e-01
-2.285781025370304143e+00
4.406983819040270589e+00
-5.691965908121276563e+00
5.335103094471707053e+00
-3.659119615541098103e+00
1.440210562533132954e+00
8.803749275320370549e-01
-2.813322938256751282e+00
3.534061546247832197e+00
-2.762430977648444586e+00
1.331471205028182059e+00
-2.693851108225651103e-01
-1.020915692366690664e-01
-2.528178803721732315e-01
1.522290411269188626e+00
-3.398738494221621664e+00
4.750607625353312713e+00
-4.664252012867351915e+00
3.279682277284804215e+00
-1.169796092144168798e+00
-1.327801846502737693e+00
3.655882053098246764e+00
-4.809429922835153803e+00
4.315969902705329986e+00
-2.852876991142172525e+00
1.371141897008541166e+00
-2.631232093838402619e-01
-2.148029312951922343e-01
-3.785661281354730789e-01
1.898220115832829569e+00
-3.257382879529398423e+00
3.481647571552904719e+00
-2.541061133092196833e+00
7.781537134325099414e-01
1.629735221416554802e+00
-4.124789253393138289e+00
5.575975094403340826e+00
-5.338298223194270165e+00
3.911401409309741339e+00
-2.118074530268396760e+00
3.652178619800530157e-01
9.093887129325852747e-01
-1.018942156344772032e+00
-8.292231848812692263e-02
1.407564867847374224e+00
-1.972067635330088775e+00
1.602573399978025170e+00
-3.998250366559399360e-01
-1.664615827442551765e+00
4.097818632414010231e+00
-5.704985737005861424e+00
5.702131813124390547e+00
-4.402476353930495634e+00
2.456312762159508445e+00
-2.251191242815544502e-01
-1.725138784265817682e+00
2.488835041897769607e+00
-1.817069166761536625e+00
5.566184501894737569e-01
3.549390992239984666e-01
-6.377629151808723584e-01
1.565389380437620659e-01
1.353085117909328172e+00
-3.520956530960943631e+00
5.153361684585426872e+00
-5.371648578794815165e+00
4.307606377239583395e+00
-2.404673264243248898e+00
-8.016721398882764582e-02
2.515611561300812316e+00
-3.820979257654073091e+00
3.551702703526517180e+00
-2.381251009205985980e+00
1.149818182671138889e+00
-1.957682399563185349e-01
-1.325653080908160142e-01
-6.768521600688928164e-01
2.421981319915010200e+00
-3.972416349909663413e+00
4.406440487779960336e+00
-3.692617017363736043e+00
2.045872240470218539e+00
4.345099541062862891e-01
-3.119003457415264080e+00
4.808776569389561217e+00
-4.887359238470084577e+00
3.837381302936810457e+00
-2.354691958407104657e+00
7.823110981699081812e-01
3.574466840306627091e-01
-3.128508341412676863e-01
-9.111862803452683846e-01
2.302420196692550380e+00
-2.951145965103086244e+00
2.692899752560466542e+00
-1.507185806412070228e+00
-7.070115502495952775e-01
3.387482705359534663e+00
-5.282327075960253637e+00
5.641370907203924645e+00
-4.753396024180599255e+00
3.131035027019687167e+00
-1.065489947850134067e+00
-7.992280540677942913e-01
1.499045961948669348e+00
-8.312853046600553464e-01
-3.535560998774291974e-01
1.212521629509533350e+00
-1.488398852950526097e+00
9.342016940659827462e-01
7.793354425637513128e-01
-3.215515020230040655e+00
5.137065718792083402e+00
-5.709254569039122984e+00
5.038170750684222376e+00
-3.425044009470547657e+00
1.054430597203887210e+00
1.369452621986206431e+00
-2.714756516312942569e+00
2.579823855884232131e+00
-1.623876283106689522e+00
5.723211669389212108e-01
2.726899877526660632e-01
-4.624157990432657961e-01
-5.710316798069858812e-01
2.562184587363455002e+00
-4.353082302342963672e+00
5.080374867695073959e+00
-4.691562938744960221e+00
3.261018794943063348e+00
-8.178778386780375387e-01
-1.939117167975757949e+00
3.768390424302409780e+00
-4.095831001891942158e+00
3.375450011096997827e+00
-2.171435635603542913e+00
7.786326865828621102e-01
1.917169950466677264e-01
5.821689483545888777e-02
-1.463433000796511285e+00
3.001765136091340214e+00
-3.839564889973400508e+00
3.800860766923356504e+00
-2.731797414034134786e+00
4.675754535401940304e-01
2.362838661679379282e+00
-4.474723885179857419e+00
5.163279452867867825e+00
-4.679244115976267437e+00
3.391710224905011284e+00
-1.535050304539841148e+00
-1.682305650587330170e-01
7.179040544630281850e-01
3.176380233875719661e-02
-1.238408051727721615e+00
2.154446692830472632e+00
-2.524052595758426776e+00
1.978380433817369610e+00
-1.340702930643213886e-01
-2.507005978443060723e+00
4.686402175789357472e+00
-5.621760551955405028e+00
5.377466743307678598e+00
-4.105469559411542235e+00
1.929351986487109816e+00
3.766569325426467607e-01
-1.654441071418691012e+00
1.556974996692952029e+00
-7.183340648737803757e-01
-2.504501058074831699e-01
1.062868213281386476e+00
-1.162510971292594952e+00
-6.060594240921712839e-02
2.276931231895979124e+00
-4.320667560939206453e+00
5.391747099740539007e+00
-5.398216767332003840e+00
4.266006768933722881e+00
-1.964242422818605949e+00
-7.443782683864953453e-01
2.601845887590020112e+00
-3.087955310847356749e+00
2.617131397750267041e+00
-1.622539395893745517e+00
3.698741282347792758e-01
4.370733481783450891e-01
2.840489996625406022e-02
-1.638108016487981988e+00
3.376700580010144837e+00
-4.487980648440279552e+00
4.764110122080639442e+00
-3.909902699177750129e+00
1.706577136025919650e+00
1.156530007107235969e+00
-3.388225402383639562e+00
4.339205073039472893e+00
-4.210141569804710215e+00
3.226676838907890588e+00
-1.583255666162214581e+00
8.056136241585631907e-02
2.657517188610523107e-01
6.276189818140713861e-01
-1.940417262879676086e+00
3.018745628840126649e+00
-3.586592449280495920e+00
3.146164678257554748e+00
-1.270592230116207144e+00
-1.479301468622353788e+00
3.848942475608588154e+00
-5.115922718498230992e+00
5.289069212117479601e+00
-4.370119263559410605e+00
2.436281094935152325e+00
-3.277177176533667691e-01
-7.949571912337356494e-01
6.466393695571799327e-01
1.755670128538244779e-01
-1.171018689255135747e+00
2.047031241813276115e+00
-2.134357129573349887e+00
7.933508906070090294e-01
1.587269361960724989e+00
-3.856505679496748940e+00
5.281765621568197844e+00
-5.715524110689612414e+00
4.933236198613002443e+00
-2.856566343658655249e+00
3.049634704940455965e-01
1.473019809067478647e+00
-2.019200197073218295e+00
1.697802413761853257e+00
-8.162802620001540221e-01
-3.677591921340841452e-01
1.055646702296531680e+00
-4.069154001750154848e-01
-1.389829782986631512e+00
3.345586610729112564e+00
-4.781996438918096004e+00
5.440959855890041830e+00
-4.883148979949293533e+00
2.846949423729695283e+00
-7.274568180498253156e-02
-2.168565647115083816e+00
3.290897810853345540e+00
-3.434370191402659422e+00
2.686822156328261713e+00
-1.222210371596013534e+00
-8.176092252995248444e-02
2.122577217787697812e-01
8.519063044179033817e-01
-2.328713127773919922e+00
3.654603485993076717e+00
-4.513114406636503873e+00
4.274593053623242156e+00
-2.479342490193964466e+00
-2.630740507166629549e-01
2.728217665070776565e+00
-4.259679042080350087e+00
4.799327856213547960e+00
-4.203846205312945727e+00
2.521303427782326079e+00
-6.529094428658219762e-01
-2.595630344692119174e-01
-5.058191390002075849e-03
8.996590463902154333e-01
-2.027391753914216110e+00
3.068007026479623534e+00
-3.237313464529010254e+00
1.877283422442934890e+00
5.740415093283869341e-01
-3.004895902436636845e+00
4.753410109608928735e+00
-5.603360635105705256e+00
5.183867425450473299e+00
-3.383973410982088037e+00
1.071477609240625295e+00
5.384239520116906874e-01
-1.053263255997223924e+00
7.764533101591977182e-01
1.012665289207618780e-01
-1.308826638164138689e+00
1.952357688492360577e+00
-1.190509481275638048e+00
-7.360941104779392674e-01
2.886319916034912225e+00
-4.659286456370885787e+00
5.731321564835464066e+00
-5.521945799154363677e+00
3.739384407455442094e+00
-1.163812812214217951e+00
-9.796679743784131311e-01
2.172532808239877156e+00
-2.485129680529436946e+00
1.877859858072310262e+00
-5.248950197092080439e-01
-6.213703216450081612e-01
5.661551850808881348e-01
6.557896431813161620e-01
-2.318665025614639053e+00
3.944896471790755310e+00
-5.160047119477746413e+00
5.204719049299228573e+00
-3.597507960321281395e+00
9.836107630406641933e-01
1.468507271254737123e+00
-3.172173414371979749e+00
3.993327082416505913e+00
-3.654276266038832155e+00
2.192928797268325347e+00
-5.659602733684143683e-01
-1.216623725918175580e-01
-2.909891868448930552e-01
1.321057284273312815e+00
-2.667260657061909512e+00
3.962454802391785158e+00
-4.309371755311105723e+00
3.042056838202407132e+00
-6.341241103781303234e-01
-1.866698665713016458e+00
3.871109720276082911e+00
-5.084371686607035201e+00
4.999379711544099436e+00
-3.489208558850625863e+00
1.460967186083295344e+00
-7.589247388101627578e-02
-3.378393045684702223e-01
1.192795812439895187e-02
9.680634119017998973e-01
-2.297222335751059497e+00
2.988961929322436983e+00
-2.211846183931532650e+00
2.453353568867147061e-01
2.039794445018657587e+00
-4.118976801404828691e+00
5.591461079740733808e+00
-5.744577128750130157e+00
4.270502795773355231e+00
-1.976940911232837994e+00
2.052899202782887400e-02
1.147905936874060284e+00
-1.520615157144394436e+00
9.444919069458648231e-01
3.856251410124025281e-01
-1.446685377089734992e+00
1.274043233105685458e+00
5.319846052298515815e-02
-1.884626919208796103e+00
3.823711957176002763e+00
-5.424375606442336739e+00
5.805105190252792369e+00
-4.474561398383329447e+00
2.098746705132873647e+00
2.335998429279921851e-01
-2.006164632038438533e+00
3.002117744915929975e+00
-2.824604294486671829e+00
1.520865513576863393e+00
-9.662233760736782529e-02
-3.940344107640996185e-01
-1.588895024268475176e-01
1.352064357184555865e+00
-2.970744199190894719e+00
4.585036957700729943e+00
-5.191132284383431994e+00
4.125156988460002339e+00
-1.879893547934748721e+00
-5.845539971254123390e-01
2.751284748912613765e+00
-4.240486532591845048e+00
4.424202938677336050e+00
-3.177175321682063736e+00
1.436443340203403363e+00
-2.929014015978075314e-01
1.725467898180799153e-02
-4.608256597715425507e-01
1.630293480895355973e+00
-3.169284587214531435e+00
4.004527007647597614e+00
-3.323591050950589931e+00
1.427960498493745067e+00
9.040274797147862529e-01
-3.221887931528147675e+00
5.040381064951946044e+00
-5.529234937462062405e+00
4.379729436671976117e+00
-2.414561918846104493e+00
7.033408775805485291e-01
3.661835894856189100e-01
-7.003759399212181602e-01
4.880824411383177797e-02
1.354413290607895171e+00
-2.421948660701943812e+00
2.228425996438986090e+00
-8.812391012083149455e-01
-1.063940382483194558e+00
3.286248063883597137e+00
-5.258838249354940153e+00
5.991261950685613513e+00
-4.994663900927321265e+00
2.940400812512329765e+00
-8.173273548382278264e-01
-9.254279585471765213e-01
1.983119938136059135e+00
-1.858169305103557711e+00
6.257236619513314446e-01
6.670683281515430441e-01
-1.027075632701514696e+00
3.808947398695465836e-01
9.633779708293768174e-01
-2.868297188654290952e+00
4.829911782142615628e+00
-5.749420489149558833e+00
4.974890017542965559e+00
-3.000544568627852460e+00
6.780882418026947800e-01
1.545152736035587004e+00
-3.200628970239865367e+00
3.559034439925357507e+00
-2.514259756374787269e+00
1.023584411791421234e+00
-9.586610579046173086e-02
-4.364661593077068247e-02
-5.509657003844310452e-01
1.965299287573598397e+00
-3.778019585905778577e+00
4.839304530152805484e+00
-4.363574491871126781e+00
2.655292336185445023e+00
-3.801819768578600378e-01
-2.081600299228066664e+00
4.156888896826443691e+00
-4.917190629737722141e+00
4.068343229684695750e+00
-2.435705313605038391e+00
9.882541010422156713e-01
-6.019675516321409958e-02
-1.614686719502018697e-01
-6.538679573930308297e-01
2.217597187843475037e+00
-3.387389029086883774e+00
3.283791362621887089e+00
-2.023249284084772448e+00
4.840289221496263394e-02
2.389621593390170773e+00
-4.678846437551062110e+00
5.738148642975325231e+00
-5.093929711020830808e+00
