5.487832339361974121e+00
-8.096942668734624649e-01
-1.744413469024656882e+00
1.020154842959116070e+00
-3.060096702449961459e-01
1.888919166678894257e+00
-4.320253311660627205e+00
4.364752870174738675e+00
-5.492917269552233250e-01
-4.607375610222288032e+00
6.297429919734629955e+00
-2.924605830529627859e+00
-1.182800833595746060e+00
1.273665674178298346e+00
8.972299771404955715e-01
1.935606904240469994e-01
-4.714956885255711327e+00
6.411871824074993675e+00
-1.878342563547718225e+00
-4.175411399746397301e+00
5.575208415974745257e+00
-2.631852835178129180e+00
1.955343921249660666e-01
-5.015336426295455841e-01
1.285400573548799441e+00
2.083744395466473609e-01
-3.696413821938881572e+00
5.978839905131801302e+00
-3.978541177000344042e+00
-1.450627983676321175e+00
5.287337620141481231e+00
-3.977570245848248476e+00
4.279226227679067684e-01
-5.711005785722012007e-02
2.522905777840747099e+00
-2.100415922157234938e+00
-3.032635960888836468e+00
7.139922481798302911e+00
-4.996990475098456841e+00
-7.794065714282609747e-01
3.901176099513039119e+00
-2.776621336775997317e+00
1.033786563561182259e+00
-1.496161339769614518e+00
2.936250421665204779e+00
-2.356444291871215402e+00
-1.325234644256057637e+00
5.607191618782518816e+00
-6.224088600039087815e+00
1.946330703940880591e+00
2.919021107277577798e+00
-3.390995082505324554e+00
6.934663834089658252e-01
-4.246583990153048882e-01
3.641877424118547424e+00
-4.733108087390107244e+00
1.100422940159049984e-01
5.755013106930144673e+00
-6.441502772805758781e+00
2.214238166775330363e+00
1.416961556563680835e+00
-1.554899196688567908e+00
4.692297232940922935e-01
-1.195786838339867320e+00
3.568398722748881813e+00
-4.673980718127022094e+00
2.026778889727003374e+00
3.256651501693477169e+00
-6.474948801626922545e+00
4.328517220585550440e+00
3.425914047576284482e-01
-1.836066049127064836e+00
-2.895854975182628466e-01
6.142558975363335838e-01
3.331763294881993076e+00
-6.491576289062424010e+00
3.633618432830144851e+00
2.701795703486273403e+00
-5.794389448398534981e+00
3.751637328950320871e+00
-6.754908830618103766e-01
9.467914830625601130e-02
-1.016992158072193675e+00
4.569707055084076819e-01
2.534586938246726540e+00
-5.598432865156595994e+00
5.091904691860718479e+00
-2.366469473367807108e-01
-4.755450832288581786e+00
4.959160691989166203e+00
-1.330069450518904350e+00
-3.916629414782234475e-01
-1.726803872905223081e+00
2.716745333208529622e+00
1.316237682007096010e+00
-6.437617448378147422e+00
6.221114285535612076e+00
-8.864881827128928693e-01
-3.508516848951122924e+00
3.491689445103806300e+00
-1.492590297543998412e+00
1.094775902968649905e+00
-2.418762569597320500e+00
2.756876951650947483e+00
-2.931026331777157601e-02
-4.517792311864428534e+00
6.659547218841075811e+00
-3.570357121787859356e+00
-1.892904804412077535e+00
3.921795599538342003e+00
-1.542368676977990738e+00
7.794385836727313333e-03
-2.538682328729877646e+00
4.898588022967066635e+00
-1.856211061668415763e+00
-4.365398277586398201e+00
6.902745992432283373e+00
-3.686590899890933581e+00
-6.782931173499413546e-01
1.920435931669138618e+00
-8.711830082267312259e-01
7.758872891064906296e-01
-2.721764678521951808e+00
4.560567994446319773e+00
-3.222268111152303938e+00
-1.664734264512206519e+00
6.117019044285531670e+00
-5.550310989251316940e+00
8.793879698107288645e-01
2.034411746495779827e+00
-5.316050334845563441e-01
-9.546530979288969654e-01
-1.916913214109801533e+00
5.999075461867310999e+00
-5.026368879687640678e+00
-9.269634158169486327e-01
5.487834892040486245e+00
-4.766620830711964629e+00
1.476735856815341474e+00
7.694701733471442928e-02
5.847871541648095306e-01
-7.829357918594986865e-01
-1.429983806599314455e+00
4.835012734216498131e+00
-5.763491342087283975e+00
1.959470608050256191e+00
3.720579941029457771e+00
-5.609254953100795582e+00
2.495026018780434285e+00
4.219436007345497286e-01
8.209489795869375772e-01
-2.812427068602040503e+00
2.447570282146691034e-01
5.245859770245648868e+00
-6.935289251377045439e+00
2.637237031404478849e+00
2.642565270551454404e+00
-3.980265762935887075e+00
2.171530971350379868e+00
-9.740832493797417779e-01
1.831375706576046758e+00
-2.783459551357001516e+00
1.153135649442114996e+00
3.169276460454592215e+00
-6.567694902256713263e+00
5.016117873177454278e+00
4.707111590954853875e-01
-4.029869508796235067e+00
2.533199831560354554e+00
-4.550285514432517164e-02
1.452970636000449511e+00
-4.536879467238120966e+00
3.254972362348431680e+00
2.650384069183970404e+00
-6.794666004952573779e+00
5.039903073902704200e+00
-4.217845749372109987e-01
-1.992824215480545780e+00
1.395553851458186223e+00
-6.689111339883080376e-01
1.925495045946979511e+00
-4.094784282130220276e+00
4.027739335218441852e+00
4.401695989308618273e-03
-5.241608367947755198e+00
6.416279482342524432e+00
-2.348822570721866843e+00
-1.771967151337606516e+00
1.379549589182053948e+00
8.209781361294388180e-01
6.722456326611185862e-01
-5.041341578637389631e+00
5.915207888311107887e+00
-9.570135408778557284e-01
-4.649458724344449401e+00
5.509521434792252315e+00
-2.502951472018779100e+00
6.805791000205085872e-02
-1.240443393527480009e-01
7.816617674260484261e-01
1.573484162630930783e+01
-6.224945675695375158e+00
-7.354819572513509485e+00
7.165548128214183521e+00
2.557480424149863651e+00
-9.533410883036332883e-01
-1.273142816660448418e+01
1.542860616992144962e+01
1.135165851237206924e+00
-1.591713562248417801e+01
1.240110565308100021e+01
-1.560586503379981504e+00
-9.510377023834231114e-01
-1.801898547604584788e+00
2.297081384407879678e-01
4.832084424907581166e+00
-8.639274044283288490e+00
1.031042987082269846e+01
-6.760926533053303267e+00
-5.012651560265435791e+00
1.544629641697641809e+01
-1.091525174282101496e+01
-2.298013645648635972e+00
4.225993082040736759e+00
5.404833892209564006e+00
-5.215728381375948075e+00
-1.043981045637313976e+01
1.938533885987039085e+01
-7.545999390750450786e+00
-8.849013171039322501e+00
1.086311404158693961e+01
-3.913496432208411147e+00
2.101372484485509062e+00
-4.899208601949516684e+00
4.426788493245786604e+00
-2.332962029657026370e-01
-5.236256949875590649e+00
1.166383812522966323e+01
-1.339884178643931456e+01
3.154570342645052872e+00
1.103463140505913564e+01
-1.170970844678820910e+01
3.619017197237672789e-01
2.364481142586413398e+00
8.298536556723249191e+00
-1.133440845896456395e+01
-4.124160372787423867e+00
1.864973395170469672e+01
-1.351628333354576661e+01
-1.096645451944023630e+00
6.182929165577323083e+00
-2.615494496664313218e+00
2.133193451860710077e+00
-5.762284840165473376e+00
7.453371050293155164e+00
-6.080859986564092878e+00
1.461787324532768828e+00
8.214577104561051613e+00
-1.613828065990117366e+01
1.035323319741630321e+01
4.670926992061844807e+00
-9.285154044288223218e+00
-8.221321641582990392e-02
3.306049189596415694e+00
8.815427496124119244e+00
-1.671901291057557515e+01
4.428402012067579108e+00
1.324536500009774542e+01
-1.489457373075410551e+01
4.457105175046722323e+00
9.669071260775998766e-01
8.275384339257403354e-01
-6.373891822332884427e-01
-3.396232926671926222e+00
7.220593344794222546e+00
-9.946071642763055110e+00
8.978274276182883540e+00
9.949605463263360150e-01
-1.402226211950246260e+01
1.415114045635650264e+01
-8.920086777445417336e-01
-5.752909486818404083e+00
-2.562875858852453170e+00
7.164432990425838810e+00
5.518955292470519858e+00
-1.875796785632246610e+01
1.229015420910392287e+01
5.096226891064348230e+00
-1.171177102433796158e+01
6.106385006703417773e+00
-2.256313264761545145e+00
3.978337499577534686e+00
-4.408357663749956856e+00
1.408223532596116101e+00
3.114503977336030793e+00
-9.698976749293475308e+00
1.429949272268147098e+01
-7.387230500955982215e+00
-8.087209559334878506e+00
1.374148071270957416e+01
-3.617405861787577059e+00
-3.547009434826685847e+00
-4.822248491721005337e+00
1.232521571773400026e+01
-1.241200045463111135e+00
-1.606770906478470096e+01
1.666909063136794344e+01
-2.803426833320949996e+00
-5.838805824226965591e+00
4.014469849663998779e+00
-2.215178943595985217e+00
4.724265808408317113e+00
-6.732610976056571772e+00
6.406103911618723501e+00
-3.599560376160318764e+00
-4.886646689163271162e+00
1.521034457125859163e+01
-1.388831133791975958e+01
-8.420283335540927894e-01
1.020698734092285420e+01
-3.102729158539571763e+00
-4.180696803862721467e+00
-4.587265735235862785e+00
1.618637190838112616e+01
-9.373709358746115328e+00
-9.200026279001992435e+00
1.614452073284028444e+01
-7.701769805482364006e+00
-8.209756486292540956e-02
2.134652015819016313e-02
5.591979642308082532e-01
2.353593363094291568e+00
-5.783311314613436949e+00
8.958142165282687586e+00
-1.026814846597712716e+01
2.982667342790086273e+00
1.128084958579470154e+01
-1.635748383177923060e+01
4.909705806080113533e+00
5.898092058272451865e+00
-6.885118841484881846e-01
-7.471247681787277273e+00
-7.665269391745987981e-01
1.640827348127430696e+01
-1.592749918414154031e+01
-4.661044305369896890e-01
1.128667297131853964e+01
-8.275540340498555025e+00
3.123230258479295252e+00
-3.328123014276621827e+00
4.072404643142292002e+00
-2.067017575788096195e+00
-1.333045325494485400e+00
7.317613803689116736e+00
-1.401727843460290757e+01
1.105673943034416418e+01
4.044097717513129631e+00
-1.443903718294978233e+01
7.347298304425642357e+00
3.232909351379340546e+00
1.284247560995329884e+00
-1.160747518528760125e+01
5.912217407497743160e+00
1.207887006320774859e+01
-1.840591467313618068e+01
7.049696330223085283e+00
4.372794248759364066e+00
-5.141875690904998741e+00
2.806451581446589127e+00
-4.062930766793325432e+00
5.919179645339450957e+00
-6.197496325956015184e+00
5.031320849147211227e+00
1.529870675838785221e+00
-1.305454335236514929e+01
1.637738093602881051e+01
-3.715104996592889286e+00
-9.634742081491520338e+00
6.410662180150549894e+00
3.498151665517191145e+00
7.036964117374906458e-01
-1.403032324418422050e+01
1.314018034566912796e+01
4.235213950579844067e+00
-1.590026584830124534e+01
1.083216073962833370e+01
-1.664510900980668673e+00
-4.671992051330202678e-01
-1.694621075077664685e-01
-1.756957208329648079e+00
4.536857023773915643e+00
-7.572500542146163305e+00
1.057329590817575671e+01
-6.490440321671369972e+00
-7.496462305319878006e+00
1.716656796220845038e+01
-9.225266131450547746e+00
-4.509869179818944751e+00
3.719616164689620419e+00
6.225689699520338571e+00
-3.193011759087352797e+00
-1.270675101391424988e+01
1.804095564375505134e+01
-4.516456357473842331e+00
-9.511267099421708338e+00
1.001194687363418190e+01
-4.562158576748933214e+00
3.129722506129556603e+00
-3.625916715827155912e+00
2.272100408297731189e+00
5.172939735216752766e-02
-4.843791363883928724e+00
1.264699855446185417e+01
-1.375319417290592128e+01
6.678544368453320779e-01
1.356550340457492965e+01
-1.095375067735926145e+01
-1.429183953507807914e+00
1.685824573643338820e+00
9.441993119956004321e+00
-9.354243098081596486e+00
-7.186103814458937755e+00
1.848845493427526776e+01
-1.111538749997404096e+01
-1.859408118981879188e+00
5.680319564709607860e+00
-3.705188625987144047e+00
3.852494759860268569e+00
-5.215064571528092330e+00
5.629585593168346946e+00
-5.695896030798733634e+00
1.480996750310036969e+00
9.932572402869729089e+00
-1.749549915714565529e+01
8.461420782793199535e+00
7.489210155548340353e+00
-9.222433587361756224e+00
-1.427907192383070623e+00
2.252376659184011753e+00
1.066915416761020552e+01
-1.533557441383788955e+01
1.072572643519134949e+00
1.411001954221231358e+01
-1.338194129244597264e+01
4.087991727291965915e+00
3.043002575510405094e-01
-3.071534650125951060e-01
1.571777257226644631e+00
-3.637138449762092218e+00
6.055162625682953603e+00
-9.970463179108461915e+00
9.165593671910915674e+00
3.084012055548636777e+00
-1.639018187865126208e+01
1.323995484111465260e+01
1.675336011605304876e+00
-5.934825935744372671e+00
-3.753887223243552285e+00
5.872115110635654389e+00
8.195506390237138561e+00
-1.841780402533374783e+01
9.270860619722432361e+00
6.499626131046282396e+00
-1.095497450337163770e+01
6.325966506805983158e+00
-3.472746281216597009e+00
3.279396963495994743e+00
-2.159186301811718778e+00
6.610459736770994965e-01
2.595030291905150222e+00
-1.042259458618003976e+01
1.519209333177745513e+01
-5.519944648357830275e+00
-1.109998246374918196e+01
1.383324052051631448e+01
-1.616534014033149447e+00
-3.558246279403438184e+00
-6.294256803158715385e+00
1.122071706076379627e+01
2.002449385483230149e+00
-1.689615496844923825e+01
1.448306372473896353e+01
-1.464560640756389809e+00
-5.398075113578969741e+00
4.649061919888314520e+00
-4.073453119096521746e+00
4.781484155860068697e+00
-4.919665564514239087e+00
5.647660742965201486e+00
-3.832927924158154198e+00
-6.228108940414379902e+00
1.709302598063861467e+01
-1.281092948168251056e+01
-3.924282612524660152e+00
1.097975865709822152e+01
-1.638020992302422041e+00
-3.857066732971508927e+00
-6.676264881244962979e+00
1.578898257949552786e+01
-6.105321834784321666e+00
-1.092950858366516620e+01
1.494922276035864606e+01
-6.884021347152848413e+00
5.681795074780530141e-01
6.337472776018726606e-01
-1.684704687137483115e+00
3.163146007176206531e+00
-4.671016492850387891e+00
8.657267495992494233e+00
-1.076291939218830507e+01
1.457934707067076729e+00
1.404961712602956148e+01
-1.637256009990197825e+01
2.289117748988493517e+00
6.862971946513562571e+00
5.677832159109329480e-01
-6.988842180708688900e+00
-3.509016003810502493e+00
1.707776867346323257e+01
-1.324221353281201985e+01
-2.542078344252093558e+00
1.084734291726190847e+01
-8.098611412131745624e+00
4.341326862544993226e+00
-3.211462256144168137e+00
1.912673115069972951e+00
-8.365710089312043962e-01
-8.358582511862793218e-01
7.682836311139109142e+00
-1.525441306585060630e+01
9.954813763299490859e+00
7.244880249463164112e+00
-1.546634542394669332e+01
5.451331232646803748e+00
3.982598219362254000e+00
2.763114725691564022e+00
-1.139963755952322799e+01
2.836040878428930601e+00
1.382853238371756177e+01
-1.671826330094652846e+01
5.232746554901000380e+00
4.186019025190718779e+00
-5.357850714018283611e+00
4.617458157875199198e+00
-4.712893731726284230e+00
4.291766926016095773e+00
-5.045815660164631566e+00
5.318595935307055100e+00
2.392834880847662937e+00
-1.521820133218856697e+01
1.621367548633674005e+01
-6.911019232039147253e-01
-1.127012405301128872e+01
5.144085966454275294e+00
3.906956834350955532e+00
2.694634249543791604e+00
-1.457167953183616049e+01
1.028995966119240180e+01
6.700735988845206492e+00
-1.525556139648466036e+01
9.673321265467588859e+00
-2.129305031141464966e+00
-6.007882363265233394e-01
1.924521486175108542e+00
-3.105797355172389196e+00
3.642842294738223075e+00
-6.921241995670613711e+00
1.118840971842537435e+01
-5.616443956261076842e+00
-1.037565558585764158e+01
1.814418359953116777e+01
-6.881156664406718804e+00
-6.229516526713167579e+00
2.712868531712358866e+00
6.505127718876893894e+00
-7.177904731518445214e-01
-1.426767324983370244e+01
1.597879309404195070e+01
-1.934707562703858574e+00
-9.574841551297172515e+00
9.543728955234243472e+00
-5.616658859939460235e+00
3.538874653494260780e+00
-1.733503756858223666e+00
5.986500882583691840e-01
-2.606815413389649283e-01
-4.821697044202757354e+00
1.400302866315828609e+01
-1.346439653053213270e+01
-2.400841181069924168e+00
1.549601119864629695e+01
-9.482881391456320586e+00
-2.840630418465189155e+00
5.096701562843475308e-01
1.002572136378550738e+01
-6.760093951518825861e+00
-9.676019544989435062e+00
1.753108454001479544e+01
-9.000909531940935793e+00
-2.076172098597527160e+00
5.578594473760624339e+00
-5.306157389162271087e+00
5.021835108654318702e+00
-3.939726602026103475e+00
4.127836127943717237e+00
-5.864808074828742335e+00
1.117529394797874609e+00
1.211138929781968088e+01
-1.823429166261032819e+01
5.822628427421816966e+00
9.890788588068645026e+00
-8.454479503814271268e+00
-2.447909514553067822e+00
6.581959832196448978e-01
1.198296917092306302e+01
-1.317783729391282321e+01
-1.904080876766108155e+00
1.418701635115400173e+01
-1.205723591051926746e+01
4.238088626210078758e+00
6.116781975319129927e-02
-2.092150587068907885e+00
3.370764115538878780e+00
-3.116859951792541938e+00
5.095560670193840735e+00
-1.051097566658499716e+01
8.935912810396347439e+00
5.778339629027215985e+00
-1.824898690815685853e+01
1.148354197599490689e+01
3.999977791182397269e+00
-5.454284376292124925e+00
-4.629164007721778162e+00
3.940738785880620210e+00
1.042360777973746089e+01
-1.719440894083654570e+01
6.427267111432191093e+00
7.185044008429072093e+00
-1.035624802843221026e+01
7.095487724385058925e+00
-4.296602858115551982e+00
1.804498658804662092e+00
-1.420464972342050380e-01
6.377288561333478434e-01
2.230645857996278458e+00
-1.167293930435182148e+01
1.566130915043833127e+01
-2.887265774633529514e+00
-1.378278903633221297e+01
1.306628180900636771e+01
2.648662981351024293e-01
-2.935747667442697217e+00
-7.456640382389366550e+00
9.346656775227158320e+00
4.963688055529825505e+00
-1.681684193382849912e+01
1.230997937376456974e+01
-7.607965070969671117e-01
-5.126461218064505942e+00
5.920994017831123557e+00
-5.636964334617383443e+00
3.995029040685387667e+00
-3.171012123451340869e+00
5.541098309162540758e+00
-3.907870443065708077e+00
-8.171651418378525378e+00
1.861467041767806307e+01
-1.084483409277212296e+01
-6.882426236733330427e+00
1.094852041885386740e+01
-2.329289328295112149e-01
-2.880752181651864419e+00
-8.503255663922958618e+00
1.450580334178382280e+01
-2.909196655986433289e+00
-1.181137003835213051e+01
1.367619948024402987e+01
-6.653406563279057551e+00
1.044623692711317720e+00
1.995043658845572665e+00
-3.794878939861262346e+00
3.140087087518222297e+00
-3.507971396384781393e+00
8.950399326776427245e+00
-1.108173857765162218e+01
-7.907335231577374834e-01
1.660049586985674352e+01
-1.545261943515201786e+01
-3.881541508214345626e-01
7.104479521259504438e+00
1.781657198260071073e+00
-5.783673295900330302e+00
-6.106260589050123144e+00
1.680671027254559036e+01
-1.042577169745126398e+01
-3.882377315394685446e+00
1.030933541477837956e+01
-8.521630914032748194e+00
5.430950151635351553e+00
-2.258558199849490578e+00
-3.002255739474379848e-01
-3.617204946938246124e-01
-2.413358603448219064e-01
8.636583152524792695e+00
-1.633324721395401369e+01
8.005626459850223142e+00
1.042885338482969360e+01
-1.559922573300858595e+01
3.379808438808663773e+00
4.068303372720887268e+00
4.216949935504279878e+00
-1.037653661135982652e+01
-2.761459765996736593e-01
1.467001164462936025e+01
-1.475118751765683989e+01
4.038617085649223171e+00
3.915206662760448708e+00
-6.239322370927062877e+00
6.414560724634842614e+00
-4.504416541188390966e+00
2.447827473845133106e+00
-4.547093497779103544e+00
5.699532272714634473e+00
3.900365255755922966e+00
-1.731154239661559657e+01
1.512921724917039512e+01
2.527360322107417900e+00
-1.211421750268032049e+01
3.650723073075917480e+00
3.660681331161362628e+00
4.721325557387989313e+00
-1.423013726781020694e+01
7.194170895359855322e+00
8.369129034328448569e+00
-1.426248083963625390e+01
9.069033672277930336e+00
-2.676982374934635533e+00
-1.480586730419156893e+00
4.173630978304249339e+00
-3.653041583733457109e+00
2.430532209204108618e+00
-6.843173421758092623e+00
1.188662853436414757e+01
-4.005292394221022789e+00
-1.334658331520530439e+01
1.821142282568474968e+01
-4.172159222785915667e+00
-7.277116942077769046e+00
1.469015716984359621e+00
6.090611081185514308e+00
1.918939451993655343e+00
-1.494604810061504629e+01
1.348507201398466471e+01
3.912817172579963199e-04
-9.289728041595855856e+00
9.625678398510189027e+00
-6.806770387011264134e+00
3.154705267581685568e+00
4.958080690538495539e-01
-3.892652960358562453e-01
-9.228280402059625409e-01
-5.349196667783035153e+00
1.547239230804926891e+01
-1.235720108935216466e+01
-5.767135071031040283e+00
1.661162943963928385e+01
-7.548925039721446240e+00
-3.669105847515011121e+00
-9.180144712482053437e-01
9.862009330146563002e+00
-3.825412392095615566e+00
-1.136960526046473063e+01
1.602378509029965059e+01
-7.395506823468979363e+00
-1.972706762073906051e+00
6.071258244076483734e+00
-7.161742238099933822e+00
5.420802032058453790e+00
-2.181904978244188609e+00
3.180413945194824343e+00
-6.369129659177287017e+00
1.700084698560808683e-01
1.450336939189248397e+01
-1.813347978082102685e+01
2.687511271261062706e+00
1.162631099597800066e+01
-7.195744141389224247e+00
-2.919622913415320653e+00
-1.246548265771334041e+00
1.252860569973255167e+01
-1.048795604175914420e+01
-4.239764229687014385e+00
1.367950045766477629e+01
-1.115848553104751417e+01
4.701028068514260028e+00
4.633254009749849800e-01
-4.295538604774638003e+00
4.499025319721125626e+00
-2.037688385459667906e+00
4.591159042351367070e+00
-1.137271015012324860e+01
8.060555941967090021e+00
8.850787404310089812e+00
-1.933384621944085779e+01
9.087946249533679577e+00
5.811094572906110756e+00
-4.493199990381254949e+00
-4.945315014851374258e+00
1.579724051153985398e+00
1.193380575475199024e+01
-1.528605481893828433e+01
4.044592836649325562e+00
7.316285033663093351e+00
-1.016682709740500457e+01
8.227632401350783553e+00
-4.465746113140557583e+00
-2.521651761960659321e-01
1.354311178151470951e+00
1.179011764699049225e+00
2.282134832509902900e+00
-1.327543587878070852e+01
1.544548570060501191e+01
3.169765250678506785e-01
-1.583660721301857954e+01
1.159791576477483765e+01
1.744693549359093598e+00
-1.834292859833613010e+00
-8.040565872227496413e+00
6.881944662638304955e+00
7.338278653068606161e+00
-1.597699624228723358e+01
1.044530040590914943e+01
-5.606865658622444126e-01
-5.291603369552213110e+00
7.667805601363678392e+00
-6.609004650923081314e+00
2.511218795295249606e+00
-1.789779806093264369e+00
5.964538163128716874e+00
-3.551688158418962349e+00
-1.056540851637525158e+01
1.947893940131266532e+01
-8.137851329057868455e+00
-9.397340646356841631e+00
1.022471279334911998e+01
8.234278984978620208e-01
-1.381146148310827826e+00
-9.770560021785428262e+00
1.247296029021784491e+01
-1.117504830631306234e-01
-1.194204377008582973e+01
1.262294287854103558e+01
-6.905151235385275754e+00
1.058232187324287032e+00
3.978104512733243503e+00
-5.448720288301068138e+00
2.379044493985924547e+00
-2.600566005408693204e+00
9.746111338554815262e+00
-1.093552139719234617e+01
-3.642520032576357814e+00
1.860759446101731740e+01
-1.369147565774431108e+01
-2.797123840479696533e+00
6.695230704455802595e+00
2.655582345154672730e+00
-3.955678713266741475e+00
-8.233554916959455738e+00
1.567849447457786205e+01
-7.811580267797509691e+00
-4.539115022246200226e+00
9.970528111737689159e+00
-9.465814801977620263e+00
6.079552470247907792e+00
-5.500233961416207684e-01
-2.231396417214849492e+00
-5.962705571970170482e-01
1.461134496073559497e-01
1.011410215149163250e+01
-1.694414830856142018e+01
5.287400830695917264e+00
1.325237336155887746e+01
-1.487673701655220881e+01
1.453574444069509308e+00
3.530592229214811528e+00
5.335909697392599682e+00
-8.599707957399299829e+00
-3.081288099244713585e+00
1.463021918738218297e+01
-1.283204857302349566e+01
3.450633607336911268e+00
3.861961288586964969e+00
-7.738850421048185879e+00
7.865568777067991846e+00
-3.464240991087072175e+00
7.202358506165604801e-01
-4.695602021809401450e+00
5.870823373000854772e+00
6.016442826145915745e+00
-1.900482204725804181e+01
1.314943479505337010e+01
5.594203658553208669e+00
-1.215733150295078069e+01
2.243682928005561905e+00
2.770379925261999166e+00
6.459640272302598518e+00
-1.301862756758125528e+01
4.200206151801458176e+00
9.214543157229304171e+00
-1.323512931458781949e+01
9.031406770533589423e+00
-2.997872667024767512e+00
-3.099778707539978306e+00
6.236491850305604601e+00
-3.371042764141162440e+00
1.220243786633312233e+00
-7.364701240111416247e+00
1.236151506388814703e+01
-1.656737169445061664e+00
-1.606667323024515781e+01
1.733629721507690746e+01
-1.432637630712845223e+00
-7.603623210377508101e+00
2.953063709230629996e-01
4.960396371205105126e+00
4.382324150138294350e+00
-1.469933738418130709e+01
1.089620769578227311e+01
1.219526307170081481e+00
-8.956300116776484188e+00
1.029751747725579136e+01
-7.813879147962266458e+00
1.934450283443339469e+00
2.725869323231260744e+00
-6.159507031997093485e-01
-1.631083695780426668e+00
-6.480365127634723166e+00
1.674238170911707613e+01
-1.038534598067082371e+01
-9.088860326233119125e+00
1.682584598043467494e+01
-5.465606023910645206e+00
-3.834401230122522097e+00
-2.292079768087400105e+00
8.888771427529739810e+00
-8.857045485824168729e-01
-1.216870894859721020e+01
1.428006086189809132e+01
-6.401294949268083734e+00
-1.839675905107676313e+00
7.230327762601575614e+00
-8.949762965855713404e+00
4.952791719866208808e+00
-2.586390346556413089e-01
2.900814795864839368e+00
-6.920094618539055276e+00
-1.444821672805235657e+00
1.679147114827421916e+01
-1.709347214438594520e+01
-6.176832946452137652e-01
1.256389285748795182e+01
-5.737168928792929279e+00
-2.735038729472551111e+00
-3.157610376597971502e+00
1.219579554193782656e+01
-7.587677247016350712e+00
-5.787840142925519515e+00
1.287267195398703379e+01
-1.081312015580004626e+01
5.191627780775796452e+00
1.622926497981732830e+00
-6.602980626994190416e+00
4.808967954725700267e+00
-6.884365313077412951e-01
4.683626124816060887e+00
-1.227724138982018864e+01
6.420627539699737873e+00
1.198858662421882215e+01
-1.949079026872680842e+01
6.350452333001741501e+00
6.942992215529459443e+00
-3.322755330785176930e+00
-4.564100553593705811e+00
-9.121129103292795470e-01
1.256397961466945823e+01
-1.298631584923902871e+01
2.306122743775797623e+00
7.151578085367787274e+00
-1.053788889853533384e+01
9.442547187773829620e+00
-3.821335862978907372e+00
-2.598386670291913170e+00
2.140574616169861777e+00
2.026628898767147469e+00
2.914275790619752726e+00
-1.495931555043116923e+01
1.438237811118959542e+01
3.797964616883446443e+00
-1.705953213261395618e+01
9.689534504773950729e+00
2.632802604455232398e+00
-5.095380969541606353e-01
-7.871487855443252357e+00
4.109417928948363219e+00
8.915576952250887643e+00
-1.463210666493663936e+01
9.096910505547288750e+00
-6.277595835766135446e-01
-6.072455295248897045e+00
9.621116459018530520e+00
-6.782879311726266458e+00
5.875842136662446924e-01
-9.947826388816007892e-01
6.686909347833315920e+00
-2.575496905270476589e+00
-1.314900938864338897e+01
1.947589578055588078e+01
-4.952181456597934073e+00
-1.123114940586395250e+01
9.033885735346286694e+00
1.320395664601017316e+00
4.005494095230729412e-01
-1.026182390495179142e+01
9.943482130997562507e+00
2.037990584411515371e+00
-1.153608808280006848e+01
1.201401042739245284e+01
-7.419950130328912152e+00
3.958610708667213984e-01
6.337552840796981002e+00
-6.397669863781294097e+00
1.095968477430251387e+00
-2.186561911804135505e+00
1.083521410422695119e+01
-1.010589626260164664e+01
-6.856532204160433963e+00
1.981565527811212490e+01
-1.130774719166297970e+01
-4.677183360688036196e+00
5.829703181491876052e+00
2.956608374167557951e+00
-1.726862613072223995e+00
-9.632050463434062237e+00
1.390376436106780389e+01
-5.673246430458416256e+00
-4.689589479472716427e+00
1.007050638825014666e+01
-1.072906170824617078e+01
6.035556351039760514e+00
1.705056296668075122e+00
-3.602173859404189216e+00
-1.365738460624252193e+00
7.510400486560930844e-02
1.192531680967246466e+01
-1.683352888379167922e+01
2.008377253802376750e+00
1.542443043619031329e+01
-1.346978192251163264e+01
-5.401542158199656996e-02
2.538096854807103231e+00
5.859925226571110812e+00
-6.261761445580450669e+00
-5.284392735594724222e+00
1.387029370859112731e+01
-1.124624561112019627e+01
3.321965004661885157e+00
4.284518055323013996e+00
-9.677805178490729077e+00
8.682115220935965993e+00
-1.754758094311144268e+00
-5.958494106251812639e-01
-5.352983796994095655e+00
5.566710337108780493e+00
8.573006845947734433e+00
-2.000764518339642350e+01
1.043703757365420337e+01
8.196795900856717054e+00
-1.152548775628976152e+01
1.205048650749576566e+00
1.380324663350503744e+00
7.618916022124088805e+00
-1.108795987172871556e+01
1.626724307937064573e+00
9.348860708670619246e+00
-1.246293951827238722e+01
9.438771969671616802e+00
-2.809867718110021340e+00
-5.314128792062893680e+00
7.796577322038920954e+00
-2.371451257707321680e+00
3.127472068425691809e-01
-8.377092564473962000e+00
1.232838701848522156e+01
1.291975700611152966e+00
-1.821405015280464568e+01
1.562790383529586613e+01
1.017307400790626204e+00
-7.297109042056884931e+00
-5.158556678512504767e-01
3.230033925109360826e+00
6.352917628452370735e+00
-1.362654656355923422e+01
8.539575589190105731e+00
1.791656945658473221e+00
-8.866801314608942164e+00
1.146256602919556933e+01
-8.329734786605577312e+00
-2.361344524924646748e-02
4.625551584406308869e+00
-1.453063530621228061e-01
-2.084109186602136177e+00
-8.132828310710872088e+00
1.750533018583451650e+01
-7.643393076964156485e+00
-1.202464201209287609e+01
1.619338793440907054e+01
-3.550648596431988935e+00
-3.393192761345674491e+00
-3.305787833771058004e+00
7.183637060024848253e+00
1.719467768006041730e+00
-1.211673929626658719e+01
1.262330521991779619e+01
-5.983679310682706642e+00
-1.975762747649870033e+00
8.990010586242350499e+00
-1.033977308101533232e+01
3.662475672452970787e+00
1.498570165511436514e+00
3.265278718947069780e+00
-7.214827622857177936e+00
-3.673516263331040310e+00
1.864572098012722989e+01
-1.515578403525655560e+01
-3.747484086720147101e+00
1.270985005584907057e+01
-4.390694408946577809e+00
-1.921664212386681392e+00
-4.751945536336423359e+00
1.101387228185677891e+01
-4.822747099024049078e+00
-6.539741114465478233e+00
1.207909187817481111e+01
-1.101474127858817909e+01
5.400326334815951590e+00
3.514837093578774496e+00
-8.672394013508586852e+00
4.290883900778556637e+00
6.094634204162092672e-01
5.381456822218108726e+00
-1.291600390285923794e+01
4.032692445543721860e+00
1.484703220624718512e+01
-1.870362799120612607e+01
3.606512721975049018e+00
7.362825322572471798e+00
-2.251112481249118336e+00
-3.480250058760909759e+00
-3.199043516123024400e+00
1.228819825568663404e+01
-1.063198734401344758e+01
1.263345844844462995e+00
6.992459882358664558e+00
-1.149064030746206377e+01
1.041899993894171494e+01
-2.338509301941834817e+00
-4.894947177909564573e+00
2.158717956983750241e+00
2.873301281466007051e+00
4.163846151222521996e+00
-1.640742767278547376e+01
1.244166883569239523e+01
7.209737132467406440e+00
-1.738056334021986160e+01
7.657763675074213516e+00
2.865125792220982515e+00
7.303464035722035952e-01
-6.903541794994964675e+00
1.367363651728811469e+00
9.614146946687545991e+00
-1.309832960858352635e+01
8.348968107804942917e+00
-6.673626782505481803e-01
-7.523078792313000918e+00
1.145361056994435955e+01
-6.079190039192551076e+00
-1.453458944746983894e+00
-8.824631434597849378e-01
7.413322619398083901e+00
-9.122704819592666325e-01
-1.559900743452250715e+01
1.852093333521592555e+01
-1.619402213080624930e+00
-1.226714828905762822e+01
7.671819010031162733e+00
1.165718837736732905e+00
2.155042283723313190e+00
-9.882560499963032541e+00
7.243814880276195467e+00
3.410046323949323277e+00
-1.088386099458558220e+01
1.195928491888610523e+01
-7.905890713669453618e+00
-1.037717566828092686e+00
8.751648121526470092e+00
-6.510419531873615107e+00
-4.126853993392323172e-01
-2.391601340140743659e+00
1.193091069124348458e+01
-8.488800324926188523e+00
-1.011199859011562019e+01
2.008475610491016283e+01
-8.605584085839533159e+00
-5.877333982656424816e+00
4.785908416642474350e+00
2.561531718311824246e+00
5.970266841306367533e-01
-1.015484583341794078e+01
1.178280631274341950e+01
-4.177758705990656019e+00
-4.599816591234628937e+00
1.074389708800550025e+01
-1.202230980953526540e+01
5.155689054632436985e+00
4.205024107641390785e+00
-4.238375056769902116e+00
-2.402037108922003839e+00
-6.045669110571489924e-01
1.378919984125145604e+01
-1.585242460686796662e+01
-1.527308954350288017e+00
1.675627024276503363e+01
-1.164822654586133055e+01
-9.667628943419250831e-01
1.355231008768364775e+00
5.628505893152798478e+00
-3.654222077616652076e+00
-6.689353402556398542e+00
1.265458468893156230e+01
-1.018617178231576759e+01
3.405785172211039491e+00
5.346803929101231923e+00
-1.177648563230485301e+01
8.671509491656314239e+00
3.551799434371922803e-01
-1.295303341872112934e+00
-6.276364452822157602e+00
4.611081790866604635e+00
1.129797342778076974e+01
-2.012180842595217456e+01
7.264711007780781493e+00
1.010948605039644832e+01
-1.045438301788853686e+01
7.325989949128146606e-01
-2.577652081249427463e-01
7.995699021642014515e+00
-8.701539227766811990e+00
-2.909133074622269888e-01
8.997743117080457154e+00
-1.215632106551807290e+01
1.005916554200496726e+01
-1.912941144238824887e+00
-7.865205108341045026e+00
8.617628602827748452e+00
-8.832593985625714073e-01
-6.611805534485704072e-02
-9.657704361433911089e+00
1.157963491953946189e+01
4.587191469672779576e+00
-1.954373998359823972e+01
1.331649242183597259e+01
2.928222998621067497e+00
-6.563849170212767703e+00
-7.430166943507119370e-01
1.133583134828007211e+00
7.583509748106355808e+00
-1.195038554587181245e+01
6.676302700681888247e+00
1.907388006370416722e+00
-9.248543796736813150e+00
1.290418259326321682e+01
-8.113750332276241650e+00
-2.495935572817986614e+00
5.926642079847714406e+00
8.336132732758749775e-01
-2.040360848569542362e+00
-1.010184555682215191e+01
1.751636998177911408e+01
-4.353100529568018295e+00
-1.429239404082768239e+01
1.489797562278457654e+01
-2.067574185676686049e+00
-2.527414110156098737e+00
-3.708961083636509670e+00
4.952603404761114270e+00
3.705382982688475213e+00
-1.138861528328755135e+01
1.132804687200270166e+01
-5.980547369121072876e+00
-2.629228225518812412e+00
1.115574629017426211e+01
-1.105218663208751551e+01
1.727864078355786814e+00
2.802986832625530500e+00
4.119632350281380084e+00
-6.995110128004718320e+00
-6.332610676864089072e+00
1.978251482466166777e+01
-1.249725351011729302e+01
-6.396823594842119931e+00
1.220422044368444325e+01
-3.430185602201042183e+00
-6.383274400171163876e-01
-5.747050115896628952e+00
9.148221769938894354e+00
-2.503092353781687596e+00
-6.622804178061025837e+00
1.157940564983795717e+01
-1.162484103198606000e+01
5.052442465890555567e+00
5.977965954595826581e+00
-1.019380727872216497e+01
3.072976942954070978e+00
1.561424255057470400e+00
6.559254556757249333e+00
-1.300948642947951939e+01
1.049733200486675067e+00
1.710928917779520830e+01
-1.709617288445413408e+01
1.170145595865499821e+00
7.173792493245089830e+00
-1.564331113526272965e+00
-1.824830364909705960e+00
-4.967989261797832512e+00
1.122115032740843965e+01
-8.543525640581643543e+00
8.303552971747860667e-01
7.124891042170224509e+00
-1.291054482045199414e+01
1.085355667987744965e+01
-1.329452504653434453e-01
-6.815027510886000783e+00
1.489881828319191026e+00
3.421452890651845546e+00
5.931430189091431160e+00
-1.731500721567268641e+01
9.733718430456210768e+00
1.021435183873165542e+01
-1.686975371246549216e+01
5.815947695301774800e+00
2.514355280086212563e+00
1.582931315379529025e+00
-5.230565639178696102e+00
-1.009177345104222301e+00
9.494112787185235547e+00
-1.169430761108784900e+01
8.148802324892109539e+00
-3.843177918215090472e-01
-9.559373668153014592e+00
1.283712009694676581e+01
-4.560270281133684378e+00
-3.282414578662249394e+00
-1.411458408752388038e+00
7.842168544819291043e+00
1.367590149512645681e+00
-1.758628295223776661e+01
1.667131289436575869e+01
1.516875059493435707e+00
-1.252756167155330580e+01
6.448021470685240786e+00
4.034961485033483619e-01
3.561507863570965160e+00
-8.678802466832438611e+00
4.717144250851697862e+00
4.013450213958203783e+00
-1.029570319333770101e+01
1.243368582350127838e+01
-8.054065428396928183e+00
-3.199107057736866544e+00
1.087817762239598096e+01
-5.794946773525109229e+00
-1.825106373230819479e+00
-3.206623332692215111e+00
1.272347816049853542e+01
-6.117301272339480178e+00
-1.306327419383134369e+01
1.941439411362030754e+01
-5.920244813264081252e+00
-6.381079728562029985e+00
3.871712330405844948e+00
1.481902976705558928e+00
2.680410514008271683e+00
-9.793055985655190199e+00
9.652012679982668431e+00
-3.358407078396369538e+00
-4.571912552235515292e+00
1.199322237392629908e+01
-1.302224491956471653e+01
3.432930131897645509e+00
6.608236154027234299e+00
-4.099433093737077982e+00
-3.395082629200804725e+00
-1.912618403791535027e+00
1.538524380361519484e+01
-1.398635310576803903e+01
-4.971153227547639553e+00
1.719254284507177033e+01
-9.730346660058842190e+00
-1.237120041193934039e+00
2.920786508090684741e-01
4.612531578154454692e+00
-1.117274151486076228e+00
-7.231985620444696394e+00
1.130125111255507875e+01
-9.717637929023133836e+00
3.403969309715296099e+00
7.084771208134078790e+00
-1.370299636493418660e+01
7.771515572990024268e+00
2.538504874870018302e+00
-1.298604723189005661e+00
-7.165683523054862114e+00
2.953061101676866862e+00
1.386265541948582936e+01
-1.927781251538518248e+01
3.968113898674827222e+00
1.123113379548449586e+01
-9.243473029328201918e+00
9.022565568352467480e-01
-1.830516056619745591e+00
7.511939292398247758e+00
-6.189784521679404961e+00
-1.439968674512963176e+00
8.456176139367595823e+00
-1.240723094227006129e+01
1.059442741725065673e+01
-2.289354955589208984e-01
-1.042446341485740113e+01
8.584622497666188679e+00
7.902416006022261463e-01
1.932795762166801268e-01
-1.091240270135469537e+01
1.002614495875044831e+01
7.901328307644448934e+00
-1.993023296750634898e+01
1.071189334465127985e+01
4.164413105069120213e+00
-5.687658506388350688e+00
-2.787502712749128087e-01
-1.017072181814457021e+00
7.943158031867405988e+00
-9.977284019725699338e+00
5.456488321441911538e+00
1.840084891575410220e+00
-1.021925055902336332e+01
1.432457678727407036e+01
-7.038373954062316251e+00
-5.172067314629140711e+00
6.470163696975710366e+00
2.043781057136329515e+00
-1.364349746649662798e+00
-1.209721271031716938e+01
1.664015520458376685e+01
-8.267606576665070817e-01
-1.571711383883456392e+01
1.321688559233934868e+01
-1.177839215894721292e+00
-1.509383801971921679e+00
-3.356018715193967772e+00
2.495267384102669794e+00
4.891247921571179269e+00
-1.025712101114451791e+01
1.057061939792093952e+01
-6.135096883536319545e+00
-3.948641529038774856e+00
1.343701546856450513e+01
-1.090850641582845881e+01
-5.715850936317306008e-01
3.463362083650162404e+00
5.210131274393047462e+00
-6.097926082760456445e+00
-9.139388155688237703e+00
2.001595133263524318e+01
-9.399983592802982457e+00
-8.353087763415583566e+00
1.129195230803873962e+01
-3.039609760803559269e+00
8.533933823608216285e-01
-5.953289488810453278e+00
6.872187669383910347e+00
-8.496414125896363245e-01
-6.273482979905889323e+00
1.156934647893961099e+01
-1.239915151436985141e+01
3.961392424548311642e+00
8.741365939830155085e+00
-1.094351821830285942e+01
1.396517688605465324e+00
1.953858029541597929e+00
7.981873445137527057e+00
-1.236136907757057024e+01
-2.262855237429136412e+00
1.854145521308749522e+01
-1.490938794359036734e+01
-7.213315716155945800e-01
6.593270960357899391e+00
-1.471342285986707132e+00
1.565008347170955272e-01
-5.984312104152697209e+00
9.597335988091451497e+00
-6.968850190846530346e+00
8.034707183075933123e-01
7.763422869549257754e+00
-1.456677919917162001e+01
1.051696659594825611e+01
2.557920209960007796e+00
-8.101223264378727862e+00
3.369031866656733154e-01
3.439879329328019431e+00
7.998545647349536658e+00
-1.744664360560098970e+01
6.492898100578041287e+00
1.253962516644613601e+01
-1.572291766775983035e+01
4.416676719993150257e+00
1.775249108055668490e+00
1.808993189475414542e+00
-3.071680986110707501e+00
-2.746659647378609570e+00
8.744029203183988130e+00
-1.068303161570738524e+01
8.319207747585634749e+00
4.592004852287496774e-01
-1.197122850112675962e+01
1.350123763271173338e+01
-2.419142645653258761e+00
-4.621452167895189866e+00
-2.412560180237263374e+00
7.723449098274882019e+00
4.066058003439144031e+00
-1.883495730728668605e+01
1.411726765684289120e+01
4.160271661699955992e+00
-1.216594370712365603e+01
5.626981966900372001e+00
-7.931473403413606960e-01
4.346651406367993964e+00
-6.830422521097089472e+00
2.663822372359681445e+00
3.990944416738565259e+00
-1.004286861083465254e+01
1.328204373589325193e+01
-7.597680584416673710e+00
-5.910765174130019339e+00
1.241420491285683880e+01
-4.395397090987199995e+00
-2.853520149796325622e+00
-4.490297789688764141e+00
1.293944035693786176e+01
-3.159412481583239174e+00
-1.539966397797030240e+01
1.794257954799487820e+01
-3.558451600406031812e+00
-6.306479657735783562e+00
3.365667229530360238e+00
-1.357488782950739825e-01
4.217572401176969521e+00
-8.677105018370264489e+00
7.824160958192575066e+00
-3.112331142163645037e+00
-4.885001473974762476e+00
1.368627738173492148e+01
-1.343074061096739769e+01
9.999407607158050659e-01
8.592770105291283045e+00
-3.283145253050135270e+00
-4.051849687076122031e+00
-3.733224084309672897e+00
1.641261768388659092e+01
-1.136095397174374710e+01
-7.989863532713378902e+00
1.681834704844794004e+01
-8.023864365429179912e+00
-9.537606204996214032e-01
-3.543575012813482417e-01
2.922173375574545595e+00
1.019468843058894958e+00
-6.989284251177192431e+00
1.012351241847709815e+01
-9.769870052167647145e+00
3.025372137201640221e+00
9.396216953862815302e+00
-1.513200053604663253e+01
6.061717275666063109e+00
4.468437941255136714e+00
-6.642036836864315674e-01
-7.721539147601054864e+00
6.795232023978221569e-01
1.593995477820329931e+01
-1.754836929746870666e+01
8.877209775202579145e-01
1.159983927547859395e+01
-8.198621576896291785e+00
1.653155681435769520e+00
-3.020354803541646760e+00
6.230636973246441279e+00
-3.892522381870230586e+00
-1.847293382474038737e+00
8.031684463035810850e+00
-1.317188399120507114e+01
1.073683684994196064e+01
2.180703658226338160e+00
-1.265019922136944608e+01
7.722850734359237634e+00
2.327705319295976683e+00
1.064727050248401419e+00
-1.183138497406697809e+01
7.717199182938103696e+00
1.088905624276844541e+01
-1.938866775374052409e+01
8.147897772408771999e+00
4.725934390439351596e+00
-4.974973480164953443e+00
8.482184345552288285e-01
-2.887417691160515165e+00
7.440394620342572374e+00
-8.042545222352067924e+00
4.894981939075329080e+00
1.891900611915566355e+00
-1.176275128711644946e+01
1.539892211119470744e+01
-5.114226650529499096e+00
-7.708678925932598069e+00
6.232715414471448945e+00
3.173274662877663133e+00
-5.316708741005582439e-02
-1.379624571735834238e+01
1.487797839657033450e+01
2.585861772393381219e+00
-1.625930628905387110e+01
1.146883401437912298e+01
-9.120595462952931776e-01
-6.500863288557843234e-01
-2.235076514635452316e+00
1.529300764400494117e-01
5.230560797076307722e+00
-9.041834149013862287e+00
1.039824848879366570e+01
-6.146252160270247344e+00
-5.951847432921184122e+00
1.549797537252268143e+01
-9.863501934538199123e+00
-2.904994475832444412e+00
3.416921431190841130e+00
6.232613022322131435e+00
-4.488495109229883262e+00
-1.176115583796629416e+01
1.929182488915969884e+01
-6.202466610026073468e+00
-9.531139468572249029e+00
1.027508258195928192e+01
-3.277973537755578093e+00
2.236909214916061650e+00
-5.309636011085311580e+00
4.519518169885285097e+00
4.256188980946085110e-02
-5.790886391667768862e+00
1.212272639111156280e+01
-1.303379709927319574e+01
2.066096928258343013e+00
1.147039851053156490e+01
-1.082271260962575710e+01
-4.293042653802161546e-01
1.693126142825592151e+00
9.348980181088609953e+00
-1.089765734393095542e+01
-5.571912185417117414e+00
1.903286624525047799e+01
-1.245763247990012523e+01
-1.948166910075867175e+00
5.909937801447277650e+00
-2.063086983749855552e+00
2.146429875898131279e+00
-6.133663741778548228e+00
7.728810474930458696e+00
-6.040728889568544702e+00
9.024339586708682859e-01
9.008672388750529336e+00
-1.615339467904008686e+01
9.297446147916165415e+00
5.415634944999237810e+00
-8.609805227109653458e+00
-1.015258944759582782e+00
2.807977289700309242e+00
1.006697094353199518e+01
-1.668101732418040939e+01
3.038491286394109370e+00
1.402496600755119083e+01
-1.422373823689907546e+01
3.605866247154636994e+00
9.272664265902199610e-01
1.278646892448474848e+00
-7.340106865639870470e-01
-3.680248222392323854e+00
7.644699746504573845e+00
-1.022436095748506801e+01
8.593848585837100984e+00
1.996202002834734479e+00
-1.445793040298921994e+01
1.328178184302216636e+01
5.498515872816256422e-02
-5.293393176313744952e+00
-3.622197909558422246e+00
6.907627596448042695e+00
6.890909194942528515e+00
-1.917207268563318223e+01
1.114927767828715410e+01
6.112059190240438866e+00
-1.143567461884413206e+01
5.377950637016588153e+00
-2.153353027919646223e+00
4.335474702344977338e+00
-4.620302907878385490e+00
1.289722121901501595e+00
3.589430556934914307e+00
-1.030602906983414613e+01
1.424824434969784193e+01
-6.363824147881996574e+00
-8.889911786086145185e+00
1.314881752607641019e+01
-2.564420715424462038e+00
-3.296963533863823237e+00
-5.996010466714575493e+00
1.239437203770903473e+01
1.087635396376947783e-01
-1.689918914137757966e+01
1.592012347841099462e+01
-1.744398677225170502e+00
-5.881398501758503983e+00
3.463221379984559256e+00
-2.034566572375937632e+00
4.987254395277120445e+00
-7.053004521688500006e+00
6.533382296299873992e+00
-3.223082941322221728e+00
-5.740505327387357859e+00
1.557854913470521474e+01
-1.303017311746023843e+01
-1.892684830639614901e+00
9.912404513091562563e+00
-2.005225343225057522e+00
-4.152041801076449268e+00
-5.835132807274878708e+00
1.664618614345310021e+01
-8.222328692640402892e+00
-1.032218008051651381e+01
1.584093658969983487e+01
-6.769367762414020717e+00
-3.238600613155346863e-01
-3.567744991791346187e-01
7.894403946261721039e-01
2.494404559308961211e+00
-6.163249653808558826e+00
9.372287785807580818e+00
-1.015087302403815883e+01
2.042981406390054211e+00
1.205600996204884900e+01
-1.580265642555801087e+01
3.749402104828821081e+00
5.876592196521251310e+00
4.245252633715170809e-01
-7.702921106670880036e+00
-1.997798364642030977e+00
1.726272326740563301e+01
-1.513642171915945944e+01
-1.689915011163945824e+00
1.138224551435685150e+01
-7.573843803196772306e+00
2.798084868374778100e+00
-3.564127168244630717e+00
4.346048741778169244e+00
-2.099824515865330365e+00
-1.670897669317882528e+00
7.985633077621299591e+00
-1.427876960212934065e+01
1.022790744969389465e+01
5.122542927847440808e+00
-1.424702354553441452e+01
6.191668983390657743e+00
3.448883395383201655e+00
2.391743321164518044e+00
-1.214816380148220354e+01
4.835155214339377672e+00
1.324696922534677590e+01
-1.807079570270321867e+01
5.922739099147586117e+00
4.745504891518788071e+00
-4.695765493001368363e+00
2.475936103639586605e+00
-4.179964765126973347e+00
0.000000000000000000e+00
4.513038435920436520e+00
-5.381743848296896005e+00
2.451221004169066298e+00
4.988360304637978748e-01
-1.940812494879475270e-01
-1.383025926383408155e+00
-4.024267788520168310e-01
5.161572540924082908e+00
-6.702468194245169819e+00
1.864007205135460810e+00
4.229342349365362352e+00
-5.152292986026270505e+00
1.860657581816897110e+00
-1.066076459060036896e-01
1.596403161778040314e+00
-2.449756333812929565e+00
-2.848923727625164437e-01
4.561176358083480764e+00
-6.183118220079296457e+00
3.408997348418566276e+00
1.507831630250741295e+00
-4.339701003413061642e+00
3.102764008816209618e+00
-6.069231576718520094e-01
9.450564811084699590e-01
-3.231742088343968256e+00
2.268577656061323111e+00
3.238126912398031187e+00
-7.364647205104605021e+00
4.920866241634769267e+00
9.896393906697481535e-01
-3.555848158053425578e+00
1.743381418604142308e+00
-4.035129968808566781e-01
2.207451772030176507e+00
-4.196086331338714892e+00
2.656861528812893614e+00
1.955400094395992605e+00
-5.789705245537864364e+00
5.553940376429924441e+00
-1.595752650080623170e+00
-2.156470160321293239e+00
2.287508104095837602e+00
-3.499949244337727805e-01
9.074828824204170807e-01
-4.311758579346410158e+00
5.117926045517770639e+00
-1.114639432745173908e-01
-5.890870141448651509e+00
6.258291161043146644e+00
-1.732299975296111239e+00
-1.368353054154686888e+00
4.917071162912501903e-01
6.248407872424326381e-01
1.378594399749206945e+00
-4.671900648642715481e+00
5.162997110350222130e+00
-1.554797774894124185e+00
-3.450486246468423168e+00
5.723619483543453512e+00
-3.615605721205825684e+00
2.058758839015364939e-02
7.745189021972161969e-01
1.007019518106075484e+00
-6.009280727930157440e-01
-3.762542229384410408e+00
6.901193832768766967e+00
-3.722897503316604961e+00
-2.830408405489619472e+00
5.573665410024714717e+00
-2.990764339641930114e+00
2.610707429153674153e-01
-9.046199342771148455e-01
2.351515747888021313e+00
-7.826971803891447088e-01
-3.332477716281049940e+00
6.103022653471188441e+00
-4.656225014356629721e+00
-8.242708643128432433e-02
4.056226338950600585e+00
-3.948672084671968729e+00
1.178886601227169706e+00
-3.575803268742820951e-01
2.559477004281052182e+00
-3.076946885136517817e+00
-1.437405430820037910e+00
6.739920682732157609e+00
-6.277924302888097330e+00
6.362399300748383668e-01
3.416655596427790709e+00
-2.585967720916753976e+00
5.850315831556179846e-01
-1.423269028914319057e+00
3.707425741738576974e+00
-3.430198453264399205e+00
-4.544222284468041329e-01
4.956765201287027800e+00
-6.179716110439487764e+00
3.008382414883993494e+00
1.444074460682007510e+00
-2.812625063568100270e+00
9.213702877256503276e-01
-2.766825698458953986e-01
3.217743990146489264e+00
-5.431555250252822376e+00
1.980933492342457525e+00
4.540613488539144704e+00
-6.884544561108246086e+00
3.225291179626998961e+00
9.047061566651402043e-01
-1.111997492474579019e+00
-3.942245686851149067e-01
-5.360280315319716493e-01
3.721474485864592285e+00
-5.359746217173698923e+00
2.948813867109559173e+00
2.071364631814044621e+00
-5.614512093744683519e+00
4.708903547301915182e+00
-9.047050218002938848e-01
-1.095662020379253532e+00
-3.606470200173044205e-01
1.171114958970259412e+00
2.263277811266620088e+00
-6.494073282445280704e+00
5.256105098191733660e+00
1.057958228707644333e+00
-5.464061562871369127e+00
4.116153647283879558e+00
-8.149337348879690524e-01
3.716637524903304568e-01
-1.947762921603867436e+00
1.508492780019318413e+00
2.023472434546819798e+00
-5.575505363377033063e+00
5.561686458260587607e+00
-1.477567955796773802e+00
-3.321731710782155567e+00
4.581984636206576589e+00
-2.037893995859576091e+00
1.086833236174472028e-01
-1.702640468222032410e+00
3.363302305647021484e+00
-2.645005033861564936e-01
-5.571462091381573778e+00
7.140241649453975548e+00
-2.429972687934633058e+00
-2.765871370107246818e+00
3.293086839469720140e+00
-1.100783523950088272e+00
8.837460560582539593e-01
-3.000188470313102762e+00
3.784000022939874697e+00
-9.336835172313879827e-01
-3.773884022891606627e+00
6.351164488903680905e+00
-4.357985096649493961e+00
-3.493015829899053792e-01
3.026525358070502048e+00
-1.693498708196558677e+00
5.590089486999105794e-02
-2.064538929012893043e+00
5.185856983859808089e+00
-3.539416888664334682e+00
-2.797283531274443735e+00
6.930904391651862895e+00
-4.684573055389131824e+00
-5.661156231488995161e-03
1.505846611002836344e+00
-9.757278813012459917e-02
1.736537397838161523e-02
-2.682734532359187352e+00
5.122752855550305462e+00
-4.043550755264710084e+00
-5.143212082189340117e-01
5.028943230061698522e+00
-5.567581271614805871e+00
2.062232017800657680e+00
1.044816345379471656e+00
-3.928682301099359342e-01
-1.273045020194291777e+00
-8.702197241312066289e-01
5.567528052653877069e+00
-6.297188676801396490e+00
8.974722817973395106e-01
4.783036134582489218e+00
-5.046077667257089061e+00
1.700792426203054264e+00
-1.264047791079540572e-01
1.368429185222078681e+00
-1.850064376815657941e+00
-7.918420639405948647e-01
4.682489569125138473e+00
-6.032576590613160761e+00
3.007279553822438611e+00
2.175616552606109977e+00
-4.861882381383358265e+00
3.049110776142629042e+00
-2.673775341141648720e-01
