-7.213026993850635726e+00
2.821350768862702196e+00
2.943358392233452747e+00
-3.904096016516497514e+00
2.513486758383077557e+00
-2.800491786292020890e+00
3.100208628383577469e+00
-1.226085089930433414e+00
-9.440204685059558898e-01
2.314863486953285587e+00
-4.453754855818958802e+00
5.836735713139018067e+00
-2.561952954085613854e+00
-3.119559449011452656e+00
4.281170332968414982e+00
-1.125320908587295943e+00
1.022658522802078140e+00
-4.831602446496733982e+00
4.610178952036007693e+00
2.008558356881011697e+00
-6.839588051283504555e+00
4.708482201023712399e+00
-9.669552547066753156e-01
7.778121239128168440e-01
-1.164869013310696921e+00
-1.292477066685970621e+00
4.028150106786309692e+00
-4.329092964798636700e+00
3.503253215976013912e+00
-1.964029056224603220e+00
-1.833475018006217372e+00
5.521668606289312997e+00
-4.488348849149284447e+00
6.833138252222021869e-01
-4.222387114407801789e-01
2.721879579839525221e+00
-4.431548281893209484e-01
-5.972706253963313117e+00
7.632097539412499465e+00
-2.111605989979957521e+00
-2.544614607202824175e+00
1.699252756601783432e+00
-5.493110265116072366e-01
3.042798025706063836e+00
-5.109752336727463984e+00
3.105625411060446428e+00
3.653905114240718621e-01
-2.616040914146011254e+00
4.425271091195691398e+00
-5.107693869760785432e+00
2.415932767523202074e+00
1.311299671293373770e+00
-1.506587049767099007e+00
1.413470701605157309e-01
-2.699594389779399251e+00
6.805863776368059170e+00
-4.755028349461222881e+00
-2.531697971674079284e+00
5.806974221775685230e+00
-2.686865428378084619e+00
6.159626067563699348e-01
-2.914907911786502659e+00
3.715156205631536590e+00
4.103011601966859434e-01
-4.667510735636354546e+00
5.040826305330580404e+00
-3.529931258133753857e+00
1.932068261613065552e+00
7.960710868074896140e-01
-3.409712188227325136e+00
3.084144081576027929e+00
-1.729713161732957527e+00
3.067369225769685848e+00
-4.230904138308166473e+00
-9.877606201126098995e-02
6.486878585087687554e+00
-6.558390961732179392e+00
1.117069681979714124e+00
1.145270637579661077e+00
1.275054329088182392e+00
-1.041067269854815791e+00
-3.928588999638615853e+00
6.751056625863699701e+00
-3.781440010234922156e+00
-3.836675292086847433e-01
2.091791105231991299e+00
-3.034868435552893651e+00
3.957091326191226166e+00
-2.990946434718524838e+00
1.092003206580857588e+00
-7.904603099596276827e-01
5.686790119540829913e-02
4.036153344679546784e+00
-7.346099359740232870e+00
4.017153552964704666e+00
2.340076275789722438e+00
-3.460457070359513665e+00
3.690604656572831210e-01
-9.935241121257556429e-01
5.360132851132829224e+00
-5.448498340227814651e+00
-4.087836250013221484e-01
4.923265499889271979e+00
-4.345654216216860100e+00
2.644892681920186117e+00
-2.351208976110846560e+00
1.243283583274443771e+00
1.092439354789376260e+00
-2.347031466298429514e+00
3.039009550146759331e+00
-4.776275910541067482e+00
4.572715262740503661e+00
4.981796858754174995e-01
-5.590704286070643292e+00
4.469697266669016678e+00
-5.298474436479014837e-01
1.123570515145054349e+00
-4.134651550896744965e+00
1.729037799872504610e+00
4.993638894488777069e+00
-7.247404833819468983e+00
3.197750918026438960e+00
3.593856207699785976e-01
-4.147844314285169531e-01
8.283513411694610751e-01
-3.115408406708910061e+00
4.189895579355017219e+00
-3.224547045653392452e+00
2.055546623612568347e+00
1.235333819886286211e-01
-4.315421363730330029e+00
6.456460660923101003e+00
-3.082216740690217449e+00
-1.119636803178217344e+00
4.230389161912452289e-01
1.441313834158564511e+00
2.028811698970956812e+00
-7.267829908407534845e+00
5.851934421334008540e+00
8.769024924266806131e-01
-4.159266794705735570e+00
2.352597226058733337e+00
-1.578497985183470842e+00
3.526652557275474997e+00
-3.649385492432375866e+00
6.061626158559236810e-01
2.264450494547422643e+00
-3.839943611547356639e+00
5.081438167489788604e+00
-4.167167106435334389e+00
-1.407007193842823023e-01
3.456544469265265818e+00
-2.183877303153743288e+00
7.065897010536015266e-01
-3.620392851139422330e+00
6.038776142915562417e+00
-1.521061598733060904e+00
-5.511741888323505201e+00
6.230929313791213175e+00
-1.848065802338227481e+00
3.038125403272313729e-01
-2.177382681096162287e+00
1.332850437028513468e+00
2.971993317169069115e+00
-5.428083266987540512e+00
4.296420802606389699e+00
-2.289243043598924388e+00
-1.117101680376753059e-02
3.235865954393311039e+00
-4.695846003265987001e+00
2.597209398976194183e+00
-8.927841047478983771e-01
2.394433669750923421e+00
-2.304566090601483541e+00
-3.170476255267788090e+00
7.900631424317765550e+00
-4.992925366268054610e+00
-1.136958873650055768e+00
2.156000249469316898e+00
2.870232391836451402e-01
1.012778361368568580e+00
-5.230285903269122905e+00
5.536143590899914813e+00
-1.251182093963449482e+00
-2.344774386291322621e+00
3.485191989425837189e+00
-4.109278274420778310e+00
3.709520757765911281e+00
-1.182151585659124038e+00
-7.820091446356998155e-01
4.547133327101129385e-01
-1.473594999287244800e+00
5.481644122141292819e+00
-6.570442802763039936e+00
9.147742156566596172e-01
4.891270547770242061e+00
-3.935402502594981478e+00
4.971150114944689058e-01
-1.802609426192457232e+00
4.952262008417651629e+00
-2.002676908194763428e+01
6.633583329337225720e+00
9.886189564447143141e+00
-9.588482939249695747e+00
3.203665361313430715e+00
-5.003860111265272081e+00
7.568625804549093949e+00
-2.652620771531310595e+00
-2.259046154277756013e+00
3.594213214124781341e+00
-9.165249780549800107e+00
1.518520935952878759e+01
-6.817256571409235910e+00
-1.007055810271261187e+01
1.186040808564145976e+01
8.413800955419521443e-01
-1.747390886993168913e+00
-1.271528454455252621e+01
1.452680783359729233e+01
5.320586608518189209e+00
-1.917022262815005007e+01
1.034975227812875431e+01
1.497112702670295725e+00
7.189474369443149548e-01
-4.700314478573026200e+00
-1.954152651799214713e+00
9.538602161236767074e+00
-9.183033617490693246e+00
7.371292940289053242e+00
-5.693202217976185864e+00
-3.713604981540608030e+00
1.464675617281992537e+01
-1.071942681453571566e+01
-2.115117384882367890e+00
1.519832377172121163e+00
9.373331577810233739e+00
-4.668431053712492229e+00
-1.550015003920299961e+01
2.084962610929010651e+01
-3.163419033416207782e+00
-9.871830283209497736e+00
3.569230612089409060e+00
2.366236264057798078e+00
5.836372471285317332e+00
-1.315408637085382182e+01
7.301164846366555494e+00
1.642584883324134548e+00
-5.390554507976581533e+00
9.454575152109685021e+00
-1.253219369222989954e+01
5.217304827435270909e+00
5.734637010018234449e+00
-4.074234116945733675e+00
-3.460500371053214952e+00
-3.638538850231503474e+00
1.839335928550488930e+01
-1.366877972372974881e+01
-8.437902219369668444e+00
1.674597709673789225e+01
-4.056228799918954131e+00
-2.978852006129367957e+00
-6.644636737371495627e+00
1.146234547396808345e+01
4.401665171701925061e-01
-1.217536116046830941e+01
1.128065614399304906e+01
-6.769194542230529521e+00
4.473312727787599918e+00
1.788652686219251109e+00
-8.969911969454877010e+00
6.451584408670311355e+00
-6.880404956350432144e-01
6.003111275007513292e+00
-1.300090284418277520e+01
1.647447588627108050e+00
1.794591211075344006e+01
-1.726333907414058544e+01
-9.101918927088270550e-01
6.530316708140820658e+00
4.768395389689290553e+00
-6.393964482547829675e+00
-9.122682953361746172e+00
1.789868129438189115e+01
-8.310488745643178632e+00
-2.935507018457680584e+00
4.791859962521867189e+00
-5.778242694642345079e+00
8.912427715199189748e+00
-6.202990996544271773e+00
6.234081777921804957e-01
-2.072011720878423446e+00
3.224883243603597460e+00
8.361162758276519114e+00
-1.982098415006010228e+01
1.016520103638902484e+01
9.262805424044874059e+00
-1.032094426303177670e+01
-2.792628041791605398e+00
1.701765660117144030e+00
1.383906557910097845e+01
-1.568405687507302204e+01
-1.861192555246616198e+00
1.387839436627889000e+01
-9.290741079709313510e+00
3.630178119449658958e+00
-4.890555480167330771e+00
3.314005911281613148e+00
2.848381586270766874e+00
-4.677965052580685068e+00
4.754055875311279600e+00
-1.084483237734412597e+01
1.297055098217563973e+01
1.063768685784780121e+00
-1.616724696977258802e+01
1.080777429564425063e+01
3.292976770861749891e+00
-1.701229465960683029e-01
-1.270792920971177864e+01
7.278795888044406581e+00
1.333979984785352535e+01
-1.935469959472398571e+01
5.602531329242096625e+00
3.967230355947808818e+00
-6.413198959802279830e-01
-1.807652113538256167e-01
-6.668202530497484126e+00
9.536982518182904656e+00
-6.346279451682690365e+00
4.919847704204132199e+00
-1.527448560265645572e+00
-1.008718794025000065e+01
1.704630237592651554e+01
-6.314208677935759795e+00
-6.661080956779471762e+00
1.784453989798677753e+00
7.680852755696311540e+00
2.106955827684425575e+00
-1.965728073243380436e+01
1.583882950250688637e+01
4.773196480687452947e+00
-1.251983791234209420e+01
3.534378613374554945e+00
-3.301681029885719099e-01
8.015753108853136411e+00
-9.684954152768822766e+00
1.191480060344327185e+00
5.297101649906084120e+00
-7.616359062052197260e+00
1.157207530184965982e+01
-1.073906417778385780e+01
-1.369028448343833748e+00
1.062095095722836646e+01
-4.076137827609370490e+00
-2.800845994641572467e+00
-7.243540019265831020e+00
1.767378097715737795e+01
-5.157551304286718263e+00
-1.609055421713286549e+01
1.634855690494498504e+01
-8.316388082727197428e-01
-2.715828158988928820e+00
-6.418876672460491761e+00
5.757423416195399213e+00
7.011127859128649220e+00
-1.338517229020752630e+01
8.999525584405983381e+00
-4.590357149095578571e+00
6.301519578021226309e-01
7.779648024940618356e+00
-1.185933735811170564e+01
4.262426052531784748e+00
1.275447178753148947e+00
6.062014380929729995e+00
-9.289081145270726481e+00
-6.641269005587079555e+00
2.176801627769754788e+01
-1.224159365362017304e+01
-6.877267950131575880e+00
7.287241820542201154e+00
3.964088809500308841e+00
-9.479092088949405692e-01
-1.318226601694191658e+01
1.460077939011402925e+01
-1.881142730285547238e+00
-6.643214130793960948e+00
7.167406452361867686e+00
-8.620954598630977017e+00
8.626804683308186839e+00
-1.527539825138406471e+00
-3.427806846271048702e+00
-5.778670851306155765e-01
-1.166553745114828899e-02
1.300456202058485466e+01
-1.843939146632036596e+01
1.753291829563502935e+00
1.538122544871646902e+01
-9.598596197440910416e+00
-3.513451374904151159e+00
-1.538320877397617803e+00
1.416090363878266345e+01
-8.613205793782311659e+00
-9.414335545994168442e+00
1.524551456349697887e+01
-7.556502612008442199e+00
2.801068114258356445e+00
-2.390933590704166001e+00
-2.272725515553225328e+00
6.857158404421859643e+00
-4.857045118000675288e+00
4.720316659849395080e+00
-1.082677262788837957e+01
8.082716255435512309e+00
9.459555903902431950e+00
-1.931225918886816117e+01
6.822149325842506329e+00
6.297365865794691153e+00
7.854635833482953577e-01
-1.045145502162155893e+01
-6.449186545366130119e-01
1.826064329362556649e+01
-1.584642699005504518e+01
-2.309772925013913181e-01
6.440732635971672337e+00
-2.784529973613413034e+00
4.025736808372821329e+00
-8.531998857699532479e+00
6.623343016572916575e+00
-2.633392105100471170e+00
2.177814818684805420e+00
3.147398627921563552e+00
-1.498547718822085884e+01
1.565249127079878733e+01
6.000960191064999005e-01
-1.071894834365568450e+01
1.392687807722248650e+00
5.410971382938866370e+00
7.744882361119243441e+00
-1.980415796126288797e+01
7.860930555912058360e+00
1.193250574511893092e+01
-1.325486746478112821e+01
2.879673195852664236e+00
-1.867772907622763157e+00
7.192678871753625636e+00
-4.094556208958254118e+00
-4.128538490505066605e+00
7.198473356098415543e+00
-8.670159564416605846e+00
1.163700827940858673e+01
-5.966652918866472532e+00
-8.782759914114480537e+00
1.333879979268320071e+01
-2.093193072534361043e+00
-2.634190488395012686e+00
-9.227147018045359417e+00
1.377426249316805595e+01
4.199937195472855933e+00
-2.071934933201140439e+01
1.279517462017869889e+01
3.159082548730987483e+00
-3.091817272213115864e+00
-4.282853283788231380e+00
-3.549785681350252631e-01
1.089034791812901304e+01
-1.155646714114433316e+01
5.458659153644097373e+00
-1.527232468528116005e+00
-4.234203044972367103e+00
1.268703865458654256e+01
-1.141625818715337815e+01
-2.459005116819569237e-01
3.456591124247758273e+00
5.511745436665814957e+00
-4.338230302828283591e+00
-1.355076094598391201e+01
2.134577554401477428e+01
-4.435023777496470920e+00
-1.227982624969191860e+01
7.200144409723272076e+00
2.744675789713241443e+00
3.414883331530437438e+00
-1.363586092800269611e+01
8.604042445876743272e+00
4.232925918549715227e+00
-9.126000705434870852e+00
8.754420711619108175e+00
-9.474187839345221462e+00
5.193692787438550340e+00
4.474004943649483756e+00
-6.292604919738438163e+00
-1.508827924579512203e-01
-2.756193848768117682e+00
1.527847401003108097e+01
-1.338523394974707870e+01
-7.560137966496591311e+00
1.892817421946524803e+01
-6.696759460939855302e+00
-4.593294050762964709e+00
-3.375869292309872982e+00
1.146983084473646564e+01
-5.966614456822920687e-01
-1.442116985488816461e+01
1.376421033003544103e+01
-4.601622148240335441e+00
6.780235106406717893e-01
1.811145173363980732e+00
-7.480485671525507918e+00
8.149606213321179737e+00
-2.867242170939241941e+00
3.801356217321772313e+00
-9.204969317348480118e+00
1.503404794128686994e+00
1.646728636441405769e+01
-1.851265807041240308e+01
5.256736109113986366e-01
9.103307904873991774e+00
1.290659100531516001e+00
-6.776372496302214721e+00
-7.466393851052343322e+00
1.916306329148009979e+01
-9.472266075917008976e+00
-5.994155353802995023e+00
8.385406450226195574e+00
-4.904136682202300257e+00
6.572530088291316019e+00
-7.098794441829649138e+00
1.811823610310608235e+00
8.165647042941222011e-01
-2.674921870226887322e-01
7.409536616530187914e+00
-1.719935190154354743e+01
1.051848237975399414e+01
8.495419491782854493e+00
-1.303284800041164715e+01
2.962705642547502904e-02
3.164669899726346713e+00
1.119971019295122261e+01
-1.611758177344897547e+01
-1.310281532240310076e+00
1.679332744670693955e+01
-1.177087992597752120e+01
1.409751504603237393e+00
-1.748204096340059799e+00
3.834907493410453672e+00
1.917969956849091329e+00
-7.318627752061042102e+00
7.103126493266991304e+00
-8.435631008213347215e+00
9.489476021334681377e+00
8.390487343195021097e-01
-1.513929057584967985e+01
1.285194764697141068e+01
1.622696895475585155e+00
-2.786621042918801638e+00
-9.482344236139869764e+00
7.694002780370281513e+00
1.239118725724943104e+01
-2.130257816926876657e+01
6.684912232218955808e+00
7.207421550520500375e+00
-3.873248364332114502e+00
-1.157654778481181701e+00
-5.198107483352715441e+00
1.132074424108198230e+01
-7.394080728947407977e+00
1.522023746180004800e+00
1.874749144178894600e+00
-8.997906183003177460e+00
1.507088842864241052e+01
-7.453125441983503130e+00
-5.931226415122088369e+00
4.947132382260267747e+00
4.747560790190529900e+00
7.965833085486551113e-01
-1.767770768921301539e+01
1.674005875976647317e+01
4.554387393325617595e+00
-1.586738903832356229e+01
5.945774250209026945e+00
1.747447465849388593e+00
5.708324302040475473e+00
-1.072100748933449665e+01
1.536434447786038326e+00
8.694642935326317712e+00
-9.950397031208662924e+00
9.064480132492077402e+00
-7.856479879609054251e+00
-6.309511238641558606e-01
1.006251118341141648e+01
-6.918078321351917026e+00
-9.218528130670549103e-01
-4.639401563906378811e+00
1.482190362829950736e+01
-5.718232291406767587e+00
-1.573362727666021854e+01
1.889755064231391657e+01
-1.931147075690367032e+00
-5.886118342737508335e+00
-3.689566958049243617e+00
6.769540242236052663e+00
6.442715035028094839e+00
-1.592065725427463363e+01
9.862628263683783203e+00
-9.323763653344663282e-01
-2.389578372945749152e+00
6.532737361248604380e+00
-1.068645915495863719e+01
6.254075130148496697e+00
5.892794015887439230e-01
2.539605905094132865e+00
-6.403631938119589861e+00
-5.404946939390616656e+00
2.046864193187526482e+01
-1.369315710344532633e+01
-6.818904413728229308e+00
1.087064642513044177e+01
1.657683097851235576e+00
-2.753776926747256937e+00
-1.177184135501181217e+01
1.609067079286301905e+01
-1.706963296035103994e+00
-1.051998328720184617e+01
9.315158345799652295e+00
-6.175182759544809663e+00
6.596981976948159243e+00
-2.836827942954276427e+00
-3.376916003325297400e+00
2.976848156886847896e+00
-1.970499517964332092e+00
1.044326840362936792e+01
-1.612935178774855416e+01
2.619187862753254326e+00
1.550143748224070883e+01
-1.269203500367997428e+01
-2.320459649272630820e+00
1.396385737229765667e+00
1.201049234127953014e+01
-9.644131514784247017e+00
-9.656185431606679970e+00
1.834289465407355380e+01
-8.245731736700289360e+00
-8.229014107943322109e-01
2.944881053345227429e-03
-9.061058852222774185e-01
6.593123809644477085e+00
-7.646809958846992217e+00
5.298797236447280845e+00
-7.088019214995496142e+00
5.484197822276570378e+00
8.193444572807086601e+00
-1.873463485239812343e+01
8.911087793235584087e+00
6.274074928209959268e+00
-2.893463612392242368e+00
-8.300452252417089838e+00
8.637291510687736817e-01
1.771252812203433180e+01
-1.774173870117763485e+01
-7.730154243273084091e-01
1.049211251157566238e+01
-4.629221441255742420e+00
1.816568412981457659e+00
-7.515381711148442889e+00
8.464152739733961539e+00
-2.163195981131519119e+00
-1.892567473919986920e+00
4.989134281972435581e+00
-1.251764179385514453e+01
1.408718389097382939e+01
-7.149336839031668056e-01
-1.124440209849448635e+01
4.973554426130895934e+00
4.122441398072755447e+00
5.114769025433030691e+00
-1.828416419745516208e+01
8.969294623333619043e+00
1.280897779345004039e+01
-1.672755764591987315e+01
3.455964409673563331e+00
1.449895144612727282e+00
5.573237184979870307e+00
-5.512072531422164801e+00
-4.779297613272386336e+00
1.061193234428371213e+01
-9.066410190327722773e+00
7.894636601122092756e+00
-3.926521708060621840e+00
-7.415131945756767706e+00
1.354257000864447136e+01
-4.853786076698158425e+00
-2.606550343969815664e+00
-5.557204438768938104e+00
1.188429346009993104e+01
2.915487249927680047e+00
-2.095261721382354381e+01
1.508486051158890007e+01
3.878962942444757367e+00
-7.052560682549389171e+00
-2.798567829974097254e+00
1.484505224788605915e+00
1.091706242763221724e+01
-1.382045523534807074e+01
4.519586959834377637e+00
2.767041338008798146e+00
-5.754594687165196731e+00
1.040712290875846691e+01
-1.078643708346139540e+01
1.585864697427640024e+00
4.362523367381497152e+00
1.545457763478766067e+00
-3.051965293363818166e+00
-1.122701136911342168e+01
2.052244888564365510e+01
-5.738918661202577098e+00
-1.359480956675713514e+01
1.089968100020759323e+01
2.209541598107541915e+00
5.918545811080473396e-01
-1.283881199847253995e+01
1.001947348981652830e+01
5.683685113527307209e+00
-1.291201515225678875e+01
8.929703449977861140e+00
-5.989039191692238973e+00
3.947102262117829774e+00
2.998313826599271259e+00
-7.319559387763312053e+00
3.213458136319780944e+00
-2.743215215724421618e+00
1.172710256079427538e+01
-1.192995277263432996e+01
-6.373057498028432910e+00
1.986585985959363398e+01
-9.395302715240873681e+00
-5.327290037426946512e+00
3.080874757960552213e-01
1.037347345183090042e+01
-2.022874115225843816e+00
-1.539824467983336120e+01
1.632499434117211123e+01
-3.324821097380210588e+00
-3.509319306779446812e+00
2.856356864840569720e+00
-5.514209938453191739e+00
8.571851602234207945e+00
-5.176479908745186265e+00
2.522953453868631790e+00
-5.035959798820727862e+00
3.997261439205672673e-01
1.443537030919555519e+01
-1.848062133936721096e+01
2.151875376841769771e+00
1.069936823773119272e+01
-2.523650945271547208e+00
-6.253596544741027330e+00
-5.212288579734686067e+00
1.916742764251887365e+01
-1.088739470304172485e+01
-8.032065619741544538e+00
1.228013381660423597e+01
-4.875321579057501076e+00
3.599245403553010814e+00
-6.784802777784731731e+00
3.342520318887240549e+00
2.641716080157118895e+00
-4.049781374595597505e+00
7.265626489015185818e+00
-1.391498890254376875e+01
9.712169601918660078e+00
7.288260265678799144e+00
-1.462600906095377695e+01
3.134145810252387143e+00
3.829594061359255619e+00
7.900400741363133861e+00
-1.545108066978769656e+01
-2.372677057489352148e-01
1.855058292891193972e+01
-1.452830820906055287e+01
-2.085636367240795153e-02
2.033791550849390450e+00
3.339681502341207420e+00
3.790479200810969451e-01
-8.787483128922847442e+00
9.755935240689865395e+00
-6.820906376378895075e+00
5.383825603175045771e+00
1.551010621398861034e+00
-1.341228856337348496e+01
1.371116885618544678e+01
-3.979884505900830316e-01
-4.573591728186197969e+00
-5.661656615590458408e+00
7.237463110325534466e+00
1.067993134243901743e+01
-2.206666240570293525e+01
8.163753929992653369e+00
9.579587215991997695e+00
-7.655635968706163474e+00
-1.335534771979453694e+00
-2.920813530494037913e+00
1.195698955629712579e+01
-8.905079960124529848e+00
-9.758751947405119864e-01
5.799540298246780523e+00
-8.641906433808175692e+00
1.224425328534167789e+01
-7.491851350217313410e+00
-4.647835223601379795e+00
7.162230617798083010e+00
1.308452021137127108e+00
1.846852594793393365e-01
-1.482713695545943722e+01
1.659073985489938963e+01
3.699416826369432254e+00
-1.821886634669626304e+01
8.840400502617608680e+00
3.151342739470036847e+00
2.540593051333540409e+00
-1.078232261655095670e+01
2.597360681651572634e+00
1.107268342664967875e+01
-1.276508937523772858e+01
7.209239938269702996e+00
-4.125542641367891505e+00
-7.791216881643752146e-01
8.694596913074141398e+00
-8.723809775281125667e+00
1.464911015273894446e+00
-2.696087816973474993e+00
1.114060212842466413e+01
-5.467409030153197236e+00
-1.448700078134150715e+01
2.039547664520222625e+01
-3.568722088926006730e+00
-8.367915056751179748e+00
-1.745191993878472125e-01
7.048225411505376847e+00
4.930226333904998981e+00
-1.742125550769570808e+01
1.130477994729981539e+01
2.015576358919709321e+00
-6.153095539515479828e+00
5.933823442615939747e+00
-8.517056915280271312e+00
7.250875073702810703e+00
-7.478944228713486631e-01
-2.399245833541243655e-01
-2.800580174895577201e+00
-4.755151764894152144e+00
1.813181682837831588e+01
-1.419051237927203601e+01
-6.031156983452898857e+00
1.366221556349376698e+01
-1.333474792156400301e+00
-4.014500402986224792e+00
-9.318082154566390329e+00
1.668666534061903661e+01
-2.332990895220842020e+00
-1.357187688023619643e+01
1.211907308084529333e+01
-4.232400556084402687e+00
3.531499585975211186e+00
-3.339190289050994576e+00
-2.440174201705994861e+00
5.687868578618221704e+00
-4.587588759035856611e+00
8.363435288460276951e+00
-1.279238276154585918e+01
2.760597923441157064e+00
1.464631901541027403e+01
-1.491797605101881175e+01
-4.547028961243229084e-01
3.840246225306557015e+00
8.866830533356399258e+00
-1.002943932712337372e+01
-8.857708104652868286e+00
2.056737114148931056e+01
-9.624198073143716670e+00
-3.944650339057087507e+00
3.340821802449048139e+00
-9.100919788325168014e-02
5.232606509234647874e+00
-9.590357682918959625e+00
6.611289900664838015e+00
-3.866672845150037396e+00
1.977912664898320516e+00
7.393905520834821665e+00
-1.700462751019624363e+01
1.018649241784276782e+01
5.450202864284052318e+00
-6.015931683452910406e+00
-5.279321550442871214e+00
1.965122484251329738e+00
1.598540865645615661e+01
-1.886580376338306309e+01
-4.535090886486692341e-01
1.394783452611715546e+01
-7.297151108951142717e+00
-4.245002973546530001e-02
-5.319466832325909778e+00
9.608120857387945080e+00
-2.624628085867753757e+00
-5.345765011452129123e+00
7.628890988077944968e+00
-1.035072729588010887e+01
1.134349341719264359e+01
-1.418012085167045466e+00
-1.075045194284544614e+01
7.911485975351256528e+00
2.039160364194517960e+00
2.769887607238524119e+00
-1.560428871628759495e+01
9.543439731853439412e+00
1.259207163727549883e+01
-1.953424822096016200e+01
4.822978907331452625e+00
4.482916481178051527e+00
2.840856061017805967e+00
-6.487739769184766914e+00
-4.278977448342660139e+00
1.336742706017955129e+01
-1.026716819050243501e+01
4.435375377214098691e+00
-8.184342835630502577e-01
-6.389226773023868766e+00
1.253289580517049373e+01
-6.980387776327812155e+00
-1.728739476203889680e+00
-2.191166440555855743e+00
8.966315406680440248e+00
1.895029220213272581e+00
-1.992591309225439389e+01
1.676650727892662118e+01
3.699164585820813755e+00
-1.067143615690167913e+01
-3.417575100371781360e-01
3.127832595376932368e+00
9.670583396773825058e+00
-1.552996559640312668e+01
4.531321923133081242e+00
6.694536021563992634e+00
-8.197767625603450625e+00
8.253372204985691241e+00
-8.878489367464382553e+00
2.942073443481079131e+00
4.243163266293962010e+00
-2.030882780308525426e+00
-8.668397881644906988e-01
-8.985485619747466401e+00
1.842399570057431646e+01
-6.642663648923440078e+00
-1.380718940687444451e+01
1.417650317005860749e+01
7.959757022612601318e-01
-2.165493899332042282e+00
-1.080177479437301180e+01
1.111823536454283712e+01
5.973037606687297441e+00
-1.626286188162622537e+01
9.968094642490367363e+00
-2.553992758638710114e+00
1.509559230632967708e+00
1.735671239430533142e+00
-7.124107842407081392e+00
6.155007767347826508e+00
-3.610320297836874914e+00
8.224467146434740528e+00
-9.325698177813077194e+00
-5.305582743597502038e+00
1.952080492537712075e+01
-1.168430895308251749e+01
-5.146933413171134397e+00
3.916084340158072052e+00
8.183702814890960298e+00
-3.406074259586057362e+00
-1.506276512962041991e+01
1.850571972942369570e+01
-2.994625742897849108e+00
-7.593894880551699700e+00
4.928530919696900270e+00
-3.509100807147818912e+00
7.670630717946707477e+00
-7.168884467702708818e+00
2.243414634227066884e+00
-9.889459546248606792e-01
-1.684924904487403730e+00
1.229472639694037284e+01
-1.711603058368552510e+01
3.531702453165032729e+00
1.122525494227652132e+01
-6.182574450620116124e+00
-4.784385231446576903e+00
-2.812382609415273738e+00
1.785632314008584132e+01
-1.212756687427279090e+01
-8.940726657496460561e+00
1.598973003312421071e+01
-5.754661645396916825e+00
4.525614338343748599e-01
-5.200660422911417058e+00
4.793473858497342199e+00
3.282998746239199406e+00
-7.644157143253894837e+00
8.014591237052684392e+00
-1.043477093254652033e+01
7.679553208221093108e+00
6.058791032115664166e+00
-1.497070811602972462e+01
6.054299862281833811e+00
3.588325285366588346e+00
4.413203275821977911e+00
-1.360878246130120139e+01
9.424988402445726443e-01
1.901314922381812877e+01
-1.710884161499050649e+01
-5.305297837304259190e-01
5.979785546864576418e+00
1.741037749287096759e+00
-1.352390322058149241e+00
-8.942556585984238637e+00
1.227135890869505808e+01
-6.153007639485503333e+00
1.130115428457161730e+00
3.300643337739134431e+00
-1.140451992031627171e+01
1.324010256251589013e+01
-2.341615768795906494e+00
-5.359234518760583654e+00
-1.719783229022666893e+00
5.791582607441777775e+00
8.627842809747839681e+00
-2.149836848151767299e+01
9.624537534553624596e+00
1.089437633137521999e+01
-1.151995390329052071e+01
-5.776808231262755555e-01
-2.630481798648369729e-01
1.129378267584891127e+01
-1.047588042999266023e+01
-2.370026077339808079e+00
9.786558102988616170e+00
-9.176300698448017101e+00
8.998155866179427420e+00
-6.274695495761576147e+00
-3.204731159217255154e+00
8.214634693057096371e+00
-2.187527953888987575e+00
4.499066061255430071e-01
-1.154124907260414190e+01
1.522955308077665570e+01
2.594487958986681164e+00
-1.935020125861488083e+01
1.178298723811792925e+01
3.680475110875841338e+00
-1.048893037959407248e+00
-9.699580818675919147e+00
3.992782132672003215e+00
1.220077475577772219e+01
-1.563998846576331125e+01
6.229071686228342841e+00
1.407642748379067665e-02
-1.992787409531087128e+00
6.896285668371783473e+00
-9.259096518121630481e+00
3.955030091255947511e+00
-1.656507838055208737e+00
7.067597038868052906e+00
-4.213337475291429435e+00
-1.272891346208089480e+01
2.060549198861384923e+01
-5.356414400830540323e+00
-9.899488545604040013e+00
3.693445013397298915e+00
6.386242341474332562e+00
2.852948115916377425e+00
-1.764796137293017608e+01
1.295336665368230200e+01
3.975351686448315824e+00
-1.023506854681612666e+01
6.207556801852035733e+00
-5.732759909167502776e+00
7.012142082892023787e+00
-2.377445756634807061e+00
-1.985307293226086678e+00
1.105544546565158326e+00
-4.935352881162064165e+00
1.514127840744445663e+01
-1.349057794241910457e+01
-4.860044099783455529e+00
1.536025173228997431e+01
-4.608739799916284241e+00
-4.466206893211979612e+00
-6.206277523205820934e+00
1.614135468861690725e+01
-3.423287146714726781e+00
-1.548935540455959980e+01
1.519418910005257928e+01
-3.077296290307349302e+00
-1.835641796108646584e-01
-2.781192125149326344e+00
-9.462187437217188801e-01
7.240956250430611085e+00
-7.495254638210764320e+00
7.069640400910422784e+00
-8.813146272457331065e+00
1.916079264598849363e+00
1.313912385017645157e+01
-1.595975926814131896e+01
1.734854368461550500e+00
5.469726909711142504e+00
5.110313982747943129e+00
-9.496711923477057837e+00
-7.338841333844863257e+00
2.160095845894443300e+01
-1.136154465023555815e+01
-6.223208507445992410e+00
7.248967140782686336e+00
-1.133442906139991990e-01
3.094427587842119909e+00
-1.036951096886697243e+01
8.345049922452300706e+00
-1.518229353409042304e+00
-2.072029560749982569e+00
7.361999288594332391e+00
-1.444078883420775483e+01
1.033049483728811957e+01
4.121746097150793986e+00
-8.214847884353325469e+00
-1.739048571094509610e+00
2.341108771920306530e+00
1.339755766596442399e+01
-1.889998095757355756e+01
4.464962327168338074e-01
1.643172214659245611e+01
-1.045296222296091671e+01
-1.214597514771544873e+00
-2.262304604085359827e+00
9.734423579723927134e+00
-3.748785978049422596e+00
-7.799732783416005510e+00
1.074882228345529889e+01
-8.839939950451944028e+00
7.738206554523511471e+00
-1.184788386363827328e+00
-9.496135576787791521e+00
9.821718932467561558e+00
-5.406336775914049042e-01
1.083399570823482705e+00
-1.207770077357520933e+01
9.253039958304050572e+00
1.153302732731734892e+01
-2.128933513682413903e+01
6.703135841326159472e+00
6.840838652242302587e+00
-6.971120106699415508e-01
-6.682425234949965542e+00
-2.873685448133395770e+00
1.508010475954593232e+01
-1.201513362262236306e+01
1.664896309210754488e+00
3.058449052561652337e+00
-6.054946175909680761e+00
1.055268416451744073e+01
-8.090430519003202647e+00
-2.382269558586065372e-01
4.529472066420980880e-01
5.307899007685159098e+00
1.501237703648532928e+00
-1.787962438929292475e+01
1.745990797146267326e+01
2.838247659037168802e+00
-1.352051743422214436e+01
2.814683656801488798e+00
4.197330612102015301e+00
7.389441425280956821e+00
-1.630622375509567590e+01
5.291870978536716841e+00
9.820333972484272422e+00
-1.130767158176325360e+01
6.619398099353384524e+00
-5.929246681132625874e+00
3.444600274243858173e+00
3.286436182226326164e+00
-4.778950613448417428e+00
1.980336252427171484e+00
-7.235688332679241164e+00
1.528411363207179008e+01
-6.767182661035679558e+00
-1.309285037371948057e+01
1.659156712230996078e+01
-1.280520887321269452e+00
-4.431748959740138716e+00
-7.753422262789690933e+00
1.151760563037817953e+01
5.267510758747850019e+00
-1.874075479762258567e+01
1.167591326648545191e+01
3.906095617253528829e-01
-1.897048257250109060e+00
1.074693010859636644e+00
-5.866185720404656578e+00
8.239461369619583309e+00
-5.185591158689419444e+00
5.223445579103467296e+00
-5.784766578397887216e+00
-4.754146040330710754e+00
1.804786745757444422e+01
-1.313427324658171358e+01
-4.202501781677192128e+00
6.985050290762449876e+00
5.099893095283061228e+00
-4.339484422294203725e+00
-1.356563639744926597e+01
1.988151713167409440e+01
-3.480931654924008800e+00
-1.110486996696047868e+01
7.843698586102288317e+00
-1.884204743944023264e+00
5.594047928007777060e+00
-8.423915663774822704e+00
2.850402165650226749e+00
2.460960876416624643e+00
-4.584404337932220130e+00
1.047727323639471386e+01
-1.456396993605145873e+01
4.248288661765441176e+00
1.077754560809518480e+01
-9.210055466698062077e+00
-2.514332549043029275e+00
-7.119668250884911842e-01
1.537047247124630900e+01
-1.277752129099230771e+01
-8.803339425657423334e+00
1.903957518417945494e+01
-7.418645223104280539e+00
-2.408754964709680202e+00
-2.481517756726614898e+00
5.748670219632107781e+00
2.813383314048894412e+00
-1.057999432858526490e+01
9.555434380743324851e+00
-7.229446779739014062e+00
4.548299290807720219e+00
5.225607908558084880e+00
-1.413205066908398599e+01
8.325834415368314367e+00
2.518866790104490327e+00
1.218751288728159743e+00
-1.070778387421684741e+01
1.805429905443003857e+00
1.823982707490281996e+01
-1.905545094393324490e+01
-1.746796328166171364e-01
9.601192173824401266e+00
-8.572362788452903004e-01
-2.845147578425061496e+00
-7.838156799787859619e+00
1.419977111807480163e+01
-6.397226049061467634e+00
-2.778038379594396368e+00
5.999786277100647602e+00
-9.556182584913624822e+00
1.148961532520784701e+01
-3.766140741523344992e+00
-5.159508019454033700e+00
1.848223307380845171e+00
3.425976954237580863e+00
6.684998751728608468e+00
-1.964464143043125333e+01
1.063172973887492745e+01
1.115095077453269212e+01
-1.497251657709374584e+01
1.067288567783129416e+00
2.314273008398497922e+00
9.373437257034030523e+00
-1.167533427943043378e+01
-2.645806287585748873e+00
1.334613068442504868e+01
-1.057455291500824046e+01
5.804023849572731208e+00
-3.838391460897328855e+00
-2.030435784219443374e+00
8.078957041068921541e+00
-5.257757069026805397e+00
1.588682895928994476e+00
-8.300410750013014649e+00
1.268530989670973241e+01
1.667514972152596364e+00
-1.922728758638682223e+01
1.429992829486667816e+01
3.314839531248728655e+00
-4.572320356184481405e+00
-7.490902733685681270e+00
5.292549259228415792e+00
1.203824721878313220e+01
-1.811128301868857093e+01
6.166569528805309730e+00
4.069208079202073947e+00
-4.266724757581923377e+00
5.102133926301499756e+00
-8.478809456767720576e+00
6.095294420199256713e+00
-1.584115674150452513e+00
3.098073379979780384e+00
-1.945642884226742808e+00
-1.089959762110762398e+01
1.947864541644279157e+01
-6.851678479112006670e+00
-1.039806897680297126e+01
7.420252659899777115e+00
4.754591118542315975e+00
6.582790550178736488e-01
-1.654784621039574333e+01
1.437504018301408770e+01
4.847324028290960207e+00
-1.414517024520111832e+01
7.403412039477179185e+00
-2.788989072891120635e+00
5.480864936086114803e+00
-3.873587468817588864e+00
-2.583328457826177260e+00
4.831388102662243611e+00
-6.016713621685503277e+00
1.195975167228040448e+01
-1.153100975112994853e+01
-3.725335882923731745e+00
1.584050426899093011e+01
-7.694649549850809400e+00
-4.014711813053714273e+00
-2.905391042122185574e+00
1.438465149112872332e+01
-4.561526393620559006e+00
-1.613943060757654280e+01
1.807847696017913108e+01
-2.827222467698776498e+00
-4.074228707242184555e+00
-1.082906159620547371e+00
6.893476593255041251e-01
7.497138535210770449e+00
-1.024415827534233969e+01
6.701191662443246599e+00
-4.668047979553863414e+00
-6.374955394882420023e-03
1.139646140307228350e+01
-1.567424562219414597e+01
3.812641656012632385e+00
6.124763163971967295e+00
1.216599891410939271e+00
-7.938757087130113632e+00
-5.518942257112245287e+00
2.129690661822046849e+01
-1.303552454646778536e+01
-7.479450318985794155e+00
1.125508441404624982e+01
-1.098044311276204610e+00
6.024858684255469665e-01
-9.834456732393686451e+00
1.008983269237372227e+01
-2.378738425975104320e-01
-6.199720393085526027e+00
8.241966425099352733e+00
-1.147194194025272651e+01
9.190160313002799342e+00
2.688064085962794003e+00
-9.281901936792175789e+00
1.864322967077245430e+00
1.826401825370600029e+00
1.038218303058798142e+01
-1.768660510527137930e+01
1.536594439869649165e+00
1.772472276932836266e+01
-1.365285830519835031e+01
-1.512313082189129965e+00
1.218988943865215280e+00
8.678772241642963792e+00
-5.151371761679332195e+00
-9.027629177083822398e+00
1.391902264147316615e+01
-8.194743098150798488e+00
3.710825076362367803e+00
1.573666187195126298e-01
-7.861846842548312786e+00
1.047242617896612771e+01
-3.202724152051762196e+00
2.858219971642688151e-01
-8.143496352063642973e+00
7.914431487555322775e+00
1.001017721950892536e+01
-2.175744402693008794e+01
8.698646526247753030e+00
8.273028685644648661e+00
-4.604541062631257731e+00
-5.898451696519225962e+00
-9.420180274760155958e-01
1.551210592456832238e+01
-1.392824363702898616e+01
-1.483227783685752144e-01
7.273581589764464006e+00
-6.625964460194825101e+00
7.982313888901391152e+00
-7.944554641346341484e+00
1.497894304601431470e+00
2.091822313661699795e+00
1.330496815561273305e+00
1.965668581041155605e+00
-1.519609071779063392e+01
1.692374350558647578e+01
1.649472256373156753e+00
-1.530412627756753885e+01
6.261507898302535402e+00
4.441538919884863823e+00
4.458039956166636841e+00
-1.590449704849612189e+01
6.459342786514036483e+00
1.183919718693884704e+01
-1.468932929009375599e+01
5.777244821238591399e+00
-2.324790697918853510e+00
2.844054615759533000e+00
1.825398585891829351e+00
-6.387316885562686508e+00
5.111043059804440958e+00
-6.269873880662478527e+00
1.148861103747024082e+01
-5.856483985243629675e+00
-1.177793758282386349e+01
1.782963443284717187e+01
-3.659701472625932261e+00
-5.894769154206136896e+00
-4.076915651843888710e+00
1.095205052164928361e+01
3.888777261743299185e+00
-2.002819668673713949e+01
1.371140801399578635e+01
2.514007573649126748e+00
-5.894350056192037890e+00
1.292839734898151072e+00
-3.865421195227679352e+00
9.148792045091539649e+00
-7.145397807434644477e+00
3.070778827525176169e+00
-1.677668911412442565e+00
-5.010046101914936933e+00
1.576571084609369322e+01
-1.342745104314168891e+01
-2.799899721551419418e+00
9.154784395951297782e+00
1.481197662097772261e+00
-4.515571504170396544e+00
-1.122514695150374209e+01
2.013423767112233875e+01
-4.493899441927115213e+00
-1.367106497381480779e+01
1.125659848398414908e+01
-9.650049103483748780e-01
2.660602592084193585e+00
-8.622205224861950512e+00
4.067609102437014457e+00
4.935017816999411444e+00
-7.969676203952366755e+00
9.326750075095171510e+00
-1.114237158700073671e+01
3.979969235683578077e+00
9.621041257381346412e+00
-1.122295999354441065e+01
2.463071470956874620e-01
7.268248168305051493e-01
1.202534196553838441e+01
-1.251090068952676759e+01
-7.875454543079358771e+00
2.104424140046059932e+01
-9.577110242266178020e+00
-4.604422756726666677e+00
1.061340818697547927e+00
5.874461397079282499e+00
1.482075419208543021e+00
-1.247173414486718990e+01
1.161823393281684957e+01
-4.695625470087578357e+00
6.232030126283885085e-01
5.131584815838102998e+00
-1.235492364267599008e+01
9.564992750766553087e+00
8.707196363354565705e-01
-1.272412221798377985e+00
-7.043004915252025100e+00
1.997055499253862720e+00
1.647228327798680780e+01
-1.998656031921141718e+01
8.169685301058260407e-01
1.247567185010209556e+01
-4.173038196623291007e+00
-3.730678016721819645e+00
-5.713999531617732330e+00
1.516144639126943972e+01
-7.341526153898323415e+00
-5.909504456107760539e+00
9.381532424287520655e+00
-8.251055564514462759e+00
8.697958006307192846e+00
-4.293398482035071240e+00
-4.170837470247315437e+00
4.606023766684775644e+00
3.894997915318709758e-01
5.250950224905018615e+00
-1.674120240067858134e+01
1.080726758738276772e+01
1.053207729808462823e+01
-1.757445945171443213e+01
3.370893267476606336e+00
4.395247577621561597e+00
6.427851554731073946e+00
-1.212303532406860285e+01
-1.975207034159662367e+00
1.603925713036506551e+01
-1.262942680843881504e+01
3.093409257388844757e+00
-4.095587688824173789e-01
-1.509674008828783442e+00
6.919205793005190230e+00
-7.465789585374325021e+00
3.415630941950532851e+00
-5.549872399146553725e+00
9.176592878006289311e+00
1.309627412126233459e+00
-1.800784468903845337e+01
1.595890417315512622e+01
2.217638379470486587e+00
-7.572567482531641581e+00
-4.363728042284513720e+00
6.096337480722354485e+00
1.073821223658856105e+01
-1.975110155122925804e+01
6.879493059270854971e+00
7.573181481420656169e+00
-7.407055298001614219e+00
3.723681075034890320e+00
-6.533024871501445396e+00
7.462612810105587968e+00
-2.355695259768354255e+00
-2.952251231195761605e-01
1.158127684691159676e+00
-9.422799093478706922e+00
1.716204547503145506e+01
-7.635844540018842608e+00
-9.969510018067357038e+00
1.053025939111386577e+01
2.311487306459795388e+00
-1.216706633123757264e+00
-1.426428593199720751e+01
1.515371576251392938e+01
4.722435109715329205e+00
-1.740739669234276477e+01
9.384237123171764949e+00
-1.366076408618575044e-01
2.795998424142430494e+00
-4.820879709264365154e+00
-2.113176541877334280e+00
7.903599376067567128e+00
-7.884139013623334691e+00
9.050750802391437588e+00
-8.444583584612256999e+00
-3.043546531363418239e+00
1.517273857531305303e+01
-1.012313873862719760e+01
-2.751983897152887160e+00
1.099045577245130190e-01
1.154029745910730931e+01
-5.327506107493106491e+00
-1.558438060639073797e+01
2.031033424520505548e+01
-3.413227597621479426e+00
-7.656244175583569067e+00
1.643408077546110846e+00
2.039972843825312410e+00
6.513498695602742750e+00
-1.237998673097300895e+01
7.210687552143595802e+00
-8.480512487514015874e-01
-2.908434823375728229e+00
9.852777010104595945e+00
-1.411462502196005531e+01
5.332289582451178234e+00
5.832619629006956075e+00
-2.320006247770624697e+00
-5.436780330447015253e+00
-3.841774205506849782e+00
1.970448385933612911e+01
-1.420687894859988454e+01
-7.722307477276508791e+00
1.486421964901579962e+01
-2.983578361047269034e+00
-1.788725961574784584e+00
-8.030477259089749964e+00
1.141181169786314342e+01
-3.199774273656519341e-02
-9.912524951445178090e+00
9.993391163704732350e+00
-8.563266595773772139e+00
6.806158333564736651e+00
1.578937133896749501e+00
-9.198228518918488916e+00
5.043798823512280372e+00
4.387836212523570367e-01
7.414140132712459419e+00
-1.525960520573237389e+01
2.388982224735883619e+00
1.779765633775238598e+01
-1.641762811557015311e+01
-9.297620025167026014e-01
4.640816714232494533e+00
6.466000461148938783e+00
-6.403681998129565400e+00
-8.992558715318388352e+00
1.666936659206059801e+01
-8.443949058390870732e+00
-2.482221964950728221e-01
2.594773524280827637e+00
-6.279312262392360289e+00
9.821368888706384581e+00
-5.487482824724802200e+00
4.278208224215820366e-01
-4.295815626878884075e+00
5.527236251525007305e+00
8.459885054223262202e+00
-2.089191872817423246e+01
1.036074263054882572e+01
8.708115881452123119e+00
-8.386389477212057741e+00
-4.118294589527722316e+00
1.073034507618916944e+00
1.461283163395799534e+01
-1.556751639794863351e+01
-9.145960468644718233e-01
1.133373814796642520e+01
-8.138926928440959330e+00
5.272522327955820209e+00
-6.488613337296686545e+00
3.049340199638341353e+00
2.620509086980109981e+00
-2.477987960857622518e+00
3.345832702807249426e+00
-1.233350468712698600e+01
1.509930192565344953e+01
5.557874560219127069e-01
-1.590444925792088071e+01
9.519146232771895200e+00
3.780267020975426995e+00
1.341619481325370344e+00
-1.425952205271255124e+01
7.615540411111675567e+00
1.262303543568311603e+01
-1.787335887938567325e+01
5.830213762527026944e+00
1.463452031024284228e+00
1.066923568435251823e+00
2.760519058412325144e-01
-6.720663636133513918e+00
8.067965493772423002e+00
-6.213785971106151607e+00
7.512717672401880264e+00
-3.826536367573150965e+00
-1.027806271741513910e+01
1.775013446113403859e+01
-5.897799875609504028e+00
-6.406976617682347275e+00
-2.485307216742191905e-01
9.323858831223821753e+00
2.254240601177635916e+00
-1.998040398798938355e+01
1.564423570622886572e+01
3.648272630581849363e+00
-1.000744221592351302e+01
2.504000525345988493e+00
-1.543094187899683334e+00
8.735166196984028630e+00
-9.072089669415730029e+00
1.951954847373057689e+00
2.525275324299911528e+00
-6.205229886294414854e+00
1.310014302176648826e+01
-1.241321002568843213e+01
-1.344774376140315475e+00
1.022483347468467407e+01
-2.210196415495843780e+00
-3.782077234774665619e+00
-8.471709502954450244e+00
1.910920547396424496e+01
-5.638029960915283745e+00
-1.507947956759422681e+01
1.471564882856754863e+01
-9.255823783824466133e-01
-6.946300627698309693e-01
-7.603690692678668483e+00
5.507037163544699077e+00
6.210905837516327743e+00
-1.140190832245652430e+01
9.039092210659580573e+00
-7.289693140388608938e+00
2.559791217176177192e+00
8.138265077302131445e+00
-1.199254478839948668e+01
3.073748705460208619e+00
1.286383806617912740e+00
8.260389360067440734e+00
-1.115114579771122472e+01
-6.536223192473892496e+00
2.177026636199508047e+01
-1.182233641312530992e+01
-5.895697084123193932e+00
4.989590914535487087e+00
4.981856476178912807e+00
-3.325051271472302394e-01
-1.308286461891843544e+01
1.381114648011383750e+01
-3.091126675586400196e+00
-3.661148334782602820e+00
5.980170985383122861e+00
-1.001868593206816094e+01
9.533620519355698875e+00
-9.800026192050643736e-01
-2.785983649367675508e+00
-3.041715040209524545e+00
1.297148581722135319e+00
1.409144727064941804e+01
-1.966221041568040562e+01
2.083130657756351312e+00
1.431466634216084621e+01
-7.789454797059979896e+00
-3.769636281017807455e+00
-2.953318714753281782e+00
1.491373554378695943e+01
-8.637181078166811687e+00
-7.964435041877594657e+00
1.304166078341264878e+01
-7.748537744138204175e+00
5.250616707277005801e+00
-3.677261073485309950e+00
-2.731578236631802437e+00
6.245927758646964811e+00
-2.929024979908553483e+00
4.605378449637869132e+00
-1.317418315904926196e+01
9.899683964892830090e+00
9.367658195190825765e+00
-1.901268637927548966e+01
5.961815629178269127e+00
5.679664414317337595e+00
2.841986600287655484e+00
-1.155941060735372972e+01
-6.823941166421767512e-01
1.754944884149922757e+01
-1.498770617866516552e+01
1.186044661875554240e+00
3.629900964719944945e+00
-1.912311739077712680e+00
5.056339266519431774e+00
-8.493984334849214335e+00
5.595924766604372991e+00
-3.626647647049241918e+00
5.079156024152531756e+00
1.803130072414011131e+00
-1.601093596155002885e+01
1.644220570486150024e+01
7.052697522917472650e-01
-9.697396967561360270e+00
-6.843127314310456510e-01
6.106669648534775341e+00
8.619025191341098235e+00
-2.024145810989358552e+01
8.068416114100859460e+00
1.016096816175208595e+01
-1.105955804838866641e+01
3.075448779779987873e+00
-3.740425595784946378e+00
7.738525118688913018e+00
-3.686666038151987124e+00
-2.737963027710461628e+00
4.758537557031442766e+00
-8.630816079248212702e+00
1.397421128798740497e+01
-7.389159721465559549e+00
-8.885292505468189717e+00
1.264290686508246608e+01
-6.213091051665584619e-01
-2.421147436698206867e+00
-1.111429012061239519e+01
1.496612127553834704e+01
3.861462149551181611e+00
-1.963728415897266188e+01
1.184749709946731144e+01
1.854841870565484996e+00
-7.281843878729237218e-01
-4.890278510009563817e+00
-8.279242884076709608e-01
9.936482342809554780e+00
-1.025504377634959496e+01
6.801014290978804055e+00
-4.540630368405250472e+00
-3.151387387513636007e+00
0.000000000000000000e+00
6.057345183138123978e+00
-4.995543816268925852e+00
1.039459192376529728e+00
-1.131824895239115669e+00
2.984510749242821337e+00
-8.484143065607373524e-01
-3.665828469464362804e+00
5.322562323388401850e+00
-4.017923996036042666e+00
2.281742634763568311e+00
2.601945666254594780e-01
-3.520868005690191538e+00
4.201870417180339601e+00
-1.962539269623853722e+00
1.462739700987692126e+00
-3.407407773850789745e+00
1.822779248580705058e+00
4.602541927510614528e+00
-7.863534569222364823e+00
3.488343350691495370e+00
1.571816398809274595e+00
-9.142684536301375342e-01
-9.457031995658164991e-01
-1.953978481311032800e+00
6.016805342628329889e+00
-5.023564463728533269e+00
5.871973438968256520e-01
2.256879346665199737e+00
-3.303600673943892563e+00
4.163946959487949684e+00
-3.457942322815974023e+00
9.171284377626512940e-01
2.668368499807540761e-01
9.134099299752568291e-02
2.184503118441051495e+00
-6.512994626624510452e+00
6.006621448701960020e+00
5.191884797427156473e-01
-4.787092891387169757e+00
2.484171022590275779e+00
-2.318700821777186505e-01
3.110489631961691259e+00
-5.516814389340021663e+00
1.665651244022860133e+00
4.155856189675513512e+00
-5.433538390303280785e+00
3.399639673523383365e+00
-2.124805723527229073e+00
1.065518189126245963e+00
1.189126614710839913e+00
-2.659626261469173247e+00
2.631831092177657094e+00
-3.593026946745697892e+00
4.718528158686136287e+00
-1.511231060407705939e+00
-4.729424429172480515e+00
6.390991971443388486e+00
-2.090099760136098439e+00
-4.021708375941432934e-01
-2.161861184664094715e+00
2.791846965422418947e+00
2.617231217503992013e+00
-7.313414997722975208e+00
5.166284266630047028e+00
-2.797004468904122909e-01
-1.419951032377055000e+00
1.342091932003720567e+00
-2.709035270662832229e+00
3.914867806447410281e+00
-3.046559128271637551e+00
1.774719386900647233e+00
-4.917170010283470338e-01
-2.935262591471659022e+00
6.557791138854179636e+00
-5.046035251989901660e+00
-4.023645376284888941e-01
2.348210921142474206e+00
1.777628991065224318e-01
1.882274628551761086e-01
-5.264854693999763136e+00
7.022409365778909063e+00
-1.484604850076546523e+00
-4.248651167109944282e+00
4.125694101318043927e+00
-1.930858253596587026e+00
2.420080920265197832e+00
-3.209704793137313494e+00
1.102314862931617512e+00
1.864398288520379143e+00
-3.451703865472739885e+00
4.653583796226438807e+00
-4.808014463404399308e+00
1.298231439713454671e+00
3.550040338245579186e+00
-4.014834551413384744e+00
1.111887089390989125e+00
-1.508982866135947010e+00
4.916669224615008993e+00
-3.581838867678111882e+00
-3.467279727670779632e+00
7.377739338070355757e+00
-3.998062672994289635e+00
9.646623976836021797e-03
-4.804878680525630497e-01
1.230932557531254412e+00
1.697299713287111711e+00
-4.899334558363925396e+00
4.682521107741757227e+00
-2.652800971765391758e+00
5.061491647785472114e-01
2.645522761999213213e+00
-5.243501043623004954e+00
3.901837398966776949e+00
-6.154149231290808597e-01
5.762101582966294711e-01
-2.184020538359728647e+00
-8.101423943409569173e-01
6.769624080734159222e+00
-7.069294106442791659e+00
7.717713614575294478e-01
3.356530219639758172e+00
-1.619140284044590095e+00
3.989839202044656030e-01
-3.436597193829267205e+00
5.492442352386643023e+00
-2.553404816998905424e+00
-1.757839495312394362e+00
3.681869136863513248e+00
-4.282509193662873415e+00
4.166148742838448271e+00
-1.761128471179166377e+00
-1.326739811159739268e+00
1.595818153879203782e+00
-8.883453933033769179e-01
3.504645232719433068e+00
-6.552196658527913442e+00
3.378403760763462493e+00
3.795218285812702597e+00
-5.942882248197918216e+00
2.102183080717762387e+00
-3.649868967009561871e-01
3.133188559535919460e+00
-3.519961436288120638e+00
-1.485460369407348713e+00
5.813471681496563903e+00
-5.105001098281580774e+00
2.455070006778218072e+00
-7.998633947440325631e-01
-1.113937560764054480e+00
3.213770623185273401e+00
-3.217370745324439341e+00
2.252416370792298395e+00
-3.073462069839637323e+00
3.137130961055820677e+00
1.538927387323558493e+00
-6.961505435618745352e+00
5.822603025707372204e+00
-2.263162163683694050e-01
-1.333492153551829817e+00
-1.354766629674887035e+00
5.087422325443040627e-01
4.909516445449831679e+00
-7.041816937303820190e+00
2.801307347672465475e+00
1.819363138418574000e+00
-2.753964067007745875e+00
2.720017419793542501e+00
-3.519475751171204259e+00
3.049478035020091404e+00
-1.191179992882662741e+00
1.263858560115109775e-01
1.219408745459079180e+00
-4.759374474938374178e+00
6.738703409354885210e+00
-2.721363305833514268e+00
-3.067126078843017911e+00
3.344578710725390369e+00
-2.889426528165464081e-01
1.508859070310604844e+00
-5.770970947802777751e+00
4.787118301345092419e+00
1.887524930051491356e+00
-5.911295504201063089e+00
4.082309654623290207e+00
-1.752823719436218619e+00
1.869749905457477990e+00
-1.275665566306829257e+00
-1.322295630774074748e+00
3.212614327483994003e+00
-3.794467323668239356e+00
4.420297133365674647e+00
-3.202273330911261873e+00
-1.669749343253106977e+00
5.678665061191541241e+00
-3.937619022057989859e+00
3.809421076763004343e-01
-1.397743673663452535e+00
3.886218148404366524e+00
-5.452118259117950672e-01
