-1.135229620063422651e+00
1.053768939435034913e+00
-2.487034571137202832e+00
6.371596232647922520e-01
2.369086817856947746e+00
-2.491286926464504781e+00
1.984000391060251278e+00
-3.428917463392367804e+00
2.818232987718753080e+00
2.315709040038330890e+00
-5.614572852657621738e+00
2.272652746537668467e+00
1.355704780642780438e+00
1.216847871569602946e+00
-4.248130900843292146e+00
-2.339931983892917788e-02
6.551616565541070081e+00
-5.669647974246506017e+00
-3.252833182886205599e-01
2.073601523289400728e+00
4.926249036333945064e-01
-8.212980288065896417e-02
-3.550663353860297633e+00
4.181572645506475894e+00
-1.314763283040083941e+00
-2.906771188146345386e-01
7.269611134651627893e-01
-3.188061892554285848e+00
5.036324324869735136e+00
-1.946243930624023788e+00
-2.213499608719786238e+00
1.187646864465478291e+00
1.510210676728499735e+00
1.438295378798902568e+00
-6.564843730833350932e+00
4.538355983399039673e+00
2.891896353697466004e+00
-5.191013551974723583e+00
1.022047830974061711e+00
5.866461449535784745e-01
2.899499474591476833e+00
-3.906384886258996936e+00
-5.418618696516883659e-01
4.069918850969823865e+00
-3.221732281148869781e+00
2.072008587248590938e+00
-2.285296052815065870e+00
3.552146646819176468e-01
3.154585409573713140e+00
-3.133060661771143174e+00
4.170909729513985198e-01
-1.122658937199001894e+00
4.147391735002873503e+00
-1.857437185715486994e+00
-5.030804992514736007e+00
6.674323556032828009e+00
-9.956822841665713408e-01
-2.407538691762462157e+00
-7.811999664049793513e-01
2.553092873509097416e+00
2.117827945822402302e+00
-6.208532565878817522e+00
3.605603902518683679e+00
8.742747588205677101e-01
-1.565438726081446852e+00
1.176156895125157753e+00
-2.897332195860681914e+00
3.457906648380094872e+00
-8.544320866640799927e-01
-6.566514661015339094e-01
-5.087088642129435900e-01
-7.303365650179660662e-01
5.260570005966199503e+00
-5.658760678393278454e+00
-5.436080113405363790e-01
4.682669196742035744e+00
-1.505394957234581055e+00
-1.478538703711594682e+00
-2.188471098311268292e+00
5.937042938160234762e+00
-2.099341770231826221e+00
-4.313768067897298053e+00
4.749423790345050911e+00
-1.323643394166413856e+00
8.128349054367962623e-01
-2.053216186765147278e+00
2.751521410466384876e-01
2.643142090218630003e+00
-2.615919593977420021e+00
1.812548688253372564e+00
-3.086531392426126175e+00
2.597005375840295560e+00
2.463181978828076879e+00
-5.938357093383056728e+00
2.580267466808119359e+00
1.559634535471597694e+00
5.629341601365729364e-01
-3.797823977000690299e+00
8.667724235883467188e-04
6.482978072897372712e+00
-5.819974802077527265e+00
-3.356987393818386956e-01
2.541118155899499076e+00
-7.324738979889788837e-02
1.201120906663561971e-01
-3.431993063479750639e+00
3.983322548197656410e+00
-1.041455357358524125e+00
-6.495534024902791526e-01
9.750380334841874941e-01
-3.238236839551872137e+00
5.042470194266867267e+00
-1.886007129750425948e+00
-2.601297731715818351e+00
1.804964743276713524e+00
1.225592918248750385e+00
1.172069787855879452e+00
-6.225691246596696260e+00
4.486787350858364221e+00
2.985495935393776890e+00
-5.649808036688726887e+00
1.461729423890943291e+00
6.937311387761941894e-01
2.394335356854490726e+00
-3.513464108369258376e+00
-7.173210975039172599e-01
4.229573030513290810e+00
-3.328954039062632653e+00
1.945459538109362008e+00
-1.992200649238982990e+00
5.741967868161568234e-02
3.484860461896242434e+00
-3.448338935385234727e+00
3.902738535733509817e-01
-6.454406312625282638e-01
3.669137574320031181e+00
-1.756720823042511759e+00
-5.024988707319337777e+00
6.910907063308304288e+00
-1.166276080454085928e+00
-2.785354840801130827e+00
-8.982947835169829975e-02
2.207486405131637852e+00
2.000700156383299344e+00
-6.047279422659289416e+00
3.542790519010022621e+00
1.094005623359004531e+00
-1.978756040240118086e+00
1.486789937649145354e+00
-2.958104811392185063e+00
3.348771968377640462e+00
-5.584985161074713655e-01
-1.148595073672142641e+00
-1.266953419514401380e-01
-7.063948062754938917e-01
5.043111052034232600e+00
-5.605807157091387438e+00
-6.026888362952453893e-01
5.128000559285810667e+00
-2.095760612627164843e+00
-1.389002110416591051e+00
-1.724650011320604692e+00
5.513989087350796403e+00
-1.992470591661293033e+00
-4.438669357460557130e+00
5.062379710316847081e+00
-1.474234233620606460e+00
5.498357281036285737e-01
-1.605247130579328996e+00
-8.483204428015189702e-02
2.893478979081757885e+00
-2.704347877699036395e+00
1.600100702316646029e+00
-2.704917968307731790e+00
2.361259512686549655e+00
2.580109133400454446e+00
-6.207505704939425328e+00
2.852487478764929918e+00
1.773996192975620056e+00
-1.062634913102343814e-01
-3.327152480707076698e+00
3.997511821625598927e-02
6.352796285330043702e+00
-5.909440167584289583e+00
-3.633667628646595205e-01
2.994530982198828184e+00
-6.230682076558258231e-01
3.023913444195096556e-01
-3.276121518498403162e+00
3.742494362397363439e+00
-7.437457692525946129e-01
-1.006601629550134103e+00
1.196190137255904284e+00
-3.239288179886277597e+00
4.997773018187976923e+00
-1.804660242948358029e+00
-2.977853736009922869e+00
2.407227053611077139e+00
9.518300756582211974e-01
8.723424261797274593e-01
-2.644380906260744624e+00
1.217986009542956438e+00
-5.671649097580458765e+00
2.182972233243022586e+00
5.062851237462345111e+00
-5.805134663268852080e+00
5.606926708888702038e+00
-1.009208931706134571e+01
7.564812464009183834e+00
7.486443431989229680e+00
-1.579580943089863077e+01
4.673201593253290653e+00
5.787469823529052704e+00
3.188948908194775278e+00
-1.334713622280747458e+01
9.961063506634393327e-01
1.869781092945646606e+01
-1.631170993943258907e+01
-1.837646421870699598e+00
7.354628856973130624e+00
1.139988625120308186e+00
-1.774750452659163091e+00
-8.139799653495394693e+00
1.120439538545438651e+01
-4.367327411475892873e+00
-2.327964341915826907e-01
2.303323327283503197e+00
-9.319717246885382167e+00
1.338971665826095503e+01
-3.704843513694574320e+00
-7.278354184965925455e+00
2.427115064550192880e+00
6.161049096978758577e+00
3.163421383958050725e+00
-1.901603754940502711e+01
1.314156010576096989e+01
8.983656029515056929e+00
-1.547784387980014387e+01
2.076624021409785747e+00
3.753190532449707462e+00
6.817935342036273383e+00
-1.151573972329774165e+01
-1.838673095957314985e-01
1.085935114234087351e+01
-9.334287047601112164e+00
5.788037362612767467e+00
-5.393342983441103300e+00
-1.639490643393246572e-01
8.682769475856270347e+00
-7.051865552608707510e+00
-5.900312355127370623e-01
-2.979772391552238275e+00
1.270208713999180361e+01
-5.731045389081076635e+00
-1.474187198587013548e+01
1.900009542675675434e+01
-1.433056947265509695e+00
-8.641557292577633831e+00
-1.937690326213951764e+00
8.796687411799341660e+00
4.332143052030398067e+00
-1.726102097905732080e+01
1.069850517723088501e+01
2.574545134623509313e+00
-5.263877141647223645e+00
3.584061625219520764e+00
-6.937030639379440977e+00
7.819708070873127248e+00
-1.511821132870585949e+00
-1.021219982182831387e+00
-2.847718985879081899e+00
-1.594568675678484482e+00
1.525229835285606583e+01
-1.579217632492954060e+01
-2.850655572810230076e+00
1.420544967609466269e+01
-3.330824344398240822e+00
-6.354897402343752333e+00
-4.907902408517395898e+00
1.728304186479247306e+01
-6.896830567804431489e+00
-1.218895199137625163e+01
1.392401655691656437e+01
-3.279380386740794684e+00
6.549829197421467297e-01
-4.476484296986988021e+00
1.157619188200318616e+00
5.767168149872712313e+00
-6.027290726015365863e+00
5.071279528509368362e+00
-9.246635772025657118e+00
7.149576871869356864e+00
7.786154561499090576e+00
-1.675087073284217354e+01
5.623321715515301022e+00
6.362575820702011775e+00
1.312144643156538670e+00
-1.215338126879146685e+01
1.251622885873151514e+00
1.838254544193240037e+01
-1.681106399233379278e+01
-1.679266274118887736e+00
8.557192774431985782e+00
-4.634873463857056564e-01
-1.184104474970515408e+00
-7.751187472164988712e+00
1.058473030078486943e+01
-3.657341691209635037e+00
-1.056788777659285916e+00
2.835795557689062107e+00
-9.455770736495985318e+00
1.353617083389018205e+01
-3.645288730987381598e+00
-8.362399524080137425e+00
4.173302805925920289e+00
5.448188903551121953e+00
2.282209651413711349e+00
-1.805949390653259812e+01
1.317689080382194078e+01
9.045997630932088640e+00
-1.672308811452647248e+01
3.397870069741349752e+00
3.998967851280150754e+00
5.368720189640696638e+00
-1.041012852862397864e+01
-5.542285720054942466e-01
1.113691213139370362e+01
-9.581773023030201841e+00
5.552286908793928610e+00
-4.746350186802528626e+00
-9.180806869122415392e-01
9.637117274963408420e+00
-7.957661376452527691e+00
-7.230670372916216948e-01
-1.592410838840548237e+00
1.145561317789687195e+01
-5.658244504926312146e+00
-1.459520831693346743e+01
1.973138021710471435e+01
-2.067953159299562582e+00
-9.634829187929430105e+00
3.058697435759016869e-02
7.847241232441416692e+00
3.880034221752631574e+00
-1.671382911923162951e+01
1.059646790842763941e+01
2.991373379482655359e+00
-6.274741740107169008e+00
4.459031978583703371e+00
-7.193017289404886938e+00
7.553694924058753202e+00
-6.592302786528284608e-01
-2.379915097324307283e+00
-1.911976969471836485e+00
-1.371205737306707917e+00
1.463528732516664732e+01
-1.581196592993097028e+01
-2.841037810471536140e+00
1.542406805909727652e+01
-5.046478501497361435e+00
-6.109766494971995421e+00
-3.524496312974178203e+00
1.609293610889993431e+01
-6.758092512544298991e+00
-1.234094658108194409e+01
1.475146787183799013e+01
-3.815724667724309072e+00
4.730016571068285103e-02
-3.254740730878987520e+00
1.340985675502237573e-01
6.422307699426685446e+00
-6.163256228103352719e+00
4.424366470510292082e+00
-8.288911770286375713e+00
6.695927974627571722e+00
7.994508612091111743e+00
-1.755618414866711419e+01
6.492304076018033498e+00
6.947126143996312564e+00
-6.036677390834039869e-01
-1.088986513872553630e+01
1.535662582521490016e+00
1.789775898464912629e+01
-1.714012013818614832e+01
-1.560706648292129017e+00
9.707791137320910480e+00
-2.021005896918977918e+00
-6.333298488019698524e-01
-7.278888362388775235e+00
9.854651799754702068e+00
-2.874152563321414888e+00
-1.882928109642971748e+00
3.294192522457134231e+00
-9.454730918613298840e+00
1.354985520480390093e+01
-3.543702615311422832e+00
-9.405644757779860754e+00
5.886797616030946756e+00
4.745748059908057037e+00
1.319447299296329312e+00
-1.693446287010896611e+01
1.310226833441948813e+01
9.047796667666759163e+00
-1.782258597528262101e+01
4.631501861209333271e+00
4.274779491410319210e+00
3.862240965036875195e+00
-9.231028730836133178e+00
-9.213342031646627461e-01
1.130954438972087672e+01
-9.690062970893670524e+00
5.208563070694325781e+00
-4.054012919099733381e+00
-1.637062648050221725e+00
1.049891858668165057e+01
-8.781394988997762496e+00
-9.050954401249580172e-01
-1.356525942121455941e-01
1.011549946963398483e+01
-5.578403382773367447e+00
-1.430303638396997812e+01
2.028062015361240356e+01
-2.637463659773782165e+00
-1.059530137610147627e+01
1.987559763316134598e+00
6.883940571433155853e+00
3.363363365167102437e+00
-1.601155243481301937e+01
1.036747031458244450e+01
3.421219940300673557e+00
-7.213632977308067851e+00
5.235255645841111694e+00
-7.350513370087446319e+00
7.213860475036669051e+00
2.245091783095950477e-01
-3.745660073657078204e+00
-9.866776159678626312e-01
-1.068560837744392700e+00
1.385431319863053723e+01
-1.569548775058386703e+01
-2.819082198838134268e+00
1.652886041523172267e+01
-6.687946687028880177e+00
-5.884254174175441499e+00
-2.070487456150991612e+00
1.477303808338503188e+01
-6.566094385697543778e+00
-1.239413139726325142e+01
1.542036705536013130e+01
-4.249597386282419009e+00
-5.987659034378407519e-01
-2.021090085365728761e+00
-8.721947987994016493e-01
7.018791163056400606e+00
-6.212668035695344315e+00
3.673869078721183179e+00
-7.229172847539194535e+00
6.212164385367960229e+00
8.103490961357520561e+00
-1.820189743359907197e+01
7.274944501429501997e+00
7.532532927541684131e+00
-2.539445813728218315e+00
-9.571388411762599802e+00
1.851211817012711869e+00
1.724550482787973493e+01
-1.729946812068812179e+01
-1.478082121272795924e+00
1.079338299084871267e+01
-3.515951999600449795e+00
-1.312276575441888582e-01
-6.726028906650292072e+00
9.024753692455483645e+00
-2.030102982252852684e+00
-2.700827449635162303e+00
3.672097907691540541e+00
-9.313831925310577020e+00
1.343099595783836264e+01
-3.406283232018015639e+00
-1.039303746234520354e+01
7.550045890657099967e+00
4.060955598794600441e+00
2.819602317127642976e-01
-1.565180642343046102e+01
1.292423262842058129e+01
8.982605100372541784e+00
-1.876453649150926850e+01
5.767246945297223704e+00
4.578031145279834568e+00
2.313451638973793578e+00
-7.994455160502099922e+00
-1.275926817888850984e+00
1.137409046490605746e+01
-9.659826028179352875e+00
4.761472285857967002e+00
-3.325079891424808309e+00
-2.308923611474266835e+00
1.125538540868568127e+01
-9.515499965638936075e+00
-1.131533667579833313e+00
1.375300155788717227e+00
8.696240392484348547e+00
-5.497561479598729761e+00
-1.386318488931976134e+01
2.064370747329319045e+01
-3.141217881584868366e+00
-1.151095008970342448e+01
3.913594265185311727e+00
5.919314899305100575e+00
2.783012119582540578e+00
-1.516174272616321161e+01
1.001897767095728042e+01
3.855856787442877742e+00
-8.069846992871001490e+00
5.902997449944061614e+00
-7.406057264384775962e+00
6.805774059064199299e+00
1.125602452083600991e+00
-5.102080145519678922e+00
-8.170172601786729327e-02
-6.873996218737472574e-01
1.291514994976267694e+01
-1.544730636523577694e+01
-2.778119751265916815e+00
1.750572253756136121e+01
-8.240318651530220251e+00
-5.680451951391431109e+00
-5.586011523200433704e-01
1.333861363374449738e+01
-6.329380890286882888e+00
-1.234366166332449666e+01
1.592514531259113042e+01
-4.578758590951685470e+00
-1.276120111249408939e+00
-7.903503784056375991e-01
-1.846204247719497094e+00
7.547956285189938441e+00
-6.176445026558798013e+00
2.829006401008602900e+00
-6.078899941933759266e+00
5.706727082856970057e+00
8.106277863184203625e+00
-1.867991659715708863e+01
7.967307559938058503e+00
8.109623459308171078e+00
-4.475742846417515963e+00
-8.212946709180641847e+00
2.200496146228696936e+00
1.642971687174419770e+01
-1.729161118460505264e+01
-1.426754471984266637e+00
1.180138308629066657e+01
-4.932644914737419839e+00
3.144119055537801799e-01
-6.096901218855987459e+00
8.106861798083588866e+00
-1.138344544771090483e+00
-3.500228714086954351e+00
3.964299107892792939e+00
-9.032149556991349471e+00
1.318139261426362907e+01
-3.239794876318213834e+00
-1.130986538681193565e+01
9.146115838195363779e+00
3.400278507656894433e+00
-8.221097310611940046e-01
-1.422410191112033573e+01
1.265030324300544962e+01
8.844581886558673389e+00
-1.953878107108825901e+01
6.796313714876808909e+00
4.905234095258827587e+00
7.379510520741532353e-01
-6.716848843505912825e+00
-1.609063988910734100e+00
1.132871043710108694e+01
-9.493554288576641298e+00
4.217084767810193924e+00
-2.568768051282155795e+00
-2.922313944631397042e+00
1.189496907161729311e+01
-1.015362568957735334e+01
-1.396809983982449710e+00
2.924299546610646061e+00
7.213011374608263360e+00
-5.421380234414775678e+00
-1.327519288001898445e+01
2.081857199373782308e+01
-3.579926473096890049e+00
-1.236977167016961943e+01
5.789447804107935802e+00
4.965379732738938401e+00
2.140945665554615740e+00
-1.417363435173978559e+01
9.559863434874074528e+00
4.286813505359591048e+00
-8.833645690315092835e+00
6.454064794983950470e+00
-7.357627772465109572e+00
6.335950731797301394e+00
2.029856577363215120e+00
-6.432837921524601654e+00
7.936336627370976782e-01
-2.298465991424354371e-01
1.182547541608170505e+01
-1.507335768267124365e+01
-2.711559606907729680e+00
1.834173960780363544e+01
-9.689917240909405649e+00
-5.499545777846472028e+00
9.974264164675730182e-01
1.180602144669648723e+01
-6.056775678267222851e+00
-1.218581865780303275e+01
1.626215188144061585e+01
-4.802547740278972910e+00
-1.976968662477605054e+00
4.227048011134302286e-01
-2.773412277978311025e+00
8.002075744790110079e+00
-6.056778888849917664e+00
1.900422745765741439e+00
-4.850650272526921825e+00
5.188061316627750941e+00
7.997359264142398061e+00
-1.898400397349207580e+01
8.566739291692648806e+00
8.668768684565707261e+00
-6.392931464651796070e+00
-6.829541923559246719e+00
2.584909560943844831e+00
1.545618911099294124e+01
-1.712090700402476529e+01
-1.401436171088779048e+00
1.271983071359612261e+01
-6.256523462060525453e+00
6.969100837555348704e-01
-5.396921067237999026e+00
7.113881256600897984e+00
-2.126540382952706310e-01
-4.271149633799812939e+00
4.166871118370391258e+00
-8.610625113693775035e+00
1.280437947883883432e+01
-3.051446047413024498e+00
-1.214195641066280018e+01
1.065889310324975447e+01
2.769344162659788111e+00
-1.983377013415489110e+00
-1.266549754458679899e+01
1.228884366659644733e+01
8.628616582521887679e+00
-2.013693065069561072e+01
7.711469512729289377e+00
5.252057611531261827e+00
-8.481991398463124554e-01
-5.414864178571929365e+00
-1.912260834827470113e+00
1.117292420694731803e+01
-9.195526503481193714e+00
3.582843164184070339e+00
-1.794626116856235187e+00
-3.466672778755016004e+00
1.240751308097185479e+01
-1.069070019404289695e+01
-1.694444859072125720e+00
4.494441991637854628e+00
5.681479312324918318e+00
-5.355031898747321328e+00
-1.254035423643164648e+01
2.080518982416259632e+01
-3.955323985790364816e+00
-1.315994755889616386e+01
7.596490520475805752e+00
4.033484865157070942e+00
1.440219025206375125e+00
-1.305804036261250545e+01
9.000269805274719204e+00
4.705517548355487634e+00
-9.496391710885614401e+00
6.881910944961820320e+00
-7.204664847783991632e+00
5.811754395467137790e+00
2.922873797698400722e+00
-7.721839374250031973e+00
1.630695266396334331e+00
3.006170928733107317e-01
1.059479185364212128e+01
-1.458084421432239708e+01
-2.613022920924604975e+00
1.902535805513472411e+01
-1.102443990626390935e+01
-5.341810609584991099e+00
2.582995637935570077e+00
1.019251225941184202e+01
-5.757229749713912881e+00
-1.191809433173543908e+01
1.642969383017787877e+01
-4.921864873875541946e+00
-2.692930965676249677e+00
1.603537554962238154e+00
-3.640033646904385911e+00
8.374461497340623950e+00
-5.857106139096751818e+00
9.000557982322625605e-01
-3.557895230036836054e+00
4.664479840219297735e+00
7.772645210662203930e+00
-1.910985338852107418e+01
9.071861376151421297e+00
9.200021786110630373e+00
-8.271430723572461119e+00
-5.435996927237654930e+00
3.004957727002950385e+00
1.433253169501287871e+01
-1.679348612522079165e+01
-1.396303701189859581e+00
1.353755297110048339e+01
-7.474316430084670060e+00
1.010782645396157697e+00
-4.632568911526303346e+00
6.059629279223783804e+00
7.327574760828161615e-01
-5.004025878756089618e+00
4.277242597586046635e+00
-8.052064902311720118e+00
1.230476728760620198e+01
-2.848760042047758123e+00
-1.287587388572185709e+01
1.207326510335090219e+01
2.172877893210769074e+00
-3.191303469426907125e+00
-1.099154907683421101e+01
1.184891703577538102e+01
8.330444458948456088e+00
-2.055247197529816816e+01
8.507097089396634004e+00
5.613396309278952501e+00
-2.428664337761897496e+00
-4.105155105305804852e+00
-2.177624336186855025e+00
1.090763523312666727e+01
-8.771748359630382907e+00
2.867453054962773251e+00
-1.012393418117613297e+00
-3.932385409624304273e+00
1.278438811261313113e+01
-1.112297457866020345e+01
-2.017147432997522749e+00
6.068269409218896904e+00
4.117609134655904057e+00
-5.303097576852523254e+00
-1.166174001103025226e+01
2.060556725603128925e+01
-4.270096593979862298e+00
-1.387001061706885174e+01
9.316919502255737839e+00
3.134175006876176006e+00
6.849660922198498314e-01
-1.182722839030813233e+01
8.351453032494744022e+00
5.103436008305365590e+00
-1.005066973182784906e+01
7.181716422232742758e+00
-6.948069858276712196e+00
5.241288007295324292e+00
3.790249163407103161e+00
-8.953436200951530921e+00
2.421641701347764908e+00
8.991760581378382966e-01
9.234323491976219600e+00
-1.397811559205161913e+01
-2.476475169615012462e+00
1.954654231554668797e+01
-1.223308135932661500e+01
-5.206621430276822338e+00
4.182804755496092319e+00
8.516018467749621124e+00
-5.439670904821808151e+00
-1.153926030859404150e+01
1.642805144350462143e+01
-4.939130430900442903e+00
-3.415161409507169843e+00
2.738034873011960357e+00
-4.433198033763599000e+00
8.659553595110908830e+00
-5.582061652683975694e+00
-1.590132359600362477e-01
-2.214847502200298912e+00
4.144029569545121916e+00
7.429554190181237416e+00
-1.905514151245346355e+01
9.482547105002623766e+00
9.693264914761211770e+00
-1.009193372482700646e+01
-4.046776182365282359e+00
3.460216249122590959e+00
1.306810393136121817e+01
-1.631714916785190184e+01
-1.405118845663307248e+00
1.424432016418212399e+01
-8.574195972708011482e+00
1.251804503646582134e+00
-3.811314589225051286e+00
4.958655500524493220e+00
1.683440451938581717e+00
-5.689846328949116128e+00
4.294243027883625885e+00
-7.361115376530130483e+00
1.168876602524683150e+01
-2.639440157827475097e+00
-1.349910472235107584e+01
1.337529179869081020e+01
1.614656475472353137e+00
-4.434307605922661821e+00
-9.219039701988762658e+00
1.134013545888848640e+01
7.946751227301568576e+00
-2.078085157319581810e+01
9.179228928833390810e+00
5.983451428516340265e+00
-3.987032259779549115e+00
-2.804163048860552010e+00
-2.397977447247761962e+00
1.053513521161006672e+01
-8.229870092515850999e+00
2.080756895424216601e+00
-2.318561518701658386e-01
-4.310928791407189209e+00
1.301860741300780333e+01
-1.144804857548608190e+01
-2.356925963684032066e+00
7.627979184020368564e+00
2.537469076795282774e+00
-5.269476125081132167e+00
-1.064419804677563874e+01
2.022370017824978561e+01
-4.527796176406514661e+00
-1.448901043174616987e+01
1.093396265160384573e+01
2.277064606747400077e+00
-1.196286384177243090e-01
-1.049477778570903652e+01
7.625615663151471324e+00
5.472216730008563346e+00
-1.049039231255872551e+01
7.350447475971378708e+00
-6.590185512433448523e+00
4.633272460531915549e+00
4.617769694318174523e+00
-1.011262192708501573e+01
3.159518303002418094e+00
1.559723060758382296e+00
7.756892341392788381e+00
-1.327453616613123444e+01
-2.296354744751427202e+00
1.989691435986597412e+01
-1.330663599583836643e+01
-5.092480471792134367e+00
5.781023032263641781e+00
6.794936831793236820e+00
-5.112856483171073663e+00
-1.104942004526734678e+01
1.625946897537455271e+01
-4.858224479779289950e+00
-4.134479280767494380e+00
3.812693215213620590e+00
-5.141119880117049235e+00
8.852992318713422293e+00
-5.237414269092400154e+00
-1.262725547725751518e+00
-8.362797871329279431e-01
3.634363707422799461e+00
6.967081984028651753e+00
-1.881955479648744145e+01
9.799879788797946745e+00
1.013836200358985984e+01
-1.183563293241706660e+01
-2.675814568729950160e+00
3.949304764017504077e+00
1.167392488767062986e+01
-1.570124429809052558e+01
-1.421355973461625233e+00
1.483099111164061235e+01
-9.545912067939454460e+00
1.417055125259915727e+00
-2.941526630109806639e+00
3.826052268574806181e+00
2.624904869109175198e+00
-6.320279537680678850e+00
4.218130162736716926e+00
-6.544214187831959961e+00
1.096389013384958666e+01
-2.431231584262524059e+00
-1.400023765931840813e+01
1.455236080449348535e+01
1.097478106731289316e+00
-5.699890594213798956e+00
-7.365785447739865432e+00
1.077250520657041477e+01
7.475265609913215314e+00
-2.081953627602154455e+01
9.725559260686996055e+00
6.355824784677261974e+00
-5.507011069985334295e+00
-1.527909392605481642e+00
-2.566971231590242652e+00
1.005908945710544700e+01
-7.579082496273743530e+00
1.233593225083705391e+00
5.372968051896567232e-01
-4.595003025928325435e+00
1.310492111558774830e+01
-1.166487711119174264e+01
-2.705210723179101162e+00
9.155640201213419260e+00
9.570372195279588379e-01
-5.257305391939859796e+00
-9.494329604664027755e+00
1.966550967595084387e+01
-4.732742281806491924e+00
-1.500667525258936230e+01
1.243206973901738621e+01
1.470728410293584254e+00
-9.673754127220297594e-01
-9.075419760472692943e+00
6.835728066119147961e+00
5.803826625057448396e+00
-1.081088871408258001e+01
7.386890875297365433e+00
-6.134755872737812865e+00
3.996915900048129799e+00
5.391612428034957993e+00
-1.118521921732105540e+01
3.838337338379197217e+00
2.274921122357011605e+00
6.176773790492887883e+00
-1.248034167744798850e+01
-2.067695752924618713e+00
2.006987407081030739e+01
-1.423757898661276577e+01
-4.997060121689465007e+00
7.361473641653051736e+00
5.047907056580544172e+00
-4.785231555831905403e+00
-1.045004316365706032e+01
1.592812086767697899e+01
-4.684406399433338031e+00
-4.841504886910302119e+00
4.814795975138983941e+00
-5.753253194374845947e+00
8.951672698287671537e+00
-4.829985296429793351e+00
-2.396224569811999050e+00
5.626624535875421884e-01
3.142621289023979525e+00
6.385849865421736382e+00
-1.840479170997825875e+01
1.002609447399035503e+01
1.052531548814339146e+01
-1.348444035186243894e+01
-1.336356608482332842e+00
4.469877428523532537e+00
1.016256254612676280e+01
-1.495652673585696135e+01
-1.438333265967366881e+00
1.528964625723334336e+01
-1.038090636338752759e+01
1.504944263571309726e+00
-2.032367408952648447e+00
2.677257352437762083e+00
3.542817802256629900e+00
-6.887789569697553738e+00
4.050597221311926788e+00
-5.609517744044849152e+00
1.013884756745707527e+01
-2.231782116727376142e+00
-1.436912927081090352e+01
1.559332497251151040e+01
6.231491587069251104e-01
-6.974777573179715695e+00
-5.450428511721279179e+00
1.015627006203093785e+01
6.914838149298130787e+00
-2.066804943217052326e+01
1.014543388046920569e+01
6.723623941451126740e+00
-6.972627799082268929e+00
-2.917951590375373883e-01
-2.679183435118730472e+00
9.484503020417040631e+00
-6.829992678775245629e+00
3.376431545967744086e-01
1.285616375056998884e+00
-4.778646929413948641e+00
1.303988826430131098e+01
-1.177375798344583302e+01
-3.052987614833593266e+00
1.063341220198579862e+01
-6.079881877872966855e-01
-5.268897090192631083e+00
-8.220443035981373825e+00
1.893875477609067914e+01
-4.889913668985203188e+00
-1.541356822405809979e+01
1.379708826237050090e+01
7.226090725683436133e-01
-1.851141145700370805e+00
-7.584862513615965085e+00
5.995341714248540121e+00
6.090685081992862848e+00
-1.100897534198570149e+01
7.291664595755730005e+00
-5.586867153971972755e+00
3.341775381065837269e+00
6.098538676094512390e+00
-1.215805598499701112e+01
4.453142557374059507e+00
3.036284645366078561e+00
4.509533794913841653e+00
-1.160648712861094012e+01
-1.786243008219400075e+00
2.006069878817699603e+01
-1.502012522674049322e+01
-4.917260763958183567e+00
8.907823979650926205e+00
3.293589068646094908e+00
-4.464794636233223812e+00
-9.743981209596046966e+00
1.544005385379614559e+01
-4.424216313006320789e+00
-5.526799849159521827e+00
5.732581404976667017e+00
-6.260429313747400748e+00
8.953780759773296793e+00
-4.367550991378829295e+00
-3.544047426441824911e+00
1.966651685785537840e+00
2.675315987974849818e+00
5.688131249197891925e+00
-1.781454031481097289e+01
1.016450408117761484e+01
1.084442467413005318e+01
-1.502119979885982737e+01
-4.080810089205000324e-02
5.018630118142439756e+00
8.548002753213028271e+00
-1.409500228189630633e+01
-1.449345781292767033e+00
1.561370663249941870e+01
-1.107240400508367273e+01
1.515217833384995494e+00
-1.093675560823080595e+00
1.527851656116571810e+00
4.423197898101751235e+00
-7.385739558419533779e+00
3.794759572864351505e+00
-4.566806182109556467e+00
9.223414357674217356e+00
-2.048503854284795977e+00
-1.459705541180582955e+01
1.648862080864050839e+01
1.924877504455724253e-01
-8.245072517411719204e+00
-3.492221143525410909e+00
9.501755124197394764e+00
6.265504839493722500e+00
-2.032798227320426676e+01
1.043981819800499267e+01
7.079576982153552578e+00
-8.368424457640475822e+00
8.895895273378169321e-01
-2.730202117343804247e+00
8.817667849826900550e+00
-5.994481181133041403e+00
-5.947336952339687954e-01
2.004031924174207280e+00
-4.857335965541849099e+00
1.282192563080996273e+01
-1.177630103771534209e+01
-3.390940612426959433e+00
1.204376565535742394e+01
-2.142372176282507645e+00
-5.305686382767722087e+00
-6.832484842334833886e+00
1.805292359323669515e+01
-5.004831254855032441e+00
-1.570123563092261421e+01
1.501642192448153956e+01
3.894289036246156854e-02
-2.762927196651058015e+00
-6.039603531605848730e+00
5.118396791240446220e+00
6.325790447773149694e+00
-1.108300670848650782e+01
7.067204287513423111e+00
-4.952870267968769724e+00
2.677612898449603485e+00
6.726081848361010529e+00
-1.301912804940350199e+01
5.000057265206516277e+00
3.834278633910832124e+00
2.771849697261704826e+00
-1.066448807792223974e+01
-1.448557309531617321e+00
1.986662060327322621e+01
-1.565026563262535220e+01
-4.849282568427344842e+00
1.040378097103695865e+01
1.550441814683408914e+00
-4.158972846821203717e+00
-8.935464355070635634e+00
1.480310568111824310e+01
-4.085359816070736727e+00
-6.181009465047492490e+00
6.555398698047585349e+00
-6.654975849204360472e+00
8.858811097306507065e+00
-3.858730328363926709e+00
-4.690325502091083010e+00
3.360369891073986537e+00
2.238235880708749903e+00
4.877856187339255634e+00
-1.705443153287710345e+01
1.021941129203867149e+01
1.108644344521101033e+01
-1.642988857963914739e+01
1.199398011906712469e+00
5.591324395345005804e+00
6.845499480706134676e+00
-1.312975704677652189e+01
-1.447798232394815532e+00
1.579803689418223733e+01
-1.161548233626504434e+01
1.448944028594296718e+00
-1.358372777877123738e-01
3.933546037286772545e-01
5.252604166375688166e+00
-7.808481512004450842e+00
3.455120940396803508e+00
-3.427366960124092365e+00
8.228296541842038181e+00
-1.888438036854339863e+00
-1.467684598185512357e+01
1.723036635472533362e+01
-1.946560752735091437e-01
-9.496424737085266798e+00
-1.510802790505024973e+00
8.819213323614484068e+00
5.528534371461206298e+00
-1.980298021189405233e+01
1.061124422516000720e+01
7.416155104741365633e+00
-9.679649255715929712e+00
2.002643762000325900e+00
-2.716693187960664169e+00
8.066091576119271522e+00
-5.085542329792155591e+00
-1.550671496689512985e+00
2.683984008259992837e+00
-4.828061065504266836e+00
1.245133271856277624e+01
-1.167537949184556823e+01
-3.709600978120949577e+00
1.336969932437720665e+01
-3.631517940339580974e+00
-5.368197037784432801e+00
-5.341948771269679597e+00
1.701910440147580417e+01
-5.083434418403969701e+00
-1.586234496144325590e+01
1.607916976763099726e+01
-5.752955479262205074e-01
-3.693962010738121027e+00
-4.456731427677516066e+00
4.219026752566468197e+00
6.502837662787652739e+00
-1.103290607075856045e+01
6.717725734619399702e+00
-4.240286325239003062e+00
2.014247904348601459e+00
7.262726279484997605e+00
-1.375774627781029835e+01
5.476315347181679449e+00
4.658434819604015509e+00
9.813169309752094449e-01
-9.666257648349201759e+00
-1.052109225045011698e+00
1.948688026564176567e+01
-1.612578058107004964e+01
-4.788710027928077650e+00
1.183328885104034001e+01
-1.634936228949745995e-01
-3.874508322725882969e+00
-8.030078828167741989e+00
1.402680149199882997e+01
-3.676577760038934883e+00
-6.795005003273481670e+00
7.273850073123721671e+00
-6.930815294595855214e+00
8.667565642584085239e+00
-3.312859591327379505e+00
-5.818991515629353017e+00
4.728698511203789145e+00
1.836355699211625225e+00
3.960593401565164484e+00
-1.613196877614312186e+01
1.019600770790546562e+01
1.124273498717436404e+01
-1.769580603662931040e+01
2.373919943147899669e+00
6.182828049206254839e+00
5.071408168471432276e+00
-1.207477572949850142e+01
-1.427335367369065189e+00
1.583903086241131675e+01
-1.200711565723070073e+01
1.308480063255239578e+00
8.303517224038614586e-01
-7.109800998525246385e-01
6.018316578232366432e+00
-8.151431104358785262e+00
3.037519441117220609e+00
-2.203858556006890623e+00
7.164981464921030607e+00
-1.758125139140055637e+00
-1.460300109615445052e+01
1.781243744076834901e+01
-5.393640412655970051e-01
-1.071420489465311121e+01
4.740266938798965435e-01
8.118676846600266117e+00
4.706458013265972795e+00
-1.909870417327508463e+01
1.066373749351933142e+01
7.725701140889824181e+00
-1.089244039029306244e+01
3.034919706427904984e+00
-2.636450937623568969e+00
7.238408765694483549e+00
-4.117109914125678394e+00
-2.516976355711456392e+00
3.317549235256026297e+00
-4.689387108489571965e+00
1.193029266141314793e+01
-1.147506430595045757e+01
-3.999501099885183208e+00
1.459495272538691424e+01
-5.061630952643191961e+00
-5.456022768879603468e+00
-3.761763893695508010e+00
1.584983840944685696e+01
-5.131952694561636719e+00
-1.589081070966895659e+01
1.697624425395089531e+01
-1.116429272339569678e+00
-4.634807416454163942e+00
-2.853719832324559391e+00
3.311362493302818066e+00
6.616325266187938148e+00
-1.086017517789192510e+01
6.249163832654519801e+00
-3.457696534869413529e+00
1.361408491038436530e+00
7.698074600348448371e+00
-1.436466636394336405e+01
5.880274933002088034e+00
5.497483250217033657e+00
-8.437559566559560409e-01
-8.623941578153051069e+00
-5.953597653867053197e-01
1.892275686314852123e+01
-1.644623058925144932e+01
-4.730607844916283611e+00
1.318072684706541509e+01
-1.830803867038696353e+00
-3.617357452471835266e+00
-7.034725128111978698e+00
1.312222919513027364e+01
-3.207503043974427648e+00
-7.360023788497452202e+00
7.879916883121969029e+00
-7.083542056478802529e+00
8.382133772660477433e+00
-2.739855520898475838e+00
-6.913990392602782364e+00
6.056904246051253438e+00
1.473762912488237653e+00
2.943509848026489628e+00
-1.505643491264507183e+01
1.010026197560931571e+01
1.130542122195491039e+01
-1.880574657773345493e+01
3.473608154807434900e+00
6.787171751828576127e+00
3.243004151924865575e+00
-1.094475092753057766e+01
-1.381967884183044504e+00
1.573467821222979879e+01
-1.224619555226430201e+01
1.097420190106903171e+00
1.793831618369642333e+00
-1.770365624605836352e+00
6.708506087566689757e+00
-8.411126411420390525e+00
2.549054066653364536e+00
-9.101560228439113942e-01
6.045580596399187101e+00
-1.663482270411996922e+00
-1.437178698724470749e+01
1.823052150469671417e+01
-8.435979051988665711e-01
-1.188368826936413924e+01
2.442534936216885999e+00
7.409815567119915514e+00
3.803081389872859042e+00
-1.822276738234053539e+01
1.060272515590777509e+01
8.000562002394277172e+00
-1.199399994484916654e+01
3.975269899240598370e+00
-2.488430905628431500e+00
6.344275740566484245e+00
-3.103870479131336069e+00
-3.480307819229617738e+00
3.897555381136929675e+00
-4.441490107604288085e+00
1.126284904206238302e+01
-1.118054273124281650e+01
-4.251330704163528651e+00
1.570421073669136547e+01
-6.419870276415071686e+00
-5.567825127643812877e+00
-2.106162896224323955e+00
1.455895624204041638e+01
-5.156774946116737368e+00
-1.578190598661037747e+01
1.770046685330981617e+01
-1.582095159479120383e+00
-5.575477155777640803e+00
-1.248215960420624882e+00
2.409338763234808667e+00
6.661650149507969410e+00
-1.056788284321864424e+01
5.669088922784965234e+00
-2.614618153157749703e+00
7.285834441923624283e-01
8.023001339215856120e+00
-1.483219963309506539e+01
6.211414647736410721e+00
6.339497668017414433e+00
-2.684561376170075508e+00
-7.549753642269607212e+00
-7.782651004393414951e-02
1.817757274689808256e+01
-1.661292463635005134e+01
-4.669626592056927095e+00
1.443110416267129814e+01
-3.434903421126527689e+00
-3.392604353169145881e+00
-5.957557357337725179e+00
1.210189543398376699e+01
-2.688506533183040226e+00
-7.867804960427369210e+00
8.367067976694187337e+00
-7.110476952258880878e+00
8.005854164895239933e+00
-2.150068924784188873e+00
-7.959491170124364245e+00
7.330818276091459751e+00
1.153598767022737892e+00
1.835308114415797220e+00
-1.383877783186855126e+01
9.938798722477656611e+00
1.126752469455091621e+01
-1.974815500364810461e+01
4.490588130471710571e+00
7.397621126531050528e+00
1.378288383853849552e+00
-9.754886059409667354e+00
-1.306191885928074559e+00
1.548461121734598400e+01
-1.233352661042810539e+01
8.205259122600976340e-01
2.743429241489613979e+00
-2.770677412202380729e+00
7.312391844557060594e+00
-8.585269791860351773e+00
1.997992484358259935e+00
4.388196097141667806e-01
4.882666103267954583e+00
-1.609689829404625350e+00
-1.398131021958694120e+01
1.848214847721899901e+01
-1.110133256802796620e+00
-1.299024287702321701e+01
4.375283174466896519e+00
6.701804460849510647e+00
2.823477684831559920e+00
-1.718464834928522222e+01
1.043492677067658825e+01
8.233222991550377401e+00
-1.297275556123767259e+01
4.813976202312345798e+00
-2.272764689472149158e+00
5.394250304288014775e+00
-2.061066689485806958e+00
-4.427361247326030202e+00
4.417685036955852240e+00
-4.086172431604937927e+00
1.045485897211685788e+01
-1.079802238947916138e+01
-4.456093145104187414e+00
1.668329770677204493e+01
-7.694485232173558842e+00
-5.701348060003937235e+00
-3.905320945047816572e-01
1.316140033124556297e+01
-5.164318126283841792e+00
-1.553235818568334636e+01
1.824663999161675321e+01
-1.971240519462737595e+00
-6.505566030496545693e+00
3.421734407166603376e-01
1.526505422076240848e+00
6.635188620495470424e+00
-1.016063234880506805e+01
4.986601619608749481e+00
-1.721368316733403070e+00
1.248773676191961002e-01
8.229790611605221073e+00
-1.515430352311184947e+01
6.470312656047210176e+00
7.172052795473931042e+00
-4.522013159504274071e+00
-6.455813742235439356e+00
4.998660425044061384e-01
1.725667349075141388e+01
-1.662886682103912506e+01
-4.600116418862761236e+00
1.557024967872957966e+01
-4.960222693511885161e+00
-3.204389755202172729e+00
-4.807904273995665001e+00
1.097956401308893604e+01
-2.130534357016855118e+00
-8.310718849018714494e+00
8.730348772319171502e+00
-7.010698527634110278e+00
7.543259067940722318e+00
-1.554130808422753418e+00
-8.940097148266508142e+00
8.537006586248192974e+00
8.780151899451871245e-01
6.461422532991694112e-01
-1.249147614540381745e+01
9.718770261362491780e+00
1.112310073902258800e+01
-2.051326217252893613e+01
5.418323978844973965e+00
8.006763281795075571e+00
-5.042171614848405259e-01
-8.520694546042225426e+00
-1.195099986622351729e+00
1.509013070861110606e+01
-1.227179768994793641e+01
4.836395517439804337e-01
3.668012020225197567e+00
-3.698640207458160134e+00
7.820383553916130381e+00
-8.672752361289578715e+00
1.393661309001929638e+00
1.827285885543385113e+00
3.689103487742453336e+00
-1.601089235819392442e+00
-1.343156907729425598e+01
1.856669853437030682e+01
-1.342480010245044930e+00
-1.401951996039795212e+01
6.253347815378089258e+00
6.003201823269987969e+00
1.773962051544485830e+00
-1.599558110144529088e+01
1.016822948959412010e+01
8.416441874864787565e+00
-1.381850769276813473e+01
5.542858803878093710e+00
-1.990756568167712182e+00
4.399657935465326908e+00
-1.004293355027292778e+00
-5.345048551329298903e+00
4.872566233786498557e+00
-3.626855689403570615e+00
9.513923086954164887e+00
-1.033462243272939318e+01
-4.605259451313499675e+00
1.751935854128588588e+01
-8.874935793057021627e+00
-5.853448980807702817e+00
1.368755072921175042e+00
1.167303558755933679e+01
-5.160897735968151601e+00
-1.514042715025405528e+01
1.861159451869523451e+01
-2.284100361582368954e+00
-7.414387877705125973e+00
1.900096015099389746e+00
6.758460445213390066e-01
6.534362544660861083e+00
-9.644507980228352650e+00
4.212207553921916592e+00
-7.889177538238305587e-01
-4.411289551720338764e-01
8.312255961400687454e+00
-1.532665066673035703e+01
6.658608962378778529e+00
7.982391461500938590e+00
-6.336970631656769548e+00
-5.353990899686990268e+00
1.135952905488656128e+00
1.616738299770080545e+01
-1.649868233201140200e+01
-4.516246948924685256e+00
1.658499383479588118e+01
-6.392381557500858236e+00
-3.055856233758161622e+00
-3.596172933262139715e+00
9.770078872202041964e+00
-1.544938941222003148e+00
-8.681887995553330128e+00
8.966449757445104751e+00
-6.785050855322714014e+00
7.000001907151132130e+00
-9.627932031970116711e-01
-9.841051517423679229e+00
9.662929204790014381e+00
6.481482181557565170e-01
-6.124870477365451649e-01
-1.102838681016475597e+01
9.447723115690113360e+00
1.086735786327859898e+01
-2.109319929176534458e+01
6.251662295047412776e+00
8.606606636408088207e+00
-2.385681866379142591e+00
-7.257797925380022441e+00
-1.044482308579720797e+00
1.455421068631449444e+01
-1.206552919594414419e+01
9.358256814669285717e-02
4.556642906513135749e+00
-4.542004222206680986e+00
8.224207140555268580e+00
-8.673660766477738093e+00
7.463202471700345342e-01
3.238795037634398355e+00
2.477882633369160814e+00
-1.641093403758102198e+00
-1.272448128057484062e+01
1.848538682653039444e+01
-1.544790959753346904e+00
-1.495764430775765064e+01
8.058534666546838920e+00
5.321839935902559660e+00
6.620472933488741329e-01
-1.466842400608430452e+01
9.811549567549558759e+00
8.543380614537349871e+00
-1.452256042600966701e+01
6.155363973285451706e+00
-1.644862078828851715e+00
3.372446212413305222e+00
5.071119275672852922e-02
-6.220674836698515620e+00
5.257848684090150826e+00
-3.068551206983665125e+00
8.449293410367799240e+00
-9.798253506809125213e+00
-4.690917822425317851e+00
1.820102441064366872e+01
-9.951995319592159106e+00
-6.020145964829668905e+00
3.154519078396462728e+00
1.011045085979774782e+01
-5.152602041388887777e+00
-1.460596451614401303e+01
1.879421217148733092e+01
-2.522155931938822704e+00
-8.291120441691507637e+00
3.408664839621154741e+00
-1.303937312341627575e-01
6.357689554767252282e+00
-9.027001278970796960e+00
3.357673716294809374e+00
1.712635028714561969e-01
-9.615108649398180773e-01
8.265840645827450928e+00
-1.534667578995882664e+01
6.778951677698335843e+00
8.757599344578949285e+00
-8.110463461972120314e+00
-4.255753293910190749e+00
1.827512578553434963e+00
1.491893418708635011e+01
-1.622852397534737889e+01
-4.412131413581064976e+00
1.746334023607462882e+01
-7.718346332830686052e+00
-2.949110474100790746e+00
-2.333736040460876016e+00
8.489173900585024413e+00
-9.433061990577482625e-01
-8.975297966077238954e+00
9.073753396891385492e+00
-6.436127791869528991e+00
6.382769378109384384e+00
-3.867669597659029179e-01
-1.064843574449347585e+01
1.069708633719281643e+01
4.641083663597183051e-01
-1.927856771935377189e+00
-9.464576688145486472e+00
9.133461473563350808e+00
1.049676443736832177e+01
-2.148208939981137178e+01
6.986855988953836416e+00
9.188692649452763206e+00
-4.247183979750043470e+00
-5.981725568078420707e+00
-8.509157702569281057e-01
1.388148131189339729e+01
-1.172099715497764549e+01
-3.419597709208881398e-01
5.398734050656599948e+00
-5.289708066918916707e+00
8.517012119584427055e+00
-8.589266227261376230e+00
6.702175220693307178e-02
4.656439131038160539e+00
1.261949604962096183e+00
-1.732111442073609453e+00
-1.186388749350925487e+01
1.824122559533391552e+01
-1.721759947212345265e+00
-1.579140183273935882e+01
9.773583194786390038e+00
4.664729624692819598e+00
-5.036188563665882079e-01
-1.321750880597307543e+01
9.374682281080229274e+00
8.607732677561591217e+00
-1.507783406575893537e+01
6.646629550666964370e+00
-1.238648950559648743e+00
2.325029410442926547e+00
1.088275620023788193e+00
-7.042108560680154561e+00
5.570264489410390318e+00
-2.417808332026008422e+00
7.271760332326788756e+00
-9.197488390726055840e+00
-4.705916313572324761e+00
1.871856091378380427e+01
-1.091783449944930595e+01
-6.196680401655378922e+00
4.948967668553619248e+00
8.490753794023889967e+00
-5.145172047462607701e+00
-1.393045314791010725e+01
1.879542283184551721e+01
-2.688075378329132015e+00
-9.124955091485244196e+00
4.851663859389105049e+00
-8.808658662753883206e-01
6.104816556435253005e+00
-8.316917881873887808e+00
2.435868329063305637e+00
1.147366179855836776e+00
-1.429122796359860281e+00
8.087696911336983874e+00
-1.521359993973916325e+01
6.834928200904491824e+00
9.484784981823636940e+00
-9.823914459464216264e+00
-3.172027360215592839e+00
2.570469075570476658e+00
1.352237601406677925e+01
-1.582596075138765102e+01
-4.281952997597202604e+00
1.819462464800544055e+01
-8.926568302340983863e+00
-2.885202998599942337e+00
-1.032804379344983037e+00
7.153272055310491595e+00
-3.372813409949375618e-01
-9.185896248335305714e+00
9.052358721183564327e+00
-5.968233983501587403e+00
5.699179399331187668e+00
1.634411677739331381e-01
-1.134935808951608216e+01
1.162914956736912941e+01
3.249880901822366219e-01
-3.286163895914372191e+00
-7.816140256151284049e+00
8.783909707112904641e+00
1.000913994203270185e+01
-2.167611489273063441e+01
7.621568073230127638e+00
9.744217875783597549e+00
-6.069930529530281227e+00
-4.707718618435466240e+00
-6.118402438197383386e-01
1.307819029654296727e+01
-1.124613517211852098e+01
-8.145655806962803780e-01
6.184196995283309128e+00
-5.932026255773066303e+00
8.693459322549717427e+00
-8.421996075008550520e+00
-6.325419591652510221e-01
6.063061576980596001e+00
5.404151664881795547e-02
-1.875488862786339972e+00
-1.085553040162631788e+01
1.783896438537673390e+01
-1.878511346690552974e+00
-1.650842186045785809e+01
1.138235830029658935e+01
4.037979934909646573e+00
-1.713334252693936133e+00
-1.165847174661243812e+01
8.868142482351998979e+00
8.603843899242143323e+00
-1.547895790968463459e+01
7.013527456418839456e+00
-7.767410574714479488e-01
1.270125365179890053e+00
2.093005225323347762e+00
-7.797942918637700949e+00
5.807672393183593407e+00
-1.682641104994756276e+00
5.993520214476110830e+00
-8.541425304396907947e+00
-4.643996522993497855e+00
1.906399675631592316e+01
-1.176608562541260383e+01
-6.377594219808957909e+00
6.733899180662272776e+00
6.831361769485029711e+00
-5.143889123768923710e+00
-1.311702585022007206e+01
1.861817670337638120e+01
-2.785637646738161166e+00
-9.905249243829729267e+00
6.213745059143843008e+00
-1.565265527720709926e+00
5.776536006633826936e+00
-7.524266089227054088e+00
1.460586390419488900e+00
2.127405313760526440e+00
-1.837710041445624221e+00
7.776743081673001434e+00
-1.492843185788168192e+01
6.830982484999330140e+00
1.015126259799979991e+01
-1.145935750638055595e+01
-2.113067814114168996e+00
3.359612251087506607e+00
1.199045788083156339e+01
-1.529985019939507218e+01
-4.120091333380377918e+00
1.876965918884279816e+01
-1.000710212888727391e+01
-2.864125519650815299e+00
2.937140980944152879e-01
5.779276386563907408e+00
2.616042367476507646e-01
-9.309677692565816898e+00
8.904083163250625432e+00
-5.387323221307768861e+00
4.957666492645310008e+00
6.776897957412097995e-01
-1.193212974923567060e+01
1.245007651533697768e+01
2.288862409760971106e-01
-4.672684015696836113e+00
-6.100005848238450490e+00
8.406976089513943151e+00
9.403729233604225968e+00
-2.167356025708489753e+01
8.154855685265980370e+00
1.026416459752519295e+01
-7.835476863289234650e+00
-3.450540707038814769e+00
-3.256203640439958580e-01
1.215214299798481079e+01
-1.065041564402004326e+01
-1.315213466924008756e+00
6.903587195367599350e+00
0.000000000000000000e+00
6.007879325536081616e+00
-4.038228797910075052e+00
-5.802051968798844772e-01
-2.927644316881536923e-01
3.336687780465987352e+00
-1.260187739330786316e+00
-3.585572268355856629e+00
4.443915467207692593e+00
-2.177603430067209800e+00
1.378614744035177253e+00
-7.893160636723475232e-01
-2.281105497053487419e+00
4.266504005352118156e+00
-1.859378197029228019e+00
-2.982541187782530301e-01
-1.893482936677161277e+00
2.975675350326758561e+00
2.232485870668939221e+00
-7.273837231881303822e+00
4.146214641036161552e+00
2.241685943095502509e+00
-2.331048088150951880e+00
-1.540999224858706551e+00
3.374512607373625350e-01
4.877839026936217515e+00
-5.310055089091161307e+00
2.921472829626350354e-01
2.748950564123664453e+00
-1.975130463505697875e+00
2.080977231696696350e+00
-3.343178964034168033e+00
1.812258578020257804e+00
1.171773246552904713e+00
-1.139928817698669494e+00
1.641373919843576168e-01
-2.956969795499521325e+00
5.910641686017750196e+00
-2.253444496225760485e+00
-4.368203072254468466e+00
4.601952196193852984e+00
2.639145896121928292e-01
-5.871301122925451921e-01
-4.037923581089570391e+00
4.120978811577188594e+00
2.289884374233639885e+00
-6.109461501153328200e+00
3.189921286115650290e+00
-3.840854423710116095e-02
6.879550140760928301e-01
-7.490863972287828965e-01
-2.063895453234023680e+00
3.455574045237757908e+00
-1.960008826348962563e+00
1.601603701110918987e+00
-2.404231054943174684e+00
-4.237026686700731126e-01
5.447205015517873505e+00
-5.138361145968127985e+00
-3.415801173052943618e-01
2.089650649201710397e+00
1.689066396754184352e+00
-2.098506927693254642e+00
-3.929775547913273215e+00
7.210764658400195870e+00
-2.284675210953373448e+00
-3.250436773872959151e+00
2.462660315954455559e+00
-4.398253468638513297e-02
1.755739411972433217e+00
-3.977884435051602718e+00
1.992624275427231195e+00
1.118352445542734497e+00
-1.658938574066760374e+00
2.228764075783181475e+00
-4.341254917881247621e+00
3.487643780084578982e+00
1.499227919259787489e+00
-3.862387221937012338e+00
7.368185078534418286e-01
6.964049607238187445e-01
3.552546178570067159e+00
-5.737970288471984759e+00
-1.557637014441748402e-02
6.228158935297858356e+00
-4.475082219119181914e+00
-4.857367778025225569e-01
1.673756753679563336e-01
2.787909204910547167e+00
-1.016300394325879264e+00
-3.650604387041227916e+00
4.494165574397964491e+00
-2.082948939759843743e+00
1.075368814453577126e+00
-4.629396027039280881e-01
-2.539341528847279594e+00
4.513716904668524599e+00
-1.933337098471092919e+00
-6.605381830780825414e-01
-1.300065976904357434e+00
2.689479285638715744e+00
2.145771304960784498e+00
-7.268462780669463719e+00
4.316031985262793746e+00
2.384828782076885645e+00
-2.958377734860559105e+00
-9.967641348022073799e-01
3.500022625062737536e-01
4.568280706284514991e+00
-5.119874325334728304e+00
1.439871203425977519e-01
3.071958255484636524e+00
-2.311675204272604311e+00
2.162426060842823183e+00
-3.195057632824356730e+00
1.541225277560323681e+00
1.593618049381333446e+00
-1.580353553658252252e+00
2.660397406884427163e-01
-2.675909746998181404e+00
5.656038423200191900e+00
-2.198849504688683787e+00
-4.582405217596168256e+00
5.122555771404402769e+00
-3.823270588840399498e-02
-9.286068473648649846e-01
-3.436220995605140605e+00
3.845221055995640569e+00
2.305546867002158162e+00
-6.250163596791661114e+00
3.373304106630245602e+00
1.094427706431644332e-01
2.294899841671449447e-01
-3.314634882786533510e-01
-2.291947075836412218e+00
3.531060950626424333e+00
-1.801614683501307157e+00
1.195360200648166060e+00
-2.042078469623300307e+00
-5.353978058419173180e-01
5.528456798862865895e+00
-5.347888690783797472e+00
-3.607379785994714316e-01
2.636606315534078426e+00
1.039189333015401173e+00
-1.958296708100246253e+00
-3.667267580675175331e+00
7.080469816132175964e+00
-2.303971166547067018e+00
-3.509701248415639352e+00
3.001607765671762351e+00
-3.619634959092481452e-01
1.622536270461989893e+00
-3.651404950222313595e+00
1.678726397825636596e+00
1.445424658436139875e+00
-1.913058033737349728e+00
2.235221501803775990e+00
-4.186817761737978927e+00
3.359119799667236173e+00
1.728809351106419090e+00
-4.358772466670072454e+00
1.160522777227803060e+00
8.335325468755274692e-01
3.022386326841703053e+00
-5.422424667559601730e+00
-2.837233347279910500e-02
6.395314768495701685e+00
-4.859375533725014407e+00
-4.133440308094828985e-01
6.390209798569227440e-01
2.222504367471604070e+00
-7.721495243563519795e-01
-3.680846420387790197e+00
4.492035920337506205e+00
-1.946633911899512182e+00
7.528149490110089825e-01
-1.437866231378945869e-01
-2.762890118245661775e+00
4.716491652065384343e+00
-1.977970630028277554e+00
-1.038268713815246880e+00
-6.886903563267492423e-01
2.395906530170002213e+00
2.023376494770317446e+00
-7.194180380264844743e+00
4.439266053962935388e+00
2.524754971709366025e+00
-3.564392502160665721e+00
-4.628629014771461492e-01
3.805152663980375660e-01
4.212250543729314955e+00
-4.880138389285045619e+00
-1.726642249008691898e-02
3.369187531615385645e+00
-2.607488398379585348e+00
2.202847731667670672e+00
-3.012874503344531441e+00
1.255260242753760247e+00
2.008670893815801328e+00
