-2.235726844405103164e-01
6.593386808471068949e-01
-9.149572839273401037e-01
9.297619913069822273e-01
-7.022034963225163295e-01
2.901653021128978160e-01
2.031921546904386089e-01
-6.546129546452027492e-01
9.508241831869346239e-01
-1.016191364580358636e+00
8.312201615561908286e-01
-4.374006321455778945e-01
-7.278694075204752978e-02
5.782755538285550001e-01
-9.587761052460908040e-01
1.123961278178996048e+00
-1.035370720796411792e+00
7.157102907054048169e-01
-2.432848894815102803e-01
-2.670789377833644451e-01
6.919778379830816561e-01
-9.294441392528042245e-01
9.237236534925009623e-01
-6.787905763702083428e-01
2.573120763291210644e-01
2.346841881479875269e-01
-6.737073389177054006e-01
9.489620692230700261e-01
-9.894283018456379031e-01
7.812696897517068528e-01
-3.713314693213490281e-01
-1.441277173227842046e-01
6.427330498392621605e-01
-1.005656190466335254e+00
1.146430879742526221e+00
-1.031914672711691239e+00
6.903002689220048005e-01
-2.042299407735428951e-01
-3.093099503562298791e-01
7.274219886731553286e-01
-9.511409162307147280e-01
9.294276333074542595e-01
-6.714787420762731163e-01
2.443601620012154363e-01
2.434551734764703601e-01
-6.686353057856559978e-01
9.231583194992424302e-01
-9.407565284651731030e-01
7.131959312984316179e-01
-2.924242286699123561e-01
-2.219408377278209721e-01
7.067438419511179459e-01
-1.045177673430709220e+00
1.155155294353763296e+00
-1.009266630372041673e+00
6.414660177973191546e-01
-1.388627237272201387e-01
-3.793898862184756915e-01
7.909733514764061280e-01
-1.000029266837018982e+00
9.603279723099223952e-01
-6.863497477177520345e-01
2.495888166600306879e-01
2.390140634916584350e-01
-6.562298148369793971e-01
8.966763271332589547e-01
-8.985933141505959565e-01
6.589808596487647385e-01
-2.344144866476868261e-01
-2.726644826040077185e-01
7.388495115495636867e-01
-1.049802653422803322e+00
1.128113702731983858e+00
-9.522046984096963484e-01
5.616773008884233809e-01
-4.779798992016116854e-02
-4.685688490807786155e-01
8.662165782834990724e-01
-1.052928676935635188e+00
9.877572361135196211e-01
-6.908330248590810463e-01
2.383257261456712683e-01
2.562147192257970829e-01
-6.695920294159375397e-01
8.990220059338874803e-01
-8.872001037751802155e-01
6.362780140420518649e-01
-2.073484906970438635e-01
-2.944356271897755617e-01
7.454862410331265510e-01
-1.033912009659230025e+00
1.086823674370911430e+00
-8.881660224076356469e-01
4.827342869479706589e-01
3.460615869973918124e-02
-5.418780371801720230e-01
9.195466340601144983e-01
-1.079483746682939671e+00
9.862977107108124031e-01
-6.658429867187661833e-01
1.988414698910213052e-01
2.988305751466719951e-01
-7.043923839463270831e-01
9.180713468205633498e-01
-8.874003725610932758e-01
6.199885144986629903e-01
-1.816582242516006640e-01
-3.195968071997998816e-01
7.599291605558894380e-01
-1.029826273450707985e+00
1.060823774485025295e+00
-8.422425532963794259e-01
4.238755611616906172e-01
9.603144479032314773e-02
-5.945832094105862886e-01
9.540334310574279941e-01
-1.090330934238088911e+00
9.734708623821339835e-01
-6.347020048415509264e-01
1.588391885710203622e-01
3.364465379869263084e-01
-7.293190837338415777e-01
9.234673683846379433e-01
-8.715689928345978776e-01
5.868174414921256687e-01
-1.397072142735188982e-01
-3.591415700462191607e-01
7.859404932659997955e-01
-1.033912990060033010e+00
1.039353515633732794e+00
-7.972238812676719633e-01
3.624898282263286364e-01
1.631303619993511311e-01
-6.557847814888728699e-01
9.994886763287588183e-01
-1.114212379188493918e+00
9.752272467026418257e-01
-6.190073569454673796e-01
1.342554833962264493e-01
3.597592834798187256e-01
-7.422783938162713646e-01
9.204680716178748057e-01
-8.520125593163938582e-01
5.553884608222487973e-01
-1.053204210195579082e-01
-3.854752449195930630e-01
7.938152152954193186e-01
-1.016142405283712691e+00
9.938622158890069169e-01
-7.277527614586033478e-01
2.779376605635327513e-01
2.505778992768720181e-01
-7.332949308702864100e-01
1.056361601800659189e+00
-1.144140007920857904e+00
9.774971518998520903e-01
-5.983745097528162527e-01
9.952796545722185362e-02
3.980632433353973321e-01
-7.746210831804083430e-01
9.406680318290677745e-01
-8.587228079675829351e-01
5.523167000715143438e-01
-1.001406548488192882e-01
-3.832481023183241242e-01
7.754603357012485043e-01
-9.762231806942630596e-01
9.319498376658735816e-01
-6.489463187750366124e-01
1.920357367087522638e-01
3.310710792348671716e-01
-7.958613132288416825e-01
1.091220036597505771e+00
-1.146400006788388382e+00
9.482018500302507036e-01
-5.441855987102941494e-01
3.113179002858765254e-02
4.684421859758514106e-01
-8.359998389052422096e-01
9.857110553306700496e-01
-8.852011661092868966e-01
5.632807101200921762e-01
-1.027809283590543771e-01
-3.797561143088298841e-01
7.625857500140587053e-01
-9.485259185837304763e-01
8.887326901094406706e-01
-5.946973500551677727e-01
1.355427388743861705e-01
3.787259374797347089e-01
-8.239424373051916772e-01
1.091972409792206777e+00
-1.117031793383353566e+00
8.917263147931749900e-01
-4.689077158155890990e-01
-5.110763296801834610e-02
5.448513627047033570e-01
-8.956355151745230003e-01
1.021826241355777265e+00
-8.965839447102351700e-01
0.000000000000000000e+00
4.717557002996564108e+00
-8.671663247298701194e+00
1.126681350916278568e+01
-1.220341840636300645e+01
1.153550353234739845e+01
-9.644847657288195819e+00
7.138470728619316752e+00
-4.694869576837567671e+00
2.896684022478908993e+00
-2.090579668610000219e+00
2.308311649955972378e+00
-3.267856528888163581e+00
4.453845818905510789e+00
-5.257095110617617806e+00
5.138534611307099098e+00
-3.776840595472361173e+00
1.163007425803890271e+00
2.381971320736437914e+00
-6.271373660501500247e+00
9.783991767614852009e+00
-1.223093619006638377e+01
1.311777821406162836e+01
-1.226276350020601846e+01
9.842334048115978007e+00
-6.352701466982213496e+00
2.496473204913290722e+00
9.785750663119929804e-01
-3.449957354068080573e+00
4.559372380603323727e+00
-4.286958049192940656e+00
2.943549757830143498e+00
-1.083491757977696368e+00
-6.402011633916022681e-01
1.642620563026290004e+00
-1.554767114406542028e+00
3.162344523282669684e-01
1.809802653660500749e+00
-4.302814669499611000e+00
6.515975179784842197e+00
-7.839771570830623482e+00
7.857874573486979486e+00
-6.456793193893880733e+00
3.862057982047947480e+00
-5.915600577833223239e-01
-2.663126589857320425e+00
5.199014213304654852e+00
-6.468427705708613473e+00
6.209846572934507591e+00
-4.511116148589541908e+00
1.789597505998344884e+00
1.306099077146518184e+00
-4.049193096127156721e+00
5.805783529131748111e+00
-6.182725859009535974e+00
5.116869454287410690e+00
-2.884459537259349560e+00
2.890147351545402366e-02
2.775115523719959842e+00
-4.887746149431388076e+00
5.859733492116529163e+00
-5.539791995305975547e+00
4.107554708065825011e+00
-2.024257375215295252e+00
-8.652673102068142441e-02
1.598659852960182093e+00
-2.044339855744549350e+00
1.236419137023842652e+00
6.781978852485175402e-01
-3.247632796542363032e+00
5.820020979264050709e+00
-7.699287570698460037e+00
8.314117309158438829e+00
-7.359175535932854118e+00
4.874235965443867613e+00
-1.241819546011280417e+00
-2.896379762002446512e+00
6.784388850667233406e+00
-9.723476015882031476e+00
1.122921695880016024e+01
-1.113659628377216748e+01
9.628292574187012676e+00
-7.179958561998806665e+00
4.436436653273639230e+00
-2.049549879204750624e+00
5.173213961559657292e-01
-6.396755681857513309e-02
5.899125590975238254e-01
-1.703852984939909776e+00
2.828757832095154079e+00
-3.355534678288657702e+00
2.806351916418857062e+00
-9.671453402213829875e-01
-2.043739684208827789e+00
5.788313010732909270e+00
-9.600834846774189302e+00
1.273725457465403998e+01
-1.454650642835139251e+01
1.462252039829771455e+01
-1.290033156399684522e+01
9.673083450985846099e+00
-5.525767839726539954e+00
1.201601420372141682e+00
2.566860440632861007e+00
-5.221361877631439441e+00
6.497241339195846344e+00
-6.470177717192497013e+00
5.519891804383772360e+00
-4.220523992753905773e+00
3.185214241371735255e+00
-2.903473651729469474e+00
3.611571157002621213e+00
-5.227972791532781827e+00
7.369864736156107377e+00
-9.446868807487923902e+00
1.080907788562762306e+01
-1.091312778374820169e+01
9.465454532256298847e+00
-6.507282757194699840e+00
2.419946852481730026e+00
2.151551606284027862e+00
-6.438991350492804244e+00
9.722045085100887718e+00
-1.148920775859309629e+01
1.155007326760859954e+01
-1.007220234424407579e+01
7.534015574590566366e+00
-4.605402091366270767e+00
1.985138010240056872e+00
-2.345351786297440455e-01
-3.525120935521632859e-01
-1.880805191465331205e-01
1.510360584355681324e+00
-3.054806199542450251e+00
4.197309437461951731e+00
-4.413714943810873592e+00
3.419202343549426093e+00
-1.247993187914767876e+00
-1.746513740104751022e+00
4.971585278790502826e+00
-7.735775011907858989e+00
9.416178784611620500e+00
-9.611544334331407313e+00
8.243749765204533730e+00
-5.582598832664320554e+00
2.187434811865481166e+00
1.220759292451859324e+00
-3.926230845304273576e+00
5.384273617701718528e+00
-5.346186265024373441e+00
3.913441596424406033e+00
-1.508260799161958543e+00
-1.231993612797285920e+00
3.610790577178289773e+00
-5.040838040809406451e+00
5.184104163305740087e+00
-4.029660708365249810e+00
1.890788663670394776e+00
6.774927982741778543e-01
-3.019905172823080353e+00
4.546458797213179359e+00
-4.881297196228397084e+00
3.958183008389805302e+00
-2.039037259509770994e+00
-3.492263366194093832e-01
2.544324947011200599e+00
-3.913135205784859405e+00
4.010943630595148690e+00
-2.696389250780483415e+00
1.737340282983583784e-01
3.048313825490368778e+00
-6.271758013216596872e+00
8.771016693835996136e+00
-9.962399888114649826e+00
9.540655832298796213e+00
-7.549813145212491250e+00
4.371421790469143254e+00
-6.332587380090977103e-01
-2.939235325485132666e+00
5.692746585548154492e+00
-7.196056326991451257e+00
7.334105470848660602e+00
-6.323801115289548136e+00
4.648348907642414929e+00
-2.926781736662912081e+00
1.751147613701098393e+00
-1.531673182414070133e+00
2.388223333589347241e+00
-4.115019875660586024e+00
6.227630961072550875e+00
-8.081072058361973731e+00
9.030384435288429046e+00
-8.594539374887595784e+00
6.583524722547926977e+00
-3.157256335933843694e+00
-1.198607265832479118e+00
5.774773315488057612e+00
-9.794299343843540839e+00
1.258534254938251173e+01
-1.372948269021263457e+01
6.825103748727389119e-01
-1.026268815425167569e+00
1.144039091125030216e+00
-1.006398512316008631e+00
6.452801804920285100e-01
-1.462424266623297830e-01
-3.722813371386910486e-01
7.877055603749588686e-01
-1.003002786085799736e+00
9.701764272228659003e-01
-7.017897342045883446e-01
2.677511683211821758e-01
2.218560496443761909e-01
-6.437167663714766785e-01
8.914380153184017219e-01
-9.015722328026813948e-01
6.691728239574148418e-01
-2.490927089319710241e-01
-2.572940009845111620e-01
7.267195350275368337e-01
-1.044009166756655782e+00
1.130131939170009758e+00
-9.614899833843832955e-01
5.757513377242250430e-01
-6.280387489026117986e-02
-4.569731679266289537e-01
8.618388979664596272e-01
-1.058140561435906291e+00
1.002924842382134418e+00
-7.142160427798188715e-01
2.664670244382998932e-01
2.277041605963398829e-01
-6.450429964312616171e-01
8.817502338772800208e-01
-8.788117089663011194e-01
6.364010266213200318e-01
-2.138496398311114377e-01
-2.848084898626184192e-01
7.361995723164301841e-01
-1.027707036270471885e+00
1.084977045705608489e+00
-8.901361731315076131e-01
4.862838767002381490e-01
3.283880864817629447e-02
-5.454966767628058877e-01
9.314197531873981140e-01
-1.100913071964608525e+00
1.016539847977862454e+00
-7.021073117516953843e-01
2.367729011088265945e-01
2.642922469439324962e-01
-6.779759933978740660e-01
9.032031128776629725e-01
-8.855249320629363652e-01
6.303390946308304876e-01
-2.015249656767090225e-01
-2.941707464597989596e-01
7.331960455392952936e-01
-1.005358932496626556e+00
1.040752863719926591e+00
-8.268874072378286089e-01
4.118521507269346515e-01
1.072598988584711754e-01
-6.078566206299833574e-01
9.715636594030165885e-01
-1.112926803398928577e+00
1.000119093373658341e+00
-6.626165599588897948e-01
1.839763993018259658e-01
3.185246433088740337e-01
-7.224375804850383664e-01
9.299290139083135065e-01
-8.915629317901665463e-01
6.182915198707450433e-01
-1.787390327347466445e-01
-3.175588445920319303e-01
7.468805459186665940e-01
-1.001504904618043090e+00
1.016011876031796879e+00
-7.832966470488766930e-01
3.563986838238930588e-01
1.643016295528264004e-01
-6.554061464109165458e-01
1.000426588033685338e+00
-1.118037764624917774e+00
9.817848166610210203e-01
-6.264519971077052718e-01
1.395455415384210252e-01
3.600353699673649599e-01
-7.509487560990234511e-01
9.389364433076614613e-01
-8.797426569539127383e-01
5.898482794837704990e-01
-1.424093748048520791e-01
-3.506111222376548375e-01
7.657699181516278708e-01
-9.982776995774156337e-01
9.876071990124148936e-01
-7.323415542107055698e-01
2.906468254133824369e-01
2.337502851857172215e-01
-7.166722254123728542e-01
1.043583201666365756e+00
-1.137347583031610876e+00
9.769047781448971790e-01
-6.023208630220393545e-01
1.049911613877800021e-01
3.946200235159834646e-01
-7.762850152383951041e-01
9.492330474122236961e-01
-8.741763391750321244e-01
5.727844433679594172e-01
-1.223041613702847974e-01
-3.633626860347620724e-01
7.615157188423102852e-01
-9.706643748055511223e-01
9.353817675844526836e-01
-6.599512955024035010e-01
2.074798038094821107e-01
3.153128740280250475e-01
-7.839329531040897248e-01
1.086298801466201613e+00
-1.149934178081623459e+00
9.595558296001216458e-01
-5.607785378384285702e-01
4.903702559560427915e-02
4.535804960877066749e-01
-8.279526031253079399e-01
9.867952617660907810e-01
-8.957627694585706957e-01
5.816503142965856465e-01
-1.257082960841573727e-01
-3.562986975590498040e-01
7.424301468519189928e-01
-9.344039755282528281e-01
8.816622079510642029e-01
-5.938070944019350206e-01
1.383770531015165450e-01
3.755005216178168848e-01
-8.236053409135040138e-01
1.096824560501325818e+00
-1.127710248264645720e+00
9.069318734123501535e-01
-4.856189825443272268e-01
-3.697904103236492046e-02
5.375179268911114416e-01
-8.984279208584816656e-01
1.036366031362853102e+00
-9.223346343132884373e-01
5.885775853192675156e-01
-1.205818184804741816e-01
-3.638641867130564811e-01
7.434552474707543102e-01
-9.229902949248321997e-01
8.566193032690808673e-01
-5.590581535057417284e-01
1.020415955072345726e-01
4.031230251989171842e-01
-8.326560237717618440e-01
1.080464697853565692e+00
-1.084021745542323112e+00
8.396636655449156716e-01
-4.035835712211053861e-01
-1.217270334516298014e-01
6.122929725776816712e-01
-9.526934609338643112e-01
1.064019440288051399e+00
-9.229521123770745294e-01
5.673244119226765747e-01
-8.681536086048285972e-02
-3.989561570427521131e-01
7.696065391016244650e-01
-9.333319198106354575e-01
8.492816847653636980e-01
-5.375172999527710882e-01
7.413362427148058320e-02
4.272698007501548600e-01
-8.432586275460454139e-01
1.070641562277809156e+00
-1.051636899797447455e+00
7.880031001005330937e-01
-3.406935824626710074e-01
-1.848823476548773215e-01
6.644086827797639483e-01
-9.848082941429848747e-01
1.071652977169976317e+00
-9.071716114080654592e-01
5.344775307210282156e-01
-4.698898282838445684e-02
-4.343810430538780354e-01
7.907137781082428374e-01
-9.340758027052108448e-01
8.289570308466589488e-01
-5.009381342072155574e-01
3.047732270543060396e-02
4.666728274022823308e-01
-8.676545096659449285e-01
1.072441496139719508e+00
-1.028239561443200056e+00
7.424128393405905468e-01
1.315032376681151405e+01
-1.112152031766709648e+01
8.192849803288643429e+00
-5.052731576950897363e+00
2.360871607307728937e+00
-5.917829704807706648e-01
-7.291455439405147843e-02
-2.224267245201358989e-01
1.056537565617194696e+00
-1.849802821312543255e+00
2.022705293187291531e+00
-1.154728006534810447e+00
-8.958360964448655039e-01
3.941185278398762204e+00
-7.495557519977982253e+00
1.088204335585912830e+01
-1.338922330047268971e+01
1.443989476629528035e+01
-1.373102012672606165e+01
1.131082913628763009e+01
-7.574101305111014426e+00
3.176375733380403243e+00
1.112601076404263978e+00
-4.581225880421591512e+00
6.733039526363241656e+00
-7.391013338918456022e+00
6.724585829941380766e+00
-5.193668595953573330e+00
3.423959051847270896e+00
-2.044491384288022573e+00
1.527395649749352380e+00
-2.069127855764784307e+00
3.542162846717222369e+00
-5.528815936074059856e+00
7.428703903185214230e+00
-8.613284378389906237e+00
8.589329824360437016e+00
-7.130923023929590876e+00
4.347162027051801658e+00
-6.683870786904353434e-01
-3.246411099206165662e+00
6.659103997376810469e+00
-8.923016504923106496e+00
9.633501778156162487e+00
-8.722130750403945143e+00
6.471690181613624304e+00
-3.448292798536872539e+00
3.669194578971364251e-01
2.077224787420803853e+00
-3.370951481177383968e+00
3.299975107629808502e+00
-1.992574155723636053e+00
-1.200188651556604591e-01
2.416311256843207023e+00
-4.242420057536246070e+00
5.076309206746421054e+00
-4.658149591613588214e+00
3.054929537031484621e+00
-6.435774595167351730e-01
-1.983179316386105562e+00
4.165070538641135300e+00
-5.340229322161371250e+00
5.188015148247504982e+00
-3.713470333057870221e+00
1.252344825880216117e+00
1.605038042353192251e+00
-4.153010353343691285e+00
5.739390551060907342e+00
-5.923118615939972464e+00
4.582498183680110415e+00
-1.947730165104148536e+00
-1.450296832737312691e+00
4.902753152439608186e+00
-7.687660699325729041e+00
9.237108896255438850e+00
-9.266751703937289975e+00
7.836657222024422609e+00
-5.329284052552186957e+00
2.350485730756892711e+00
4.218992419193021703e-01
-2.404664228153913896e+00
3.250278937449859296e+00
-2.927950734499792595e+00
1.725042530141572383e+00
-1.687218426784059533e-01
-1.112727446589779401e+00
1.554687252504120210e+00
-8.063830082591278980e-01
-1.170762185009400547e+00
4.081244180736867122e+00
-7.356103498361550308e+00
1.028197944372354300e+01
-1.216777944622924146e+01
1.250887936652248911e+01
-1.110922265504501283e+01
8.131759425870804137e+00
-4.064919197132106810e+00
-3.869442413324606367e-01
4.462875816264377349e+00
-7.516199210454739266e+00
9.156061667697871442e+00
-9.325983885979628241e+00
8.301136615200913837e+00
-6.605849817568575588e+00
4.872232904712318735e+00
-3.675033737593338401e+00
3.383526822950732260e+00
-4.066925799219243132e+00
5.476614881817720715e+00
-7.109609484529112677e+00
8.337692663158007278e+00
-8.570499186784640955e+00
7.412378790184318333e+00
-4.774227774446936579e+00
9.123117637076982867e-01
3.616217027307835341e+00
-8.071174331063090790e+00
1.169277628188889651e+01
-1.387171163305734467e+01
1.428520163243282681e+01
-1.296653419732672674e+01
1.029157778125669509e+01
-6.885790864307214321e+00
3.474387049136604677e+00
-7.119464024093460353e-01
-9.674246145134794972e-01
1.443450116008903272e+00
-9.245053256286406285e-01
-1.189425963639541006e-01
1.085256603972061917e+00
-1.404222427412868957e+00
6.909428957244090341e-01
1.147147388117055300e+00
-3.876813071580231362e+00
6.987726098770291827e+00
-9.811823877198365906e+00
1.168442276895907206e+01
-1.210785015957687527e+01
1.087756868145299549e+01
-8.139730592017576427e+00
4.365646502730281320e+00
-2.487621813034586182e-01
-3.451477276796991234e+00
6.081602340544420393e+00
-7.240792819710515360e+00
6.867213709328780169e+00
-5.243568525530132973e+00
2.920962249872307126e+00
-5.799013869101754537e-01
-1.137600209985681232e+00
1.783968695744742483e+00
-1.212288750360062561e+00
-3.927514845406792077e-01
2.566303474429755038e+00
-4.684170987921883800e+00
6.123041711996261682e+00
-6.420577471890430488e+00
5.395854335922928513e+00
-3.200342435578768185e+00
2.865974543313534184e-01
2.698035841439196947e+00
-5.067037180321955603e+00
6.261835682425589411e+00
-5.989701944524521871e+00
4.298645045831182898e+00
-1.570763828436079645e+00
-1.564750517135874652e+00
4.378278544567221431e+00
-6.210935630939167673e+00
6.629102329619319889e+00
-5.525199129435773848e+00
3.140591465281759476e+00
-5.358778511388329058e-03
-3.190230929232659385e+00
5.761216922277163199e+00
-7.190231887451506765e+00
7.247315034736919515e+00
-6.038446327315591944e+00
3.971442212954093165e+00
-1.648036575802402925e+00
-2.910246988681111091e-01
1.329605035531126411e+00
-1.208149406718440844e+00
-8.595535999694092766e-03
1.944989725732580554e+00
-4.006052386625214901e+00
5.525020237531242273e+00
-5.930991006578375746e+00
4.895686559078814781e+00
-2.423297131042368768e+00
-1.138921486749599588e+00
5.172459637284047673e+00
-8.924969719891336695e+00
1.168056732555156252e+01
-1.292230465337994971e+01
1.244797348460686592e+01
-1.041167543376565163e+01
7.281546853984040446e+00
-3.724283188348079587e+00
4.447516637257757921e-01
0.000000000000000000e+00
4.710747120778031038e-01
-8.227058874479713513e-01
9.646833100029816865e-01
-8.581445235878402134e-01
5.251837631952732677e-01
-4.361179937436829301e-02
-4.718634216242688084e-01
8.974607551374815806e-01
-1.130387977818150702e+00
1.113829826171212067e+00
-8.507829515113021213e-01
4.033709980194397637e-01
1.221956054408412928e-01
-6.013591072493290612e-01
9.213950212067696377e-01
-1.008696003815123809e+00
8.465265180077587992e-01
-4.789345360705400956e-01
-1.254388704361800166e-04
4.698058767662530166e-01
-8.119116994827866307e-01
9.397845520618475224e-01
-8.194942900482822257e-01
4.781785960872996788e-01
2.500596434873159080e-03
-5.061931681830784679e-01
9.101636382169370210e-01
-1.115174104151095413e+00
1.069675297671456082e+00
-7.824177449936697837e-01
3.204116677562233728e-01
2.072716945675443512e-01
-6.759203169489840235e-01
9.753994995536305890e-01
-1.036820212362687288e+00
8.491735522972564398e-01
-4.618881320565361159e-01
-2.730826952457141021e-02
4.962665270101860870e-01
-8.282215608753586977e-01
9.402718221664232434e-01
-8.036025543693575690e-01
4.505317863904014786e-01
3.333548142907119538e-02
-5.299358311802785382e-01
9.174905671194680812e-01
-1.100169314722147185e+00
1.031455676123747667e+00
-7.255285230167712873e-01
2.538880247787381195e-01
2.719547770338646142e-01
-7.275154923034165000e-01
1.005525182046301591e+00
-1.041927978710784242e+00
8.313647937392327769e-01
-4.283783660780434710e-01
-6.595118772829265674e-02
5.286865202463062463e-01
-8.450221172804415204e-01
9.362839766973323208e-01
-7.791257581389858800e-01
4.112493145019789353e-01
7.774367828572487094e-02
-5.681444322449685780e-01
9.392728561595219405e-01
-1.098868242246911819e+00
1.005584106374767250e+00
-6.791136425626602691e-01
1.954810903843570979e-01
3.313572122249444640e-01
-7.771281100298682576e-01
1.037357520542945277e+00
-1.052663307190671693e+00
8.230753250659748055e-01
-4.079027522764502867e-01
-8.881474927808351294e-02
5.437281094223020972e-01
-8.442832198967158419e-01
9.161805560781133284e-01
-7.415059474941040341e-01
3.631186999749400623e-01
1.257724280243940895e-01
-6.043102745413597710e-01
9.534443090959133782e-01
-1.084972376356801549e+00
9.631013913228781975e-01
-6.132783376571916412e-01
1.161390825847729430e-01
4.119575015655821959e-01
-8.470795110472226774e-01
1.087713107182343597e+00
-1.079304027859489645e+00
8.273846259896828759e-01
-3.960983511397911383e-01
-1.075141976108871661e-01
5.596401190690442062e-01
-8.498704412196136371e-01
9.080836289042927278e-01
-7.214945684637636969e-01
3.377211903721034081e-01
1.468759877832633010e-01
-6.107418499415186997e-01
9.368293305923789394e-01
-1.041225452640476501e+00
8.937306019690369752e-01
-5.253780322956612681e-01
2.105762833219032570e-02
5.009680629242846406e-01
-9.176782867052226678e-01
1.131083217476745562e+00
-1.091945489680355097e+00
8.116671506482945331e-01
-3.594532862475012247e-01
-1.545555133479014076e-01
6.060772360443218432e-01
-8.868906711059723058e-01
9.310994292756378243e-01
-7.310707188297964620e-01
3.391749392389067363e-01
1.450924089832156816e-01
-5.994679501543668243e-01
9.088250186333050040e-01
-9.933440093382700509e-01
8.280888968302710929e-01
-4.492214586522197961e-01
-5.466377533137189298e-02
5.639800843205948766e-01
-9.571518114257399068e-01
1.140126585341536103e+00
-1.069217944422560018e+00
7.617214488922816606e-01
-2.917210085777719453e-01
-2.278956454726314695e-01
6.728390191641130391e-01
-9.375736013139784886e-01
9.608940713375255793e-01
-7.407033342418888333e-01
3.344011356512133215e-01
1.552070357396468925e-01
-6.050482841323954197e-01
9.018478842054471478e-01
-9.698036656478693507e-01
7.891329674802950445e-01
-4.009770868978688174e-01
-1.025321494144743190e-01
6.006285107474051976e-01
-9.732520533525764739e-01
1.130236385611857131e+00
-1.033241329681409582e+00
7.050943444462597354e-01
-2.242670494245286028e-01
-2.941706063613513389e-01
7.264863568071169286e-01
-9.703169368738773226e-01
9.694902364874504741e-01
-7.276013214138280505e-01
3.070415792617072204e-01
1.862805024755355976e-01
-6.288072251963333636e-01
9.094923478175582776e-01
-9.569142430641921493e-01
7.567427247346822927e-01
-3.553076921199073701e-01
-1.516008105127164274e-01
6.419782640489045678e-01
-9.972433699541447538e-01
1.131058680148134821e+00
-1.010323558945748879e+00
6.632329442504436567e-01
-1.724417759877260314e-01
-3.450018070894113054e-01
7.660728411261094051e-01
-9.916229797692334147e-01
9.704094588442968572e-01
-7.114556865658285822e-01
2.817389775758409320e-01
2.102287123135536673e-01
-6.409286028882780206e-01
9.020133241175420924e-01
-9.267891061392723451e-01
7.065546359467111959e-01
-2.928172180856303819e-01
-2.151568709075635244e-01
6.944323877874974960e-01
-1.028277398683677069e+00
1.134552191730491044e+00
-9.857092152258976059e-01
6.155384603703448754e-01
-1.110164517108521015e-01
-4.087598132984534560e-01
8.214314789846306475e-01
-1.031011554276410003e+00
9.910885422174592341e-01
-7.159598537811782126e-01
2.769919869566548343e-01
2.149010295305294194e-01
-6.363920412982363439e-01
8.818805889760782390e-01
-8.892999592951363885e-01
1.980271800050371844e+00
-3.233960572839174485e+00
3.325158883908442498e+00
-2.572489722002623047e+00
1.511366467143822057e+00
-7.472882900843762499e-01
7.919345021897647996e-01
-1.922780824899540164e+00
4.101215456096981349e+00
-6.969833299727477893e+00
9.930214970681699782e+00
-1.228277172493248059e+01
1.339496490260955852e+01
-1.285711365828785446e+01
1.058782404259079613e+01
-6.863130742831463849e+00
2.261816998173233451e+00
2.460391898915625930e+00
-6.537893478341445075e+00
9.363718795205999257e+00
-1.061937438337398376e+01
1.033531213222464018e+01
-8.868158412128316570e+00
6.800998422627124285e+00
-4.791605207382337639e+00
3.406008294990728658e+00
-2.978180628051968704e+00
3.530071034886858250e+00
-4.771327555359089700e+00
6.178475928986571830e+00
-7.133811746892154027e+00
7.089589077963294628e+00
-5.716821029381025099e+00
3.001679242636317468e+00
7.348000484173695668e-01
-4.899319915061433051e+00
8.756767239288727467e+00
-1.159742326209587837e+01
1.290078702254826837e+01
-1.245652316846785723e+01
1.041330092542755459e+01
-7.243651894293443583e+00
3.633227206601798986e+00
-3.210618619395706475e-01
-2.070769818788223304e+00
3.177256235616631397e+00
-2.966892387266645947e+00
1.736576086171218725e+00
-2.690479753684948960e-02
-1.520854655269376021e+00
2.330739322647257694e+00
-2.040150212521226081e+00
5.936355727651694281e-01
1.740610835155423697e+00
-4.435584649804565238e+00
6.835744828394236805e+00
-8.320768646894055820e+00
8.462561212477945460e+00
-7.136838035547132364e+00
4.561587414783935479e+00
-1.252480564228411142e+00
-2.094488560601301064e+00
4.765103994284642930e+00
-6.194778958191984763e+00
6.101666275380350335e+00
-4.552866769072425157e+00
1.947716857199900620e+00
1.077827335897730610e+00
-3.802628181176444855e+00
5.591084050442254316e+00
-6.041990972638290991e+00
5.079801911008365423e+00
-2.966591028934071339e+00
2.323277514266857136e-01
2.459088922532238097e+00
-4.475018103108478584e+00
5.369963600262650516e+00
-4.994013329918966626e+00
3.527359340214340389e+00
-1.432548695365795322e+00
-6.637313894877929776e-01
2.130258794434391589e+00
-2.493016381796273606e+00
1.559206075842560768e+00
5.271994605522509758e-01
-3.312467564386293528e+00
6.136675132351108175e+00
-8.289154202168159458e+00
9.178423028876386169e+00
-8.475572208740864255e+00
6.196395289738332757e+00
-2.702303293497947845e+00
-1.380337039189147852e+00
5.303109961111736936e+00
-8.366369953826291450e+00
1.007697128675185638e+01
-1.025518241095986660e+01
9.065479657044281936e+00
-6.964452141958167530e+00
4.579192795036687968e+00
-2.546398803805025146e+00
1.351862282270700710e+00
-1.209802680112591844e+00
2.011639172729584146e+00
-3.356729823766956056e+00
4.657477752011503824e+00
-5.292929764983107965e+00
4.773026287179875204e+00
-2.872923915374572701e+00
-2.960219747504959642e-01
4.296694150630503195e+00
-8.456375339853565265e+00
1.201553340981430473e+01
-1.429981043588094636e+01
1.487405321458220442e+01
-1.364145691606539401e+01
1.086408167607998010e+01
-7.099944136871347844e+00
3.071983699423367575e+00
4.994224503683417637e-01
-3.060043621231684163e+00
4.342246839947889292e+00
-4.413718004839707554e+00
3.643411899979681401e+00
-2.593889604997267728e+00
1.867127292486251200e+00
-1.942169701022315564e+00
3.044909787034350224e+00
-5.082343097255639819e+00
7.657807698216231529e+00
-1.016383953093535375e+01
1.193019541689708340e+01
-1.239097363552195397e+01
1.122992005810736771e+01
-8.468134756253682838e+00
4.472252029155731279e+00
1.196075143657987505e-01
-4.536892048764875618e+00
8.047684320028462679e+00
-1.012098884704459678e+01
1.054153813196090184e+01
-9.449877558342585360e+00
7.298542754342203231e+00
-4.735404217646308922e+00
2.442801380877057227e+00
-9.716626534794876591e-01
6.108468193216607389e-01
-1.323201767483758395e+00
2.763454406019139054e+00
-4.373014445323342159e+00
5.527974316457346049e+00
-5.703596109804387915e+00
4.614556806213995443e+00
-2.296152815888761189e+00
-8.939014017378672516e-01
4.354024537040269038e+00
-7.378936168607969748e+00
9.327570109037949919e+00
-9.777956167872391191e+00
8.631307888582108845e+00
-6.139765296253683502e+00
2.850687423768656359e+00
5.194110607527222534e-01
-3.251140152311915443e+00
4.788846097310920591e+00
-4.867589613201935173e+00
3.570134475090474435e+00
-1.300551052360326754e+00
-1.318769120148203244e+00
3.601375616575036798e+00
-4.964642752933844605e+00
5.070443000241558806e+00
-3.904533743124061207e+00
1.775615301576837890e+00
7.653338681795016640e-01
-3.065364051104003451e+00
4.534863898105301772e+00
-4.797136171524320147e+00
3.785351346285482421e+00
-1.762847301006481349e+00
-7.385232669622097124e-01
3.047248710697178620e+00
-4.516991473914539590e+00
4.687282044074150278e+00
-3.400825945618790591e+00
8.486003346415804671e-01
2.468630548919253265e+00
-5.853509470533575509e+00
8.573004900299650899e+00
-1.002848749260386185e+01
9.894162422115394762e+00
-8.190710884041024542e+00
5.276679102915317721e+00
-1.760056026664375883e+00
-1.648234761520996461e+00
4.303221735125008607e+00
-5.776157581193333002e+00
5.949870133734860289e+00
-5.036394656470928766e+00
3.513126438277273778e+00
-1.031689545749111758e+00
7.027653426560214189e-01
-2.239353752828322219e-01
-2.892088172511279587e-01
7.133601440565696672e-01
-9.474613460251218866e-01
9.372381115701657883e-01
-6.883319637711438066e-01
2.648391926045787770e-01
2.263866370332237865e-01
-6.618468187624302335e-01
9.315681113919406231e-01
-9.659877624393833351e-01
7.530078764648238110e-01
-3.410655490392788258e-01
-1.725326282120078214e-01
6.651779277935420120e-01
-1.018699057215150638e+00
1.148042215648857667e+00
-1.021917113344001038e+00
6.703883429208880029e-01
-1.775667591317601213e-01
-3.388203503677360007e-01
7.560102318751906747e-01
-9.759846304359647284e-01
9.492059481464049098e-01
-6.865382023130802702e-01
2.564568448470246342e-01
2.317686212904484511e-01
-6.548220005087890261e-01
9.055042654683156389e-01
-9.189691321943610491e-01
6.886414395413689160e-01
-2.679399352837736337e-01
-2.426195884843941331e-01
7.198071443902482880e-01
-1.047618217705837962e+00
1.145487983521376263e+00
-9.879163450914656419e-01
6.107284754589356046e-01
-1.024457782740242073e-01
-4.171364695837006531e-01
8.259570744966731048e-01
-1.029230150699141033e+00
9.823382591785205786e-01
-7.015140330994482643e-01
2.597180829469880048e-01
2.312774014594086158e-01
-6.482341621080666139e-01
8.865638135457100111e-01
-8.858822853409165088e-01
6.447816052511029516e-01
-2.212223532092751910e-01
-2.815502426586997675e-01
7.401403032382936065e-01
-1.041069431410239998e+00
1.108461372645614063e+00
-9.226043909163226253e-01
5.248710151163936688e-01
-7.793244188864669950e-03
-5.072976338016874642e-01
8.996322900590910665e-01
-1.078228093716994573e+00
1.003872808547731532e+00
-6.985240391303357832e-01
2.398423227146671000e-01
2.578080708101004870e-01
-6.712650987745800713e-01
8.985901169875334382e-01
-8.838990889869002832e-01
6.309623462178955977e-01
-2.022649210264848563e-01
-2.962422789466246931e-01
7.409880701570261685e-01
-1.020932200941074397e+00
1.064682978413402648e+00
-8.579798461070234916e-01
4.472834275580086505e-01
7.140448723087716720e-02
-5.757749347899214776e-01
9.468507546897189098e-01
-1.097822902463007066e+00
9.950713029017176359e-01
-6.662584187337527997e-01
1.935283281313971981e-01
3.065326770875807516e-01
-7.112976331056866108e-01
9.219522823534309630e-01
-8.875372255958315915e-01
6.173300460580217752e-01
-1.785557981661153315e-01
-3.200158945902352170e-01
7.545949035083266976e-01
-1.016560940538943969e+00
1.038973134956699518e+00
-8.129471522110476300e-01
3.899132205810014740e-01
1.307965619166668592e-01
-6.260140303015250263e-01
9.786011638627016840e-01
-1.105852820689304128e+00
9.795281628988258271e-01
-6.326395967135043374e-01
1.513497965793341449e-01
3.460496264895536744e-01
-7.379614782815162588e-01
9.290940928701447721e-01
-8.736546141415031386e-01
5.864806890438156728e-01
-1.394018100387914572e-01
-3.562843707858715514e-01
7.769566938488039476e-01
-1.016830700710618096e+00
1.013794692408705123e+00
-7.646333591142524533e-01
3.259320759491882158e-01
1.995617292391248521e-01
-6.878059260007209907e-01
1.023513945294326488e+00
-1.128081330407137983e+00
9.785986298666661254e-01
-6.133291567173750902e-01
1.223228132242507454e-01
3.745470274488219564e-01
-7.567773728608860884e-01
9.325556149281403195e-01
-8.610713546784992678e-01
5.623917931176779517e-01
-1.124992154278123269e-01
-3.752998599260341517e-01
7.780675830403668281e-01
-9.932880446980242306e-01
9.639641949233813678e-01
-6.926469372688991433e-01
2.409772772534745644e-01
2.851531631783072451e-01
-7.612188985728105539e-01
1.074227856663829916e+00
-1.150104754856874578e+00
9.716326803516845967e-01
-5.825911470215523469e-01
7.708610458330407422e-02
4.233311335827811828e-01
-7.991894717928185177e-01
9.620862654004451731e-01
-8.760883205031420040e-01
5.663428414970392843e-01
-1.128082398551978061e-01
-3.693642397847774483e-01
7.580187815431396192e-01
-9.538885468047120231e-01
9.049149899411516040e-01
-6.190698407750693244e-01
1.625543881728564177e-01
3.561909469010013929e-01
-8.127805492790206587e-01
1.097086979846770616e+00
-1.140007354579433141e+00
9.302812503089721297e-01
-5.172678000307150414e-01
-9.955235900895587076e-04
5.015501729556661736e-01
-8.663137744927840167e-01
1.010672604954608866e+00
-9.039182494279894842e-01
5.765620329823409884e-01
-1.127535210426940104e-01
-3.703466143374095076e-01
7.512154532284702757e-01
-9.336633831287798335e-01
8.703473636923400036e-01
-5.743778670751926718e-01
1.161931381602123864e-01
3.935402108988719228e-01
-8.308405398428843069e-01
1.088590074380619166e+00
-1.102635583229919281e+00
8.674584739813296919e-01
-4.375989740180710186e-01
-8.551551207641053254e-02
5.781370661033014002e-01
-9.241860074757498600e-01
1.043369696952427095e+00
-9.105942256625665365e-01
5.619500081955224324e-01
-8.581847840244168080e-02
-3.987333621611653944e-01
7.710114649691910405e-01
-9.381344648633967997e-01
8.576905436960927664e-01
-5.480981144737804289e-01
8.414911749221729020e-02
4.211808121045404474e-01
-8.442294156211234135e-01
1.080761445728677606e+00
-1.071371261587941381e+00
8.159926700999547977e-01
-3.739842134531997098e-01
-1.502326733243567747e-01
6.324904601041202445e-01
-1.993656776648465190e+00
1.065413345569218073e+00
-1.134330585672175040e+00
2.315052851395083877e+00
-4.394041657122718547e+00
6.875128937190057243e+00
-9.096873086933939589e+00
1.039345115954714771e+01
-1.026005484489112973e+01
8.482478434324223215e+00
-5.199115285167381195e+00
8.798507025770665457e-01
3.773595290740222818e+00
-7.982335181307098182e+00
1.106315541686256054e+01
-1.257832108333258248e+01
1.242673940470361060e+01
-1.085510141102399118e+01
8.387003331384855542e+00
-5.687878643964982217e+00
3.399030350022734126e+00
-1.981388246001635878e+00
1.607052835005599256e+00
-2.124860199879946343e+00
3.107999007015879833e+00
-3.971571051453264722e+00
4.130819870297857577e+00
-3.160742691171924523e+00
9.173907810100061511e-01
2.409544095884038839e+00
-6.326523246956811342e+00
1.014189397382901348e+01
-1.312253911961152397e+01
1.466388995586787303e+01
-1.443232647788265766e+01
1.244551648007099587e+01
-9.071144316590016743e+00
4.944137813844690754e+00
-8.221454253105986432e-01
-2.586123916753721552e+00
4.778615564398364768e+00
-5.566103093009877156e+00
5.101817586120139580e+00
-3.828158608366585280e+00
2.354249483808292354e+00
-1.294845442551471493e+00
1.110389523105664189e+00
-1.987585413070572571e+00
3.789830745380606825e+00
-6.089677529831822866e+00
8.275347569277261783e+00
-9.705139673462387151e+00
9.871757537776282732e+00
-8.536043489111058591e+00
5.796949556831636485e+00
-2.080031012099953003e+00
-1.953448571920331833e+00
5.555375485698109017e+00
-8.062019997925490955e+00
9.046521094594577761e+00
-8.415935984190801022e+00
6.429513080137446046e+00
-3.633858932330449765e+00
7.307323620356744875e-01
1.590559026808497034e+00
-2.815706574021937136e+00
2.723779667155262985e+00
-1.433150313484819804e+00
-6.356478144453574508e-01
2.870516419975120304e+00
-4.624389871236425975e+00
5.379244314197893395e+00
-4.877215722108471319e+00
3.186638807049647859e+00
-6.867811576869427004e-01
-2.025034852529691065e+00
4.281210651182164817e+00
-5.510354524044625890e+00
5.381612419455605867e+00
-3.891293502216347289e+00
1.370220637965263277e+00
1.590499871941351895e+00
-4.277735272663738542e+00
6.025433178148478675e+00
-6.373819127936570794e+00
5.180233616874694746e+00
-2.654800168894128731e+00
-6.877311105976684491e-01
4.148365174056674931e+00
-7.007431714969827752e+00
8.691918963949127885e+00
-8.906331148754849991e+00
7.695774981908226842e+00
-5.426507263519498636e+00
2.689259460610198715e+00
-1.494088254254970494e-01
-1.619072054279945050e+00
2.275110214583736301e+00
-1.792796716194182682e+00
4.643027959644994151e-01
1.177207335130578514e+00
-2.495698717376080289e+00
2.917454008485264261e+00
-2.082640123571214197e+00
-5.422917176020991548e-02
3.200059939443477219e+00
-6.781791878138044183e+00
1.007431919895285688e+01
-1.236727359681890626e+01
1.313068696356043219e+01
-1.213970595437019639e+01
9.528345284606924537e+00
-5.759361627174987674e+00
1.517555239791193111e+00
2.447748721294848995e+00
-5.493100095397725369e+00
7.223291327804885142e+00
-7.571732220023372761e+00
6.800052126871534597e+00
-5.417859446146018776e+00
4.043027515989455090e+00
-3.237314277846319754e+00
3.358048747852009797e+00
-4.462592448531554901e+00
6.289293652305383731e+00
-8.319864927516469777e+00
9.908110314641966454e+00
-1.044358479493331515e+01
9.510072691388156585e+00
-6.999849602987090691e+00
3.155292034783865329e+00
1.473050204124183971e+00
-6.142564774069215972e+00
1.008150905252703211e+01
-1.266000485211241511e+01
1.352832288948209083e+01
-1.268954696633990764e+01
1.048953918974789090e+01
-7.527083225423564450e+00
4.506316398375258103e+00
-2.067404062361288375e+00
6.365039355090313933e-01
-3.311853483922995167e-01
9.438066433597409599e-01
-2.006246092745126219e+00
2.919483841822626324e+00
-3.115690864463286580e+00
2.212552871269901189e+00
-1.214718827168450588e-01
-2.917422060419398999e+00
6.382602897449834778e+00
-9.589805224225839808e+00
1.185347060035427802e+01
-1.265186021052695153e+01
1.175563626029189734e+01
-9.288425584181585037e+00
5.704265833433621147e+00
-1.686919163285054202e+00
-2.005058676924088346e+00
4.710478175234994680e+00
-6.013727295891285962e+00
5.833672383987870802e+00
-4.432266896002277967e+00
2.341335286013269013e+00
-2.257916184921859859e-01
-1.283120236691428051e+00
1.743836175944687206e+00
-1.011774606963721013e+00
-7.280220788885145566e-01
3.010558500092656242e+00
-5.210377658213024787e+00
6.701304652514100013e+00
-7.017025391288717273e+00
5.972859369463223267e+00
-3.718542717298151778e+00
7.086731115372696399e-01
2.402417869409176454e+00
-4.916105934010035483e+00
6.257603318318302854e+00
-6.115927862695366812e+00
4.521577484517428580e+00
-1.842801173647073076e+00
-1.298952418040212109e+00
4.174256615202461163e+00
-6.116749865486863058e+00
6.678901239796299905e+00
-5.735113475728483401e+00
3.507554307532299909e+00
-5.088376153205369512e-01
-2.584190898375486878e+00
5.094665528361913331e+00
-6.507900373344178924e+00
6.592196272788278577e+00
-5.449081129445809246e+00
3.481103417233565978e+00
-1.285463150499948082e+00
-5.001128711643620939e-01
1.361178662643960813e+00
-1.039618848446023591e+00
-3.969919855777899187e-01
9.127237000284379453e-01
-7.081723198511880035e-01
3.106720763292317722e-01
1.808644176520807778e-01
-6.440943000325967116e-01
9.631088116092836326e-01
-1.056743626271918535e+00
8.984434689183423695e-01
-5.228441024157219896e-01
1.746647056528552802e-02
4.984598506506235371e-01
-9.028950391097966266e-01
1.100581305821006328e+00
-1.046131842132026701e+00
7.550009444458765095e-01
-2.996677698356615682e-01
-2.080368728770394804e-01
6.441604383941068601e-01
-9.027903526998923844e-01
9.218097112490269973e-01
-6.979814832470913055e-01
2.876923715031513007e-01
2.068233182992661456e-01
-6.624265717415338539e-01
9.651130788722726006e-01
-1.037838792503056995e+00
8.593597285936277475e-01
-4.695001672781155544e-01
-4.043479299784612929e-02
5.497721575389415971e-01
-9.377319372221297744e-01
1.112719493035257301e+00
-1.034525122625276738e+00
7.240322569914598994e-01
-2.580746056130279187e-01
-2.493044146718022547e-01
6.746286382197689280e-01
-9.150429997807681959e-01
9.133312386873436717e-01
-6.718101820444776218e-01
2.517201597755688858e-01
2.417395685269297934e-01
-6.850883547643524807e-01
9.667055832684269268e-01
-1.014100199355032483e+00
8.116706860438884785e-01
-4.046309207247995032e-01
-1.118573215797699083e-01
6.157056152994457854e-01
-9.874774962748485985e-01
1.139332677004783356e+00
-1.036299268867161505e+00
7.047026102271688464e-01
-2.257034926270038433e-01
-2.844793190903278646e-01
7.028485812364019258e-01
-9.295288551927447518e-01
9.120130687209538900e-01
-6.578574464946516098e-01
2.327384310176216498e-01
2.556524069514232167e-01
-6.839529968274652427e-01
9.433004491190333241e-01
-9.659800780567799894e-01
7.420642148685759887e-01
-3.219865280402008922e-01
-1.955805328856438374e-01
6.876015486994451198e-01
-1.036503499016141250e+00
1.158698702204367992e+00
-1.024869233688314285e+00
6.670799858192018039e-01
-1.709908166561433518e-01
-3.449377442560783713e-01
7.581876588580822585e-01
-9.718851590852550792e-01
9.382387937717369120e-01
-6.700163066339697160e-01
2.372737769591711232e-01
2.498609500890738022e-01
-6.681553048815727092e-01
9.114220024569543721e-01
-9.165103564969325767e-01
6.788095200109197647e-01
-2.534866964706286030e-01
-2.578450998996826282e-01
7.317891557713229744e-01
-1.053158769344914258e+00
1.143005883669998557e+00
-9.778648020978732980e-01
5.955272611347504075e-01
-8.594087532374874994e-02
-4.305585947358938070e-01
8.323898767441841873e-01
-1.026158759014340172e+00
9.692254571186040835e-01
-6.799220289687960550e-01
2.329396702875428660e-01
2.589865056646883934e-01
-6.726343653645496801e-01
9.043847226286760854e-01
-8.955203042252143364e-01
6.465761781016534648e-01
-2.172487945389009190e-01
-2.881147210918159618e-01
7.459161909335397800e-01
-1.043413994478969986e+00
1.106211527327533695e+00
-9.164359371205155202e-01
5.171810527808258229e-01
-2.129904286352516524e-03
-5.071222574768174951e-01
8.905311943652796103e-01
-1.058688790515397882e+00
9.744574614690041381e-01
-6.618937047978473709e-01
2.002927385101689883e-01
2.951943062416624297e-01
-7.016528238684869301e-01
9.183704794407682170e-01
-8.913846653979982104e-01
6.266387956343438814e-01
-1.885464234252120785e-01
-3.156872171419276563e-01
7.621711314802636084e-01
-1.040509558089829811e+00
1.080713918783082761e+00
-8.702967050652041792e-01
4.573867531937289566e-01
6.089389801696316190e-02
-5.619657498596591916e-01
9.275162329011453766e-01
-1.072183240158867790e+00
9.642216329481561043e-01
-6.331271212789257863e-01
1.623651655564673779e-01
3.310235789827737363e-01
-7.249769283045404134e-01
9.221746307053062530e-01
-8.737681373619102798e-01
5.913014022290652427e-01
-1.439208105962392070e-01
-3.584481881056225672e-01
7.918654653267092058e-01
-1.048570196752413475e+00
1.063258020366688150e+00
-8.290472480860247018e-01
3.992479496568597797e-01
1.254988392932584740e-01
-6.215857816441877626e-01
9.723834995379092572e-01
-1.096483137846546940e+00
9.673703024486577373e-01
-6.197483570150597032e-01
1.409772516390013219e-01
3.502847570455782655e-01
-7.330359741494590908e-01
9.134344825647747745e-01
-8.476687164476174319e-01
5.526289015814651595e-01
-1.017817950736308596e-01
-3.927478544314287889e-01
8.075287922535450136e-01
-1.037951282005754372e+00
1.023798697292371607e+00
-7.640373040448209530e-01
3.172211828454762905e-01
2.125916606492576633e-01
-7.009913568910827175e-01
1.033323169047531742e+00
-1.132430668059907442e+00
9.772911749825057282e-01
-6.080149203153504267e-01
1.159962765072411195e-01
3.783830875037430541e-01
-7.550718232696779220e-01
9.235530830698992499e-01
-8.448299393427510795e-01
5.408443081689975340e-01
-8.904026771750211955e-02
-3.966018761756072153e-01
7.934418020129971882e-01
-1.000178024293833845e+00
9.616647050513837947e-01
-6.825021440599873257e-01
2.260878719174113372e-01
3.006472025791116498e-01
-7.731099611148203321e-01
1.079234560997120118e+00
-1.146649739747090724e+00
9.602176802392394794e-01
-5.656795606993318959e-01
5.852184639331764471e-02
4.392281621797236579e-01
-8.086334865249672488e-01
9.626988534754404858e-01
-8.674265540276543396e-01
5.499584836979894975e-01
-9.182858239963191671e-02
-3.910271188108216944e-01
2.567096695403978224e+00
-4.865489173685229929e+00
6.610582526832274652e+00
-7.212925478036209093e+00
6.323955206474019874e+00
-3.928623432080294631e+00
3.590336536895697428e-01
3.774694429366535431e+00
-7.720095195069774263e+00
1.075222186025271753e+01
-1.233709531492529621e+01
1.224969680466892541e+01
-1.061849142536046742e+01
7.886271732505620413e+00
-4.697360375304382885e+00
1.738986424180220425e+00
4.243653974471284229e-01
-1.483303666366175833e+00
1.450535955599020266e+00
-6.465678950858457785e-01
-3.919209599542237132e-01
1.058087796654102242e+00
-8.390468501210222030e-01
-5.426527970554451130e-01
3.045461207355774746e+00
-6.304333710769719268e+00
9.707167647108777331e+00
-1.253423254569404754e+01
1.412718860814440092e+01
-1.404691880148895855e+01
1.218193071649747417e+01
-8.780910038229730930e+00
4.401261643990697969e+00
2.142734084647024417e-01
-4.303503541254654507e+00
7.253547466638864627e+00
-8.732239553806911303e+00
8.751090518638267923e+00
-7.645373120568150327e+00
5.977025672339578932e+00
-4.384759858118731479e+00
3.418480168479023362e+00
-3.398782079659699029e+00
4.336013081862762242e+00
-5.928693290702129914e+00
7.641584633790457382e+00
-8.844126396825707559e+00
8.975092148026446282e+00
-7.692794094425754459e+00
4.973562024206470866e+00
-1.133733542869609812e+00
-3.231029593397886757e+00
7.375156403735340760e+00
-1.057059097045427976e+01
1.227215955237212519e+01
-1.224118335380886791e+01
1.059764098927221276e+01
-7.788393561852394953e+00
4.479224899399810056e+00
-1.396805855540988794e+00
-8.412914418284538343e-01
1.867640567424381448e+00
-1.643335806262300025e+00
4.552893971596607692e-01
1.166188478267492279e+00
-2.588771777085960846e+00
3.243402289865320309e+00
-2.772675894187293544e+00
1.125751372128589889e+00
1.423654890029097952e+00
-4.340763381532318554e+00
6.959308261690298814e+00
-8.645558219565669944e+00
8.956620395146531521e+00
-7.754134054087163719e+00
5.245217426731148436e+00
-1.940165124585752299e+00
-1.463382090750826592e+00
4.242177994926587203e+00
-5.816193274192903218e+00
5.883893950253357374e+00
-4.491410317810407449e+00
2.018993611323621096e+00
9.118527572536787584e-01
-3.588018854431969551e+00
5.374981664909492807e+00
-5.866437758366785715e+00
4.977367906109114060e+00
-2.958361030050954632e+00
3.282224663177233381e-01
2.258221183151137623e+00
-4.174470279334162370e+00
4.978441582222476569e+00
-4.521986584766546358e+00
2.986970707147914350e+00
-8.390428865898112987e-01
-1.289610888234914210e+00
2.759820613759195851e+00
-3.088160512987310646e+00
2.072837161907829184e+00
1.484014896042897824e-01
-3.122992290719205144e+00
6.185491025608844673e+00
-8.612487730017232224e+00
9.793334676725329757e+00
-9.375585701423389651e+00
7.350082994535075187e+00
-4.055172695179601661e+00
9.905266709953652882e-02
3.780986013676899571e+00
-6.888465722387656420e+00
8.725871776468448360e+00
-9.103123080435450376e+00
8.170623137670617098e+00
-6.369559091200727607e+00
4.312269603096052784e+00
-2.622495098789376478e+00
1.775022326459297695e+00
-1.974282471676376716e+00
3.101851680329279048e+00
-4.745879864718308916e+00
6.305363891357801620e+00
-7.143786919670479740e+00
6.754452246977386665e+00
-4.896824341712298967e+00
1.670095168034563926e+00
2.494651100801618782e+00
-6.922577533611424805e+00
1.084294084380237955e+01
-1.356151395579345653e+01
1.461642240011922667e+01
-1.388017251183674716e+01
1.158360768340508251e+01
-8.256359378796563675e+00
4.598489545561065484e+00
-1.314562889120250766e+00
-1.049672676321269371e+00
2.228645419314295939e+00
-2.287388158129653348e+00
1.589465627132032877e+00
-6.910102021087531909e-01
1.875177912702978844e-01
-5.515681213653209625e-01
2.001814128720089236e+00
-4.435904751600361351e+00
7.444336729577951672e+00
-1.040239240934587883e+01
1.261814680425215585e+01
-1.350069270247387188e+01
1.270761378778776418e+01
-1.023558869813916417e+01
6.431663503487031974e+00
-1.921873792692413874e+00
-2.526118899163437348e+00
6.173743703738034050e+00
-8.474885905296039468e+00
9.192983874779059761e+00
-8.444151028898334133e+00
6.656527176169364068e+00
-4.456321917855825987e+00
2.508697114576804665e+00
-1.352452048727645462e+00
1.268801916941947994e+00
-2.216064986078043475e+00
3.845868151399923107e+00
-5.596496782388632241e+00
6.840122661580826602e+00
-7.047446243491410023e+00
5.929001644632917234e+00
-3.518040032389737615e+00
1.741503574186773484e-01
3.493872186777469135e+00
-6.767652769383931677e+00
8.987769982295738203e+00
-9.710428753108766742e+00
8.814237194464759284e+00
-6.531035790845369782e+00
3.393058745540711740e+00
-1.089344227848867419e-01
-2.601759161145039023e+00
4.175658000873951892e+00
-4.334389923846943660e+00
3.144203528454660557e+00
-9.924759049016711465e-01
-1.512716206504655325e+00
3.695153387653880905e+00
-4.977784420939364907e+00
5.023958634792792921e+00
-3.818229572269506988e+00
1.667216777006472972e+00
8.794142226037202636e-01
-3.168253910632786496e+00
4.607387278997324920e+00
-4.816864304605471325e+00
3.727275710023130628e+00
-1.601952520891344101e+00
-1.023057127370825103e+00
3.466992840433863687e+00
-5.069479395454157711e+00
5.352676440747229591e+00
