5.413925647360666726e-01
6.398559830771350931e-01
-1.853755834050128115e+00
2.786131057975585357e+00
-3.183382594431288570e+00
2.914288530324166793e+00
-2.002525239383061262e+00
6.220142177197514055e-01
9.438043557748624357e-01
-2.368940598317551327e+00
3.361889429662329398e+00
-3.734129421395980586e+00
3.443569833314212403e+00
-2.602517041441410051e+00
1.448343468828388714e+00
-2.840885270410524743e-01
-5.964931633094918695e-01
9.811634026267519459e-01
-7.911206050883552443e-01
9.997153430928906737e-02
8.848590451102942289e-01
-1.873750396909561911e+00
2.566964954257555220e+00
-2.729619293956551118e+00
2.251256938753060766e+00
-1.175451381762791181e+00
-3.078720503179840362e-01
1.905665922783152055e+00
-3.290184312856644144e+00
4.176121105511392706e+00
-4.387854700023566146e+00
3.900571695189849475e+00
-2.845356163282068529e+00
1.477047505686224005e+00
-1.126749543595828573e-01
-9.446130714077507484e-01
1.477715104831769377e+00
-1.406401625127010391e+00
8.045622587755535404e-01
1.201974142304886861e-01
-1.079535871305603356e+00
1.776950469563778112e+00
-1.982213561661636314e+00
1.589494513485233851e+00
-6.449665742749228770e-01
-6.628772812161354278e-01
2.047902456867601639e+00
-3.195190023830893011e+00
3.837364461259318738e+00
-3.819844616323926800e+00
3.139135190109625828e+00
-1.944798323510100291e+00
5.045431807316342887e-01
8.591884679674238745e-01
-1.845849786500140199e+00
2.248130432824112734e+00
-2.000788247737802283e+00
1.195196981969009808e+00
-5.613877685128133843e-02
-1.113487742641338762e+00
2.006608602530318919e+00
-2.386625964523545029e+00
2.144689461468907599e+00
-1.325732855355182593e+00
1.170159986728686596e-01
1.197978696844151703e+00
-2.309033251314218216e+00
2.955127901124483092e+00
-2.988325574212516766e+00
2.410044775198556977e+00
-1.370873075040958566e+00
1.339382297334935079e-01
9.892831882687178613e-01
-1.715130860083878162e+00
1.857385120780795651e+00
-1.373405312639901732e+00
3.755207724139915104e-01
8.951660156990917105e-01
-2.126289566063967573e+00
3.009172526172376738e+00
-3.313108476783071410e+00
2.941019165702510652e+00
-1.953033737029095995e+00
5.523026776226438450e-01
9.634985194312399859e-01
-2.273218803191508819e+00
3.108628125118495511e+00
-3.317680413936295203e+00
2.899369622996230689e+00
-2.001815330051997854e+00
8.841488211844968914e-01
1.484392001815499906e-01
-8.206157220115766204e-01
9.552596301736393514e-01
-5.175732212613128880e-01
-3.758277611301334975e-01
1.485103132369143486e+00
-2.505841431383531770e+00
3.143941628576542691e+00
-3.188521016563464983e+00
2.565098320481888017e+00
-1.356062592943812817e+00
-2.166439380661827618e-01
1.842547353966175638e+00
-3.195116989919001949e+00
4.008239980786672874e+00
-4.138267107779027398e+00
3.596692376264472912e+00
-2.545638126118912936e+00
1.257321178939183159e+00
-4.738985977687537599e-02
-8.016665614523017513e-01
1.108455459390669251e+00
-8.355143138539973258e-01
9.670836124261594779e-02
8.725161136081485136e-01
-1.774698400073279281e+00
2.325175569361446648e+00
-2.323859120745531914e+00
1.706430992966471605e+00
-5.624141496516389394e-01
-8.843763801515748257e-01
2.328349442199614927e+00
-3.454946056447519620e+00
4.016115983516627352e+00
-3.890164092888911629e+00
3.111433960898728479e+00
-1.862589946255149176e+00
4.313121922957331433e-01
8.581640769976344174e-01
-1.722143013041963933e+00
1.984587441548570919e+00
-1.618076876628513183e+00
7.487627487097531231e-01
3.757934178357475452e-01
-1.448020378112375273e+00
2.176020544307130322e+00
-2.355135639254720026e+00
1.918015267675040159e+00
-9.510477212553289927e-01
-3.268042985534796441e-01
1.617579371060736015e+00
-2.617241461962910964e+00
3.090184641046598735e+00
-2.927162558647185442e+00
2.172509914318773383e+00
-1.013980995184079692e+00
-2.623872385336426527e-01
1.341477809766955298e+00
-1.955594535456221195e+00
1.949702577311875018e+00
-1.319562421668769581e+00
2.134692324189259027e-01
1.102876222991586275e+00
-2.309906344609841344e+00
3.110792263252576184e+00
-3.302607299519594974e+00
2.824859479986913335e+00
-1.773689977144709884e+00
3.783547780810281869e-01
1.054256415243531642e+00
-2.213573351043819137e+00
2.859819337056385358e+00
-2.880952110361114649e+00
2.318295176194182794e+00
-1.354702656188464971e+00
2.682111647571769897e-01
6.374781321566802550e-01
-1.108712171198893648e+00
1.005311353686072273e+00
-3.362097958582133117e-01
-7.414362273469178310e-01
1.959538880177038589e+00
-3.003783266215263925e+00
3.590084555568905156e+00
-3.534257878072139647e+00
2.797980051088422293e+00
-1.499847337586831308e+00
-1.112229749425817926e-01
1.713884799318559748e+00
-2.989611789476530834e+00
3.697166192247504757e+00
-3.728348126560769416e+00
3.131628134261026819e+00
-2.098052754858325653e+00
9.129546710524699682e-01
1.147220625687372930e-01
-7.282630711998803186e-01
7.857461661558993171e-01
-2.941323144599794492e-01
-5.933687454739781098e-01
1.615971042446288308e+00
-2.470564217572469801e+00
2.887613512552931638e+00
-2.699175527881114256e+00
1.882399377817443042e+00
-5.678270772250617604e-01
-9.896488562955272350e-01
2.470242069244891425e+00
-3.564819529089891859e+00
0.000000000000000000e+00
5.790989900653269018e+00
-1.062531428962459401e+01
1.375884465753055963e+01
-1.482192283459563065e+01
1.389231449372870131e+01
-1.146229740137262176e+01
8.308543670211776089e+00
-5.296863222249936776e+00
3.169476743252017670e+00
-2.366506275029341744e+00
2.924846998941024623e+00
-4.478595581321700436e+00
6.360378017518028670e+00
-7.778279426934844309e+00
8.024617431494657893e+00
-6.665005350489016323e+00
3.660916402192757602e+00
6.048704724179665426e-01
-5.406914883574470920e+00
9.841438829496990337e+00
-1.303696969475325851e+01
1.436051787466904806e+01
-1.356938926050573357e+01
1.087172347343326173e+01
-6.880804637537170088e+00
2.473795820097312248e+00
1.411402396025071226e+00
-3.992559684593191882e+00
4.821024014885024300e+00
-3.878722763848234223e+00
1.571452701324906887e+00
1.379252678646638808e+00
-4.118891619828687567e+00
5.872644860225843644e+00
-6.136070903831656764e+00
4.797514685829106895e+00
-2.162648680193638651e+00
-1.124516601750265687e+00
4.244544576175242945e+00
-6.409315875404979934e+00
7.061794735104237830e+00
-6.019664646051799295e+00
3.527306166404009957e+00
-2.028817320443446759e-01
-3.107163112531652338e+00
5.531279799600627101e+00
-6.384625066014487871e+00
5.338179089608600769e+00
-2.504035479844297196e+00
-1.584107783630141375e+00
6.090956580462340675e+00
-1.007157578986434388e+01
1.268938160854152031e+01
-1.340800405611501134e+01
1.211120973610298712e+01
-9.122502021366841518e+00
5.120285188601854998e+00
-9.697052154380223499e-01
-2.487652112320521525e+00
4.634976663772390815e+00
-5.223533045146469433e+00
4.423466670904873332e+00
-2.770177190527038924e+00
1.019835693064294446e+00
5.018508757262107878e-02
1.532768955391601295e-01
-1.878643508016487829e+00
4.953798080787206182e+00
-8.814269410322802756e+00
1.262933176826966530e+01
-1.549606442208499857e+01
1.665475550875036959e+01
-1.567365943087846425e+01
1.255833949102332525e+01
-7.758907448565345533e+00
2.073034000309953662e+00
3.532299529936977045e+00
-8.137786674917347085e+00
1.107572543895677342e+01
-1.207235002441636240e+01
1.129500247095139365e+01
-9.293653666580429018e+00
6.851849073479172603e+00
-4.784014645568540836e+00
3.728914744078842602e+00
-3.989795516285614241e+00
5.460204902746736977e+00
-7.653466936365549422e+00
9.828414862608553904e+00
-1.118042412894687487e+01
1.105076170789361178e+01
-9.102680817555015125e+00
5.420660691829095157e+00
-5.077905494462062741e-01
-4.818985809435880618e+00
9.611211891069846303e+00
-1.300536873631045509e+01
1.442153988280178467e+01
-1.369654230366906944e+01
1.111948408417513789e+01
-7.361182993985743828e+00
3.314433091871597625e+00
1.164500521608715644e-01
-2.226233751894182156e+00
2.669048432840150475e+00
-1.530175959126742313e+00
-7.072986752715058056e-01
3.292102117866431588e+00
-5.398467825849654567e+00
6.336263236030702295e+00
-5.726038011750965495e+00
3.596148927580575361e+00
-3.781996545243124785e-01
-3.198108895257384621e+00
6.285033176638558317e+00
-8.127719668063727809e+00
8.254353825494185060e+00
-6.598797614936338540e+00
3.525300087782443192e+00
2.513984098215549801e-01
-3.831846119797594152e+00
6.343919638380932646e+00
-7.150173212988645055e+00
6.000551637553112272e+00
-3.093620436915689886e+00
-9.685070340286663360e-01
5.320747742750450371e+00
-9.037329532905726381e+00
1.134715112481573129e+01
-1.181054998668705558e+01
1.041526104556278653e+01
-7.569006653824491337e+00
3.991244926916314384e+00
-5.310311024008980141e-01
-2.044210746194461414e+00
3.237275580955310872e+00
-2.941047268045320351e+00
1.460429785103887657e+00
5.689206353174022235e-01
-2.345084965794443033e+00
3.107235450879679117e+00
-2.334932573644151077e+00
-1.097330312084485726e-01
3.932473797964316731e+00
-8.462539097820108935e+00
1.280119500396613574e+01
-1.602773611990664193e+01
1.741375435455183407e+01
-1.659424331686944143e+01
1.365441425641102668e+01
-9.111351062624290620e+00
3.794934577796202024e+00
1.343307658908598601e+00
-5.447487662352520132e+00
7.948683748032383534e+00
-8.684664428013372017e+00
7.919852912509327325e+00
-6.261647285508463945e+00
4.494374247736050876e+00
-3.372101389905609814e+00
3.421425929004849209e+00
-4.802800965855590576e+00
7.264581541769843831e+00
-1.020127090374197643e+01
1.280194254440840140e+01
-1.425270700241375188e+01
1.394376094397549437e+01
-1.163024669199240257e+01
7.507191654098629208e+00
-2.179518754913638112e+00
-3.466500602047721813e+00
8.460095082648532383e+00
-1.196429366216617396e+01
1.346355281016028194e+01
-1.287591434545479352e+01
1.056305818419717468e+01
-7.236208937991995604e+00
3.780926734697914959e+00
-1.043288467283236542e+00
-3.708682080616076959e-01
2.353221520166108860e-01
1.251794785661970888e+00
-3.528074584053823681e+00
5.816379942204752851e+00
-7.326772032924794509e+00
7.461031883014279664e+00
-5.969417910327617705e+00
3.020993840805095587e+00
8.300289892943653047e-01
-4.774094368282690404e+00
7.940898090073311266e+00
-9.611520243578961953e+00
9.396400373280236806e+00
-7.335590006834601162e+00
3.896442529093681273e+00
1.313116124365099058e-01
-3.818315103943725752e+00
6.312500222249114223e+00
-7.038192287861436469e+00
6.147535450316639061e-01
-1.883168446963140674e+00
2.761803001592128659e+00
-3.060822778952854151e+00
2.732642529822566058e+00
-1.882680902341663742e+00
7.427376057651868813e-01
3.864980398843355092e-01
-1.209790069816317315e+00
1.510430229421890092e+00
-1.204222315881471328e+00
3.611837836094167198e-01
8.103923128908505635e-01
-2.013730484744379545e+00
2.935207988242607868e+00
-3.320500742468661226e+00
3.036792367235217061e+00
-2.105956310855049196e+00
7.006391607384681031e-01
8.958496846779013811e-01
-2.356177686543368122e+00
3.386076842958702038e+00
-3.793279003960983609e+00
3.531687682053897603e+00
-2.710189258072615459e+00
1.564085554221622987e+00
-3.961919875861723561e-01
-4.980078110373615807e-01
9.029110054269371410e-01
-7.353899171527487066e-01
6.464335143353894253e-02
9.055085892511427481e-01
-1.887556521299059487e+00
2.582039854582252936e+00
-2.752596075213499027e+00
2.286001984172553847e+00
-1.222514106163730130e+00
-2.509863516501209535e-01
1.843514984497678144e+00
-3.227983606214865020e+00
4.118295303670448604e+00
-4.336928405473466697e+00
3.856688297785763275e+00
-2.806548341371176924e+00
1.440186773639020590e+00
-7.484928358507358936e-02
-9.846609902661784819e-01
1.518481828625552144e+00
-1.443169530136815037e+00
8.297656757628165680e-01
1.158170523129038176e-01
-1.105210268090691450e+00
1.839967588357611650e+00
-2.086228475527661441e+00
1.733450007715805707e+00
-8.228722573613065361e-01
-4.612508118911720079e-01
1.835563285653739385e+00
-2.986017103077788448e+00
3.644164895765729550e+00
-3.652784757398465754e+00
3.004854321216481772e+00
-1.846342589283046509e+00
4.420570100980878436e-01
8.872570641711571282e-01
-1.841391184599629804e+00
2.212249742366108940e+00
-1.933231801407795380e+00
1.094494131842735918e+00
7.956826292733910899e-02
-1.285139808669278016e+00
2.212799391296277562e+00
-2.622442367444107081e+00
2.401168946839843610e+00
-1.590147014339200249e+00
3.739973301169177144e-01
9.646502418895934738e-01
-2.114328079551726969e+00
2.810774775982661566e+00
-2.901338346530546897e+00
2.382063776303882108e+00
-1.398435785184688918e+00
2.095869293669990752e-01
8.753323618033856945e-01
-1.573149278780909821e+00
1.696537356567931365e+00
-1.200736602643981854e+00
1.957081824733792885e-01
1.079312932799006530e+00
-2.312781424000254660e+00
3.195583887402883683e+00
-3.495499183453198988e+00
3.113370231592305970e+00
-2.107399812534823447e+00
6.796959001831874847e-01
8.716716453226351913e-01
-2.223497189167937815e+00
3.104014027040890689e+00
-3.356710805646171636e+00
2.975997565484306939e+00
-2.106174531710764519e+00
1.004070422715539035e+00
2.546451803568472450e-02
-7.054425154986081470e-01
8.554807421296606318e-01
-4.366331432190815320e-01
-4.386337633518480050e-01
1.533782671902151451e+00
-2.546242615056670822e+00
3.182041211127353719e+00
-3.228875878864191584e+00
2.609819775247886664e+00
-1.404534041630984831e+00
-1.672756725241624221e-01
1.796271355311700901e+00
-3.155664045471382906e+00
3.977781975543286386e+00
-4.116571027765020929e+00
3.580972958954401708e+00
-2.531174197462173758e+00
1.238703757679358475e+00
-2.010375184178214703e-02
-8.397204838566785234e-01
1.155888959834342478e+00
-8.871257261710685516e-01
1.440251435540980118e-01
8.399063621943932967e-01
-1.767295976320417683e+00
2.351589312461851211e+00
-2.389127469984530627e+00
1.811005280186412048e+00
-7.020154172848901419e-01
-7.180148517408881936e-01
2.146041802172001134e+00
-3.268257020287890224e+00
3.835619088539047095e+00
-3.724137991207459031e+00
2.965259743047368168e+00
-1.738931323111659655e+00
3.309626369449931715e-01
9.350488949689330642e-01
-1.774802431657350521e+00
2.010775618719930158e+00
-1.613821626713949353e+00
7.088724962638961458e-01
4.565623538613983179e-01
-1.573401823480663042e+00
2.346662244277786247e+00
-2.567411961900505801e+00
2.163556250407681514e+00
-1.217154903339502825e+00
-5.588582543874601183e-02
1.358760329477358031e+00
-2.386432720207538605e+00
2.900319794672522544e+00
-2.786791257445253578e+00
2.085222901706786036e+00
-9.787371195306939775e-01
-2.501659750200621035e-01
1.288346010037457523e+00
-1.868454392446770918e+00
1.834499062541659509e+00
-1.180597112201116516e+00
5.345853303003711421e-02
1.282069606977410903e+00
-2.506116325779546017e+00
3.320326919430220070e+00
-3.519342205446387872e+00
3.039951929060045188e+00
-1.976064671651132088e+00
5.559163410733143351e-01
9.129167936855220322e-01
-2.117344339546952003e+00
2.813523661590649372e+00
-2.884451206539598633e+00
2.366467051760800189e+00
-1.438320843896374601e+00
3.755491724157232758e-01
5.186559762645459593e-01
-9.891970922117865328e-01
8.929427918785377560e-01
-2.351135683049401237e-01
-8.307435781257785923e-01
2.039262984263656708e+00
-3.077446151305232469e+00
3.660978262627639257e+00
-3.604155983100274518e+00
2.866428451654877918e+00
-1.564200547302736721e+00
-5.504830291124315766e-02
1.670153283298151603e+00
-2.961355248366281945e+00
3.685002184715572060e+00
-3.729867629654336714e+00
3.141550112417047735e+00
-2.109153136212914781e+00
9.175820228587630023e-01
1.228842077192882076e-01
-7.525991044483713033e-01
8.256614439105551817e-01
5.829671517918810331e+00
-2.967259316929342194e+00
-8.924921598242174792e-01
4.875394195213756277e+00
-8.098516954093049947e+00
9.878873391818562055e+00
-9.891596009477893858e+00
8.239712279949957363e+00
-5.419191626448664145e+00
2.188428476314880911e+00
6.254490036632311956e-01
-2.335734916962441510e+00
2.569359496720273306e+00
-1.361573621674331935e+00
-8.512921277364267070e-01
3.339492235230984818e+00
-5.261900109801215919e+00
5.878116880057675075e+00
-4.738872715704188110e+00
1.808029796219178920e+00
2.514057446190281819e+00
-7.472249280817693240e+00
1.212439876479543166e+01
-1.555534727139034956e+01
1.708604803584351117e+01
-1.642784139245043562e+01
1.374510047533731694e+01
-9.611547228376039698e+00
4.871155628701116846e+00
-4.375059059849677467e-01
-2.919826674823115198e+00
4.750332053767186480e+00
-5.017111952959038668e+00
4.088660743118310847e+00
-2.630703125185513080e+00
1.425257024835806519e+00
-1.161793902551700342e+00
2.252131605494992250e+00
-4.714876000365651798e+00
8.158242074988027781e+00
-1.186606062539017259e+01
1.496655123718521097e+01
-1.664314755897099474e+01
1.633623325167796025e+01
-1.388662920117947941e+01
9.585595912970569898e+00
-4.118612402197109112e+00
-1.584184686900691030e+00
6.555479856523506399e+00
-1.000676295667959437e+01
1.150135512223185152e+01
-1.104339838469596735e+01
9.062035792864989503e+00
-6.295311153496820467e+00
3.602485021319069780e+00
-1.750641516965963262e+00
1.227491632387351927e+00
-2.125711281898691851e+00
4.126592108291677441e+00
-6.586502520013995721e+00
8.704557660111589712e+00
-9.730078727038439013e+00
9.158699307414414292e+00
-6.868711699058131614e+00
3.163776214436065271e+00
1.289087189615021778e+00
-5.611779857671606919e+00
8.921179318817038961e+00
-1.053924905028091530e+01
1.015631551445247993e+01
-7.907803051788149240e+00
4.345540909027237220e+00
-3.101833668226876561e-01
-3.264847195480326647e+00
5.570958023196820541e+00
-6.111409394907370896e+00
4.813071503327846834e+00
-2.036446069340074772e+00
-1.517911315778430525e+00
4.983411413414266633e+00
-7.539364743906651789e+00
8.609265843974270638e+00
-7.997354247395414006e+00
5.930529870961617434e+00
-2.995828143954605505e+00
-1.085869889795576526e-02
2.287485340867214667e+00
-3.230108243061387441e+00
2.588418746444640206e+00
-5.341272164100132613e-01
-2.375014008698783208e+00
5.327328615161190051e+00
-7.453782680179921627e+00
8.041498844525669654e+00
-6.712420076186907281e+00
3.523591418077625548e+00
1.035635551707302149e+00
-6.149324433528951417e+00
1.085861336528573418e+01
-1.427951343524028971e+01
1.580282267352064274e+01
-1.522848410921528028e+01
1.280258765070096416e+01
-9.148756121100870331e+00
5.111157381260571952e+00
-1.547665519661890698e+00
-8.764006286950394298e-01
1.843882217920100430e+00
-1.453155585352662094e+00
1.813224868102252252e-01
1.247269488553683914e+00
-2.054529088190507835e+00
1.616327849792562610e+00
3.669289215135851379e-01
-3.779219190607967072e+00
8.100345042405340479e+00
-1.251797558787131948e+01
1.611383220524461279e+01
-1.807939925812779691e+01
1.790918223198694292e+01
-1.552476705332701101e+01
1.129950156112833604e+01
-5.977514826388591551e+00
5.062260374881324410e-01
4.177689186278192857e+00
-7.357752587792829146e+00
8.692640919071358496e+00
-8.280000508037474560e+00
6.614582067332159809e+00
-4.451745651548133509e+00
2.610243275900509197e+00
-1.762774921053936517e+00
2.265601024451483703e+00
-4.068815083313420899e+00
6.729094093253875641e+00
-9.521665623109317522e+00
1.162395602638169834e+01
-1.232581613663862541e+01
1.121463147269369465e+01
-8.289619967115834598e+00
3.976751545317360748e+00
9.601643379272268852e-01
-5.591436467600189530e+00
9.035467067719194389e+00
-1.066339263216299926e+01
1.024514526580197682e+01
-8.001725336756832618e+00
4.551046378026672556e+00
-7.603520218594463920e-01
-2.459298082286573983e+00
4.367069817520388142e+00
-4.563569799927319259e+00
3.078352871979166849e+00
-3.531899777660634232e-01
-2.874148924651383830e+00
5.756753741638728883e+00
-7.550183030190384947e+00
7.797052893742406177e+00
-6.439547224669638581e+00
3.832452201877692310e+00
-6.536336282132102493e-01
-2.266066283642490742e+00
4.151827162207173849e+00
-4.481490904364994421e+00
3.121495503472125677e+00
-3.684304465481891278e-01
-3.114566226618180611e+00
6.451796244061786645e+00
-8.762590545552262355e+00
9.372591619080839820e+00
-7.977775376094747628e+00
4.721555372214765178e+00
-1.662187590413604088e-01
-4.834601739682380384e+00
9.331877889232403689e+00
-1.249856932803952603e+01
1.381637688273542430e+01
-1.318732318658107872e+01
1.094390326932981949e+01
-7.756157109039293118e+00
4.458977153529084525e+00
-1.842221692739225425e+00
4.550915258057912638e-01
-4.725936423387535612e-01
1.656652901069038730e+00
-3.421255645954484059e+00
4.985553929856335387e+00
-5.577314617228767979e+00
4.636703659576128622e+00
-1.970170162117383938e+00
-2.183799231920079187e+00
7.193954799164650638e+00
-1.217200401369467144e+01
1.617274349745537165e+01
-1.841084142208891450e+01
1.844232757284496671e+01
-1.626723453353514515e+01
1.232876217532576746e+01
-7.409226767193636043e+00
2.447878047825150283e+00
0.000000000000000000e+00
1.620637738643819770e+00
-2.920637011864480215e+00
3.654268203681327876e+00
-3.707575412701650031e+00
3.123525101961901917e+00
-2.089449319074969669e+00
8.899248936038353097e-01
1.634063815113779849e-01
-8.080032421061500436e-01
8.940794570415788733e-01
-4.203161891456221877e-01
-4.669900867373836251e-01
1.511067973015710164e+00
-2.408996366540383960e+00
2.887497951410137098e+00
-2.771691168787230986e+00
2.029995723862206614e+00
-7.841760383569844617e-01
-7.180242470272347743e-01
2.161111243384730152e+00
-3.236879056302717217e+00
3.718101305136929824e+00
-3.513021784545551363e+00
2.687423866747386203e+00
-1.448900889345230425e+00
9.709961562914959377e-02
1.048053188545083447e+00
-1.722802969130055706e+00
1.782234335687830296e+00
-1.234037628018920252e+00
2.352710558402536511e-01
9.470134685255737761e-01
-2.001656067535904082e+00
2.649744429949718150e+00
-2.712875969598138592e+00
2.156748276076027260e+00
-1.099507569136072505e+00
-2.171431653984653432e-01
1.487020180008538750e+00
-2.414324215089310943e+00
2.786058896296393694e+00
-2.524355222408150468e+00
1.705931719101877242e+00
-5.439006288230708863e-01
-6.637215671156990737e-01
1.606346501788831649e+00
-2.036460490796905276e+00
1.830232310041418398e+00
-1.018357697598003764e+00
-2.203816721408001778e-01
1.601337433659101972e+00
-2.801817721093292413e+00
3.538137776654309619e+00
-3.633288174538589654e+00
3.058888004031349084e+00
-1.941325177928240775e+00
5.306657484014052351e-01
8.600670099314257078e-01
-1.930472674029901636e+00
2.464858953129562380e+00
-2.383350927126047125e+00
1.759658071449988093e+00
-8.012476360102706030e-01
-2.031832368617240148e-01
9.560915500690840840e-01
-1.225652850219906220e+00
9.042945922088154731e-01
-3.687703730638269839e-02
-1.188428030601066610e+00
2.484446084206496597e+00
-3.533824537035815005e+00
4.065729695560786006e+00
-3.921835539322999331e+00
3.095593723540674524e+00
-1.735228600336120142e+00
1.096753594092386708e-01
1.454354064265439339e+00
-2.649008317827405978e+00
3.257159680133395518e+00
-3.202184564219093144e+00
2.563715868378200202e+00
-1.555676094357272055e+00
4.720435972953371806e-01
3.863815705771660447e-01
-7.863563557233490542e-01
6.196098918682051426e-01
7.066800672866713207e-02
-1.100693679584171747e+00
2.191646125996880912e+00
-3.038801938032756667e+00
3.387391429926820408e+00
-3.096667963975788140e+00
2.176528508194118583e+00
-7.876763575481415813e-01
-7.948373780320221460e-01
2.245965034530435833e+00
-3.267397972609711765e+00
3.658156024202042556e+00
-3.361970638573346548e+00
2.480008626975700903e+00
-1.245868050569762797e+00
-3.109313325479989842e-02
1.040375368677729950e+00
-1.544849497367315694e+00
1.437153238654786724e+00
-7.643723117575420556e-01
-2.848895821469781264e-01
1.427818769551730371e+00
-2.357505888231541391e+00
2.818769614220614006e+00
-2.671221397056153801e+00
1.924216543609842400e+00
-7.351793646939805971e-01
-6.283006467611467194e-01
1.853391835786082353e+00
-2.658176388357517350e+00
2.860510125539204473e+00
-2.422814074608501844e+00
1.461857548097983628e+00
-2.210841417308570256e-01
-9.878767518144599968e-01
1.860385869261794056e+00
-2.172469365789317486e+00
1.835154003972833792e+00
-9.162974651871598208e-01
-3.753834080005865603e-01
1.740231001018765378e+00
-2.859438496780961181e+00
3.471350686181190248e+00
-3.433829754577448767e+00
2.757632801490210728e+00
-1.602786636333930037e+00
2.389234868288142577e-01
1.020720059560976667e+00
-1.895559565521120149e+00
2.205621419656253135e+00
-1.914684394799017753e+00
1.138130044585335732e+00
-1.136160744257419253e-01
-8.582675310975995675e-01
1.488893233046767239e+00
-1.573781981351614734e+00
1.044463053029469624e+00
1.268746743266913057e-02
-1.375315757547111772e+00
2.737200624401964433e+00
-3.781063940313967642e+00
4.254502254092651370e+00
-4.030683490204920894e+00
3.139125521167754229e+00
-1.759106326689324540e+00
1.772947133201359105e-01
1.280155788077609547e+00
-2.324637558007061067e+00
2.772641723574969408e+00
-2.587550542000203624e+00
1.885652074883732654e+00
-9.050498009894469842e-01
-5.485496523844091143e-02
7.084947889564774393e-01
-8.555349103799221311e-01
4.311162023049055492e-01
4.773235908691337848e-01
-1.650778946771676470e+00
2.791943181419581865e+00
-3.598074063133056999e+00
3.835734784408550091e+00
-3.399204863962186352e+00
2.338295409853623052e+00
-8.487098055661459473e-01
-7.728321375753732791e-01
2.197943277213458835e+00
-3.143688122613706781e+00
3.438875039337931483e+00
-3.063538460033450317e+00
2.152114753837751859e+00
-9.596027039318814067e-01
-2.010437461347693855e-01
1.035088687461608759e+00
-1.337286042576774525e+00
1.040996610735944072e+00
-2.332945938691000087e-01
-8.675219211550938558e-01
1.966466909295563781e+00
-2.765116459364813650e+00
3.035699122383236137e+00
-2.677954398466384500e+00
1.744879640532035925e+00
-4.310507290765286381e-01
-9.736972331086981569e-01
2.154015945650457287e+00
-2.845296555817713458e+00
2.897908396253127794e+00
-2.313798974657371499e+00
1.246520708891819984e+00
3.538761634317688642e-02
-1.212851927780344896e+00
1.992982260520244520e+00
-2.179516316854642533e+00
1.675588506826699131e+00
-4.339867772996000461e+00
5.315720360289637014e+00
-4.802913995447553042e+00
3.362408052015624538e+00
-1.761204576757148477e+00
7.684551137977129187e-01
-9.531638952982008917e-01
2.533317564760222851e+00
-5.313630562678890001e+00
8.727400477798884282e+00
-1.197249452020841787e+01
1.420843010133730999e+01
-1.476647685840077173e+01
1.332135468647171805e+01
-9.982256684468698182e+00
5.280374899878622408e+00
-5.513754736448661653e-02
-4.734090929501951095e+00
8.225995253754987857e+00
-9.852864301748738285e+00
9.466938820210721417e+00
-7.367428347556934654e+00
4.222009129203089017e+00
-9.020342323652559280e-01
-1.728566514967224244e+00
3.019668590534854147e+00
-2.686904475987169860e+00
8.728254398504624589e-01
1.896944878420938618e+00
-4.851232740666189258e+00
7.170423996014647194e+00
-8.194634204629529961e+00
7.591793159900849020e+00
-5.444329280290921780e+00
2.233028860465634757e+00
1.278242528822175483e+00
-4.229038141300152986e+00
5.874670452670020637e+00
-5.772577738933560632e+00
3.897054797505267398e+00
-6.539488515280216241e-01
-3.208887732098100631e+00
6.774342931239068832e+00
-9.170752859987807426e+00
9.777106895898340255e+00
-8.369502758112268737e+00
5.173735403827445900e+00
-8.115268264012729382e-01
-3.846461531268168255e+00
7.885256000957727274e+00
-1.055845552408105803e+01
1.145815808747583020e+01
-1.060128352297367726e+01
8.412048547579912494e+00
-5.605623365962796534e+00
3.002006911699604430e+00
-1.316071629688535971e+00
9.754446095204576395e-01
-2.011026015370830144e+00
4.047170049716699580e+00
-6.394189803501801883e+00
8.220817518021537040e+00
-8.764641128629914846e+00
7.529117185271894108e+00
-4.418827282193646511e+00
-2.205331793554061726e-01
5.667955713003895113e+00
-1.098364469904319307e+01
1.521922503452551467e+01
-1.763154648466615981e+01
1.784906112306558512e+01
-1.595114549752586797e+01
1.244170902975371007e+01
-8.123894388004810452e+00
3.906465204515793488e+00
-5.888302930418030101e-01
-1.323384701953250087e+00
1.727929273715381520e+00
-9.347392727785734934e-01
-4.273715614285066300e-01
1.582591505179008262e+00
-1.815890007924300775e+00
6.653069755252731809e-01
1.948831503569475210e+00
-5.689953101581853190e+00
9.875462264235233434e+00
-1.363461693503187355e+01
1.611605825096868472e+01
-1.669472817281502586e+01
1.512784101879096355e+01
-1.162173007591389151e+01
6.792831736489335803e+00
-1.531604109996774099e+00
-3.198383215095508714e+00
6.578288675737221425e+00
-8.116779394421598681e+00
7.754242476025588360e+00
-5.863905381303979425e+00
3.150241357450380697e+00
-4.698078183464993174e-01
-1.381689952650837050e+00
1.864313899134008246e+00
-8.235593278104600401e-01
-1.476435993180313044e+00
4.423774901319733388e+00
-7.216014894523183010e+00
9.064902866132850789e+00
-9.398231590285885062e+00
8.009105917268719566e+00
-5.115702459561794591e+00
1.316403569858638267e+00
2.549309943774864085e+00
-5.600808946663941690e+00
7.128780161592607634e+00
-6.768662419614645209e+00
4.592807783038413305e+00
-1.098678643364944252e+00
-2.904522116944653121e+00
6.483855681142711269e+00
-8.800316855810015326e+00
9.304031396025882472e+00
-7.860283542123910117e+00
4.776403719564223493e+00
-7.235058809163668059e-01
-3.427552735786745686e+00
6.815961184003876738e+00
-8.795540451452541930e+00
9.084617625902088989e+00
-7.825135415758760260e+00
5.537130927779562839e+00
-2.980243188843844315e+00
9.565701732306246541e-01
-1.034873262699580465e-01
7.274885674579305572e-01
-2.720121706998446243e+00
5.577088391543416179e+00
-8.516421875286656729e+00
1.066745532841405009e+01
-1.128493040688449511e+01
9.936294205365655330e+00
-6.616533156681612127e+00
1.762277925075690366e+00
3.838823364839719865e+00
-9.222202313096840243e+00
1.346253367325910766e+01
-1.588041997694246277e+01
1.619036992747176029e+01
-1.455505529832251810e+01
1.153349035232727537e+01
-7.936389815585184415e+00
4.624317915152216685e+00
-2.297925886938059215e+00
1.331278655801767741e+00
-1.688591680614536017e+00
2.944240189528420260e+00
-4.400641910892533204e+00
5.274692040852347219e+00
-4.906660227053742496e+00
2.939920424104793817e+00
5.730754609293793322e-01
-5.165256521907830134e+00
1.005206317346952005e+01
-1.430845901518884844e+01
1.708349489653701170e+01
-1.780079571871612387e+01
1.629654717416461196e+01
-1.286150669111641776e+01
8.176635464642387774e+00
-3.157559784629035082e+00
-1.254983861003051260e+00
4.308600146046140722e+00
-5.605617298174923491e+00
5.182909170263600984e+00
-3.486672802227631429e+00
1.249120428895000856e+00
7.022467139162742455e-01
-1.655888932462965535e+00
1.196293822536704354e+00
6.910975367363789701e-01
-3.615627528878151420e+00
6.878721973907186538e+00
-9.648823563695447803e+00
1.117102981519262883e+01
-1.095995689904409787e+01
8.928332509082512303e+00
-5.419372717409141949e+00
1.134347678094771439e+00
3.027777845097218368e+00
-6.180317675939696720e+00
7.657975032607476251e+00
-7.174671012897444911e+00
4.891943969725538466e+00
-1.381295627256028169e+00
-2.510579672944027063e+00
5.861339498518027824e+00
-7.889385667166758154e+00
8.135192416244573010e+00
-6.564230121390534300e+00
3.567189738865268023e+00
-2.140262138250245361e+00
2.184799806527530919e+00
-1.642765740505471861e+00
6.740865122330705894e-01
4.532106788319038015e-01
-1.428737571018338759e+00
1.976101561594456157e+00
-1.921319692162490433e+00
1.236635694256379869e+00
-4.903534012018551103e-02
-1.388693911058153097e+00
2.757434843151906456e+00
-3.747416476293784271e+00
4.131834035998587673e+00
-3.820645208983457053e+00
2.881573104979512134e+00
-1.523286408353839994e+00
4.488334882271183268e-02
1.236042356698659805e+00
-2.059305251301549511e+00
2.283617502936557742e+00
-1.918804067585171413e+00
1.121011362676937129e+00
-1.521770133301838523e-01
-6.862846896033982791e-01
1.129361595019182207e+00
-1.015343970544166252e+00
3.273871539917514450e-01
8.004624762448908637e-01
-2.114336241618028467e+00
3.301240407464395510e+00
-4.064699316806653862e+00
4.197005794568541504e+00
-3.630533332165469140e+00
2.455615973028185461e+00
-9.005872933001681790e-01
-7.212711882991442724e-01
2.085110722994968135e+00
-2.930543457440164090e+00
3.122000171205107755e+00
-2.678901968507137799e+00
1.768448087096202492e+00
-6.628801708928107050e-01
-3.283153950757191630e-01
9.347472862243324521e-01
-9.914350007744217042e-01
4.789949578400234387e-01
4.720398601282520534e-01
-1.613773418321152286e+00
2.642408548983328664e+00
-3.273618033910602243e+00
3.313436057217985287e+00
-2.707359843484661521e+00
1.555636657201317608e+00
-9.092086263452774098e-02
-1.376373105214355519e+00
2.531842163507090682e+00
-3.132151002213062529e+00
3.063200503282351495e+00
-2.367309969236667477e+00
1.232810813600520916e+00
5.145132337108238030e-02
-1.165713058264413515e+00
1.836163208594546958e+00
-1.900507118281993701e+00
1.346395600515708058e+00
-3.134738879297275238e-01
-9.413709228284854458e-01
2.107065034728831776e+00
-2.894353039986544474e+00
3.106275277993743700e+00
-2.686000775177449285e+00
1.730414434232772081e+00
-4.661871488025005061e-01
-8.058205204099587737e-01
1.784271322371558055e+00
-2.241224123330168183e+00
2.078164970787230281e+00
-1.350523670276506660e+00
2.546552041916834708e-01
9.196164742068034803e-01
-1.859423617299250431e+00
2.305188355416992518e+00
-2.114349896110299998e+00
1.297007338756155148e+00
-1.479319169462478545e-02
-1.456805401471831463e+00
2.793608723824426043e+00
-3.699665634924701685e+00
3.977365217932441244e+00
-3.573826293421439981e+00
2.592406272615848106e+00
-1.266626739918796707e+00
-9.708072279572443897e-02
1.193857680792856701e+00
-1.794022213042881564e+00
1.797922873960600132e+00
-1.258750388648700369e+00
3.678165069120651887e-01
5.940576043152014929e-01
-1.327155113507732853e+00
1.588234465184077848e+00
-1.252246125272120203e+00
3.452913418049159411e-01
9.593014731838674924e-01
-2.380949539609298338e+00
3.598242700421818263e+00
-4.325790510919524934e+00
4.382902429941716527e+00
-3.737468201220567110e+00
2.514393863610643098e+00
-9.665198697360009028e-01
-5.849767524276079378e-01
1.826315135672562651e+00
-2.524703610979431190e+00
2.582054160726745984e+00
-2.055913496756324399e+00
1.142664865860609336e+00
-1.272068875385363729e-01
-6.885594442757776434e-01
1.060978025453637397e+00
-8.652766341055193600e-01
1.268251700082143607e-01
9.846019872877641577e-01
-2.196168343499175890e+00
3.198863071787193313e+00
-3.723649866171181877e+00
3.608322568076970605e+00
-2.838750413954321594e+00
1.554398018858982766e+00
-1.666810389213566057e-02
-1.452363460465974088e+00
2.546059843220977559e+00
-3.045807491218486263e+00
2.872536633538754991e+00
-2.104733188713493242e+00
9.586055538724852498e-01
2.647706759396015741e-01
-1.252517464477039377e+00
1.755533826031592692e+00
-1.648304011450553386e+00
9.584903140456907389e-01
1.407914580772786639e-01
-1.374055684093527407e+00
2.431352264510345584e+00
-3.044439113613515158e+00
3.052672436666300282e+00
-2.442575831492911131e+00
1.351454742115127283e+00
-3.416774407571032679e-02
-1.198872858621464310e+00
2.057397458934435264e+00
-2.342257778751552610e+00
1.994403698607637887e+00
-1.109903564632748418e+00
-8.271154474438044413e-02
1.277356030789377428e+00
-2.164294630197370672e+00
2.505167543756960935e+00
-2.190972545296763663e+00
1.268958014466876616e+00
6.809573024830023469e-02
-1.527624158846729863e+00
2.786993726289328066e+00
-3.570326470727870571e+00
3.713867258144069261e+00
-3.204119540831103841e+00
2.179590884001663564e+00
-8.958217650241491192e-01
-3.377232588970855431e-01
1.233504955640613687e+00
-1.596026030143940844e+00
1.369152664642125927e+00
-6.491337122368227019e-01
-3.398400917787818831e-01
1.301577853007052310e+00
-1.941702196655409995e+00
2.041345449919490740e+00
-1.512747377084014522e+00
4.231501307900999986e-01
1.018930289137688572e+00
-2.511850041992869542e+00
3.731839493823245757e+00
-4.409743467978632481e+00
4.394973225984813325e+00
-3.691225480584587437e+00
2.455349195352720226e+00
-9.596551117825471433e-01
-4.731957725360644851e-01
1.546964036478717164e+00
-2.061701435475889799e+00
1.959855034609862656e+00
-1.337529388901160798e+00
4.182991795930756096e-01
5.039400844308064009e-01
-1.139081652233871367e+00
1.273766277672816472e+00
-8.253709432627429621e-01
-1.361698251078777844e-01
1.404078360903547429e+00
1.418905711522995272e-01
-3.704288035150742786e+00
6.328211862069305305e+00
-7.481681778130341520e+00
7.019687340420693644e+00
-5.214772299558854129e+00
2.683804197495575306e+00
-2.290538257312837445e-01
-1.367343707746637271e+00
1.545037586723875478e+00
-1.135674421240562282e-01
-2.689776893119755208e+00
6.247144887031080174e+00
-9.701626902972417810e+00
1.215935157599784233e+01
-1.290362547147140049e+01
1.156947402312924389e+01
-8.236363449200213793e+00
3.416536951323960292e+00
2.058472594186232740e+00
-7.226073129784723825e+00
1.121053783876867271e+01
-1.341850480462180606e+01
1.366547045864816923e+01
-1.220348955200376295e+01
9.644266766732831897e+00
-6.797157867159377531e+00
4.462146482457841401e+00
-3.228645031023729572e+00
3.329376076547654328e+00
-4.585019628577382100e+00
6.453066941000273005e+00
-8.168812394922028375e+00
8.943844506446318121e+00
-8.173253848015175294e+00
5.600502403818939712e+00
-1.399056075170452385e+00
-3.849988534025723830e+00
9.279831106051977585e+00
-1.393080342191537824e+01
1.696817660522773963e+01
-1.787281159451912416e+01
1.655894512652059447e+01
-1.339088678487783213e+01
9.094717268525979392e+00
-4.586335737671594970e+00
7.572880837068654003e-01
1.730143543464762068e+00
-2.589524281272150397e+00
1.963740339071706753e+00
-3.732584717243085382e-01
-1.427367053235862215e+00
2.649029138253171212e+00
-2.674399064311407948e+00
1.220269546550267314e+00
1.584053163472574077e+00
-5.221722677644345723e+00
8.910828169652237563e+00
-1.179464741454964383e+01
1.315330861645036720e+01
-1.258511718777270616e+01
1.011301133461465795e+01
-6.189660523573952133e+00
1.599239951619952471e+00
2.721043972195299254e+00
-5.897113000242566905e+00
7.320091722611622664e+00
-6.785844416048057326e+00
4.538561141940629540e+00
-1.208103155574190124e+00
-2.343577489988035722e+00
5.229744957014758278e+00
-6.749849611408289540e+00
6.553363778480948199e+00
-4.717251821720449989e+00
1.718893738187593279e+00
1.688296935249049557e+00
-4.665699617756374096e+00
6.499809209283248457e+00
-6.780454071608495781e+00
5.503215628536007209e+00
-3.070895562340731022e+00
1.935414814944174111e-01
2.288663745887640211e+00
-3.616447832525295780e+00
3.304827810512413144e+00
-1.271362270430031138e+00
-2.132491522296520170e+00
6.195245771398824708e+00
-1.000730205135196016e+01
1.267236696646051186e+01
-1.351773522690834994e+01
1.225298216340797453e+01
-9.038985059742469019e+00
4.450781422961552991e+00
6.566566099623090125e-01
-5.347293254442082144e+00
8.819616288047395614e+00
-1.058713664426840140e+01
1.058066723602310688e+01
-9.148350351712366546e+00
6.954294230713390590e+00
-4.801314090400720325e+00
3.421670562435893181e+00
-3.287395188256923895e+00
4.486923923959683869e+00
-6.698512977550803882e+00
9.267237588554131378e+00
-1.136702858262045979e+01
1.220834577605450377e+01
-1.124079473874898127e+01
8.301016533011502219e+00
-3.669282000016931278e+00
-1.979766365394336702e+00
7.721194254754512265e+00
-1.258468614242997319e+01
1.577153158738492778e+01
-1.683194705966361582e+01
1.576051433804726543e+01
-1.298723942017413258e+01
9.266882613696946436e+00
-5.493688991853663772e+00
2.486530186359710903e+00
-7.964265476356118256e-01
5.827768364476160201e-01
-1.587761496958044027e+00
3.214407041878079241e+00
-4.688530215226000664e+00
5.264359178731328193e+00
-4.423013766988823647e+00
2.014794142616347372e+00
1.690054451876698671e+00
-6.055097936607221953e+00
1.022346330213751742e+01
-1.332054471851931510e+01
1.466460594499496572e+01
-1.393409888728783130e+01
1.125082637902233174e+01
-7.158323686213669212e+00
2.500114630380969594e+00
1.773312283693040392e+00
-4.822728989844685898e+00
6.111417107819768546e+00
-5.523780376298573103e+00
3.383211348058198897e+00
-3.654371608781769032e-01
-2.671212836194314377e+00
4.897182847089467828e+00
-5.713349828163894806e+00
4.894145036108539237e+00
-2.637692523005364276e+00
-4.887672433550733775e-01
3.694369885945826937e+00
-6.165092060084211845e+00
7.269864565686066094e+00
-6.721642516448463667e+00
4.653719646688463385e+00
-1.592229989328963091e+00
-1.668903829430786523e+00
4.260491624505450936e+00
-5.451439271366886885e+00
4.831092546922773678e+00
-2.416051913128595352e+00
-1.344882605807882658e+00
5.669392214649375816e+00
-9.620657049903302394e+00
1.232398877689955086e+01
-1.316924549258928145e+01
1.195061761157395708e+01
-8.910497416503449841e+00
4.677305489539868688e+00
-1.127304409595137891e-01
-3.894355395560210820e+00
6.637293745019828606e+00
-7.753733789894901030e+00
7.301472326133865209e+00
-5.730194107126352243e+00
3.756670199632426321e+00
-2.174505089650867973e+00
1.645467370215293990e+00
-2.523920820746149651e+00
4.757803471706946397e+00
-7.890941365662721196e+00
1.116676373636972208e+01
-1.370871270881378834e+01
1.473383407675490986e+01
-1.374777065034467682e+01
1.067367354731229057e+01
-5.883369902590761313e+00
1.226500550927527161e-01
5.651934246621502567e+00
-1.048602216026081280e+01
1.363941567436001989e+01
-1.474660771344423082e+01
1.388786368989018527e+01
-1.155448503890116640e+01
8.517440006339706215e+00
-5.631834137559777353e+00
3.625068541375994435e+00
-2.920277700301404877e+00
2.632275316548738253e+00
-3.600615268404877778e+00
3.967388847573891653e+00
-3.645488552471071841e+00
2.705259106398082203e+00
-1.356924892109234726e+00
-1.004754654582409312e-01
1.351223238400510729e+00
-2.138610953393591085e+00
2.325842784461668256e+00
-1.927411348787115841e+00
1.103407182851127821e+00
-1.182335223274931790e-01
-7.261464241512516349e-01
1.166110920636283854e+00
-1.042885676758038116e+00
3.433913685886076372e-01
7.945959741451444902e-01
-2.114326191210039507e+00
3.301343800623139479e+00
-4.059334621757990647e+00
4.182175168287395550e+00
-3.604701598809235019e+00
2.419849115966104414e+00
-8.579448192749229429e-01
-7.669046929110385769e-01
2.130426216251449567e+00
-2.974051235455691611e+00
3.164765309418783090e+00
-2.724546227474085036e+00
1.822377480958400353e+00
-7.308947113302601828e-01
-2.417114616642654923e-01
8.279301238269338725e-01
-8.667470649052626541e-01
3.430449775619861530e-01
6.089728116783680312e-01
-1.739136141627616094e+00
2.743289566870929619e+00
-3.338782242593854477e+00
3.335050748534643006e+00
-2.682057849636522828e+00
1.484717570533375497e+00
2.030893078451091738e-02
-1.519924496389734037e+00
2.698688505664617932e+00
-3.313790535178558372e+00
3.252770117170655340e+00
-2.560011024935457069e+00
1.425591260636889235e+00
-1.391806429610219498e-01
-9.798628427254435502e-01
1.659290436098595389e+00
-1.739088614076386596e+00
1.209211115532110803e+00
-2.108467445364061721e-01
-9.989995038613754819e-01
2.110938126938141313e+00
-2.839179175134680655e+00
2.991577505176696850e+00
-2.516707498888801631e+00
1.516529803400133769e+00
-2.215828893317148551e-01
-1.065254087697387053e+00
2.042736356680863175e+00
-2.484957037226061871e+00
2.296825347498305803e+00
-1.537783167730405243e+00
4.079310457057724326e-01
8.001380832235174267e-01
-1.772167399441253899e+00
2.248582923653397181e+00
-2.087857312673159882e+00
1.301519684191973614e+00
-5.229951756445072597e-02
-1.384182336941669922e+00
2.684936034538553784e+00
-3.556511621473922524e+00
3.804716693402343530e+00
-3.380317401509917552e+00
2.389727058104988533e+00
-1.068178729418097550e+00
-2.780278419246267063e-01
1.346125202488612338e+00
-1.910174986034496314e+00
1.875253555744522016e+00
-1.299380359050850808e+00
3.778965776221425710e-01
6.058610801800223822e-01
-1.351544543137443544e+00
1.617114468977050912e+00
-1.280107307270984984e+00
3.698614850782544483e-01
9.372406926715799447e-01
-2.358480224890298516e+00
3.571688577094048966e+00
-4.292176407792776871e+00
4.341107118976859525e+00
-3.688768819086035489e+00
2.462261072689567509e+00
-9.157183483305606497e-01
-6.297462962854331048e-01
1.861873381311492492e+00
-2.550556904642621969e+00
2.600937650349626651e+00
-2.073532535178899128e+00
1.166648835864312783e+00
-1.654844181467711728e-01
-6.296074948838972229e-01
9.781676415160220905e-01
-7.596874792967507339e-01
4.028532915272498016e-03
1.115221531811750877e+00
-2.322859066771494341e+00
3.309408076107602348e+00
-3.807313200986264690e+00
3.657425122360099312e+00
-2.849555799254650079e+00
1.527157095880657733e+00
4.512792710846746935e-02
-1.543286162171431775e+00
2.660242887060503936e+00
-3.178247953821190741e+00
3.019867600521014772e+00
-2.265282365169104750e+00
1.131745392473222367e+00
7.978684223047127766e-02
-1.057898504743687518e+00
1.556081682150424195e+00
-1.451982474116125355e+00
7.762120988115570608e-01
2.961911243944286287e-01
-1.489490796715594145e+00
2.495471408150716996e+00
-3.049505696997240278e+00
2.995932051909233174e+00
-2.326810194071877724e+00
1.184599927477074210e+00
1.719184847860746324e-01
-1.430223125562849917e+00
2.299932644000479254e+00
-2.583548221649751397e+00
2.224841795124500976e+00
-1.323087891287632267e+00
1.096157934838899450e-01
1.107701879592745353e+00
-2.018626265115218033e+00
2.385461232512295471e+00
-2.100571653705657571e+00
1.212593155938886724e+00
8.500546238943257338e-02
-1.500230738584016565e+00
2.712526710510271499e+00
-3.449453931779949301e+00
3.551536883834728986e+00
-3.009617446820968212e+00
1.965734574230491472e+00
-6.774067851429967924e-01
-5.459250843391540986e-01
1.418787445311855855e+00
-1.749407047087517597e+00
1.486308990974123834e+00
-7.304354765508063174e-01
-2.901686519105924345e-01
1.276948718102524527e+00
-1.934941067732392606e+00
2.046338948854037998e+00
-1.525588750460406207e+00
4.425463363735628874e-01
9.920385791049959323e-01
-2.475307015408813704e+00
3.683625627429072402e+00
-4.349274813372649540e+00
4.323981278463600475e+00
-3.613960370959225621e+00
2.378023964023118886e+00
-8.892456345492388836e-01
-5.305106424473291504e-01
1.587336517622319976e+00
-2.084730817675888748e+00
1.968983571434484992e+00
-1.339581886725019544e+00
4.222319521058350844e-01
4.888259569198343257e-01
-1.105076899132101165e+00
1.216413240541767360e+00
-7.444795743543020095e-01
-2.363708712660810285e-01
1.515679131599159568e+00
-2.797073823192164799e+00
3.769906549616631963e+00
-4.184948242188575307e+00
3.915750497272864283e+00
-2.990727044413822977e+00
1.588091416180093418e+00
5.219334640779726975e-03
-1.460779878899664652e+00
2.485875906622731613e+00
-2.892056019700287806e+00
2.638518048256879744e+00
3.537853798753628709e+00
-5.098695372785474689e+00
6.927928362721390343e+00
-8.233288444695565644e+00
8.314094140387389587e+00
-6.749219126191524865e+00
3.517519529374843135e+00
9.794347559061660213e-01
-5.998715296859889357e+00
1.062250922773824513e+01
-1.396994821974474377e+01
1.540334882401856120e+01
-1.467908117877928831e+01
1.200651331566335855e+01
-8.000579718552801367e+00
3.539143891438246037e+00
4.407409750675537197e-01
-3.158877551548477491e+00
4.168589359502328229e+00
-3.451924516777866714e+00
1.411087566938358906e+00
1.241074179637116304e+00
-3.664295658411932166e+00
5.102834906371398915e+00
-5.074321142082251157e+00
3.489480118748086390e+00
-6.736640902931987362e-01
-2.714876587866045465e+00
5.849818481795194813e+00
-7.944216519821956979e+00
8.449656222713517906e+00
-7.198122502106054199e+00
4.451472152249809078e+00
-8.458339301736295113e-01
-2.756183469574609468e+00
5.470124663539201570e+00
-6.601885518126533903e+00
5.816206113654971865e+00
-3.220622006965464301e+00
-6.556247858743977641e-01
4.982894508510420373e+00
-8.823690630776642507e+00
1.135028571524430774e+01
-1.203528790216560651e+01
1.076961900068162947e+01
-7.879993847326618450e+00
4.042336448704025642e+00
-1.127355660755133826e-01
-3.082571700377111146e+00
4.946913665179508257e+00
-5.253999876166654204e+00
4.195727907816675817e+00
-2.325632859036467437e+00
4.121374722918171862e-01
7.621901456627737659e-01
-6.059326985565425261e-01
-1.121959743179279378e+00
4.238528915712852729e+00
-8.167468891942855080e+00
1.206744978442077176e+01
-1.502766655128539419e+01
1.628371936914950169e+01
-1.540182172482461098e+01
1.238681693995427935e+01
-7.687758174631134089e+00
2.099448529169188671e+00
3.416620774300574759e+00
-7.949119986984541697e+00
1.083968454600290166e+01
-1.182335643680842274e+01
1.107354079474221287e+01
-9.141535535221510855e+00
6.806232367712873099e+00
-4.871292869250055446e+00
3.959711261896704748e+00
-4.356134192726662135e+00
5.935515512172703012e+00
-8.195513579525478320e+00
1.038463945863250970e+01
-1.169471235809253606e+01
1.147037670088971772e+01
-9.384128625837275806e+00
5.533542600098151354e+00
-4.361876627293901354e-01
-5.077480069575910804e+00
1.004818274789336741e+01
-1.360503142440181890e+01
1.516390896371015629e+01
-1.455946530661824667e+01
1.207909006263461826e+01
-8.390810497779900956e+00
4.382593226705971290e+00
-9.518220493771076818e-01
-1.204373337476506656e+00
1.747630330699518453e+00
-7.679396470244612694e-01
-1.251802451631247370e+00
3.566860137267715558e+00
-5.364736376298584908e+00
5.974426670472280598e+00
-5.039430643252480024e+00
2.612036198386754826e+00
8.543402548802085938e-01
-4.613054836690341887e+00
7.806164362429122150e+00
-9.676023194154574014e+00
9.754827039192537796e+00
-7.985596301113059070e+00
4.744626357534881045e+00
-7.592808994399452560e-01
-3.059616569707360956e+00
5.830786632224667976e+00
-6.909800694398276377e+00
6.040871946296935135e+00
-3.416643734514895669e+00
-3.683480667805915099e-01
4.459235143889924480e+00
-7.943212979601602441e+00
1.006399009358175078e+01
-1.039672787847416835e+01
8.941612076236477691e+00
-6.114020935751014463e+00
2.634383806220117030e+00
6.548431759451140977e-01
-3.000025231422219552e+00
3.923305869551572567e+00
-3.339887825071159000e+00
1.576922985188121018e+00
7.106461553009084664e-01
-2.706754317586625103e+00
3.642641335842964789e+00
-2.995983189311910877e+00
6.317757755965098809e-01
3.149959994679094155e+00
-7.672046274985637737e+00
1.203039298659266265e+01
-1.530098509675482532e+01
1.675413967723866904e+01
-1.602468142715089527e+01
1.319722884390433393e+01
-8.786198502842349711e+00
3.615478056192535927e+00
1.373148848499883723e+00
-5.336664542201009276e+00
7.720513831252377557e+00
-8.375996599067375925e+00
7.577698099164743795e+00
-5.937646420658723834e+00
4.237988611921417181e+00
-3.223739050208290102e+00
3.406780557466498216e+00
-4.929457561668413312e+00
7.521486670784961248e+00
-1.056107797409814708e+01
1.322566100512244347e+01
-1.469564200488887451e+01
1.436152691127585435e+01
-1.198371669624908264e+01
7.765579299221714749e+00
-2.321294174996152648e+00
-3.454609999907970241e+00
8.585310382458311906e+00
-1.223023185908407484e+01
1.387195721613507260e+01
-1.342697266375365928e+01
1.125406442308753086e+01
-8.058849038210272653e+00
4.717929413540684180e+00
-2.065462676890354565e+00
6.938348174218065267e-01
-8.165108048139977370e-01
2.225858884364651846e+00
-4.355549506818135796e+00
6.431640455226890651e+00
-7.674871261761319730e+00
7.504243899454813516e+00
-5.691683573734252377e+00
2.429519475943950457e+00
1.706203402704637107e+00
-5.888143093855363830e+00
9.233968257222729292e+00
-1.101902269194157746e+01
1.085365714682725446e+01
-8.781933679409348770e+00
5.277328824189837064e+00
-1.135926941638439436e+00
-2.707621995868061848e+00
5.397413933564431332e+00
-6.354837458249917859e+00
5.410835717238716036e+00
-2.840367058906936304e+00
-7.088372558652777933e-01
4.375616679326993719e+00
-7.294012458041089886e+00
8.800587877494727707e+00
-8.590331414913535468e+00
6.783674666098095329e+00
-3.888864120162564664e+00
6.694258121027178987e-01
2.050440182474134510e+00
