3.700236659948072937e-01
-5.048393657322474137e-01
5.416521756204866200e-01
-4.988247434579378692e-01
4.109423071618127921e-01
-3.189010123719926426e-01
2.587896266611622864e-01
-2.522344911583218607e-01
3.005196485565497233e-01
-3.838996768619016287e-01
4.662987013384951585e-01
-5.043180902458750392e-01
4.584511227820161072e-01
-3.038625626673921998e-01
3.816063717572032443e-02
3.157456226595603543e-01
-7.125004047930042494e-01
1.092361531300335642e+00
-1.392767128824905276e+00
1.560893828793047167e+00
-1.564445124580298385e+00
1.398287490894686957e+00
-1.085471184925336008e+00
6.724234946418816694e-01
-2.194000104651235572e-01
-2.116709475054943113e-01
5.692526430414126537e-01
-8.215254253936334905e-01
9.609765132775798246e-01
-1.003357300483370462e+00
9.814079112243646597e-01
-9.349439565291931542e-01
8.997205930627808490e-01
-8.977468224724726165e-01
9.313607016450329290e-01
-9.824785907246799121e-01
1.017206638112778450e+00
-9.947335523871088103e-01
8.784037099786322633e-01
-6.463349638652768903e-01
2.990208328315083763e-01
1.379734591328615756e-01
-6.169996300878145545e-01
1.076478201643081167e+00
-1.452501949009985083e+00
1.691372287194538027e+00
-1.760312031924215814e+00
1.653985191528911436e+00
-1.395379886182955831e+00
1.030864146651989444e+00
-6.205211229695858366e-01
2.259151776502161812e-01
1.020038898053338694e-01
-3.322100795513213134e-01
4.581338334598307749e-01
-4.965338132836276674e-01
4.811226451804472282e-01
-4.525560074712630110e-01
4.472111141175361682e-01
-4.874333100502473703e-01
5.755617909379573405e-01
-6.931436422468266745e-01
8.055184252408591483e-01
-8.706870505272334970e-01
8.503617948523699566e-01
-7.205643014203553243e-01
4.792185994028206331e-01
-1.488596088182784216e-01
-2.263092237683780594e-01
5.884774468394176061e-01
-8.776914411105783964e-01
1.044204025224576560e+00
-1.058963629316360677e+00
9.198915906182706381e-01
-6.525268039811951137e-01
3.048723987927012269e-01
6.242625504622845156e-02
-3.884037242163081438e-01
6.238809373248480616e-01
-7.407081074669839005e-01
7.361634034008016636e-01
-6.316388533220272938e-01
4.660473183396718344e-01
-2.855787127617466781e-01
1.322471436764769415e-01
-3.391825540350301704e-02
-1.867115760058546403e-03
-1.113684552844781961e-02
4.229734150100201984e-02
-5.281820964318062472e-02
6.651922676670474210e-03
1.190197078141360665e-01
-3.262797525075346594e-01
5.938125408604526534e-01
-8.798357193225605499e-01
1.130086014173173670e+00
-1.289137172401279452e+00
1.312536645831361426e+00
-1.177026571657083576e+00
8.865171897304386928e-01
-4.724169665748214619e-01
-1.181893859709584951e-02
5.007676528373897762e-01
-9.295573107808727809e-01
1.246098643770809478e+00
-1.420380040556240564e+00
1.448852280332600273e+00
-1.353047756402631085e+00
1.172884556229628172e+00
-9.562998520394817570e-01
7.476673553955794915e-01
-5.776961798689477234e-01
4.571298848770558587e-01
-3.756538778803291123e-01
3.061878789177967519e-01
-2.134724035190886382e-01
6.484686453003291051e-02
1.594045617961067363e-01
-4.586740040289937759e-01
8.094726619535239642e-01
-1.168435188145201753e+00
1.480332008576646485e+00
-1.689361264723413747e+00
1.751207278291410541e+00
-1.643139426552763238e+00
1.369835151986843691e+00
-9.635519194624581063e-01
4.785318630254898897e-01
1.918681367545393979e-02
-4.643498400707752327e-01
8.047253532216772642e-01
-1.010354282587054175e+00
1.077849666230298986e+00
-1.028906127529994441e+00
9.034885341537278736e-01
-7.493616349667693299e-01
6.104284435972082701e-01
-5.165815577976216044e-01
4.773865247531054457e-01
-4.810004134511242091e-01
4.984942187402411906e-01
-4.924797224894232883e-01
4.279324430743997598e-01
-2.825849635595431564e-01
5.435865045468624146e-02
2.360146966476007746e-01
-5.479134479136673619e-01
8.287289873133416584e-01
-1.025020332081553853e+00
1.094411500970866813e+00
-1.015516533849611491e+00
7.935929868087039374e-01
-4.605695589755907093e-01
6.935278343572104376e-02
3.163953776408372498e-01
-6.347961724292305874e-01
8.378739592803816638e-01
-9.006183534643245059e-01
8.250416618131819479e-01
-6.384147073115185034e-01
3.861742274794401908e-01
-1.211863290005908977e-01
-1.081482145767385106e-01
2.682312811684328113e-01
-3.467239993719779534e-01
3.537213057930058135e-01
-3.174815085090457734e-01
2.758169578335108452e-01
-2.652593653032836452e-01
3.106273230356922377e-01
-4.175260266617395466e-01
5.696227510307083630e-01
-7.314244998267080966e-01
8.559939252884840588e-01
-8.958736997342683361e-01
8.147174112937534129e-01
-5.969260401085763057e-01
2.530110833069899035e-01
1.806461136438969328e-01
-6.477097906938007466e-01
1.082267645838309367e+00
-1.421444772554090852e+00
1.617514366074743304e+00
-1.646871657815134560e+00
1.513938249652629686e+00
-1.249200105637437552e+00
9.018949954798489710e-01
-5.290551810908619146e-01
1.834079693589223403e-01
9.713992534677046153e-02
-2.961073189214113999e-01
4.197336503318516154e-01
-4.928069074470431410e-01
5.501367436122740484e-01
-6.257905653001754054e-01
7.427205680064924431e-01
-9.053078288368556770e-01
1.096659700122548431e+00
-1.281378307724978294e+00
1.413229080955856976e+00
0.000000000000000000e+00
4.697667687550399762e+00
-8.728532007403000392e+00
1.155912294997363077e+01
-1.289310597764869115e+01
1.272273324605103006e+01
-1.131701217445056784e+01
9.150004984363421912e+00
-6.786196325344184821e+00
4.749479103418149606e+00
-3.405820658535141376e+00
2.886291608454063073e+00
-3.067657131597828268e+00
3.614332596141518028e+00
-4.071275590695645263e+00
3.985596223061637300e+00
-3.028026344341264942e+00
1.085421573341258217e+00
1.697830680986537555e+00
-4.939798693700013565e+00
8.098458131948499172e+00
-1.058930971988345426e+01
1.191644007219801793e+01
-1.178699505338278541e+01
1.018261606129987484e+01
-7.371051992026646182e+00
3.854700254855561781e+00
-2.671548886436005965e-01
-2.759327920856724070e+00
4.725904872444555593e+00
-5.369306830833020960e+00
4.711421055941658054e+00
-3.045567851961193284e+00
8.631043568958920442e-01
1.262513967784240521e+00
-2.807529827886509288e+00
3.415422001648296124e+00
-2.973531146641560596e+00
1.631671903644082100e+00
2.409305414820957225e-01
-2.149803876963381821e+00
3.598151855737473870e+00
-4.209605495808103726e+00
3.821963068398205543e+00
-2.529831515450246648e+00
6.659384989521726084e-01
1.274882084657793957e+00
-2.751692257340629943e+00
3.306732664678567080e+00
-2.678039257683646923e+00
8.690922140157768538e-01
1.841099505012192772e+00
-4.950524476449224665e+00
7.838056864747917629e+00
-9.895689075534781054e+00
1.065954859530605958e+01
-9.910322390721619357e+00
7.720586388020917568e+00
-4.438534272259966329e+00
6.119792619792705501e-01
3.130019804944221828e+00
-6.211057503992538642e+00
8.226599013662006854e+00
-9.021851633097085710e+00
8.711245732052068647e+00
-7.635960418670677541e+00
6.270173582675106161e+00
-5.098455468092733867e+00
4.493268211191492334e+00
-4.621384301859355226e+00
5.401235861205757161e+00
-6.521323019445713243e+00
7.515580123511506727e+00
-7.878299000057203294e+00
7.191902521605321397e+00
-5.237696983580478083e+00
2.063446974368291720e+00
2.008629005400270895e+00
-6.436277627906412668e+00
1.056260661048317218e+01
-1.374930913220205397e+01
1.550810727523233723e+01
-1.560107873142284873e+01
1.408748480824005433e+01
-1.130676775119313859e+01
7.801781395917777751e+00
-4.199774459273504235e+00
1.078089854776884238e+00
1.155174923613485838e+00
-2.338921563909525769e+00
2.578275259851503520e+00
-2.201850170517920091e+00
1.667870033026700671e+00
-1.441663205894063715e+00
1.873536489830679663e+00
-3.105815201761006783e+00
5.030976082931658766e+00
-7.310878495869689075e+00
9.452863886750476397e+00
-1.092522128252717373e+01
1.128526469957748901e+01
-1.029017146353598555e+01
7.964510684208082836e+00
-4.608191717313432356e+00
7.421435609108080200e-01
2.996711960912475714e+00
-5.987974583832472497e+00
7.758164301129387042e+00
-8.079757383865743492e+00
7.016636878626679064e+00
-4.905827227484980568e+00
2.279783470329376449e+00
2.530738528811493637e-01
-2.142510292367940661e+00
3.015052541799410513e+00
-2.750432052364646829e+00
1.499095195622247800e+00
3.624660668861045543e-01
-2.327560475192535616e+00
3.883642982547414135e+00
-4.636052621240638771e+00
4.402319763179592726e+00
-3.255142047342736600e+00
1.504090184246229978e+00
3.796487817106566354e-01
-1.877931772416661982e+00
2.552958950023801687e+00
-2.157409507584778119e+00
7.014472426213052003e-01
1.539534184645936943e+00
-4.078970419641654743e+00
6.323313238406620407e+00
-7.703075808648405243e+00
7.801166969735943368e+00
-6.449390380538225997e+00
3.771083983303535891e+00
-1.600139129715421049e-01
-3.799955067493294258e+00
7.456503453365341372e+00
-1.022459682368956635e+01
1.170599550109252185e+01
-1.176600586618427258e+01
1.055077243172450352e+01
-8.442010982994730739e+00
5.960340894836424930e+00
-3.640024640039979609e+00
1.904301037664844820e+00
-9.701537412361469492e-01
8.043792290450557658e-01
-1.140822436856562261e+00
1.554397667722154708e+00
-1.574288528483143379e+00
8.095677914476855364e-01
9.424946936992979474e-01
-3.631271137624333178e+00
6.946719446947844823e+00
-1.037479364351360189e+01
1.330248989752805500e+01
-1.514916504431644029e+01
1.549454663013374756e+01
-1.417438663827249457e+01
1.132188593899607909e+01
-7.345202345463571980e+00
2.845772469002027627e+00
1.504465355350572686e+00
-5.099613016228357942e+00
7.519758741557497572e+00
-8.607846675920729496e+00
8.486882069005226015e+00
-7.514521024233752122e+00
6.186350705865796940e+00
-5.010780361305450903e+00
4.384781665897649283e+00
-4.499301645846228936e+00
5.296131200412533602e+00
-6.485975298879900208e+00
7.623211215125783369e+00
-8.219621444357185780e+00
7.870286338214937061e+00
-6.361914195716164677e+00
3.737846675582164657e+00
-3.039002752586839051e-01
-3.427184972152465203e+00
6.840744588555551786e+00
-9.351210685507343356e+00
1.052958296316540654e+01
-1.019838699464650844e+01
8.472395118846279161e+00
-5.735606021649227948e+00
2.559393975342924676e+00
4.199450249492238108e-01
-2.636848028058939253e+00
3.715000584462850419e+00
-3.542340211238398595e+00
2.286136800889323251e+00
-3.454121982453544626e-01
-1.747784080791143335e+00
3.455150420605098027e+00
-4.357614900440514916e+00
4.250670554581856386e+00
1.285369423202988304e-01
-3.166723108231311867e-02
-1.637128780064167621e-03
-2.208226972947152644e-02
7.711766656856317015e-02
-1.259148940011088347e-01
1.294667002161899449e-01
-5.827972853037710621e-02
-9.873291195191846725e-02
3.296140772023160026e-01
-6.001841496622278838e-01
8.602643014744871808e-01
-1.053987209040442075e+00
1.131918156094453565e+00
-1.062262985580287422e+00
8.386135261896555670e-01
-4.824381807924289500e-01
3.969404016790827050e-02
4.277485104924246828e-01
-8.540165102615121517e-01
1.181884910760584662e+00
-1.373414810774709061e+00
1.416292853701195176e+00
-1.324565520768488103e+00
1.133732743587676728e+00
-8.914358095272579829e-01
6.459549744481971612e-01
-4.351995103541672072e-01
2.787220558038079332e-01
-1.745569906307230523e-01
1.015393431888844122e-01
-2.647083925687679362e-02
-8.563909557115484406e-02
2.607544714229061422e-01
-5.070566675072327723e-01
8.104204346327050779e-01
-1.135312841710254261e+00
1.431045415751606376e+00
-1.642056916480260309e+00
1.719947945781669985e+00
-1.634550079135561607e+00
1.381494167578659393e+00
-9.845055364690233901e-01
4.918254184957066011e-01
3.252827945714420466e-02
-5.207911059587124747e-01
9.141673576841562454e-01
-1.173477184226072279e+00
1.285456180680465632e+00
-1.263415166257887856e+00
1.142242181067128159e+00
-9.689993620157595355e-01
7.913445863774287714e-01
-6.464695426523340283e-01
5.530885776813849741e-01
-5.082747026819658398e-01
4.897920420183580203e-01
-4.632829289956181817e-01
3.925306496236852238e-01
-2.502976663636307664e-01
2.710028652175872077e-02
2.642436258761682866e-01
-5.894764303992874321e-01
8.990940935566842374e-01
-1.138543584314958945e+00
1.260145968972657737e+00
-1.234035182501063810e+00
1.055590987264375835e+00
-7.476124897003095793e-01
3.566519419612176889e-01
5.575961385701025397e-02
-4.251121134952243197e-01
6.965310926187688878e-01
-8.352583521105170217e-01
8.327327345424758720e-01
-7.069988224354677442e-01
4.974491170533643647e-01
-2.551755137916090765e-01
3.117926379212537791e-02
1.348559530194806677e-01
-2.226878859904822261e-01
2.347413094030454672e-01
-1.937921564697740462e-01
1.357602574357129610e-01
-9.939732348017138452e-02
1.153751498545714793e-01
-1.974139780766226426e-01
3.376117559845213112e-01
-5.071522369426982868e-01
6.623100149926168800e-01
-7.544242115150585626e-01
7.415673723317223187e-01
-5.992111136658566650e-01
3.273849043293632910e-01
4.740336367018876951e-02
-4.760417284976027896e-01
8.957307713159674556e-01
-1.242044663215685851e+00
1.461519697233457427e+00
-1.522024972390033870e+00
1.418662086193680949e+00
-1.173941557762951060e+00
8.322652151462063275e-01
-4.500139686985716869e-01
8.351017880923022885e-02
2.224268298766073904e-01
-4.427853486482837830e-01
5.757305343686115462e-01
-6.403995659333371337e-01
6.697791689905634449e-01
-7.004576967703257662e-01
7.617592379344951814e-01
-8.668980938993862129e-01
1.008309031208895812e+00
-1.158323847810555085e+00
1.275105429155486414e+00
-1.312507356101722866e+00
1.231587535830115376e+00
-1.011086060086100025e+00
6.543787981982573942e-01
-1.911951286180042509e-01
-3.264355475360121162e-01
8.332365109902192257e-01
-1.262823968334310543e+00
1.560312069635986010e+00
-1.692640672431771076e+00
1.654384507160146400e+00
-1.467809531379337784e+00
1.177226679489400407e+00
-8.389625236163038569e-01
5.092318402270479272e-01
-2.326397402317681995e-01
3.386167965413328096e-02
8.570846587544872497e-02
-1.457134312494768047e-01
1.796588561614596014e-01
-2.246134799426840467e-01
3.102975136784209553e-01
-4.501994758723434908e-01
6.368741916846367701e-01
-8.425866909279962069e-01
1.025206749177716148e+00
-1.138017817721748370e+00
1.141168909793107478e+00
-1.012085386128039222e+00
7.523613165554020599e-01
-3.894367308844259856e-01
-2.745979985916955496e-02
4.363179794306775161e-01
-7.743827953996025304e-01
9.905994743529267232e-01
-1.055733746847101084e+00
9.679434622301799074e-01
-7.525902721897466119e-01
4.563665252739407818e-01
-1.370799037976334067e-01
-1.486016188270948835e-01
3.567070952398631589e-01
-4.642728141916862561e-01
4.726220250299023595e-01
-4.049978049641437816e-01
2.992322877897501954e-01
-1.972693771505730775e-01
1.340665724383765522e-01
-1.285230131158207612e-01
1.785887620294305811e-01
-2.617192587521334213e-01
3.405780595637632469e-01
-3.726517454784153416e-01
3.215096246983314976e-01
-1.670332718129777794e-01
-8.784757504034640396e-02
4.155925955232018243e-01
-7.681645155125588209e-01
1.086019770690654918e+00
-1.310049680757843671e+00
1.393851204801185517e+00
-1.313605327830715597e+00
1.073358193520438153e+00
-7.045186168483126288e-01
2.596742411584980759e-01
1.979057969820683383e-01
-6.067591428444519819e-01
9.189598570214065898e-01
-1.108536514861156341e+00
1.174799744662686329e+00
-1.139972838023910917e+00
1.041821260254184978e+00
-9.231102370488668551e-01
8.204249988527654303e-01
-7.550052733337137001e-01
7.277491308633163847e-01
-7.195472142949603800e-01
6.968469331499189678e-01
-6.211089666642939378e-01
4.598913755726629082e-01
-1.968944186435132027e-01
-1.614842119964440825e-01
5.847469259190549717e-01
-1.022531817803041809e+00
-3.187822730498484525e+00
1.462494121468079777e+00
4.669881289127745250e-01
-2.091512965573090632e+00
2.977542482349145203e+00
-2.875982261304998566e+00
1.787855427326611402e+00
2.897002253938252281e-02
-2.114133264764570530e+00
3.908196946197094679e+00
-4.881687710524596824e+00
4.660249570318156564e+00
-3.117085524522415163e+00
4.111634793532781273e-01
3.038083843637330972e+00
-6.634426287333710093e+00
9.728461285028867422e+00
-1.175368914100791784e+01
1.234468776610662033e+01
-1.141109746089513877e+01
9.151163250886833467e+00
-6.002298656178819414e+00
2.540393928209508712e+00
6.488649406505042627e-01
-3.097206847621581272e+00
4.550619371081642051e+00
-5.014105798123392965e+00
4.734766801822024362e+00
-4.127911036702927028e+00
3.664066580471742718e+00
-3.743781634323206653e+00
4.589897180440296154e+00
-6.182905403324634896e+00
8.255011673051299681e+00
-1.034489307614982856e+01
1.190102610232177227e+01
-1.241008938349566648e+01
1.152095388545598809e+01
-9.135541133894964361e+00
5.445198090925390311e+00
-9.035293139412747809e-01
-3.858963462803522315e+00
8.159851537761186435e+00
-1.140174814407452963e+01
1.319090781365946441e+01
-1.341123455569579903e+01
1.223758066867020311e+01
-1.008596901286979097e+01
7.512627308532588088e+00
-5.085227186100039987e+00
3.255849352704217381e+00
-2.264558551901124872e+00
2.095228339621635794e+00
-2.493079979262803114e+00
3.039094845956740620e+00
-3.263314166244148939e+00
2.770073412662490853e+00
-1.345489417988306347e+00
-9.783490690887299834e-01
3.917994105184540388e+00
-6.993918917003532520e+00
9.634226211395164441e+00
-1.130322487266585263e+01
1.162538862378458049e+01
-1.047604905349015780e+01
8.017600955790966211e+00
-4.672319769228854724e+00
1.037294006944331937e+00
2.239834895756794175e+00
-4.596676565846481211e+00
5.673120022074868984e+00
-5.383496305927541137e+00
3.927950729924702067e+00
-1.740878938941637255e+00
-6.114752095757531869e-01
2.560706761360248329e+00
-3.663615384299177435e+00
3.698366828786308513e+00
-2.707889352165079533e+00
9.811754575553209845e-01
1.022513330831746448e+00
-2.788407964964468633e+00
3.872904056594146827e+00
-4.012417909645654035e+00
3.188890472011526533e+00
-1.636488537728187254e+00
-2.122896531090826544e-01
1.828809749499452408e+00
-2.715228273555897687e+00
2.526718351194261913e+00
-1.160465761971040788e+00
-1.209616434842369692e+00
4.161162215907929784e+00
-7.108934833391733044e+00
9.428898057467755223e+00
-1.059308170161479801e+01
1.028497061937488155e+01
-8.469466396315887380e+00
5.401705266649420523e+00
-1.572828826033713323e+00
-2.394958507869274111e+00
5.880300425077102489e+00
-8.391841455169533504e+00
9.665701092776403769e+00
-9.709746991676542649e+00
8.785429806417891285e+00
-7.332291316708338336e+00
5.853377989541359128e+00
-4.788676535304986714e+00
4.406303374351575819e+00
-4.736933860435591725e+00
5.566833149121529267e+00
-6.491182128895368386e+00
7.015326342510943114e+00
-6.680352458084051648e+00
5.183602875359573758e+00
-2.465715823941887486e+00
-1.256687067305981120e+00
5.521170278772549622e+00
-9.706634717705250992e+00
1.315847955366140631e+01
-1.532400446560664875e+01
1.586779357266595269e+01
-1.474122733586867362e+01
1.219056716566707621e+01
-8.701900944903460555e+00
4.895466241575815225e+00
-1.393233826342291870e+00
-1.310454684011845394e+00
2.946287245378767850e+00
-3.513981471371613985e+00
3.263778266142262741e+00
-2.620685698474296998e+00
2.069828711496427331e+00
-2.030094097101168060e+00
2.745809020907644893e+00
-4.221879364023663150e+00
6.217640879563811396e+00
-8.300986928037088930e+00
9.950283791434243241e+00
-1.068040423332642419e+01
1.016347877838335201e+01
-8.316007995334075531e+00
5.331568204515563458e+00
-1.650744358068232831e+00
-2.125702272851549779e+00
5.361372791869841947e+00
-7.518683846467670406e+00
8.273036857761706386e+00
-7.580985692047091717e+00
5.687037059715137843e+00
-3.067580113388316931e+00
3.246492139726568915e-01
1.946467653873156678e+00
-3.285933405232797089e+00
3.465514547169136872e+00
-2.530867490405703357e+00
7.810314459594870362e-01
1.309416493443502860e+00
-3.207007036039441150e+00
4.447502576805784535e+00
-4.745694035042023806e+00
4.061444865826050687e+00
-2.606782298170186696e+00
7.925507276901762044e-01
8.728114230032997245e-01
-1.908665146355414066e+00
1.982351303121087760e+00
-9.958762633431788025e-01
-8.815452151760942989e-01
3.243318447989731013e+00
-5.531539713136830905e+00
7.160180096731012966e+00
-7.647596229099150378e+00
6.728263006809536151e+00
-4.418185169712155691e+00
1.018853756578462555e+00
2.941503215159451567e+00
-6.816438914988365738e+00
9.975386570261104424e+00
-1.193340521011108457e+01
1.244770753894313486e+01
-1.155973879147704686e+01
9.574021429426471386e+00
-6.979386903596505043e+00
4.331284242996110478e+00
-2.122597558652416616e+00
6.728267740337585678e-01
-6.104514639052727176e-02
1.177752892705772325e-01
-4.771916338839344851e-01
6.770240295058314040e-01
-2.824342920428302151e-01
-9.954791428002343068e-01
3.214728384802319816e+00
-6.171531186586971529e+00
9.431508143253442000e+00
-1.241669128483046158e+01
1.452910040408197467e+01
-1.528306120108594968e+01
0.000000000000000000e+00
5.270348648816710613e-01
-9.871794408853731273e-01
1.326019000002164994e+00
-1.511392458347681877e+00
1.538384325252299956e+00
-1.428520498430115415e+00
1.223460162429655718e+00
-9.747049921792640959e-01
7.317226969272723203e-01
-5.312061025967040884e-01
3.898895100298104821e-01
-3.024919900732213618e-01
2.451501278323002242e-01
-1.834191633874378002e-01
8.285725885400230251e-02
8.039227634996043426e-02
-3.116035936364180969e-01
5.940346024042763018e-01
-8.909695257727426876e-01
1.152867387526858689e+00
-1.328042443027265263e+00
1.374456163397855146e+00
-1.269907556257382053e+00
1.018238828874810542e+00
-6.500532208228431141e-01
2.176715830725343692e-01
2.146462767011704520e-01
-5.831169817633683472e-01
8.367868218143239556e-01
-9.471331207032559485e-01
9.128410174692929147e-01
-7.587672268887598603e-01
5.294067311686406763e-01
-2.784055888257317979e-01
5.653385442439884390e-02
9.915041597518942096e-02
-1.725223491876910487e-01
1.704317961545367688e-01
-1.192121204926475109e-01
5.658835107829199296e-02
-2.097983347466919613e-02
4.078909521832269069e-02
-1.262620615236811350e-01
2.658971516462967366e-01
-4.283126068199675229e-01
5.691991527747687352e-01
-6.417847201150026493e-01
6.083968306091154243e-01
-4.504215263434790950e-01
1.742933365828337466e-01
1.879661674567735807e-01
-5.839139267347605022e-01
9.505119549254223976e-01
-1.226506255240941146e+00
1.364658208726458266e+00
-1.341147511083399690e+00
1.160091425569711010e+00
-8.522154611746732833e-01
4.680173819301229887e-01
-6.699218563915759761e-02
-2.946483988227348583e-01
5.750184802339579626e-01
-7.539342450634392012e-01
8.350611957781712835e-01
-8.424860537689370377e-01
8.126539436087142354e-01
-7.836733766198975548e-01
7.845849165946485737e-01
-8.271787533935021086e-01
9.023352782814608730e-01
-9.817928489157921046e-01
1.024965521687725367e+00
-9.892366410829381840e-01
8.413185852603826120e-01
-5.669885965884203793e-01
1.768519399480052434e-01
2.933297354477605312e-01
-7.879768059575305017e-01
1.241636227525906522e+00
-1.591412490680783609e+00
1.789182599334493862e+00
-1.810920868363078196e+00
1.661093126517831475e+00
-1.371175735954063724e+00
9.926635278279644092e-01
-5.861545543356667665e-01
2.089602669436301241e-01
9.600766881845462786e-02
-3.076454781760804003e-01
4.288041990424059646e-01
-4.828398773379292686e-01
5.055195939261762916e-01
-5.342959369488192722e-01
5.975518240106469925e-01
-7.064018855388156659e-01
8.510209420145333770e-01
-1.002397426458538909e+00
1.119127991914611320e+00
-1.157675155339473516e+00
1.083678856273854185e+00
-8.816380132107836110e-01
5.606245424975635494e-01
-1.545820767356668735e-01
-2.830080562491640306e-01
6.890216099913759606e-01
-1.003022020886047638e+00
1.179327362825370873e+00
-1.196150829767112400e+00
1.059792879388982145e+00
-8.029633878781715639e-01
4.776215493008391655e-01
-1.439418777504378744e-01
-1.421310562983570391e-01
3.399823579295359055e-01
-4.316557768290951169e-01
4.238665417868757723e-01
-3.443781806141321122e-01
2.337132082437574920e-01
-1.342260717401572157e-01
7.915204015691140738e-02
-8.422487447468690602e-02
1.438355705642938021e-01
-2.326285191970757227e-01
3.121489690036457487e-01
-3.409630186669704854e-01
2.858441433322669867e-01
-1.313501145231580347e-01
-1.145353238157620912e-01
4.201296769658537933e-01
-7.353518431921254317e-01
1.001513737307680341e+00
-1.163475826352138309e+00
1.181473069801247888e+00
-1.039963231370173435e+00
7.514978541733063899e-01
-3.547208565094634447e-01
-9.309028316991757590e-02
5.273085012128085891e-01
-8.885864337494970844e-01
1.134065714297601390e+00
-1.244741660399363514e+00
1.227446418417947882e+00
-1.111144371840980138e+00
9.385253461241278572e-01
-7.549383956163673304e-01
5.972905567064721311e-01
-4.855092281926834952e-01
4.185417245631640193e-01
-3.757866254766532021e-01
3.235685385007278647e-01
-2.250772637679768762e-01
5.136918598454398577e-02
2.092364662942093334e-01
-5.456789141520470565e-01
9.240125781512776859e-01
-1.292787925372899771e+00
1.592863210781176653e+00
-1.769514273248321334e+00
1.784151885835676410e+00
-1.623010167214106181e+00
1.300825004776372751e+00
-8.586303800250414398e-01
3.561110519060112223e-01
1.398359553742520023e-01
-5.678374928048864900e-01
8.833074061232477625e-01
-1.065815254991389516e+00
1.121034117499153826e+00
-1.076976157365926001e+00
9.755174363005827409e-01
-8.612685043426397957e-01
7.704242303122967872e-01
-7.221947944058229041e-01
7.147891928495091474e-01
-7.268399246185831553e-01
7.238733238368978418e-01
-6.682409112449997357e-01
5.301077206282861498e-01
-2.968332154868855710e-01
-2.156011913306510319e-02
3.922380694395513068e-01
-7.649040167892247055e-01
1.081545499910912422e+00
-1.288443173990343471e+00
1.347756890347156844e+00
-1.246064993711599733e+00
9.978942647047397418e-01
-6.433899068340271921e-01
2.405849002617751475e-01
1.460623482194710054e-01
-4.583594238809361454e-01
6.555297785105743680e-01
-7.214088228433646055e-01
6.661763002640952447e-01
-5.223546664367887393e-01
3.360968568354349428e-01
-1.558392286092691315e-01
2.096708976463423912e-02
4.689791715400443151e-02
1.441620690471701138e+01
-1.195374754356200953e+01
8.211058335266205432e+00
-3.733545269624438223e+00
-8.130828539947034805e-01
4.777807829063840828e+00
-7.654563962144994349e+00
9.178925435058907567e+00
-9.370084171464217349e+00
8.509478079926926952e+00
-7.061849440678559020e+00
5.557558526839065038e+00
-4.463666708407926009e+00
4.073655780766206824e+00
-4.441140054373792445e+00
5.372603063953921954e+00
-6.480432897768142908e+00
7.283506647816538226e+00
-7.331512084841907750e+00
6.323638817513832500e+00
-4.193501907155012809e+00
1.139898903940045116e+00
2.404528128087815464e+00
-5.860313952203391352e+00
8.624548541144761771e+00
-1.020276761859735082e+01
1.031935289331685368e+01
-8.981150642392885075e+00
6.479530531539138494e+00
-3.330024667569275287e+00
1.628308100524233915e-01
2.411399304117800568e+00
-3.930481284943355913e+00
4.175567987611571219e+00
-3.210992878851330001e+00
1.360656338896625517e+00
8.730435048770557316e-01
-2.928715103852923551e+00
4.316261937576937768e+00
-4.728028136732442377e+00
4.105462129893510337e+00
-2.646345791278291948e+00
7.514283234409326884e-01
1.076671916540345553e+00
-2.358402214332752322e+00
2.756646311633959456e+00
-2.162417475251662502e+00
7.265433676589063694e-01
1.170496276514449985e+00
-3.004089350954430859e+00
4.227007135780599612e+00
-4.399103154539844240e+00
3.295300878329102900e+00
-9.667554945274781097e-01
-2.259367734662242277e+00
5.842129641118376071e+00
-9.137586676671169528e+00
1.153354267404396438e+01
-1.257823782884883457e+01
1.207427060408791775e+01
-1.011691848754482592e+01
7.068624369428389009e+00
-3.475866160029676522e+00
-5.237419815136501455e-02
2.976747535863145444e+00
-4.940279767037293546e+00
5.836378814274296722e+00
-5.817208191582073695e+00
5.241349756460160769e+00
-4.573698018174262359e+00
4.261526625754662234e+00
-4.616119237950457865e+00
5.728012053244058599e+00
-7.436065755092396756e+00
9.358072448904305674e+00
-1.097628677356666138e+01
1.175844416729557551e+01
-1.128644757998100445e+01
9.362902824924869805e+00
-6.070535315411006216e+00
1.770127868630826162e+00
2.963439781342733781e+00
-7.453381361075212652e+00
1.105674524281445947e+01
-1.329361548583250396e+01
1.394111031874113671e+01
-1.307146131258484090e+01
1.102610501075962901e+01
-8.332180385273993295e+00
5.580796865753245406e+00
-3.294958597582779092e+00
1.817161743611791280e+00
-1.241948487919652511e+00
1.408202052848622987e+00
-1.952119761940674714e+00
2.407789263944745350e+00
-2.331334450842705408e+00
1.419206896760472958e+00
4.073897045481205126e-01
-2.972069124872751544e+00
5.874409739057261604e+00
-8.575947641340018635e+00
1.052149191628467406e+01
-1.126791528134238796e+01
1.059064168322854016e+01
-8.542968219922014939e+00
5.454006761451564600e+00
-1.864979299982908012e+00
-1.582340616052138493e+00
4.280299243345077720e+00
-5.783076070868330198e+00
5.898882729225504384e+00
-4.726107345324061626e+00
2.625553825612813696e+00
-1.353894400943229659e-01
-2.151651551889658620e+00
3.720808095657783809e+00
-4.247530701677418641e+00
3.664190542425617370e+00
-2.166598631532363761e+00
1.595588778159677812e-01
1.845307798694827639e+00
-3.355303890859645310e+00
4.016459092376292617e+00
-3.699369200666534852e+00
2.530979538629177128e+00
-8.647949995187785843e-01
-8.036876911584132088e-01
1.956770142064519380e+00
-2.181742120052852840e+00
1.275781318372416706e+00
6.961537606786043497e-01
-3.404472804479937054e+00
6.319231199004359922e+00
-8.821602179423074119e+00
1.033773135750316641e+01
-1.046492221676416534e+01
9.061708639856572489e+00
-6.281465016721976546e+00
2.541941305476051127e+00
1.562417898495186863e+00
-5.385609141407485367e+00
8.364511733963222895e+00
-1.013252309721347899e+01
1.058717648181528759e+01
-9.897162150218669296e+00
8.448093767821172051e+00
-6.740376536786556905e+00
5.263430303452713233e+00
-4.375805563813411680e+00
4.219198923627556219e+00
-4.686388554724702615e+00
5.450512938513820238e+00
-6.048809716077975018e+00
6.001210197835668225e+00
-4.935979664680770540e+00
2.692798099594162942e+00
6.212870958807603650e-01
-4.636882166151572449e+00
8.788132541144500820e+00
-1.242537399281117061e+01
1.494963586853062409e+01
-1.593892790365977774e+01
1.523793720304578514e+01
-1.299092948798020331e+01
9.610428976373182053e+00
-5.688728213533296163e+00
1.872148023774425685e+00
1.273708115694650367e+00
-3.377577573541545419e+00
4.329890982102911678e+00
-4.289396367967817980e+00
3.628546714180446831e+00
-2.831149614092068223e+00
2.366633668409682478e+00
-2.570508122238944537e+00
3.558991481632183707e+00
-5.197739710414603920e+00
7.131972577389378287e+00
-8.870987886279642964e+00
9.907362293086004357e+00
-9.842987121190844846e+00
8.492358295539633062e+00
-5.938637054546777705e+00
2.528760230024905908e+00
1.192158581011500740e+00
-4.592934045737696813e+00
7.089961276434728177e+00
-8.272378088258845352e+00
7.990473863961872425e+00
-6.387311487316087444e+00
3.866340861866885525e+00
-1.002252515950248668e+00
-1.584856860802184020e+00
3.363686500500787879e+00
-4.004187979549838516e+00
3.443228960931883353e+00
-1.889176197180199912e+00
-2.349069846688209839e-01
2.395750233380776528e+00
5.217216248190221783e-01
-4.082068932647814896e-01
2.773872719298927647e-01
-1.697330736722350575e-01
1.130860904129795119e-01
-1.157905774527233089e-01
1.648405505943747462e-01
-2.294709672742364925e-01
2.693363296324727818e-01
-2.453344909863305612e-01
1.304970620626139666e-01
8.167138481968566621e-02
-3.734546000484875727e-01
7.047887596893726014e-01
-1.020445820861895836e+00
1.261022578535046401e+00
-1.375330400193941260e+00
1.331433174552953957e+00
-1.123858852947888565e+00
7.753513422369231467e-01
-3.327437219828104920e-01
-1.421552680688930592e-01
5.846600819646039504e-01
-9.396355198815020682e-01
1.171541784920190121e+00
-1.269946841868910603e+00
1.249399170889348820e+00
-1.143841981550098641e+00
9.969871495924466087e-01
-8.509707169737361632e-01
7.359759221790274086e-01
-6.632526921582935220e-01
6.231453684995043041e-01
-5.885528241577887565e-01
5.229617187628535779e-01
-3.911109866985744699e-01
1.697140491071135737e-01
1.443687786798279471e-01
-5.305425820714715357e-01
9.464610161704487545e-01
-1.335281988088764749e+00
1.636672094047759263e+00
-1.799151732579113094e+00
1.791033815803086515e+00
-1.607494946288724469e+00
1.272165450717140489e+00
-8.328418012043242724e-01
3.522350219267968985e-01
1.042264488037392134e-01
-4.808726307142928702e-01
7.418350390991113041e-01
-8.765132838984428520e-01
8.993715212628787814e-01
-8.442621649695148944e-01
7.547111676692421778e-01
-6.724994071604531998e-01
6.272334609235350467e-01
-6.293360436217267928e-01
6.680641427315242575e-01
-7.149722748023646934e-01
7.319545865220138392e-01
-6.819191993527448092e-01
5.395207721136863199e-01
-2.993480074285822523e-01
-2.046061709902685655e-02
3.801490774893755420e-01
-7.255167337494905500e-01
9.988033864141645513e-01
-1.150879991554411674e+00
1.152007091658271198e+00
-9.987159966801160138e-01
7.152202369810030103e-01
-3.489836415889717158e-01
-3.862067403118027431e-02
3.845269915144625128e-01
-6.363959531485983145e-01
7.625271422236425956e-01
-7.571334578176420749e-01
6.399020452251856783e-01
-4.500610722132214470e-01
2.364083011081157260e-01
-4.565412664041612611e-02
-8.821521691061456893e-02
1.511180517249327560e-01
-1.509929738231926555e-01
1.144359462715777431e-01
-7.872961019534871485e-02
8.121449376728423486e-02
-1.485758978604970193e-01
2.886455484059439192e-01
-4.867374118566172858e-01
7.074854361012504755e-01
-9.018692344749867917e-01
1.017896981073828755e+00
-1.012543677214087001e+00
8.622192187403381336e-01
-5.693407928783427163e-01
1.634415600335223095e-01
3.035320189689347803e-01
-7.667762423861783638e-01
1.160988478657327239e+00
-1.432845238874699278e+00
1.550891983922220607e+00
-1.510722593361085497e+00
1.334389916350936955e+00
-1.064286973932582203e+00
7.529750013081456528e-01
-4.513279415826740304e-01
1.977105476421842090e-01
-1.063155919951286332e-02
-1.135199416530134620e-01
1.972446272828718705e-01
-2.740846203820809235e-01
3.781088945921546873e-01
-5.333048431621805197e-01
7.454694232637972817e-01
-9.986100162765825239e-01
1.256811980796840089e+00
-1.471249414298090086e+00
1.590803073280397939e+00
-1.573884736945284413e+00
1.398751037024717148e+00
-1.069896804959196590e+00
6.189802682801004430e-01
-9.995445120707172060e-02
-4.206173877386163440e-01
8.759968919813687638e-01
-1.211767665502681668e+00
1.395689115960594862e+00
-1.422796182437670032e+00
1.314703508289313705e+00
-1.113373371628255226e+00
8.708422190269748953e-01
-6.372897487411874895e-01
4.501755909770657760e-01
-3.268858882619934958e-01
2.624926090293016046e-01
-2.330267897153930345e-01
2.033803553277603593e-01
-1.378760031687370491e-01
1.092815308266570362e-02
1.847982576077773498e-01
-4.347369562515447927e-01
7.042278734046024669e-01
-9.454533235124794599e-01
1.107963676756110516e+00
-1.150393995105791545e+00
1.050663098877037349e+00
-8.122592674890953823e-01
4.650827359224554147e-01
-6.053770969630154625e-02
-3.381329630800753994e-01
6.681961198876220642e-01
-8.797706161981144746e-01
9.454675000930214956e-01
-8.652344068994901605e-01
6.653857522388015866e-01
-3.921032063684420921e-01
1.009247372192969561e-01
1.553755066452865430e-01
-3.377804488446435882e-01
4.284512186681933565e-01
-4.329774803380685988e-01
3.770647949833624835e-01
-2.985553610181965745e-01
2.367527089799634776e-01
-2.216342923409170274e-01
2.655480639438924095e-01
-3.593981030160293688e-01
4.742669990403147739e-01
-5.681431831702892232e-01
5.962151482975432959e-01
-5.223403228905043605e-01
3.289923901630821268e-01
-2.330895471250971074e-02
-3.622693290387301590e-01
7.750544326352514224e-01
-1.151850851738546178e+00
1.431294795597685798e+00
-1.566102168130937056e+00
1.532537426813979309e+00
-1.335026626502171521e+00
1.004919223181114152e+00
-5.937085518838360887e-01
1.622532190577058442e-01
2.315792510586111852e-01
-5.440985430749153418e-01
7.533580356630098507e-01
-8.615056534953471346e-01
8.915342391930584087e-01
-8.793368022461391931e-01
8.630450301391572321e-01
-8.722394422036474637e-01
9.196274089126869056e-01
-9.971904187949076626e-01
1.077742557923993871e+00
-1.121563145861812716e+00
1.086563394382150882e+00
-9.395980413128675046e-01
6.662351198636191629e-01
-4.077536766010309677e+00
4.903059692436928074e+00
-4.720370412969466578e+00
3.635022910947076635e+00
-1.980689370923917281e+00
2.352399745778621654e-01
1.097952038976396150e+00
-1.615615349912808973e+00
1.117558618501051537e+00
3.373667447161716737e-01
-2.435915538210692066e+00
4.675345260014715620e+00
-6.474271043584391094e+00
7.304500141019293125e+00
-6.813872584641128327e+00
4.911992078006260698e+00
-1.799027435529142238e+00
-2.069388723242651107e+00
6.073673024793844633e+00
-9.557947166473077516e+00
1.196539531990606697e+01
-1.295118136128608910e+01
1.244794038553933291e+01
-1.066968823947965817e+01
8.054014173906919538e+00
-5.156425635503074645e+00
2.521498186390706664e+00
-5.605858381214643416e-01
-5.358894332153205653e-01
8.317136071722175394e-01
-6.165710613414138175e-01
3.233178094071851305e-01
-4.106445161080496398e-01
1.238986739243586932e+00
-2.969149049273022811e+00
5.507904618408334230e+00
-8.514005376002732106e+00
1.146407509283873871e+01
-1.376396639163390034e+01
1.488053690492309933e+01
-1.446388753751098477e+01
1.243204671408648210e+01
-8.998447928750625380e+00
4.635430720080956135e+00
1.854275247085079847e-02
-4.287525881200024536e+00
7.594048735130739303e+00
-9.572254403925711586e+00
1.013330015508028303e+01
-9.469002857396933592e+00
7.993757279711608987e+00
-6.238750009428773780e+00
4.723231994343807472e+00
-3.832648529153626527e+00
3.731615741517446239e+00
-4.331506377774029914e+00
5.319665041561735919e+00
-6.242948601149191035e+00
6.625676742971961630e+00
-6.094080737103912959e+00
4.477794711755774593e+00
-1.864199565840403139e+00
-1.407703177824906504e+00
4.813237631859687227e+00
-7.753302805802201547e+00
9.685835441116999789e+00
-1.024755541741994413e+01
9.338075091155911167e+00
-7.146872371513054212e+00
4.116534798391971783e+00
-8.501308219678151978e-01
-2.016748053225855042e+00
3.950706268896623019e+00
-4.631930713193334270e+00
4.017472910664555918e+00
-2.342606580170824238e+00
6.051595063871717528e-02
2.265448784726370679e+00
-4.092021188077606730e+00
5.018883283399092399e+00
-4.876146193543621443e+00
3.756745859219790429e+00
-1.986843551831779520e+00
4.166068078998397262e-02
1.573229654821272749e+00
-2.447178583296497401e+00
2.366841215126127995e+00
-1.371514456449737018e+00
-2.518127749813465766e-01
2.032966486719017141e+00
-3.428083262877985593e+00
3.949010661794855714e+00
-3.282759131858768331e+00
1.373235951548662293e+00
1.554036504341264280e+00
-5.030586814884642877e+00
8.438981925246748617e+00
-1.114144062878027874e+01
1.261443706231058925e+01
-1.255922892253204637e+01
1.096365779356499459e+01
-8.101588502332552011e+00
4.470463080976505132e+00
-6.814190979573702123e-01
-2.672929277245819524e+00
5.143053804307071708e+00
-6.511391174247814106e+00
6.825875844891982069e+00
-6.371297262678373485e+00
5.586002425201232136e+00
-4.944035861226481643e+00
4.830715678416014569e+00
-5.441074026340094960e+00
6.725219273840041367e+00
-8.393744027208116520e+00
9.982324526016038035e+00
-1.096085012484030408e+01
1.086196579802187756e+01
-9.399217545516064476e+00
6.547150442961057415e+00
-2.564239824088606401e+00
-2.047506864355330691e+00
6.638018572726993582e+00
-1.053885549920297393e+01
1.319842064205529475e+01
-1.429263681113383200e+01
1.378653248455523439e+01
-1.193325876900500937e+01
9.211193220684533500e+00
-6.213746504943225446e+00
3.517087950691333731e+00
-1.555829997537987452e+00
5.346672853138310089e-01
-3.955351261325348311e-01
8.469780979386403175e-01
-1.448062317355523598e+00
1.726621350862746151e+00
-1.303773263286911011e+00
-4.716501022296704093e-03
2.134217601903301897e+00
-4.777176949401363615e+00
7.448242546176888190e+00
-9.593804027977830273e+00
1.072077767588993069e+01
-1.051483611253122774e+01
8.920509072789288396e+00
-6.164162781829746862e+00
2.713843604109406726e+00
8.156220814672281438e-01
-3.791344770714877299e+00
5.696188359593414852e+00
-6.237713118673816837e+00
5.407844066357080592e+00
-3.479995331944382819e+00
9.445310367837482790e-01
1.602620331988457991e+00
-3.592840307033378533e+00
4.609084542010522867e+00
-4.473570874375220718e+00
3.279434136059039773e+00
-1.359815639304286616e+00
-7.977713941906747763e-01
2.671434907722832097e+00
-3.831084821832499543e+00
4.041329523980909499e+00
-3.317109346508260170e+00
1.919106850168437628e+00
-2.899792666562797105e-01
-1.053772985258024875e+00
1.649126113369801416e+00
-1.203298885891112668e+00
-3.274909412467543746e-01
2.716110799468868464e+00
-5.505277768693462193e+00
8.102460093243040617e+00
-9.907895830907007095e+00
1.044700224715867520e+01
-9.477286754906355526e+00
7.045526912714402457e+00
-3.482177726137892115e+00
-6.658635915714720133e-01
4.749087814961975518e+00
-8.150265793593419517e+00
1.041020741753935575e+01
-1.131641217678727074e+01
1.093522021156808322e+01
-9.581047902123232873e+00
7.730681248573907816e+00
-5.903105871492381418e+00
4.533112008620918232e+00
-3.868155250366897668e+00
3.912404690265200102e+00
-4.430854548270956705e+00
5.012361826072209148e+00
-5.176728449715874092e+00
4.500636723177986909e+00
-2.732748117880785088e+00
-1.293705061757686181e-01
3.819154058406459384e+00
-7.843428717879407763e+00
-4.696963385155707993e-01
1.778397228480574910e-01
9.347087684918559125e-02
-3.021733739483311587e-01
4.257487868120694574e-01
-4.646761919142389230e-01
4.403280770272723355e-01
-3.879178686187682024e-01
3.462574312149343525e-01
-3.468164249301874946e-01
4.047290374711317584e-01
-5.139319117178717811e-01
6.476468316552351778e-01
-7.641667667627791705e-01
8.166537515833351968e-01
-7.647005250144256472e-01
5.849664636291934672e-01
-2.783756184198903916e-01
-1.278778526344973576e-01
5.841056092932239707e-01
-1.026962499244777227e+00
1.391473037069289376e+00
-1.623642137280915110e+00
1.690900602260269281e+00
-1.588112851234186218e+00
1.337864763496906972e+00
-9.850278315836923371e-01
5.868709706039698659e-01
-2.009731834684276297e-01
-1.263439214399596500e-01
3.684994885404958009e-01
-5.222259856519372301e-01
6.055538342212609670e-01
-6.508273550479839464e-01
6.945164097094351785e-01
-7.663190240928621222e-01
8.801995917036107286e-01
-1.029541514504795918e+00
1.187620436672052859e+00
-1.313349333908887751e+00
1.360999452099635576e+00
-1.291649725121990500e+00
1.083682354077664334e+00
-7.398257374026872002e-01
2.890079331683521602e-01
2.175486311034380837e-01
-7.152537794634242774e-01
1.138213043748022235e+00
-1.431818795486364593e+00
1.563124154953720701e+00
-1.526740014717694605e+00
1.344991905193036130e+00
-1.062354373942525854e+00
7.354545088261290609e-01
-4.209134395391225802e-01
1.637534011196637995e-01
1.106471105905315611e-02
-1.021531489800174275e-01
1.295928803656064832e-01
-1.278457718943757648e-01
1.354603045525233918e-01
-1.840750755872689326e-01
2.893687383544459313e-01
-4.461344656338505077e-01
6.286809372055481848e-01
-7.965059674211666385e-01
9.039433251424805471e-01
-9.115359285411324120e-01
7.964588977240995016e-01
-5.595045397378566321e-01
2.269067881159684275e-01
1.535491793746329714e-01
-5.213824032121825436e-01
8.153457341404685144e-01
-9.858220701451302359e-01
1.004952948438530447e+00
-8.722584742701104954e-01
6.145095229432722128e-01
-2.798960849359731773e-01
-7.219239587621478771e-02
3.834871801579403661e-01
-6.085226314277231152e-01
7.231141550334180268e-01
-7.278178868290092751e-01
6.457188094710499815e-01
-5.151952861537550943e-01
3.794517083649353584e-01
-2.753353097090852630e-01
2.240931414537298827e-01
-2.262501442204287172e-01
2.618099809598254391e-01
-2.957234865707061289e-01
2.873256750469230236e-01
-2.014986985146790255e-01
1.889343136946242119e-02
2.572643203470714734e-01
-5.994884859266580435e-01
9.600053418980138975e-01
-1.279620249478282679e+00
1.499579779048145323e+00
-1.573822470729812739e+00
1.478893956582761682e+00
-1.219303780593940623e+00
8.271090350688796722e-01
-3.557950909445676269e-01
-1.302060743134383081e-01
5.680531018146106614e-01
-9.083381917382885584e-01
1.123666105262818737e+00
-1.212160303865736921e+00
1.195253367000596256e+00
-1.110422654785464092e+00
1.000675193554689812e+00
-9.033068190452641089e-01
8.405958278973226783e-01
-8.146116178621569670e-01
8.073362071535399309e-01
-7.860387429850046459e-01
7.126008979761506712e-01
-5.545514914170647236e-01
2.951492029086141278e-01
5.994930417783694843e-02
-4.811264810892119659e-01
9.188675679931371798e-01
-1.312673724241600892e+00
1.602918060586671967e+00
-1.743037655919339235e+00
1.709345488770822374e+00
-1.506255251343114443e+00
1.165724753293155613e+00
-7.410102230715913674e-01
2.960916354717361698e-01
1.069102527461135987e-01
-4.195695166702456125e-01
6.156765370293959538e-01
-6.946468989406296979e-01
6.791905117331084041e-01
-6.079194385109740750e-01
5.247144044527063400e-01
-4.673867239585890454e-01
4.583017773074352097e-01
-4.991445249018926500e-01
5.710204526167866890e-01
-6.398254303253525510e-01
6.655763625978623477e-01
-6.134579439746651319e-01
4.639257655237902789e-01
-2.194089191218697166e-01
-9.406962068611596228e-02
4.308666803434995085e-01
-7.345024257219298081e-01
9.493453589334517329e-01
-1.032597191170065987e+00
9.638745416486782513e-01
-7.502000078762647295e-01
4.252318398260432897e-01
-4.284839398288352308e-02
-3.335321752968405384e-01
6.435628840769858083e-01
-8.417495568847090937e-01
9.058416016027257545e-01
-8.400471584379294310e-01
6.724648834234551176e-01
-4.474326370163468902e-01
2.146335726101258889e-01
-1.751271052708680553e-02
-1.163194028159462712e-01
1.805110576794791699e-01
-1.900287865986337310e-01
1.759212943511099247e-01
-1.760988900727010198e-01
2.243735342001533239e-01
-3.404158776386038143e-01
5.230789395934283270e-01
-7.487604648634824667e-01
9.753061036719721244e-01
-1.150662450131806791e+00
1.224370496652042117e+00
-1.159304433573360882e+00
9.409672403845730226e-01
-5.821768923487089520e-01
1.219978027648077057e-01
3.809404784026001467e-01
-8.593344604606953929e-01
1.249958139954860492e+00
-1.505508106244859645e+00
1.602983742211016693e+00
-1.546829023820742943e+00
1.366245134919520376e+00
-1.107393349315545450e+00
8.223465363577564524e-01
-5.573560399277400768e-01
3.431183665091658286e-01
-1.892284741912391155e-01
8.400993686954300044e-02
3.524445259493191873e-04
-9.869300377263179325e-02
2.420051857048322597e-01
-4.474946867476343737e-01
7.119881293780760956e-01
1.157856617537160204e+01
-1.439925991201582178e+01
1.581115160923334528e+01
-1.555746041002592506e+01
1.367550402492754813e+01
-1.049024653226540771e+01
6.546198953928843878e+00
-2.492896003427130580e+00
-1.050396744166442353e+00
3.620505856718067683e+00
-4.998765523107196351e+00
5.242741330473624117e+00
-4.654995391003721394e+00
3.697021637762937907e+00
-2.868956686209037876e+00
2.583374628754292246e+00
-3.062646460964231210e+00
4.283729160525451718e+00
-5.983146350428819815e+00
7.720891540230007344e+00
-8.988256987707709200e+00
9.334326760787792665e+00
-8.481436362206839163e+00
6.402319447413916009e+00
-3.340386438902475330e+00
-2.323871350435908201e-01
3.711131607591925174e+00
-6.486103859685837136e+00
8.074289051696471375e+00
-8.224817799758739056e+00
6.974238531035407362e+00
-4.638974143435229180e+00
1.746490455080221826e+00
1.079431138840653670e+00
-3.253559987817758348e+00
4.353967223337935621e+00
-4.208800513045810376e+00
2.925952360126573559e+00
-8.595571939326700495e-01
-1.478340987763534731e+00
3.540158870906025435e+00
-4.870743712048049900e+00
5.211403809190272796e+00
-4.556145984957460371e+00
3.147421800128984870e+00
-1.412738691699928051e+00
-1.427886888426623813e-01
1.062644122413833436e+00
-1.054187047734431282e+00
6.578884862939471390e-02
1.692620335200512027e+00
-3.790997844681809337e+00
5.673700300279130637e+00
-6.785809142426265872e+00
6.702535799068012778e+00
-5.232059286845152535e+00
2.468027489648212836e+00
1.220711029325527441e+00
-5.261370927618501447e+00
8.993883129455763736e+00
-1.180703324594254155e+01
1.326377343878596804e+01
-1.318788293714793269e+01
1.169296350670307838e+01
-9.147873346527223504e+00
6.087124305306187644e+00
-3.087195064331046623e+00
6.373087010799753926e-01
9.657418330911058391e-01
-1.674885734888508004e+00
1.689550098377132992e+00
-1.393356779218238639e+00
1.247881128495271330e+00
-1.667797329444182353e+00
2.907057796034058228e+00
-4.983220796530355656e+00
7.658231785310135820e+00
-1.048090280381854811e+01
1.288202198862610182e+01
-1.430075273737225316e+01
1.431357513781381741e+01
-1.273619265421529434e+01
9.674779385035865431e+00
-5.514327082172776784e+00
8.460699595524798777e-01
3.650229166326689700e+00
-7.343111591478441724e+00
9.775027994614722715e+00
-1.074894215621278803e+01
1.035704060469930887e+01
-8.945814230413180468e+00
7.026203654661388853e+00
-5.149895528519333965e+00
3.780392110842072384e+00
-3.188437352940129976e+00
3.395563158324558461e+00
-4.178267696414720511e+00
5.131246230535341013e+00
-5.774405673979187803e+00
5.678254090736460036e+00
-4.577995913411785800e+00
2.449261694167576664e+00
4.727392535251522254e-01
-3.735769856443270864e+00
6.765643561896705016e+00
-8.992422358196858312e+00
9.978983946354789580e+00
-9.522449337667392655e+00
7.704976253245597206e+00
-4.881844107593940940e+00
1.608976256739932609e+00
1.474186146443718481e+00
-3.780376832105322382e+00
4.898442715218944699e+00
-4.677867649489674484e+00
3.255174688972116481e+00
-1.016698704418979471e+00
-1.493352027573019658e+00
3.698268837926339536e+00
-5.118906091572596573e+00
5.478812297842100776e+00
-4.760705389512090768e+00
3.201881091051880457e+00
-1.230264973348311086e+00
-6.434960324258187647e-01
1.952401040742759442e+00
-2.388212396398166515e+00
1.878267661382598597e+00
-6.058341859536531260e-01
-1.031043289783184491e+00
2.512963094672092002e+00
-3.323429815860913905e+00
3.075257519848639376e+00
-1.609723775032597892e+00
-9.548403127405165058e-01
4.236884753203250753e+00
-7.665543789426576105e+00
1.059852440469778401e+01
-1.245780400123657827e+01
1.285281544557199496e+01
-1.166355322184682208e+01
9.065065630270165542e+00
-5.488043302848990557e+00
1.524648358784718383e+00
2.198945080856290701e+00
-5.154421878725292672e+00
7.017929104075644631e+00
-7.727705399363257399e+00
7.480398112270060906e+00
-6.667876861447689762e+00
5.770029061299786655e+00
-5.229091186896408061e+00
5.335221655588346934e+00
-6.150309463763696805e+00
7.488066393715724800e+00
-8.955331153250789100e+00
1.004524164081474069e+01
-1.026079275594879903e+01
9.240089357231921596e+00
-6.853993829632356594e+00
3.253008154645404826e+00
1.148275391006009949e+00
-5.746599604459673216e+00
9.869095542794731557e+00
-1.290968804236600675e+01
1.445251712553139178e+01
-1.435488022859728829e+01
1.277130056442777395e+01
-1.011361057172589284e+01
6.956373423646385667e+00
-3.909254556252377277e+00
1.485295897172016488e+00
5.231276462038358943e-03
-5.117664382941593537e-01
2.389857268755060105e-01
4.171248469434856165e-01
-9.770245950116134281e-01
1.003554194898130802e+00
-2.163171965907260130e-01
-1.432449114332286833e+00
3.738468944683590589e+00
-6.287297268265976236e+00
8.548003823482270391e+00
-9.997110170678329411e+00
1.024406920118346243e+01
-9.129032956849018277e+00
6.769852513882888445e+00
-3.546781145872595520e+00
2.757242161959228000e-02
3.150678867308164932e+00
-5.416644177907700808e+00
6.386530013019290131e+00
-5.945143871385974776e+00
4.268056275479902517e+00
-1.779971433278473292e+00
-9.411566779325264420e-01
3.292485193539050670e+00
-4.778078856840877187e+00
5.114467746611685683e+00
-4.286424723537514581e+00
