0.000000000000000000e+00
1.130219710328771399e+01
-1.160063222833785801e+01
5.561498091802956623e+00
-5.607094650740836350e+00
1.261791298179574206e+01
-1.465872488635650939e+01
5.643115112940495948e+00
4.546676532943323856e+00
-4.060020804532333827e+00
-3.843908147050940194e+00
6.379370483964373229e+00
-8.533096268267437168e-01
-1.532367053620655284e+00
-6.592519099631594770e+00
1.660406619084889002e+01
-1.598361775396500661e+01
6.522701894542651146e+00
-1.159828164323787547e+00
4.359833046520145139e+00
-5.846158622550155393e+00
-2.897888535459966608e+00
1.462036463144460896e+01
-1.629897247419861017e+01
8.173793640891743095e+00
-3.055713618975604895e+00
7.026611325212425818e+00
-1.081210589539396594e+01
4.792724518349770868e+00
5.364183069074855759e+00
-6.432988353050792085e+00
-2.824985399936224439e+00
9.872930655360864449e+00
-7.063231932414843151e+00
2.482561632699823218e+00
-6.673970053618804243e+00
1.563455540217444906e+01
-1.614559411395539001e+01
5.509436321373493151e+00
4.211348448384378607e+00
-3.917549355965911140e+00
3.569578219732223445e-01
-4.793995992124071570e+00
1.491237162939665417e+01
-1.765842287145847678e+01
8.847565324604055093e+00
2.130621214540093789e-01
7.862905385659630930e-01
-6.451338814513555064e+00
4.887102986935489390e+00
3.400116162817960586e+00
-5.808742347055229516e+00
-3.204791899999282379e+00
1.322866811365930850e+01
-1.287990018837988515e+01
6.091521703635187635e+00
-5.183964338672597982e+00
1.146490749727320591e+01
-1.299161378134378175e+01
2.958180779859313603e+00
9.276365834958868462e+00
-1.142034440597321954e+01
5.848483918079757871e+00
-5.059027469533588395e+00
1.209129880851542005e+01
-1.578158379754761853e+01
8.086508073507596706e+00
2.934136562057197750e+00
-4.376307969610416571e+00
-2.890404266625637320e+00
6.310801526260931382e+00
-1.092711674901878816e+00
-2.617871744567204839e+00
-4.286896271081738874e+00
1.514985349680141269e+01
-1.664809103605675844e+01
8.122880283859025496e+00
-1.978473130461191332e+00
4.683872762858117156e+00
-7.284154081970964256e+00
-2.297049917083247017e-01
1.268809134046937181e+01
-1.653114807927374841e+01
9.533012953058808137e+00
-3.680235396793585245e+00
6.935334798010542201e+00
-1.159246180781638103e+01
6.810459631650580548e+00
3.908294116913982208e+00
-7.078977969916122603e+00
-9.741694271903806879e-01
8.810299123892580297e+00
-7.050388538719685627e+00
1.986877800462015120e+00
-5.090463164156368236e+00
1.456815109724213642e+01
-1.722319590946257861e+01
7.988590540386224959e+00
2.423773578767106862e+00
-3.362381409718724345e+00
-4.130489346857935118e-01
-2.983995302916907733e+00
1.346050901177433090e+01
-1.827061248697087947e+01
1.097159498069907713e+01
-1.291168069160099297e+00
8.893289023876222998e-01
-6.521738030506742945e+00
5.985561230798362331e+00
2.416485265335843735e+00
-6.675869751855735501e+00
-8.559195412074691589e-01
1.154449268331540246e+01
-1.287647508812215236e+01
6.504984465966421325e+00
-4.736907677589586640e+00
1.102651894010375244e+01
-1.429879314118861444e+01
5.829372003273785907e+00
6.970871207198608310e+00
-1.092095637763302918e+01
6.026805051633406407e+00
-4.456605189047653681e+00
1.130921748308941233e+01
-1.655379226174711249e+01
1.044995243600224910e+01
1.027543774532530207e+00
-4.340894652925514130e+00
-2.057428090042005664e+00
6.249843187307635439e+00
-1.500664951004059944e+00
-3.428733181161209842e+00
-2.012465249064779194e+00
1.335088417141231432e+01
-1.689274993130758773e+01
9.551451487292268894e+00
-2.795304316046070880e+00
4.888158465373548367e+00
-8.487669902308638825e+00
2.417507381138201517e+00
1.040256635251544282e+01
-1.631480951883111530e+01
1.069914387059519356e+01
-4.328122858224388914e+00
6.785613918345756446e+00
-1.218328982213280476e+01
8.809037051768548565e+00
2.114281330365102907e+00
-7.280817431671123607e+00
6.972232597640379836e-01
7.663039263528764522e+00
-6.994460316191656091e+00
1.591962631633185188e+00
-3.482748095347200312e+00
1.314299184553696698e+01
-1.782710425801698406e+01
1.026390578339242232e+01
5.324282754543103735e-01
-2.703353926605221780e+00
-1.134160106570353488e+00
-1.142562874258677752e+00
1.166647713490155169e+01
-1.841252331498998629e+01
1.288815300428853305e+01
-2.925049646714291018e+00
1.154057257733478892e+00
-6.585028862353254020e+00
7.102387582357300388e+00
1.140196559786119224e+00
-7.117026529875400520e+00
1.322540096117371000e+00
9.667134113415212227e+00
-1.261520841030542073e+01
6.842324116208178708e+00
-4.243560415514656015e+00
1.030863902301458523e+01
-1.519033474246523596e+01
8.529418716942215539e+00
4.451541770347548166e+00
-1.010974102474512648e+01
6.081853682861869892e+00
-3.810800154651264204e+00
1.028894630366966823e+01
-1.694298135366556579e+01
1.265059753947670096e+01
-1.106591424579193905e+00
-3.957746883793111792e+00
-1.371226597779510392e+00
6.199794303410397944e+00
-2.067269549453418342e+00
-3.933511179471365971e+00
1.503781953999672183e-01
1.127321584495774331e+01
-1.671806040962364648e+01
1.077087104823097086e+01
-3.592803027594901444e+00
4.975087302473909290e+00
-9.426660514648810718e+00
4.966819113432890731e+00
7.829046317833673996e+00
2.207571751809975336e+00
2.578845803536828907e+00
2.638195607159424583e+00
2.404670575875324623e+00
1.925944036594535724e+00
1.273998824362569060e+00
5.384616591757174220e-01
-1.818623002376842379e-01
-7.885242913248613483e-01
-1.193188138028501655e+00
-1.326715832076582835e+00
-1.146726136906028426e+00
-6.428837920968277775e-01
1.606390690740263638e-01
1.205848309661698536e+00
2.404804375314291143e+00
3.646448259798454661e+00
4.805862528353065599e+00
5.755218908318689763e+00
6.375489907714404936e+00
6.567904932835723741e+00
6.264121935059826285e+00
5.434166704523367031e+00
4.091358599839432841e+00
2.293681169556119226e+00
1.413495088593579307e-01
-2.229351088250052459e+00
-4.655556041956542046e+00
-6.959944575242984932e+00
-8.964552130400246455e+00
-1.050515899276741472e+01
-1.144506321229789592e+01
-1.168706729013300816e+01
-1.118262981914622500e+01
-9.937346857034624392e+00
-8.012216727743911804e+00
-5.520482892480935710e+00
-2.620214355376726090e+00
4.968588741595876268e-01
3.619416987432765076e+00
6.532434328367415333e+00
9.033614267146166554e+00
1.094904848423476906e+01
1.214681956215893166e+01
1.254741888682554318e+01
1.213010107560865514e+01
1.093462159340931450e+01
9.058179318757890286e+00
6.647779517328736176e+00
3.888612021345434933e+00
9.893723558804716767e-01
-1.834288305516518891e+00
-4.376837444146117306e+00
-6.459063200631578461e+00
-7.942074214317024428e+00
-8.737945608359261485e+00
-8.816134778356236268e+00
-8.205140535096322907e+00
-6.989274526982320879e+00
-5.300821653281793999e+00
-3.308252082325956689e+00
-1.201478899998500438e+00
8.245958145038034814e-01
2.586858832798689889e+00
3.929671517006790182e+00
4.738138302506617272e+00
4.947835564547646392e+00
4.550176407568084613e+00
3.592955003652164692e+00
2.176021459519832391e+00
4.424504837605442997e-01
-1.434050467130575379e+00
-3.264427735090760674e+00
-4.860966144312055093e+00
-6.053953617122188824e+00
-6.706905399202127249e+00
-6.729045352995239426e+00
-6.083969690157124077e+00
-4.793737472610852812e+00
-2.938015428544085150e+00
-6.483198758771604453e-01
1.902189120421102775e+00
4.512531507751074145e+00
6.970213481051795057e+00
9.068669973099726889e+00
1.062439888708490265e+01
1.149236494139539033e+01
1.157839207757487543e+01
1.084751120678263270e+01
9.327563735734708317e+00
7.107752757340031202e+00
4.332250178198459700e+00
1.189374560059427655e+00
-2.102782795754578604e+00
-5.313117059585226620e+00
-8.215296551633052502e+00
-1.060514071039843387e+01
-1.231619375011127104e+01
-1.323225381506904519e+01
-1.329587400221016580e+01
-1.251218728530704638e+01
-1.094779361809629492e+01
-8.724851790288514763e+00
-6.010907189487031843e+00
-3.005327327858360320e+00
7.651801988030337842e-02
3.020027175969169697e+00
5.627724301221636694e+00
7.733896524711624920e+00
9.216364905700370258e+00
1.000449845568125440e+01
1.008290502812688771e+01
9.490599125780832424e+00
8.315823310176284622e+00
6.687055206126868434e+00
4.761036600933048035e+00
2.708890086300723254e+00
7.015240786427431319e-01
-1.104440927985569587e+00
-2.579064268405519389e+00
-3.628803110694677425e+00
-4.202813326696777096e+00
-4.295396530053697148e+00
-3.944493705075227563e+00
-3.226464301598021667e+00
-2.247700588759397711e+00
-1.133884443352800364e+00
-1.787664280940237660e-02
9.726770503261090717e-01
1.726939504550040194e+00
2.160685840742971653e+00
2.223504278480337160e+00
1.902824542935921848e+00
1.224491194996213395e+00
2.499045338495937685e-01
-9.299514631634346884e-01
-2.203011826300114606e+00
-3.446374663827592499e+00
-4.537363170132136858e+00
-5.364430694475492700e+00
-5.836968016642804180e+00
-5.893186640128777576e+00
-5.505435485536386508e+00
-4.682543356684766067e+00
-3.469044361782954944e+00
-1.941414374636015516e+00
-2.016998874859812219e-01
1.630865405638066257e+00
3.429503944330310361e+00
5.069957442101541645e+00
6.440117087970213205e+00
7.448429687322189352e+00
8.030417074544290656e+00
8.152828272268077825e+00
7.815162133841145220e+00
7.048532268007850377e+00
5.912074722612891797e+00
4.487302068363655749e+00
2.870967887760055071e+00
1.167110285358994304e+00
-5.210156585895626691e-01
-2.098430166943365371e+00
-3.484743600379051287e+00
-4.618826608144071422e+00
-5.461539942647800849e+00
-5.996419420189830873e+00
-6.228403776309175299e+00
-6.180868579158502740e+00
-5.891372044685268428e+00
-5.406616198847114418e+00
-4.777171629429955324e+00
-4.052503583860605829e+00
-3.276774287166166921e+00
-2.485788942258088330e+00
-1.705312924388883156e+00
-9.508300770159978654e-01
-2.286530442069089064e-01
4.618476785606930868e-01
1.125244504784253863e+00
1.766706842394054178e+00
2.388759784147009846e+00
2.988577073839262965e+00
3.556169879316394056e+00
4.073725756235115014e+00
4.516217461541101486e+00
4.853253155667609953e+00
5.051993537954216684e+00
5.080832904437128761e+00
4.913443584783159679e+00
4.532727204929527076e+00
3.934208092430790060e+00
3.128445455959759869e+00
2.142128308342010179e+00
1.017642356570656048e+00
-1.889507852035929858e-01
-1.411419514654152163e+00
-2.578093680547242528e+00
-3.617425948309460182e+00
-4.463886774651768086e+00
-5.063642181401248443e+00
-1.564820952327459125e+01
1.162587268336771906e+01
-4.970416942832621032e+00
6.575234175693426053e+00
-1.255957722506542851e+01
1.071935485483272110e+01
4.272622886616872506e-02
-7.032264727657545400e+00
2.133169989343667083e+00
6.472145991866442571e+00
-6.902759878531343318e+00
1.317515336002843984e+00
-1.910883990558172929e+00
1.141385757509664423e+01
-1.794660465127092053e+01
1.227056821871303960e+01
-1.410348543682601097e+00
-1.952851848389594913e+00
-1.791927653849648694e+00
6.794214838216321439e-01
9.579785503379097733e+00
-1.807118836626699121e+01
1.452729378152668893e+01
-4.628750954978286813e+00
1.566381021740286261e+00
-6.635312264992070830e+00
8.199429583609934014e+00
-3.875053597459059418e-01
-7.115645640020094476e+00
3.255712032618897300e+00
7.663359302039808085e+00
-1.211173471329446905e+01
7.100676466272395793e+00
-3.728583653179400770e+00
9.343502386285859274e+00
-1.564634740582222960e+01
1.097974207523510870e+01
1.791135919751244199e+00
-9.004090835274217497e+00
6.003012132658329669e+00
-3.133937948988408273e+00
9.055355187623456814e+00
-1.692896117854704130e+01
1.461049604105718913e+01
-3.393869042009796999e+00
-3.242723154534946417e+00
-8.526145348354612352e-01
6.162922964002996551e+00
-2.776848867713574975e+00
-4.111231355711743696e+00
2.125267833253670080e+00
8.991675501250075087e+00
-1.613794513410278597e+01
1.175032634409744503e+01
-4.354081961748972773e+00
4.950891084955202359e+00
-1.007968619834804613e+01
7.344485097286951536e+00
5.042132128815877579e+00
-1.454419301902877848e+01
1.227458381103231133e+01
-5.578181366168929678e+00
6.303672921524093198e+00
-1.270286543183222250e+01
1.247464414640398545e+01
-2.236157999488023851e+00
-6.342367963798554165e+00
3.285958858637447300e+00
5.279417912180992545e+00
-6.783251330830614378e+00
1.178946235136581366e+00
-4.335211908440743667e-01
9.445265246639008794e+00
-1.758666294045365674e+01
1.395249468537837245e+01
-3.350578675446595600e+00
-1.126206473044924383e+00
-2.373965934445936732e+00
2.431712696333953705e+00
7.259412449714671034e+00
-1.724923397381101964e+01
1.582789089942065885e+01
-6.339870748849961934e+00
2.106981496631867845e+00
-6.666557265579799996e+00
9.238536042372157198e+00
-2.116538625927006478e+00
-6.670182321739142495e+00
4.877273838496047453e+00
5.603553877138931050e+00
-1.138919687031223837e+01
7.279522593304966982e+00
-3.217236723319915725e+00
8.171344413277072505e+00
-1.566109329395908034e+01
1.310989770726952841e+01
-9.330310861496355912e-01
-7.630945273698740650e+00
5.783999311710820379e+00
-2.439313507572269391e+00
7.640130320168443845e+00
-1.650441799224796924e+01
1.625918028829087802e+01
-5.754457947962935194e+00
-2.223026312530225646e+00
-5.163154906479388018e-01
6.140389144389216014e+00
-3.608434836517965039e+00
-3.952104592688364448e+00
3.842392284149010351e+00
6.587383817243279260e+00
-1.517929137759379543e+01
1.246670891874903830e+01
-5.063420730570310724e+00
4.825435193838474746e+00
-1.043461868837520079e+01
9.482349395259786817e+00
2.123341610437579519e+00
-1.302978492288985990e+01
1.261563188569903993e+01
-6.123474819360562371e+00
5.972159896208048657e+00
-1.260189608130869843e+01
1.401267820892162064e+01
-4.644835131243407744e+00
-5.235159412130355960e+00
4.117744977137718365e+00
4.126073865213757408e+00
-6.644250491714629447e+00
1.186828529877772098e+00
8.940486638235332073e-01
7.309337312536260178e+00
-1.676773971298710109e+01
1.526414303506068748e+01
-5.234399500406309080e+00
-2.411870505817601540e-01
-2.870365025524625135e+00
4.066335566815332925e+00
4.771898775840062612e+00
-1.596481666881962980e+01
1.673965632573498397e+01
-7.995507833473718406e+00
2.751989534928363401e+00
-6.672837261243111051e+00
1.018282189568656904e+01
-3.989617287008702107e+00
-5.794176564912638661e+00
6.131638342270104403e+00
3.559394816208166112e+00
-1.047744646652508571e+01
7.380660046263249008e+00
-2.734521921239607245e+00
6.839074233116896551e+00
-1.524316754990181266e+01
1.485986692676166498e+01
-3.641607490480089915e+00
-6.025906014203013861e+00
5.423071837333910850e+00
-1.740769982148204775e+00
6.080771055490265198e+00
-1.567518954295538336e+01
1.753599466280846286e+01
-8.105732354001988327e+00
-9.362826276627310707e-01
-3.705074377190658019e-01
6.132210903178452632e+00
-4.536431782182915207e+00
-3.457878629583774011e+00
5.240805580435627498e+00
4.145074188468234944e+00
-1.388103443873944620e+01
1.290533127852160433e+01
-5.706757602628925952e+00
4.611894706685429668e+00
-1.048904195011648000e+01
1.132006880550243011e+01
-8.415451153166957354e-01
-1.114531285550087425e+01
1.262931690299366139e+01
-6.580285537290686548e+00
5.583677398591482266e+00
-1.225302279788874138e+01
1.527783670356890333e+01
-7.100997399334934457e+00
-3.748856261326979578e+00
4.601778956084319638e+00
3.051394913774384321e+00
-6.494118099323001658e+00
1.346508423114845421e+00
2.021735266442655110e+00
5.083419111780812294e+00
-1.552509614730991316e+01
1.617197461793775304e+01
-7.009810586995939730e+00
6.825845753214032641e-01
-3.274024417179191460e+00
5.539149652606190521e+00
2.189190750021237086e+00
-1.425105025990353269e+01
1.722480284278691443e+01
7.509458958576921361e+00
7.927022992052572548e+00
7.737487571899041683e+00
6.905926510010567121e+00
5.450102971190709411e+00
3.441124877470294496e+00
9.996082322835300182e-01
-1.712434550814026402e+00
-4.503398220007388986e+00
-7.166674525477750635e+00
-9.496871682439358864e+00
-1.130634962054713455e+01
-1.244070838874619156e+01
-1.279193220520941310e+01
-1.230806657564444428e+01
-1.099857718015202934e+01
-8.934885068860221935e+00
-6.245964796973556332e+00
-3.109297976152294751e+00
2.621396279297405485e-01
3.635846394275481508e+00
6.777455623890696224e+00
9.468676804597562224e+00
1.152407229452862047e+01
1.280531080048734438e+01
1.323173848321312462e+01
1.278640493374791731e+01
1.151705034573972952e+01
9.531971451810905549e+00
6.991103026232044826e+00
4.093044016681354869e+00
1.059089848774196874e+00
-1.884422722165422392e+00
-4.524015225392256312e+00
-6.675751688206199574e+00
-8.199351903344782144e+00
-9.008595015666182704e+00
-9.077185822098066126e+00
-8.439635523359228841e+00
-7.187124394069433819e+00
-5.458731074650824411e+00
-3.428796962657702618e+00
-1.291512379299893487e+00
7.559627363140677403e-01
2.530415637779685589e+00
3.878112129394690299e+00
4.687643959305980879e+00
4.899026760204209019e+00
4.508304672643443922e+00
3.567300611957109346e+00
2.178562697902766576e+00
4.859628711473120699e-01
-1.338230977176980696e+00
-3.108693564300039736e+00
-4.643476547553094136e+00
-5.780136324921623547e+00
-6.390184208417245770e+00
-6.390634503513252795e+00
-5.751675173854011724e+00
-4.499815939249067753e+00
-2.716251626144767339e+00
-5.305818404169158065e-01
1.889582486693910379e+00
4.352252102791394073e+00
6.656790405963247004e+00
8.610429869283379389e+00
1.004420126814794401e+01
1.082695800974989275e+01
1.087634245994920867e+01
1.016580077558740136e+01
8.727084870216872403e+00
6.648056348635821955e+00
4.065995666497914662e+00
1.156987804522091157e+00
-1.877727171276766249e+00
-4.827310122878802012e+00
-7.487512840942787129e+00
-9.676192431458812138e+00
-1.124691227544297689e+01
-1.209956493723584359e+01
-1.218721114242621084e+01
-1.151865041481991625e+01
-1.015659535460443053e+01
-8.211682518278291099e+00
-5.832888156471104146e+00
-3.195199049694081417e+00
-4.855946745358292738e-01
2.111488943209120617e+00
4.428028905831924433e+00
6.324518384784233227e+00
7.699376883322463172e+00
8.494989422490530018e+00
8.699994520626669114e+00
8.347763460138047265e+00
7.511332402740627856e+00
6.295337398546324792e+00
4.825736400373290991e+00
3.238263391510945777e+00
1.666635703555364278e+00
2.315221729631238845e-01
-9.688195916848565403e-01
-1.865503082121621858e+00
-2.423068755523718032e+00
-2.640403718530555111e+00
-2.548574040492582959e+00
-2.205886678842968962e+00
-1.690730260274093677e+00
-1.092920923329559812e+00
-5.043870411011690535e-01
-1.005731460689807122e-02
3.202301496294814864e-01
4.380983160139598209e-01
3.207587702109804262e-01
-2.740769441431334386e-02
-5.758822232150553333e-01
-1.271477435024777058e+00
-2.043856373217602496e+00
-2.812537539449253998e+00
-3.494704178757870316e+00
-4.013082545447826277e+00
-4.303168580873926174e+00
-4.319162106212690588e+00
-4.038103280430082265e+00
-3.461883825887389854e+00
-2.617008011098433506e+00
-1.552186398415111412e+00
-3.340396787282098323e-01
9.586469717803129953e-01
2.241560850615404554e+00
3.431769132231361041e+00
4.454272437875237856e+00
5.247634844614735172e+00
5.768226379705390983e+00
5.992759665311128359e+00
5.918972983588105308e+00
5.564490752722226929e+00
4.964061993004880158e+00
4.165521837222044610e+00
3.224927284786452297e+00
2.201376975494596877e+00
1.152031323915052141e+00
1.278046119815785531e-01
-8.298897133740839038e-01
-1.691085173823661414e+00
-2.437792465920790352e+00
-3.063161112741047631e+00
-3.569465538648151082e+00
-3.965230277330763720e+00
-4.261894686098111507e+00
-4.470458674022572687e+00
-4.598543656437638738e+00
-4.648248251431095213e+00
-4.615081982464489307e+00
-4.488132529973526630e+00
-4.251476209382071936e+00
-3.886692592889554376e+00
-3.376208200590583353e+00
-2.707085480473191197e+00
-1.874803791909945172e+00
-8.865569028164590470e-01
2.363799612751869006e-01
1.457582857257158082e+00
2.725960907383628840e+00
3.977884865332746767e+00
5.140891710829411210e+00
6.138725537940736388e+00
6.897322508646979600e+00
7.351227439658037710e+00
7.449854748626863810e+00
7.162986019202314480e+00
6.484934343753816499e+00
5.436900334531957313e+00
4.067189214129641961e+00
2.449140686804772038e+00
6.768273819895842536e-01
-1.141214961512953874e+00
-2.889771106617376351e+00
-4.455632474090029049e+00
-5.736468053474890638e+00
-6.649117494985998356e+00
-7.136566889329985841e+00
-7.172958693289746890e+00
-6.766139833112494451e+00
-5.957454139817700778e+00
-4.818720005443106302e+00
-3.446581138816371848e+00
-1.954655542736247753e+00
-4.641136560014080814e-01
9.065283667903392129e-01
2.051525281338878237e+00
2.887041054987474542e+00
3.358486121460500851e+00
3.445371221669653039e+00
3.163199917131352290e+00
2.562173680183637003e+00
1.722761296768960282e+00
7.484640149731793812e-01
-2.436354086082292980e-01
-1.133741208599775785e+00
-1.810687728418246323e+00
-9.534343947695102628e+00
3.473806798843071419e+00
-6.648565996467405093e+00
1.099789770701581482e+01
-5.944125568082337274e+00
-4.515818602552631233e+00
6.975781749738365178e+00
1.601484985968432362e+00
-9.412027256241151107e+00
7.408096575270449513e+00
-2.304332885525063102e+00
5.398725287671085837e+00
-1.441520719540683260e+01
1.618200554522518786e+01
-6.255789893846603000e+00
-4.232069815397743184e+00
4.923074061491385933e+00
-1.052254322802861353e+00
4.419392373586372713e+00
-1.446010894955931292e+01
1.839210711872043191e+01
-1.036499956363777741e+01
5.707210321481663851e-01
-4.165868102076846213e-01
6.137275107688942910e+00
-5.531437807881387947e+00
-2.641809470962748208e+00
6.270446847344685715e+00
1.750294617822364174e+00
-1.229284724426261022e+01
1.306036539642521532e+01
-6.272121461505089535e+00
4.326317682674931220e+00
-1.025033415904834655e+01
1.280708190929919077e+01
-3.765280424646174851e+00
-8.943093934371098896e+00
1.230653099494006675e+01
-6.925397553658128480e+00
5.142899254852919100e+00
-1.166037411931586121e+01
1.622295675303935525e+01
-9.520276064943676175e+00
-1.934594566297812346e+00
4.723267797669509882e+00
2.091436360674338246e+00
-6.340956926561901241e+00
1.657887441969379871e+00
2.906324062121405039e+00
2.847523380162179762e+00
-1.390761426515540933e+01
1.665552130156030586e+01
-8.628354693506842921e+00
1.624276273591340747e+00
-3.580895124783793459e+00
6.811292116947243791e+00
-4.136969486158545983e-01
-1.215494178776578060e+01
1.725929532717923465e+01
-1.089867138909118260e+01
4.242046793221103229e+00
-6.588724390817683130e+00
1.165302298694051153e+01
-7.914171931124887038e+00
-2.877031423960045409e+00
7.380657215852507669e+00
-2.029726072562541006e-01
-8.232975872750188273e+00
7.367870948270504705e+00
-1.948635045779079089e+00
3.905734023557105417e+00
-1.321313846707323592e+01
1.704258630220915194e+01
-8.699887671283345725e+00
-2.298618023949618561e+00
4.291336303896202686e+00
-3.873645026791905366e-01
2.701371718437666658e+00
-1.289042161279705923e+01
1.879213365696777061e+01
-1.245222929162644476e+01
2.243599801965083795e+00
-6.491579427868623409e-01
6.153391992384579900e+00
-6.561197259514638169e+00
-1.528252807372921573e+00
6.893802472560262018e+00
-5.134155284673203035e-01
-1.047347972324063292e+01
1.293498938732705739e+01
-6.749990137117205080e+00
3.987089400073880352e+00
-9.735427393766988402e+00
1.390425861887291248e+01
-6.561992365178046072e+00
-6.485729104588392246e+00
1.164905623780686028e+01
-7.139160388135744384e+00
4.656069898014495223e+00
-1.083576125354259645e+01
1.681090963697232255e+01
-1.181902202139548130e+01
1.452617760474115283e-01
4.479840482852512018e+00
1.277851924739462852e+00
-6.192323458879623210e+00
2.115385160583227453e+00
3.512926920507899009e+00
6.816858019471385699e-01
-1.197617045480640385e+01
1.670802245732814129e+01
-1.004667814101356171e+01
2.562523135108315309e+00
-3.790121250762554794e+00
7.850450675584931481e+00
-2.961121736347806177e+00
-9.735871173099457820e+00
1.683365001410518147e+01
-1.203629882609516599e+01
5.024564035126059203e+00
-6.489069653542395955e+00
1.212214487314777855e+01
-9.832755633036029508e+00
-9.321001955759280477e-01
7.332147558241186580e+00
-1.792384483120812000e+00
-6.983479878324168943e+00
7.267807851990369272e+00
-1.686705666504752177e+00
2.417103051583366025e+00
-1.168498695525924091e+01
1.742288428226921937e+01
-1.090378277413577912e+01
-2.792095997792438666e-01
3.539425615004373249e+00
2.410962405759824456e-01
9.738843054035681845e-01
-1.100879370824934611e+01
1.871532217642093343e+01
-1.429269484706359883e+01
4.022181303164670929e+00
-1.056247235142272256e+00
6.177391231190175525e+00
-7.591653371346263945e+00
-1.518881541611722952e-01
7.087155850066109153e+00
-2.567281092141911802e+00
-8.488802989555722434e+00
1.254123845299428019e+01
-7.133563864165313184e+00
3.614314759468788996e+00
-8.970252164438807796e+00
1.458517568194338665e+01
-9.149982826775067579e+00
-3.844061323266253716e+00
1.066950442101721208e+01
-7.206137258033042059e+00
4.130827002766421785e+00
-9.798332731097676884e+00
1.701585076444740352e+01
-1.391706503767341019e+01
2.419181250493936730e+00
3.881603592209188935e+00
6.368683462009245844e-01
-6.054964143101075003e+00
2.708084578538334064e+00
3.816160780361691707e+00
-1.336681479032698849e+00
-9.801615813389766174e+00
1.633661151578737503e+01
-1.122791964376579799e+01
3.476117438995481201e+00
-3.904075340444232545e+00
8.631924218727561993e+00
-5.379276983901019271e+00
-7.063664380164489387e+00
1.595325576463126005e+01
-1.290227287480207075e+01
5.788536969166088397e+00
-6.346318704717365478e+00
1.238478733371455753e+01
-1.163397465901583061e+01
1.254106607431832110e+00
6.831525964197664003e+00
-3.112787820648715176e+00
-5.708437798017127918e+00
7.117216041404026861e+00
-1.534459205367556756e+00
9.895090545513380853e-01
-9.889289311055568632e+00
1.731976970804520732e+01
-1.280520425966413711e+01
1.769769099982693383e+00
2.682758248815963142e+00
8.215428451142382515e-01
-7.156251901031414064e-01
-8.867944272241302883e+00
1.815625660702120925e+01
-1.581943942226421029e+01
5.842504058679363510e+00
3.172197649979298095e+00
3.059475877652197084e+00
2.936742169050697626e+00
2.830268431303606835e+00
2.753657427840353389e+00
2.707166728978573467e+00
2.678680698630973467e+00
2.646154953203226690e+00
2.581210472830314906e+00
2.453443862148651178e+00
2.234956251213827016e+00
1.904591363382188263e+00
1.451413543227578984e+00
8.770440997406132588e-01
1.965996699046455021e-01
-5.618736578015912642e-01
-1.359417384304014931e+00
-2.149423232774213766e+00
-2.881805460077593750e+00
-3.507651749186243784e+00
-3.983870983901423912e+00
-4.277355136185914120e+00
-4.368220954287632019e+00
-4.251790191116705309e+00
-3.939095379357734572e+00
-3.455848746346948719e+00
-2.839969618441954946e+00
-2.137914675204355852e+00
-1.400180559149591719e+00
-6.764367970913680583e-01
-1.078947904685501058e-02
5.623320940203271334e-01
1.021232300410040317e+00
1.358620065086520334e+00
1.581703459412574730e+00
1.710679007371917137e+00
1.775753940575523160e+00
1.812996253729726170e+00
1.859437421941218638e+00
1.947942444939441797e+00
2.102401573704480775e+00
2.333782471666593583e+00
2.637510801742294575e+00
2.992526853268843379e+00
3.362206348674884104e+00
3.697149584962603708e+00
3.939651908233922306e+00
4.029488679433103293e+00
3.910497263364042464e+00
3.537332746063645672e+00
2.881724794171596216e+00
1.937576995685891923e+00
7.243280353578146480e-01
-7.118690075570941467e-01
-2.299407970016335234e+00
-3.944972935181381590e+00
-5.539574536750329514e+00
-6.966467604510516054e+00
-8.110344702458236910e+00
-8.867053943301407060e+00
-9.153006000379333429e+00
-8.913424240026571965e+00
-8.128656800423392781e+00
-6.817906886321457804e+00
-5.039937510141135668e+00
-2.890553446274748861e+00
-4.969357087844477050e-01
1.990821041195459884e+00
4.410364407159887534e+00
6.599121140700409782e+00
8.406758409932205467e+00
9.707047378271834503e+00
1.040812807073857726e+01
1.046028244300507559e+01
9.860510110125909833e+00
8.653453909782619746e+00
6.928519923375796807e+00
4.813353973152874943e+00
2.464146924447834675e+00
5.351740035028385023e-02
-2.243061744571059890e+00
-4.261187522204587630e+00
-5.860648337948815900e+00
-6.936639887199770982e+00
-7.428117356114460890e+00
-7.322554867069476892e+00
-6.656677786534268115e+00
-5.513069562566457193e+00
-4.012903939889579163e+00
-2.305385921091286150e+00
-5.547719192611308969e-01
1.073944090069797852e+00
2.429465485519271439e+00
3.387512180798605943e+00
3.861869015698902174e+00
3.812189999708273103e+00
3.247852353684733906e+00
2.227485328534037912e+00
8.541659304733953961e-01
-7.333540899969266391e-01
-2.372680158468619904e+00
-3.892067067592936080e+00
-5.125766021794781580e+00
-5.929114999180517209e+00
-6.192065638596620403e+00
-5.849956296352038621e+00
-4.890560333039644547e+00
-3.356743488254811947e+00
-1.344429320722821064e+00
1.004033311642461346e+00
3.510615159175951128e+00
5.975623394356615492e+00
8.193862097096602071e+00
9.971612596478397705e+00
1.114302385016132746e+01
1.158453486223238826e+01
1.122609911014746942e+01
1.005823355417095399e+01
8.134251591778312473e+00
5.567432600215734162e+00
2.523297847182424114e+00
-7.924312953147210070e-01
-4.149255826617535448e+00
-7.309479761393625097e+00
-1.004654072313231339e+01
-1.216261235322444278e+01
-1.350405256681220578e+01
-1.397344200014413929e+01
-1.353723160001650250e+01
-1.222837456987012317e+01
-1.014372628984407498e+01
-7.436422443074091504e+00
-4.303854928335444363e+00
-9.722231752666752325e-01
2.321084539680163594e+00
5.345852187824259971e+00
7.896657110517841360e+00
9.808336475671714183e+00
1.096806857052983375e+01
1.132312341510820097e+01
1.088369883514759096e+01
9.720666002540868433e+00
7.958468319452379092e+00
5.763814311916561905e+00
3.331145928068429463e+00
8.661201917796129690e-01
-1.431506352724547515e+00
-3.384166508616145208e+00
-4.850605318373599317e+00
-5.736693389902825402e+00
-6.002076581071447592e+00
-5.662166243945283561e+00
-4.785370604779359383e+00
-3.485868679923445068e+00
-1.912599636507079870e+00
-2.354516764586269684e-01
1.370140323427564422e+00
2.738858240244674391e+00
3.730087529997438978e+00
4.240195284942515741e+00
4.211475880683506645e+00
3.637033487289005329e+00
2.561222445216338794e+00
1.075646723550513606e+00
-6.889040499055165689e-01
-2.573863945861722957e+00
-4.406651031119372952e+00
-6.015594590210287862e+00
-7.244757612147010306e+00
-7.967403453327186469e+00
-8.096981414063275651e+00
-7.594725205256773748e+00
-6.473251312002346936e+00
-4.795885444295905131e+00
-2.671805202147550240e+00
-2.474351619859458395e-01
2.305162387342447161e+00
4.801917188603757936e+00
7.061262443649042098e+00
8.918331703924206266e+00
1.023768842177350358e+01
1.092357435231870966e+01
1.092688426575485749e+01
1.024835791520397876e+01
8.937800899268982135e+00
7.089476231173751586e+00
4.834120044543006145e+00
2.328302000252213677e+00
-2.579480293501239530e-01
-2.754206101642265647e+00
-5.002342916814094487e+00
-6.867825864322345986e+00
-8.248769209839286631e+00
-9.082080007497532748e+00
-9.346308954745714104e+00
-9.061102277080252065e+00
-8.283437609195006601e+00
-7.101089116940465296e+00
-5.623982917702742057e+00
-3.974255936312969695e+00
-1.619734005278744116e+00
6.205255673691514318e+00
-8.588066719035607477e+00
1.443399465071470544e+00
6.841383308693508525e+00
-4.339888464405102120e+00
-6.409622996234348946e+00
1.189956593125966045e+01
-7.418945574495179329e+00
3.229138934747265210e+00
-7.988884305306777733e+00
1.483697584324820795e+01
-1.145438879933539766e+01
-1.094864910379022227e+00
9.390901489397485591e+00
-7.115611058624216057e+00
3.575973156432404654e+00
-8.573986385400942822e+00
1.682410125686388014e+01
-1.574036090835665824e+01
4.808826264447279897e+00
2.950785791123564650e+00
1.884435937983441889e-01
-5.934585225097424477e+00
3.420056356605108761e+00
3.801014843755250006e+00
-3.135351335409665374e+00
-7.462429769024834236e+00
1.556204651305625219e+01
-1.214288245986593040e+01
4.344688093462405476e+00
-3.928285411118117132e+00
9.139435567727257848e+00
-7.598598264528839685e+00
-4.216323288728663243e+00
1.463820707732779169e+01
-1.346035919365590772e+01
6.501568631633283246e+00
-6.158298803346098360e+00
1.242676085342251824e+01
-1.325520242141893412e+01
3.608266104576019817e+00
5.895409724334182755e+00
-4.119616911494063061e+00
-4.452968852624954010e+00
6.926540732444096626e+00
-1.503881024769678554e+00
-3.225823143162098727e-01
-7.893158425370772058e+00
1.674578868867790860e+01
-1.435174305721085020e+01
3.791039961792026070e+00
1.740087544565061428e+00
1.343994844311902748e+00
-2.320984395335198514e+00
-6.528945319162267502e+00
1.712505798473884511e+01
-1.697548652560445248e+01
7.638937818238659361e+00
-2.315982888906489290e+00
6.232287513360953213e+00
-9.516162762664455599e+00
3.205944138363422624e+00
6.162269731625007907e+00
-5.769539364683359040e+00
-4.309335815696024419e+00
1.103812979764674473e+01
-7.605222933964202348e+00
2.853028570733474822e+00
-6.832421615852837249e+00
1.466078201171748496e+01
-1.340961929832457855e+01
1.681657845733152135e+00
7.845931042609210593e+00
-6.861932170861825497e+00
3.001203912937311369e+00
-7.194557145574924206e+00
1.623463153133842951e+01
-1.722343941940968293e+01
7.231638252479276829e+00
1.720983524552588406e+00
-5.436432605125496309e-02
-5.835663895821583402e+00
4.230852151554413965e+00
3.463377073580073962e+00
-4.649673793257885102e+00
-5.042124170273338812e+00
1.441799403830111004e+01
-1.277095197010250338e+01
5.149347099673709849e+00
-3.871255170602326157e+00
9.365668896398192445e+00
-9.556032824159951033e+00
-1.277486763070535769e+00
1.292265463452228502e+01
-1.368423486146223667e+01
7.132768655942971492e+00
-5.924059431436581313e+00
1.224066837207072922e+01
-1.463916151496764861e+01
6.051010151010077998e+00
4.555208693534570585e+00
-4.779157250278474933e+00
-3.260921597327159027e+00
6.706982667595158709e+00
-1.602589031598486535e+00
-1.468732385124982942e+00
-5.770065427890674670e+00
1.572872933057711009e+01
-1.550254108703768985e+01
5.728293697554308395e+00
7.328849520960343256e-01
1.800412171810497064e+00
-3.798797680198974902e+00
-4.059245410876100024e+00
1.564707565514294885e+01
-1.771572204974545883e+01
9.346355880587964293e+00
-3.116656065811727494e+00
6.253300473219923106e+00
-1.034327062283445642e+01
5.077983679906038716e+00
5.070333150242504416e+00
-6.806283750964116308e+00
-2.261501809865140267e+00
9.991828948461805027e+00
-7.694450379282860020e+00
2.507037312963633191e+00
-5.547626613889255154e+00
1.407165238729742285e+01
-1.496148790349208824e+01
4.404490471800987628e+00
6.075862448739582256e+00
-6.444697469674596668e+00
2.416801205125406415e+00
-5.696806597123160287e+00
1.525913032475247988e+01
-1.831157254672189083e+01
9.603561279463423972e+00
2.360333532097808606e-01
-8.579799525712017427e-02
-5.761306908448380781e+00
5.116151623596849163e+00
2.810201909074907078e+00
-5.824720006553190998e+00
-2.626483218775922612e+00
1.294989065384237392e+01
-1.310072926404665239e+01
5.873281861553268257e+00
-3.744182559720127035e+00
9.312513347181194945e+00
-1.119709751007871645e+01
1.666293743552115236e+00
1.085369502062935965e+01
-1.355835338610630991e+01
7.653781004551472478e+00
-5.643940858985950548e+00
1.182618987854439574e+01
-1.573582608208398703e+01
8.499535663671640151e+00
2.856086785355238966e+00
-5.069639927622048070e+00
-2.173430539504714432e+00
6.470097278167489918e+00
-1.833538682240716255e+00
-2.404216253691217275e+00
-3.597411224654842421e+00
1.431068753002085714e+01
-1.622959961188394118e+01
7.528014211230187769e+00
-3.153646429169700838e-01
2.184968346034421582e+00
-5.109863567654369554e+00
-1.530481272849652186e+00
1.376207854867331903e+01
-1.800838629764972865e+01
1.090228791329565716e+01
-3.989677761561149616e+00
6.262830653332498443e+00
-1.103941534232118116e+01
6.997549279208854500e+00
3.600163736066242848e+00
-7.413565121995699947e+00
-3.374185184506846014e-01
8.801121747435082909e+00
-7.691532782842858573e+00
2.211080155827011229e+00
-4.185379567332272899e+00
1.309807758447065140e+01
-1.606897085299828376e+01
6.994440568866616026e+00
4.129199437964960140e+00
-5.868755541916039320e+00
1.833302421440011543e+00
-4.121246906549906441e+00
1.392165621369154138e+01
-1.896259146396716844e+01
1.184181456462655646e+01
-1.451451406916399067e+00
9.244164929573095435e-02
-5.713161071634754506e+00
6.048542503594021014e+00
1.859312894676798500e+00
-6.617107345072636981e+00
-3.007300020902974325e-01
1.121341971339372812e+01
-1.313036072823719280e+01
6.502274134296884611e+00
-3.560585229334324975e+00
8.991004007718313318e+00
-1.247765726310161227e+01
4.528374598152733910e+00
8.489836374948509956e+00
-1.307845452473982206e+01
8.039723776381491049e+00
-5.319596369654549406e+00
1.119013530847080062e+01
-1.650408986378967313e+01
1.087033041959526258e+01
8.554708039905722927e-01
-4.981940880778389591e+00
-1.227568061599191296e+00
6.227387891060732095e+00
-2.194882111698655436e+00
-3.091524485585219750e+00
-1.453967280652821881e+00
1.254666320851544015e+01
-1.651866426537802113e+01
9.141206933376137656e+00
-1.379929440067280133e+00
2.494251043070960794e+00
-6.220458118715929352e+00
9.838508875204872162e-01
1.152297290565725518e+01
-1.783612714018951806e+01
1.224898253706153284e+01
-4.900318573409258249e+00
6.255358018925219810e+00
-1.157832724621190401e+01
8.900498366922926508e+00
1.799298587314787312e+00
-7.569424228319141079e+00
1.396227968314167178e+00
7.510666378032141210e+00
-7.604015659503390090e+00
1.983240981280781190e+00
-2.798992338826973736e+00
1.178103585432576317e+01
-1.670553293538601736e+01
9.376715903589584400e+00
2.060094149301439970e+00
-5.144038892124521034e+00
1.261156435974948753e+00
-2.510837294053121838e+00
1.225788241848349536e+01
-1.914829244818898601e+01
1.386762278215724997e+01
-3.281831107084845378e+00
4.712846591240485994e-01
-5.691378129477918435e+00
6.998408577346618920e+00
6.388459304763998148e-01
-6.996445303500041568e+00
1.853287218501876943e+00
9.272654096194646201e+00
-1.286755367920442161e+01
7.025128998586255946e+00
-3.335844778401424016e+00
8.420961368099924016e+00
-1.336536538833225762e+01
7.224843786673419643e+00
5.899090647226074680e+00
-1.225170282276279998e+01
8.270010503511317168e+00
-4.953966805103744875e+00
1.034626300978103153e+01
-1.691314461441853823e+01
1.308192476716443409e+01
-1.378844217321703924e+00
-4.519862593675010309e+00
-4.551356758887754594e-01
5.989906968787846786e+00
-2.679987080055707516e+00
-3.501629803317166445e+00
5.827302733298994619e-01
1.050273318176093262e+01
-1.636965815165668658e+01
1.052497460985466660e+01
-2.435633348746629068e+00
2.727382445503765407e+00
-7.103441567579779736e+00
3.410787992010916980e+00
8.994088402214540423e+00
-1.719657992721247908e+01
1.333531203095509632e+01
-5.812363360368737020e+00
6.225530141185839028e+00
-1.193833458575377371e+01
1.072262404409330472e+01
-2.733310132685007332e-01
-7.267221736707020874e+00
2.879556069381432160e+00
6.167828281346146468e+00
-7.441789919438392076e+00
1.839136729360353328e+00
-1.442438295566120576e+00
1.017263705827056341e+01
-1.685997762152133106e+01
1.148335380453753807e+01
-7.342078710125665708e-02
-4.285229625053348812e+00
7.103784778649928633e-01
-9.095955853238781863e-01
1.031395907852571980e+01
-1.885538525811611876e+01
1.560881442335830016e+01
-5.190419258764681132e+00
1.034624625033448542e+00
-5.694634575896236228e+00
7.934896724934921153e+00
-8.136492969328470437e-01
-6.946354362407497263e+00
3.759796474754214302e+00
7.197926292516664937e+00
-1.232927843197561479e+01
7.434000374866865712e+00
-3.086684424293045126e+00
7.630340325499448184e+00
-1.384071787488181116e+01
9.677255348698640347e+00
3.156755355286401166e+00
-1.109645101103940590e+01
8.329026409492367833e+00
-4.551207827101163339e+00
9.314868778320478881e+00
-1.694352299506754278e+01
1.505757878731948196e+01
-3.770930759152347544e+00
-3.699989592816336437e+00
1.183660986847332452e-01
5.767878932877387399e+00
-3.277616142618517969e+00
-3.614976446266766175e+00
2.438947519323862778e+00
8.253860764146445206e+00
-1.579664928667995127e+01
1.164388918314160648e+01
-3.457667949895681048e+00
2.886054418539146571e+00
-7.739151177157538086e+00
5.680278057047946305e+00
6.249088827197915919e+00
-1.610245534323289007e+01
1.411845682227702525e+01
-6.689323839865628507e+00
6.168379747588558892e+00
-1.210310935557210854e+01
1.240177177160139799e+01
-2.549329108319486004e+00
-6.515856213290976306e+00
4.061454334674985844e+00
4.821104190444369664e+00
-7.216721962712838057e+00
1.791359919225811836e+00
-1.685564454088108732e-01
8.334399604603678569e+00
-1.653679351103165729e+01
1.325542422891216177e+01
-2.211323686188205961e+00
-3.311270557682811422e+00
1.902159114204068358e-01
6.388296688829893100e-01
8.145029809612035265e+00
-1.808595257882967999e+01
1.700220288205767716e+01
-7.109625669330630338e+00
1.759882539512035438e+00
-5.720204990278616286e+00
8.826931372080657923e+00
-2.452420847476050270e+00
-6.465023938970434259e+00
5.351602526551823225e+00
5.063496162723583716e+00
-1.154116750142728876e+01
7.724603144039811298e+00
-2.830597150416128027e+00
6.654309412732841267e+00
-1.389768667361267518e+01
1.181518461380193585e+01
3.429578996682107750e-01
-9.641636735831866645e+00
8.206638016038080963e+00
-4.116572037921173433e+00
8.122158070098265625e+00
-1.658777102429322881e+01
1.672781651212893195e+01
-6.239232040108674937e+00
-2.551123104693642230e+00
4.745559610880984991e-01
5.570357222780089046e+00
-5.379461901231106680e+00
-5.394358321490472008e+00
-5.113560278726781760e+00
-4.564571423986736320e+00
-3.795237569523737697e+00
-2.869935006893247653e+00
-1.864174491683541213e+00
-8.580756983708495156e-01
7.071152869426544640e-02
8.539925590310595283e-01
1.439262582859598183e+00
1.794584266555591112e+00
1.911612462478339491e+00
1.806430316304414863e+00
1.518057873826488269e+00
1.104709961067227297e+00
6.380949685552872452e-01
1.962400567390369943e-01
-1.445175010320158826e-01
-3.176341114202303473e-01
-2.737870198723637571e-01
1.310906703149661290e-02
5.419224997045719583e-01
1.282820139719606622e+00
2.178519009948278740e+00
3.148269658265795190e+00
4.094313478734209255e+00
4.910318356431372600e+00
5.491096642335305589e+00
5.742765912818395435e+00
5.592440869359076139e+00
4.996552657841059286e+00
3.946981415751907640e+00
2.474353283424953087e+00
6.480817938945707679e-01
-1.426993128908633945e+00
-3.617220431907495648e+00
-5.769568364056002707e+00
-7.723169765508915319e+00
-9.322074197975904752e+00
-1.042816432359495593e+01
-1.093314612555453280e+01
-1.076856783855749100e+01
-9.912959140725106977e+00
-8.395400552851411291e+00
-6.295116075769279895e+00
-3.737006879195247322e+00
-8.833832667300618446e-01
2.077522678917683052e+00
4.945398593153798927e+00
7.522966954526127736e+00
9.631165085266834680e+00
1.112315264612630195e+01
1.189598438484346588e+01
1.189896013457059709e+01
1.113792415773674271e+01
9.675111114711063109e+00
7.624499568389017767e+00
5.143005730485104898e+00
2.418198733702807690e+00
-3.464857186867842387e-01
-2.947839555007968126e+00
-5.198971581910383222e+00
-6.944068930433147102e+00
-8.070608774124611529e+00
-8.518002804900682179e+00
-8.281948525189390509e+00
-7.414116250137818831e+00
-6.017189323232944531e+00
-4.235664822620401004e+00
-2.243179998580359769e+00
-2.274253051210322063e-01
1.626087291426575376e+00
3.150030211692588900e+00
4.209683317007193892e+00
4.714545393433406950e+00
4.626138352102176832e+00
3.961326982547069608e+00
2.790854668666264971e+00
1.233200391217042835e+00
-5.557395791323507250e-01
-2.396284423594518209e+00
-4.100768716141883985e+00
-5.490171691338169069e+00
-6.410159666468080886e+00
-6.745166641513777428e+00
-6.429295857163230821e+00
-5.453086585076277970e+00
-3.865533999405904364e+00
-1.771146951516167078e+00
6.777544565906847840e-01
3.292897533339667504e+00
5.865114795760407951e+00
8.181369514479222005e+00
1.004234547610180073e+01
1.127914219927448336e+01
1.176768343736340583e+01
1.143962990143208991e+01
1.028887160423342806e+01
8.373037383732466310e+00
5.809868797136381602e+00
2.768728477765959539e+00
-5.420860912637595064e-01
-3.891207044018398786e+00
-7.041961324298899427e+00
-9.770603770887500872e+00
-1.188354852583140797e+01
-1.323221380453977503e+01
-1.372429361771131084e+01
-1.333056561600038670e+01
-1.208671187332067198e+01
-1.009003824927428283e+01
-7.491393797195273763e+00
-4.482979932089818931e+00
-1.283067673133938102e+00
1.881116645892239925e+00
4.790940697112917590e+00
7.252934307883593945e+00
9.113057549236973642e+00
1.026755499878009203e+01
1.066957719477545652e+01
1.033110922873265913e+01
9.320138859863993375e+00
7.753389328445237538e+00
5.785302366841488464e+00
3.594255015769280526e+00
1.367205580379139862e+00
-7.159272048220006734e-01
-2.496849718928876083e+00
-3.851252616820695085e+00
-4.697961628211428931e+00
-5.004186178370851223e+00
-4.786513754945597832e+00
-4.107663576857258469e+00
-3.069371349240219260e+00
-1.802097487218149441e+00
-4.525075663117423819e-01
8.301548365998858703e-01
1.907609515413458467e+00
2.664831406673997094e+00
3.020057149400005692e+00
2.931685091677242561e+00
2.401528037103536573e+00
1.474199955499423176e+00
2.327529133092420821e-01
-1.209000250317562752e+00
-2.716765499705625864e+00
-4.147726660464195803e+00
-5.363133014664008158e+00
-6.240428416829962188e+00
-6.683892372342854493e+00
-6.632907873329797255e+00
-6.067188047821707286e+00
-5.008563841293766750e+00
-3.519233830964144882e+00
-1.696678675616436038e+00
3.342792757648664903e-01
2.431559423744517723e+00
4.447171951248796162e+00
6.238867730750860652e+00
7.681121259379001032e+00
8.674558106754224340e+00
9.153091360247154640e+00
9.088243233495544970e+00
8.490378625632661880e+00
7.406844319689918521e+00
5.917267161374177853e+00
4.126494658372688917e+00
2.155842839699636748e+00
1.334345455471370734e-01
-1.815541852056413052e+00
-3.577849859547937328e+00
-5.059790258198273882e+00
-6.192799731247771611e+00
-6.936703943040353870e+00
-7.280485985509256963e+00
-7.240654073898380005e+00
-6.857498479018602211e+00
-6.189698923536820274e+00
-5.307865754433227501e+00
-4.287661767433089466e+00
-3.203152895172418191e+00
-2.120977229918977969e+00
-1.095810696873781298e+00
-1.674564531588551008e-01
6.402905096834923260e-01
1.319034457748020417e+00
1.873628024107474976e+00
2.318825927635997264e+00
2.675193833121414677e+00
2.964777539934701611e+00
3.207039095488577019e+00
3.415515906869352580e+00
3.595562839853304826e+00
3.743406374292444827e+00
3.846588100575420111e+00
3.885718006304323513e+00
3.837312202107387993e+00
3.677369753972836275e+00
3.385261170066347081e+00
-3.972261116890160260e+00
-3.422158933040070128e+00
4.047196131440955469e+00
5.881414146191134229e+00
-1.482735396401974093e+01
1.247111523333277816e+01
-4.422386899899898971e+00
2.974476425756144238e+00
-8.116050220861961151e+00
7.727465314668323870e+00
3.368575817906076963e+00
-1.458113257677499774e+01
1.456531477114141282e+01
-7.495655727813184122e+00
6.079527895845934005e+00
-1.206224089297493052e+01
1.387989364400729819e+01
-4.953078158020916888e+00
-5.339470383970866152e+00
4.901255326316743322e+00
3.518514861339668620e+00
-6.942222313410882251e+00
1.849018777223578436e+00
9.727110406965693290e-01
6.335216677410431707e+00
-1.575598571926968106e+01
1.464493436994037445e+01
-4.293556386455836815e+00
-2.244738751502970864e+00
-2.911632380582449553e-01
2.092579550733288940e+00
5.813450785222805450e+00
-1.685740518424941570e+01
1.799567210418494057e+01
-8.971192518905246160e+00
2.618782503412242502e+00
-5.764085591558715471e+00
9.644242965316319527e+00
-4.224999798462616418e+00
-5.565290697046786583e+00
6.572304100524092974e+00
2.945093257877217319e+00
-1.053663256062434961e+01
7.896305795811173311e+00
-2.585243195677757289e+00
5.534089882966876317e+00
-1.354391065019929030e+01
1.357852027808682394e+01
-2.459956762737778746e+00
-7.925833127640897757e+00
7.898520087764876685e+00
-3.656249777205698770e+00
6.799421214985436279e+00
-1.585072729609739994e+01
1.803272378559470113e+01
-8.699250357926963773e+00
-1.113314062992113884e+00
6.027519657939257591e-01
5.404926920568618343e+00
-4.744622717568341308e+00
-2.924267113302948751e+00
5.348472756685720420e+00
3.470475149405514159e+00
-1.350219287312111760e+01
1.298924872136927888e+01
-5.308056645042595001e+00
2.999237058288080071e+00
-8.231110947334425276e+00
9.494807239253468367e+00
4.374642721460532679e-01
-1.267377142706224902e+01
1.465358940047370950e+01
-8.197940282657592448e+00
5.955365145242759617e+00
-1.181161745016266273e+01
1.510497249263502972e+01
-7.404222173775631077e+00
-3.776655451291470733e+00
5.370063127755902777e+00
2.306019468348218027e+00
-6.632767926192089547e+00
2.017391103970515243e+00
1.935989708830466061e+00
4.249078365259746803e+00
-1.455239775744565378e+01
1.561637254359472493e+01
-6.261973723644270073e+00
-1.111102902594647723e+00
-7.269478331941559013e-01
3.412950736590750545e+00
3.386770444752376097e+00
-1.520193403805803634e+01
1.854989838640612021e+01
-1.070844973455386118e+01
3.578312908665775893e+00
-5.821162955905123226e+00
1.035837643645059813e+01
-6.073910927254576819e+00
-4.274234246135836912e+00
7.378155088529195105e+00
9.174146214503862140e-01
-9.355729001486391638e+00
7.952101552835210363e+00
-2.367836948777372719e+00
4.315592286538953992e+00
-1.280043745562780089e+01
1.491941799311280548e+01
-5.170109196951660380e+00
-5.995985049461226346e+00
7.406290008437254713e+00
-3.177173966573321184e+00
5.382038048865013025e+00
-1.474939907781759629e+01
1.892393407471952571e+01
-1.106633212836181102e+01
5.634731738933957956e-01
5.002953108961953888e-01
5.277462575908801412e+00
-5.572220333874231102e+00
-2.132885339045151873e+00
6.294220535103402625e+00
1.107026847772847766e+00
-1.187293147464217036e+01
1.319084422424646519e+01
-6.095538939803720524e+00
2.969083013625026801e+00
-8.089918091999539485e+00
1.093395365968419064e+01
-2.457784418006681015e+00
-1.043397276875269242e+01
1.437252185314714481e+01
-8.765991460491600051e+00
5.793203939592607377e+00
-1.135360219397727377e+01
1.603275221829149544e+01
-9.820308408726855731e+00
-1.879179741686128668e+00
5.451691303069475580e+00
1.226003754152204195e+00
-6.303394705482420868e+00
2.297704325402815329e+00
2.681996763823127683e+00
2.152624394853228651e+00
-1.297454620387534518e+01
1.614784099881153878e+01
-8.062225897578752409e+00
6.211025923566104723e-02
-1.111917123517191186e+00
4.565661815476575569e+00
9.355358956080683797e-01
-1.316547708982441023e+01
1.863965189639465692e+01
-1.225851550120547628e+01
4.601840722554322305e+00
-5.885421289653540278e+00
1.094364610209525068e+01
-7.938552952414608122e+00
-2.632303128664888803e+00
7.739508576213428803e+00
-9.483396401710004753e-01
-8.043806157595415840e+00
7.898459981831644328e+00
-2.194543842152600899e+00
3.047894961206607078e+00
-1.170102432084878252e+01
1.580385125060810125e+01
-7.708751170302235778e+00
-3.905873129555502477e+00
6.737446082510085255e+00
-2.686795743476584786e+00
3.908344126315864031e+00
-1.331243865038820573e+01
1.936623675471358297e+01
-1.325845805604164340e+01
2.421021944913436919e+00
1.726080138258270225e-01
5.191948858201370420e+00
-6.430112497113688264e+00
-1.069744954171275353e+00
6.847947969337827345e+00
-1.124887478932774076e+00
-1.000094976438259842e+01
1.307861415698665475e+01
-6.768883089041088041e+00
2.894622221100536130e+00
-7.706488677510773933e+00
1.200732587071581747e+01
-5.231980465764452859e+00
-7.926031616270222457e+00
1.372324312741666574e+01
-9.173852507602690665e+00
5.591396506058471161e+00
-1.069699682945742758e+01
1.662821701151050746e+01
-1.211950085096480656e+01
2.897164159600258415e-01
5.143180986628708595e+00
3.158914364518716766e-01
-5.969177614410569710e+00
2.687050042593605248e+00
