0.000000000000000000e+00
2.106941872551598749e+01
-2.702768933278739638e+01
1.483689487059328016e+01
4.424036084224133525e+00
-1.510893249458148446e+01
9.989450279331396843e+00
4.220541940543413695e+00
-1.322022442903142903e+01
7.697429065031919926e+00
8.634329248985901373e+00
-2.221547254094998181e+01
2.111416294786356218e+01
-4.990993468903546670e+00
-1.469669089067351209e+01
2.409912374432506255e+01
-1.788477701124192976e+01
2.698198280826908046e+00
9.167659680262651989e+00
-1.002922139284147462e+01
2.325374920835383108e+00
4.711692333108762121e+00
-3.671501536937828547e+00
-4.786503661854782266e+00
1.306653998668888939e+01
-1.354565002476131852e+01
4.963994797971521322e+00
6.957838163418958999e+00
-1.457019108706067989e+01
1.421035000213917421e+01
-8.077130897872510928e+00
1.227103499008439513e+00
2.916108038220670551e+00
-4.475334901973742063e+00
5.410540580470771133e+00
-6.634361930899158821e+00
7.068724340569612963e+00
-5.303066335088773897e+00
1.673460891277467777e+00
1.733631208149597924e+00
-3.239448562983952229e+00
3.463183810873890600e+00
-4.620638166595021801e+00
7.656997661307076264e+00
-1.023550469398405482e+01
8.195414086820120403e+00
2.616268965314496597e-01
-1.153907100038865252e+01
1.826021038958729648e+01
-1.498027122745245165e+01
3.286068270258260426e+00
8.611994657482503257e+00
-1.220142901555827564e+01
5.865465492817510729e+00
3.448805965616143610e+00
-6.090378744001704980e+00
-1.572164299777357943e+00
1.322904781698738041e+01
-1.746751297508932055e+01
7.747051746208767575e+00
1.100979742366500780e+01
-2.536225845387289013e+01
2.398211254688001759e+01
-7.251264760165350154e+00
-1.249911727910538062e+01
2.075067290900679495e+01
-1.262078738232161434e+01
-3.234513591577733216e+00
1.211151431216990026e+01
-5.935245164965353482e+00
-9.658425058995339541e+00
2.001025924244765974e+01
-1.407168348130607072e+01
-5.720179501556535762e+00
2.484084222775553386e+01
-2.836833359283316724e+01
1.323574391861767197e+01
9.215720808825551558e+00
-2.249428445939056687e+01
1.823454506134579134e+01
-2.443519798634007145e+00
-1.026429845541252028e+01
9.281155965138427888e+00
3.277817083742023740e+00
-1.492247767726546215e+01
1.386186487779647081e+01
7.875975493625269053e-01
-1.821549839813181748e+01
2.492716884799879296e+01
-1.573607229600594337e+01
-2.396305590673684094e+00
1.645702855268723397e+01
-1.786343017981759829e+01
8.534034060835200108e+00
1.991232027048934761e+00
-5.205469397887632965e+00
4.078470364388415703e-01
5.793779009303714034e+00
-6.068573752663546372e+00
-1.121511442459839358e+00
1.055026135318835401e+01
-1.503602719798774068e+01
1.137783214858581893e+01
-2.369534706271101854e+00
-6.206919264001911074e+00
1.032523689843347370e+01
-9.972148546185637841e+00
7.592623609495907644e+00
-5.027665250634548499e+00
2.181985272019367983e+00
1.648811350553247124e+00
-5.795772381648157001e+00
8.127146187476480321e+00
-7.129071979951799420e+00
3.839627149289411179e+00
-1.223852868217836232e+00
1.220088878560913415e+00
-2.398928599809094564e+00
1.008567972796094114e+00
5.041528992439535450e+00
-1.297256188322955950e+01
1.632010729753920586e+01
-1.028273319891849980e+01
-3.231148629310053089e+00
1.580631897882148706e+01
-1.867396225107352592e+01
1.002678715052874026e+01
2.965153840848460121e+00
-9.776089525994862584e+00
5.441963658107390245e+00
4.906599575402495361e+00
-1.024686013507228921e+01
3.449173694438648408e+00
1.172652284119898347e+01
-2.288657074122539825e+01
1.918629434617409046e+01
-1.016602253599783623e+00
-1.930990231895061271e+01
2.700355888150761530e+01
-1.678536189837060633e+01
-2.676213475587139179e+00
1.585109764941986121e+01
-1.319650513873196473e+01
-1.025653423706555767e+00
1.264161116955080999e+01
-9.938910184641770229e+00
-5.993601173642507440e+00
2.184376386590795960e+01
-2.321412957206855765e+01
6.951176285833293278e+00
1.578369575812231673e+01
-2.835788218344605127e+01
2.204635846986289494e+01
-2.808145423220662185e+00
-1.402711437990538101e+01
1.647843634133516488e+01
-5.310436728987729893e+00
-7.532537149609484395e+00
9.697801728995528947e+00
9.810987062290479344e-01
-1.494282379942145589e+01
1.935289086980765205e+01
-9.085337894616321464e+00
-9.039710713819061993e+00
2.199883328333518762e+01
-2.108471219166494848e+01
8.347217533709866188e+00
5.976240913225840501e+00
-1.222432556070994991e+01
8.611944532949747710e+00
-1.312442566948540446e+00
-1.914618318708279254e+00
-1.480880301238464369e+00
7.340262542290767911e+00
-9.214002420731285170e+00
4.243884502007637671e+00
4.654584511348318188e+00
-1.167916332963045534e+01
1.296196484558508821e+01
-8.993966746885682539e+00
3.087550697589924731e+00
1.940467446426930254e+00
-5.500058760693319115e+00
8.172975577082759457e+00
-9.702842546038235483e+00
8.648525093259200602e+00
-4.207135010659859731e+00
-1.945840511737508827e+00
6.257231321059188112e+00
-6.288863281363527236e+00
3.261884556743755326e+00
-1.259845015810364011e+00
3.286708905164944738e+00
-7.753149638443096237e+00
9.146954108962660257e+00
-2.998225887277005786e+00
-9.070376451156503705e+00
1.920750283897070432e+01
-1.912999199429417985e+01
7.365139183151184099e+00
-9.357719917546738486e-01
-1.283141249526310146e+00
-1.583397406000502050e+00
-1.829925564320291187e+00
-2.017005903800845878e+00
-2.139668152250355782e+00
-2.193664106670114577e+00
-2.175577542159230937e+00
-2.083071834714003590e+00
-1.915256247596294870e+00
-1.673133938030806123e+00
-1.360080061647670480e+00
-9.822883569850699992e-01
-5.491203672292448434e-01
-7.329360684983532437e-02
4.291464250365728539e-01
9.391109294220161274e-01
1.435030230965163689e+00
1.893691987051173919e+00
2.291328550840880052e+00
2.604902507233877174e+00
2.813517443647032046e+00
2.899863404518810306e+00
2.851594890447066266e+00
2.662534969630977244e+00
2.333602817312853350e+00
1.873373936883909519e+00
1.298201964483698623e+00
6.318572255758532208e-01
-9.533154337177052184e-02
-8.478117554776440912e-01
-1.586562613120321430e+00
-2.271183978302574236e+00
-2.862202452280379283e+00
-3.323457176300455451e+00
-3.624414935494137957e+00
-3.742261036784175765e+00
-3.663619762526183266e+00
-3.385775875549488223e+00
-2.917295833166217989e+00
-2.277982525170790140e+00
-1.498138343740697875e+00
-6.171556086297484978e-01
3.185021049979746000e-01
1.257822375058321729e+00
2.148128528230530243e+00
2.938156917876324048e+00
3.581139765968082145e+00
4.037700637305601248e+00
4.278376290360434986e+00
4.285597673965822807e+00
4.054993234725223772e+00
3.595917701993422977e+00
2.931156680646664903e+00
2.095808735473453588e+00
1.135398890315822751e+00
1.033271703971301303e-01
-9.422003179885602986e-01
-1.941575217063262748e+00
-2.837319274642645883e+00
-3.577527960888776448e+00
-4.119011008984617028e+00
-4.429932265932716717e+00
-4.491780811820422770e+00
-4.300545931026563018e+00
-3.867017654586894171e+00
-3.216189115155795086e+00
-2.385793362670674433e+00
-1.424061930620093008e+00
-3.868417650701261312e-01
6.657520918181170089e-01
1.672941111005051606e+00
2.576921831856336276e+00
3.326312879741074369e+00
3.879197237995421599e+00
4.205572465372565460e+00
4.289059388377296500e+00
4.127767108039864574e+00
3.734265855978859960e+00
3.134675814146670181e+00
2.366935794386118452e+00
1.478367039427194163e+00
5.226910415998742288e-01
-4.433066122381426055e-01
-1.363253856258360042e+00
-2.184592053907858933e+00
-2.861686549172086202e+00
-3.358457287410904879e+00
-3.650372062078655944e+00
-3.725687838636248195e+00
-3.585875353785991315e+00
-3.245215447778519113e+00
-2.729608822308836835e+00
-2.074690628778000701e+00
-1.323384257899977046e+00
-5.230621859415739427e-01
2.774963340969587300e-01
1.031151837312367814e+00
1.695260676371359354e+00
2.234162555333955691e+00
2.621149820358576576e+00
2.839806267874660062e+00
2.884647354132106933e+00
2.761041345489158250e+00
2.484438865723000767e+00
2.078983242663953401e+00
1.575613057973636932e+00
1.009798845836756609e+00
4.190760778263604713e-01
-1.594547342414290858e-01
-6.914931229233196586e-01
-1.147615725189542690e+00
-1.504936672768068862e+00
-1.748255384583033978e+00
-1.870634238045520537e+00
-1.873389880518480100e+00
-1.765523154054713828e+00
-1.562650859031763595e+00
-1.285535257130939968e+00
-9.583321410368779159e-01
-6.066939012726725311e-01
-2.558694195267331994e-01
7.106232098581935497e-02
3.547026845415764962e-01
5.804887661987225833e-01
7.394242352919317973e-01
8.283500524654308084e-01
8.497550183241266986e-01
8.111606632482846191e-01
7.241460175933536192e-01
6.031030854666712404e-01
4.638316222419132107e-01
3.220909097309372360e-01
1.922261206788835608e-01
8.597774558185677929e-02
1.156526964987841799e-02
-2.688771471193518448e-02
-2.954856009940609596e-02
-6.836797777938219411e-04
5.189599628675556353e-02
1.176989043765366283e-01
1.846482527403372487e-01
2.403130362157690492e-01
2.731683955737835845e-01
2.737772053701084118e-01
2.357915196356938914e-01
1.566872910237504524e-01
3.816743747186102098e-02
-1.138048295002328514e-01
-2.893505630358607084e-01
-4.753749584924400473e-01
-6.565708708224311518e-01
-8.166490457980943862e-01
-9.396987319759058099e-01
-1.011570308307576660e+00
-1.021167886657628809e+00
-9.615448803873976047e-01
-8.307089620957586185e-01
-6.320637194974572104e-01
-3.744411414345703015e-01
-7.170984890836051839e-02
2.580235637713985675e-01
5.935710339246629275e-01
9.120998347995530331e-01
1.190748995852779935e+00
1.408308697546983179e+00
1.546838516219313009e+00
1.593102067064986249e+00
1.539706429774852836e+00
1.385854071818560129e+00
1.137641503320193870e+00
8.078707540296563572e-01
4.153746913994118550e-01
-1.610731916141538989e-02
-4.594334645641915404e-01
-8.858443591359601577e-01
-1.266907601372834868e+00
-1.576487005890209181e+00
-1.792597159082083058e+00
-1.899009567843922053e+00
-1.886491989319561746e+00
-1.753586574431604594e+00
-1.506863617114469367e+00
-1.160623832455623727e+00
-7.360606668018827570e-01
-2.599324441170014488e-01
2.371705614781411953e-01
7.228493176076149496e-01
1.165072707250943029e+00
1.534358323905216315e+00
1.805805843841554292e+00
1.960839907330679033e+00
1.988538090108756595e+00
1.886447154340440635e+00
1.660825473798658969e+00
1.326288950045023007e+00
9.048791392505330933e-01
4.246127934166943341e-01
-8.239127386310629575e-02
-5.820817740068962021e-01
8.517578979818923202e+00
-1.732270076461852426e+01
1.327269091536238221e+01
-1.017634263359846969e+00
-8.088883171537712968e+00
5.731452233108972116e+00
5.845457890768814835e+00
-1.532263524751832584e+01
1.201481163591822110e+01
4.301145708594285466e+00
-2.211437816986768468e+01
2.710884627601163999e+01
-1.411797526079007881e+01
-8.034060093816776771e+00
2.323373095838953262e+01
-2.101685547557588052e+01
4.977382753511927049e+00
1.048746809974289818e+01
-1.242823196919377970e+01
2.587483272162607317e-01
1.392541855152286523e+01
-1.590940516082259215e+01
1.818620319799970630e+00
1.815163995857339074e+01
-2.796563704943764961e+01
1.902990137457266684e+01
2.626145039068992659e+00
-2.122693989075481369e+01
2.398627728062267295e+01
-1.103600345565880048e+01
-5.517826470481382195e+00
1.220335320769515874e+01
-5.272175899005985045e+00
-6.934663886346184469e+00
1.187261913736966434e+01
-3.827980838750117520e+00
-1.130191393882503093e+01
2.120099580751948309e+01
-1.750303714522292609e+01
2.485581130519680215e+00
1.320110239652850126e+01
-1.932025442006789362e+01
1.372966016742108586e+01
-2.881256077930639314e+00
-4.484700433840971279e+00
4.529670701204144834e+00
-4.107728140929278737e-01
-1.746277330369966352e+00
-1.243509519761175852e+00
7.118454887694619870e+00
-1.074509750839757771e+01
8.844140089273473393e+00
-2.481155581211265115e+00
-4.459141155509938059e+00
8.764280617982111110e+00
-9.887868471507246682e+00
9.007457987799398325e+00
-6.832139147153508674e+00
2.872674964616612314e+00
3.062989197897270977e+00
-9.111791876679905755e+00
1.183002370765392364e+01
-9.053873946205699852e+00
2.455299693032603869e+00
3.162211158846159442e+00
-3.843984241684136549e+00
2.981285654494669757e-01
2.337682187005175827e+00
7.980538181928502617e-01
-9.085596415610314835e+00
1.578987958033979844e+01
-1.336406415743166498e+01
5.427327486003319379e-01
1.519195194826924933e+01
-2.270133544127021707e+01
1.617273834782297826e+01
-4.104355461819046980e-01
-1.255362684747765556e+01
1.321854565145523352e+01
-2.642007906536620432e+00
-8.351541554077819285e+00
8.521115602039881054e+00
3.678269504675276025e+00
-1.808088154300985195e+01
2.108151216222681867e+01
-7.476752043494180988e+00
-1.426749599210232944e+01
2.820253154011298591e+01
-2.372590243900852869e+01
4.381711252033126947e+00
1.489400065301589571e+01
-1.995024757773679625e+01
8.880973218959292481e+00
6.843500632569316622e+00
-1.247843646330538903e+01
2.733628513417821093e+00
1.368521390719319442e+01
-2.155321009201599480e+01
1.223619877621203678e+01
8.698352180693390778e+00
-2.578681000182879757e+01
2.621920936136944391e+01
-1.010010903907893898e+01
-1.000858116412464405e+01
1.957753768484468537e+01
-1.365804744688465888e+01
-1.723152044569431496e-02
8.473685321901511358e+00
-4.725673825203272393e+00
-6.748639074335253341e+00
1.451937970001042544e+01
-1.035882926594483067e+01
-3.775428135228230175e+00
1.757629594179902099e+01
-2.100025771425334753e+01
1.213809379503648600e+01
1.999545073813814078e+00
-1.176856368018827581e+01
1.244386216680005930e+01
-6.816432833810447178e+00
1.424913202164193260e+00
-4.625012521448912395e-01
2.790402324993715766e+00
-4.079692161609598244e+00
1.397365377842208822e+00
4.182794739475916401e+00
-8.952765737873390250e+00
1.005021613996505359e+01
-7.539447360935222164e+00
3.459834252540286315e+00
5.990319151951775112e-01
-4.587907783023715602e+00
8.742827564704473531e+00
-1.176936415697579719e+01
1.101875180834830914e+01
-5.048569852100330380e+00
-3.925959171713136797e+00
1.066881296924684008e+01
-1.086608145977189821e+01
5.089059612458385118e+00
1.179795804032172768e+00
-2.150716481902070321e+00
-2.805214793297320597e+00
7.975320553761649833e+00
-6.129252379203852463e+00
-4.457581036532250351e+00
1.716078200880721027e+01
-2.158863029357803143e+01
1.232400320657220227e+01
5.618966759858524007e+00
-1.986000277184579232e+01
2.033266769366564475e+01
-7.654277313887572376e+00
-7.148107404319686609e+00
1.177313799502811342e+01
-3.135772475114496416e+00
-9.832749026851029583e+00
1.380949063822979639e+01
-2.881655889652512847e+00
-1.561784654096659253e+01
2.659256765913180587e+01
-1.971684430593362691e+01
-1.487948762948942072e+00
2.191003670042899643e+01
-2.684177466154339342e+01
1.381068867901402797e+01
5.653218627239246175e+00
-1.579671888944311675e+01
9.726094604434390334e+00
5.205367374204286079e+00
-1.413723331137601846e+01
7.715161211232500982e+00
9.725524027266638782e+00
-2.370563381962926641e+01
2.178442528500978526e+01
-4.041990401182723680e+00
-1.688838818164102307e+01
2.607955842276529879e+01
-1.814205818650981428e+01
8.810664706780486632e-01
1.183546605428847087e+01
-1.158829419200258926e+01
1.605970705748287486e+00
7.092536459648828284e+00
-5.724489455090258971e+00
-4.835257024543132331e+00
1.526935005427194980e+01
-1.608754518128670696e+01
5.589674123390546256e+00
9.053064724653074435e+00
-1.795522841392005375e+01
1.626357751359812553e+01
-7.082263351285366326e+00
-2.179839427274806951e+00
6.177283463917524031e+00
-5.126828236999049437e+00
3.063830313968455954e+00
-3.291426338086886894e+00
5.486574927712796423e+00
-6.733895713479450151e+00
3.609024231726396525e-01
4.747392983332379135e-01
5.429176480022128715e-01
5.548852981278220575e-01
5.047756503265483641e-01
3.920957746387322418e-01
2.219924188799144993e-01
5.064152258705822973e-03
-2.432775355249643390e-01
-5.038603523145024354e-01
-7.551459273395688676e-01
-9.748684621690253405e-01
-1.141797457849744513e+00
-1.237492089142077312e+00
-1.247911901327544815e+00
-1.164755683344233184e+00
-9.864172787582974333e-01
-7.184726693254706031e-01
-3.736451888487771766e-01
2.876705393032906802e-02
4.639781769450463944e-01
9.032540558227395433e-01
1.315807538249565534e+00
1.670923730219342040e+00
1.940169369250662301e+00
2.099529958669398511e+00
2.131318977376857937e+00
2.025715280375215421e+00
1.781807152323306775e+00
1.408052993794925101e+00
9.221072573402269157e-01
3.500034185822697985e-01
-2.752694864086323578e-01
-9.157170153818597891e-01
-1.530697804369939075e+00
-2.079540777041843480e+00
-2.524249918113141256e+00
-2.832115256346211751e+00
-2.978050779931760150e+00
-2.946494426491208962e+00
-2.732731269609313784e+00
-2.343536972221795800e+00
-1.797082193803257288e+00
-1.122087064220045782e+00
-3.562648458772936788e-01
4.558578785171013559e-01
1.265614027657264495e+00
2.023196335709694704e+00
2.680795136901004128e+00
3.195671424431593799e+00
3.532964109618825344e+00
3.668044902014143460e+00
3.588261273018435560e+00
3.293945875501280263e+00
2.798617146162080349e+00
2.128347605851597990e+00
1.320330199648681146e+00
4.207253280077420943e-01
-5.180814624351366415e-01
-1.440641995546664056e+00
-2.291830678115814202e+00
-3.020239227829890627e+00
-3.581365865162221329e+00
-3.940396015876423963e+00
-4.074396884929195828e+00
-3.973785160514356374e+00
-3.642973187752279074e+00
-3.100151205098947926e+00
-2.376218245357621939e+00
-1.512928470643042811e+00
-5.603695014485077230e-01
4.260685243139816780e-01
1.389042592246510388e+00
2.272715124227429939e+00
3.026105062787931566e+00
3.606123849427740335e+00
3.980109727842397582e+00
4.127706918242790124e+00
4.041978884411181916e+00
3.729694293028959162e+00
3.210777070992202997e+00
2.516964732238007318e+00
1.689768440837019492e+00
7.778709383955901835e-01
-1.658681971668691801e-01
-1.087608516843360018e+00
-1.935725090695381123e+00
-2.663808202146499049e+00
-3.233285478256174184e+00
-3.615513131418487180e+00
-3.793219812389815537e+00
-3.761230089348069683e+00
-3.526441785537161699e+00
-3.107079152854561599e+00
-2.531288983225493450e+00
-1.835186357555544934e+00
-1.060488330563539305e+00
-2.518955685927046773e-01
5.456073752240508945e-01
1.289363246670337526e+00
1.941406682200894407e+00
2.470445937794616853e+00
2.853355439863030529e+00
3.076108686196677766e+00
3.134120140216912986e+00
3.032004384734645619e+00
2.782798216173513417e+00
2.406724088643361625e+00
1.929599286839963179e+00
1.381012886102814807e+00
7.924010507278471671e-01
1.951503128473568438e-01
-3.811513732858595738e-01
-9.102137047226248612e-01
-1.370215065446780178e+00
-1.744595510542841676e+00
-2.022451807455469375e+00
-2.198544421071100707e+00
-2.272953558383508543e+00
-2.250444134444019362e+00
-2.139616259478358096e+00
-1.951927566705295991e+00
-1.700675968395773729e+00
-1.400026407349789448e+00
-1.064153594916930734e+00
-7.065558268587548429e-01
-3.395743685098078224e-01
2.586951965074169024e-02
3.803301045319198437e-01
7.157156156557877846e-01
1.025036339498849980e+00
1.302080344112521271e+00
1.541079964985884398e+00
1.736430895769534022e+00
1.882518165012109224e+00
1.973690153275938775e+00
2.004404305103933304e+00
1.969547892196809258e+00
1.864915918731942401e+00
1.687807965142540834e+00
1.437688329809959420e+00
1.116840928936248645e+00
7.309433852437420276e-01
2.894844447322655334e-01
-1.940443672473534664e-01
-7.022383605129220996e-01
-1.214186521254149387e+00
-1.706207362230537816e+00
-2.152898554767935124e+00
-2.528457354192992668e+00
-2.808202545835322805e+00
-2.970206033128673262e+00
-2.996925266442571623e+00
-2.876718114897009571e+00
-2.605120659235621972e+00
-2.185776275391007939e+00
-1.630921165709106502e+00
-9.613563812455691027e-01
-2.058679276844083139e-01
5.999072314668114636e-01
1.415132984019746853e+00
2.195869346313138237e+00
2.897501986712580191e+00
3.477367703645807495e+00
3.897416618742675531e+00
4.126740842581083868e+00
4.143799496506021640e+00
3.938181672023743474e+00
3.511771827680681302e+00
2.879215117368123078e+00
2.067621333527109861e+00
1.115493029083245213e+00
7.091298096630915815e-02
-1.010924770471637091e+00
-2.070710831640103056e+00
-3.048375567856740354e+00
-3.886607113106889777e+00
-4.534319299480704224e+00
-4.949853161683881453e+00
-5.103706180770959833e+00
-4.980607472586247475e+00
-4.580793451059255617e+00
-3.920385015421702590e+00
-3.030821219263620137e+00
-1.957362333355431083e+00
-7.567335420112623057e-01
5.059645445415107412e-01
1.760904420414102223e+00
2.937527338248816733e+00
3.968649153376167860e+00
4.794428955806748327e+00
5.365958030048838090e+00
5.648246909498213952e+00
5.622422687494852411e+00
5.286995268649478774e+00
4.658107048679530848e+00
3.768742134866953641e+00
2.666934799360288100e+00
1.413078381222202307e+00
7.649141843361162429e-02
4.838792039750384966e+00
-4.183846717002364102e-01
-4.037560816252316442e+00
6.716693471650319935e+00
-7.779314543280033689e+00
8.178574917866214378e+00
-7.642864435161259351e+00
4.452227088464439930e+00
2.340103343922587342e+00
-1.052134463516414797e+01
1.516685090678937975e+01
-1.236476768965609985e+01
3.137721462334088329e+00
6.414664724234916626e+00
-9.672610805508963239e+00
5.188674877962116128e+00
1.693520478690613729e+00
-3.327868342684060288e+00
-3.128629364802742785e+00
1.235534474195247867e+01
-1.483222821312591932e+01
5.293525421946347009e+00
1.160978014695255922e+01
-2.391712579494654989e+01
2.176307305569515549e+01
-5.891677965147147589e+00
-1.223489075788113034e+01
1.939400392251796035e+01
-1.141554028285029787e+01
-3.347673293547747342e+00
1.113625851599868000e+01
-4.687900960691241181e+00
-1.022585170831725776e+01
1.946953857750983374e+01
-1.273278856170835738e+01
-7.077252553790266631e+00
2.545499060943618730e+01
-2.790369241772157594e+01
1.193543688786234114e+01
1.065745692934336475e+01
-2.328598646491878199e+01
1.793415268109726668e+01
-1.270481444169949015e+00
-1.149490065409040618e+01
9.665045350750254727e+00
4.059646232577923897e+00
-1.626569000027141243e+01
1.459676208970368450e+01
1.496960822272860092e+00
-2.009456000038506929e+01
2.662905969016063068e+01
-1.580380910751594925e+01
-4.321987115204320773e+00
1.918172719189537645e+01
-1.942456831350299495e+01
7.713390938107520967e+00
4.623567401324224058e+00
-7.636256284523253335e+00
7.414713849965757220e-01
7.776953494081095819e+00
-8.663721012011205147e+00
-1.938710919684822898e-01
1.224180198057154101e+01
-1.808963677914277568e+01
1.326478987428654577e+01
-1.347524434961442807e+00
-9.589599944390728936e+00
1.356193591407501486e+01
-1.056216523301105248e+01
5.064468542128709672e+00
-1.353335324187183275e+00
2.088520826255511054e-01
4.889325808433326870e-01
-2.627240455174176148e+00
5.680507316464771250e+00
-7.479766288162233323e+00
6.697133181424195669e+00
-4.177446444213235743e+00
1.731191322820306411e+00
1.054545453089286156e-01
-2.639465594689159200e+00
7.026666705134571700e+00
-1.179977901925538575e+01
1.296022669135768624e+01
-7.334404611285403774e+00
-3.638058659540496897e+00
1.364440191446052353e+01
-1.590758824776404090e+01
8.931408042011822701e+00
1.630933994007525811e+00
-7.281192714176346392e+00
3.947528899857342566e+00
4.125325933712803206e+00
-7.772007211338554100e+00
1.173563452769730953e+00
1.212813397578305441e+01
-2.120694797072054172e+01
1.672162352790886786e+01
5.209797130029736323e-01
-1.906487874188949405e+01
2.546665553198126020e+01
-1.524490317710095688e+01
-3.168734552490056977e+00
1.517771316720966013e+01
-1.209367370752500648e+01
-1.624005200744385036e+00
1.227643149682126733e+01
-8.865433345963879219e+00
-7.056174491774619639e+00
2.219353956769436920e+01
-2.256697670203467254e+01
5.584882460962298012e+00
1.716582309275433005e+01
-2.898033056702176324e+01
2.149868354461363751e+01
-1.349046723143723758e+00
-1.553412556159888425e+01
1.706602293419680549e+01
-4.589276398105976540e+00
-9.005829501893163780e+00
1.073991756232941874e+01
1.296771006275096561e+00
-1.647847019692933657e+01
2.087717418849845785e+01
-9.175527304723559041e+00
-1.079814238461801956e+01
2.450553164765379677e+01
-2.244069173160107766e+01
7.336634097183380554e+00
8.809624733906236571e+00
-1.485802978334320734e+01
9.072864797701129191e+00
7.260495651935690020e-01
-4.796645349150678861e+00
-1.087932168722307580e-01
8.607282206621038156e+00
-1.204338101008072037e+01
6.179437549602645241e+00
5.427293073139317414e+00
-1.476387294882677281e+01
1.597076102317583590e+01
-9.441098395255828279e+00
4.386109455973130622e-01
5.760821575368586522e+00
-7.602133713891577216e+00
7.008662038776339642e+00
-6.304104748808976311e+00
5.776169995147978575e+00
-4.101784541612142121e+00
6.321132285290360642e-01
3.289659754458075458e+00
-5.512695856306844888e+00
5.408936957875189577e+00
-4.615974936234474413e+00
5.104593996113650611e+00
-6.493592163555987895e+00
5.712981224791152002e+00
1.565192267416470884e-02
-9.458890372329705087e+00
1.685768576451387446e+01
-1.600408472059486797e+01
5.854994478996049523e+00
7.476145967833421224e+00
-1.486934667481771477e+01
1.156493677195671843e+01
-1.444162137146971503e+00
-5.961050989043853221e+00
3.697897275667630268e+00
6.123979611062665640e+00
-1.360494996628965936e+01
9.573770072131267739e+00
5.739317929483754632e+00
-2.166730652496771015e+01
2.527590709065596997e+01
-1.225668095099118560e+01
-8.765268217490254088e+00
2.262667677316040837e+01
-1.978109140389937082e+01
4.092355983892284499e+00
1.047207313187491984e+01
-1.167155392131390812e+01
-5.931658062717912738e-01
1.421018449049470078e+01
-1.534801927078752470e+01
6.613990127375442007e-01
1.925568935610636245e+01
-2.830750728173458697e+01
1.825714326970275181e+01
4.219957065953435560e+00
-2.276489815523285287e+01
2.449592338010842596e+01
-1.012435072627610033e+01
-7.283320370204429572e+00
1.358951458373064014e+01
-5.255295869530197450e+00
-8.330482132517092353e+00
1.348558251652154993e+01
-4.210601036059239632e+00
-1.268002239324988700e+01
2.338353728201784776e+01
1.665289543851932841e+00
2.065548097880953726e+00
2.389858159606083277e+00
2.628543269324144838e+00
2.773917310244510048e+00
2.820390637499859743e+00
2.764647578465875721e+00
2.605892873579437108e+00
2.346148528219343721e+00
1.990567837470597290e+00
1.547721612371075972e+00
1.029804221736566827e+00
4.527049484207169572e-01
-1.641061308117197637e-01
-7.979189802479286220e-01
-1.423377506970800344e+00
-2.013333664916077126e+00
-2.539946782035031880e+00
-2.975989871929910713e+00
-3.296302229149947749e+00
-3.479307920300162671e+00
-3.508504725694360005e+00
-3.373819235383128223e+00
-3.072722321470306550e+00
-2.611005735057474908e+00
-2.003135155816922364e+00
-1.272117077520460882e+00
-4.488452628490016139e-01
4.290745737672894133e-01
1.318987844957225875e+00
2.175272578441257654e+00
2.951737181440625690e+00
3.604204614940084817e+00
4.093132657767125870e+00
4.386108577014423915e+00
4.460055488094034182e+00
4.302997545598271856e+00
3.915251673103228747e+00
3.309943878653427873e+00
2.512786661225899110e+00
1.561098318923944905e+00
5.020923669044674575e-01
-6.094872981313819160e-01
-1.714265552268865900e+00
-2.751511466043506271e+00
-3.662602730886572733e+00
-4.394473727442099076e+00
-4.902836404846874885e+00
-5.154971022665475466e+00
-5.131904887891266753e+00
-4.829830465684460172e+00
-4.260657792119002529e+00
-3.451647386276240681e+00
-2.444125700636786469e+00
-1.291342052521767148e+00
-5.558029888405213725e-02
1.195313290466588407e+00
2.391785641958408704e+00
3.466588759030317934e+00
4.358707649102209203e+00
5.016965960911587530e+00
5.403087864115808436e+00
5.494025652261627535e+00
5.283405762665541516e+00
4.781998752923206197e+00
4.017177977973182657e+00
3.031393561265390169e+00
1.879748838829810698e+00
6.268219231552945025e-01
-6.570781589230216824e-01
-1.899996155638718598e+00
-3.032510288873099480e+00
-3.991755222180916274e+00
-4.725046326663733254e+00
-5.192888114802972410e+00
-5.371188043091583708e+00
-5.252546254169343953e+00
-4.846549083392480917e+00
-4.179055640173539032e+00
-3.290528578475667487e+00
-2.233518377325593551e+00
-1.069461396184063329e+00
1.350075245682602620e-01
1.311999563843065486e+00
2.396332136522304257e+00
3.329265647521738813e+00
4.061794737840303426e+00
4.557302773271329599e+00
4.793430651032334566e+00
4.763061999453081619e+00
4.474383143137722563e+00
3.950034125589843903e+00
3.225422895717197314e+00
2.346324939758448469e+00
1.365932064877204644e+00
3.415442258221462191e-01
-6.688844808339963199e-01
-1.610131084325595152e+00
-2.432815956590456796e+00
-3.096060648060208642e+00
-3.569543923522807027e+00
-3.834850944650439519e+00
-3.886058387688145821e+00
-3.729548333154438566e+00
-3.383092681903402621e+00
-2.874294459906956867e+00
-2.238509863451220383e+00
-1.516403009035766303e+00
-7.513025215167941084e-01
1.346546505094242674e-02
7.370995756724502135e-01
1.383549542107282981e+00
1.923321899474225161e+00
2.334773957406731881e+00
2.604843262641298285e+00
2.729199895618245719e+00
2.711848066745898400e+00
2.564238925138897951e+00
2.303985938376859277e+00
1.953295823643328433e+00
1.537240604674662503e+00
1.081999419038491617e+00
6.131923954828186751e-01
1.544141225212071200e-01
-2.739476113704772953e-01
-6.555490890575703666e-01
-9.785550834000025233e-01
-1.235731927631738891e+00
-1.424199292948800988e+00
-1.544895343399022014e+00
-1.601828865428025495e+00
-1.601203950623274475e+00
-1.550507163037710745e+00
-1.457643780755748963e+00
-1.330199207028789576e+00
-1.174885095562369308e+00
-9.972086823787932319e-01
-8.013801476485344910e-01
-5.904486060405077508e-01
-3.666346161614431054e-01
-1.318078286530164345e-01
1.119558249979153430e-01
3.618109783546972213e-01
6.136483591559271922e-01
8.617377280451881116e-01
1.098564524769265471e+00
1.314898614610463756e+00
1.500111635692706225e+00
1.642735400724570693e+00
1.731229635058558536e+00
1.754905104712907837e+00
1.704929844645318937e+00
1.575333397992636719e+00
1.363917962479751722e+00
1.072986830075917331e+00
7.098096327533367500e-01
2.867601959689221047e-01
-1.789148040658563588e-01
-6.657112499596078425e-01
-1.148852424384510407e+00
-1.601598792143421823e+00
-1.996810340725994060e+00
-2.308665400457752703e+00
-2.514422339807584894e+00
-2.596100743059935656e+00
-2.541957655260175031e+00
-2.347642625067907662e+00
-2.016932320268356449e+00
-1.561970496239568407e+00
-1.002970513875796943e+00
-3.673733654642936663e-01
3.115081649002049424e-01
9.962916509580084234e-01
1.647672402652670343e+00
2.226787358630502922e+00
2.697647170545235173e+00
3.029478189820395517e+00
3.198816712408128815e+00
3.191209338554834130e+00
3.002395148743501441e+00
2.638876332828230531e+00
2.117822022846183927e+00
1.466292916282151637e+00
7.198190024984731927e-01
-7.959369936764515430e-02
-8.859120167191645301e-01
-1.651832172595414816e+00
-2.331672741413679084e+00
-2.884220411572700371e+00
-3.275344636791039044e+00
-3.480209173818268553e+00
-3.484932041559696270e+00
-3.287579183208525713e+00
-2.898418943441773088e+00
-2.339411686394424095e+00
-1.642958379316041828e+00
-8.499804646108712891e-01
-7.447585714118520883e-03
8.344932780601974631e-01
1.625606511772364593e+00
-1.868219635743820461e+01
1.444243037731062884e+00
1.598212419195115785e+01
-2.187082881951186408e+01
1.406922009766714332e+01
-6.352125048887429237e-01
-7.676463029661964477e+00
6.238676117558455303e+00
6.420482032906322800e-01
-4.617137827683897022e+00
1.004566851318818621e+00
7.437037659025337533e+00
-1.343358711804469863e+01
1.166010345988262387e+01
-2.950351456653871551e+00
-6.970814179695710600e+00
1.244238716984358462e+01
-1.187228206401653807e+01
7.693750476741936239e+00
-3.191635401019254470e+00
-3.058771971911262710e-01
3.405470367469957793e+00
-6.545453789024924696e+00
8.589212011816423242e+00
-7.817385159458119404e+00
4.157855401656288308e+00
5.353463008130332490e-02
-2.022612292209461593e+00
1.384523909932463326e+00
-8.834794224763617976e-01
3.634770767927739232e+00
-9.316852125663242390e+00
1.324871658452834033e+01
-1.000743110692970816e+01
-1.154878045152326393e+00
1.417085622762413166e+01
-2.003212067102220928e+01
1.406501637742627331e+01
-4.078932766480605210e-01
-1.071582919830459879e+01
1.124844892123355500e+01
-2.225482012464912174e+00
-6.878214167393112533e+00
6.339245150781906091e+00
4.885352868528348047e+00
-1.743462257824885242e+01
1.908736365561056658e+01
-5.528008001167804331e+00
-1.496018181586390838e+01
2.740389760690414533e+01
-2.217669940390776162e+01
3.147959638251094816e+00
1.515709964208813076e+01
-1.932123870800883481e+01
7.976048327542858196e+00
7.340137348631699865e+00
-1.222831300964838341e+01
1.907313807657346594e+00
1.452089825932084821e+01
-2.175340694115324425e+01
1.147480389677554591e+01
1.014690583676161140e+01
-2.709698708166929748e+01
2.647436998053297330e+01
-8.945902512485156777e+00
-1.198133610593004406e+01
2.110668630310576788e+01
-1.367144571934145603e+01
-1.545837423698180446e+00
1.038993197695440962e+01
-5.510226786037430102e+00
-7.765351573302810451e+00
1.652121828772510881e+01
-1.159879911595596802e+01
-4.567785352218918682e+00
2.004748416340253669e+01
-2.329487613454590544e+01
1.231193166778030346e+01
4.357151948722044921e+00
-1.505808193810443640e+01
1.421518161019911197e+01
-5.707046730967602954e+00
-1.692714581688943731e+00
2.194631754448030492e+00
2.685489159945964488e+00
-6.522426293402467046e+00
4.259754286649892308e+00
3.414162278841995857e+00
-1.107426490797996443e+01
1.341910649630624519e+01
-9.368951067234966956e+00
2.100891317268964720e+00
4.261443220220588302e+00
-7.792957190660858124e+00
9.051859004669822184e+00
-9.015791267480636861e+00
7.419414626196260798e+00
-3.394963037921248983e+00
-2.507628088483409456e+00
7.564246748249153107e+00
-8.766187066106118309e+00
5.756595599451681977e+00
-1.670898940780751296e+00
4.804004568474535830e-01
-2.990175462040580712e+00
5.467101598736740620e+00
-2.823684537106025516e+00
-6.072684873346151591e+00
1.596531935892236476e+01
-1.862644368550649077e+01
9.870680500886045650e+00
5.879193977472984223e+00
-1.806193683810999318e+01
1.815129662375059993e+01
-6.861824648870356924e+00
-6.064609443262130917e+00
9.867021560942983882e+00
-2.041114583599665799e+00
-9.214033354643179408e+00
1.193455053067689420e+01
-1.112366717651996240e+00
-1.608123738699939054e+01
2.553087482597028668e+01
-1.791689305628674589e+01
-2.888944930878345474e+00
2.219295199119802575e+01
-2.606345294604984986e+01
1.262105346017355423e+01
6.494257361125331585e+00
-1.586004252267540338e+01
9.101931514643228027e+00
6.002228643649193174e+00
-1.447275991725566868e+01
7.225891843445504392e+00
1.084395554206884960e+01
-2.472173819212730450e+01
2.185366276863566171e+01
-2.834150014561744424e+00
-1.880236129400751111e+01
2.747126895799774360e+01
-1.795794990172964845e+01
-9.014672107047081440e-01
1.404233730200330044e+01
-1.263382629396697077e+01
7.161836144271833682e-01
9.187657284136607316e+00
-7.278073750878388815e+00
-5.202543789551068443e+00
1.737150567614365571e+01
-1.820019092005795969e+01
5.791604925977670959e+00
1.125170550611900211e+01
-2.105985586078372407e+01
1.787214167660403774e+01
-5.803965368904581368e+00
-5.518690964417300115e+00
9.090135099881438308e+00
-5.413698292742527229e+00
5.935510982892480136e-01
-1.372215226263548971e-01
4.253072814424880832e+00
-8.416151423243611873e+00
7.979783881615538199e+00
-2.290923864050948389e+00
-5.169762719709394716e+00
1.011933471839499887e+01
-1.078957275341160127e+01
8.348839333632799509e+00
-4.737301079512311830e+00
6.579258153860680913e-01
4.161766724461262612e+00
-9.112044783048897756e+00
1.182589835591464755e+01
-9.831255308237100365e+00
3.349728304938205170e+00
3.842639778472416445e+00
-7.043503093973476403e+00
4.778030829242174704e+00
-5.045291853576809871e-01
-2.878588715160044220e-01
-4.563296076577906035e+00
1.102796141304651201e+01
-1.174742280476810130e+01
2.749371578113887882e+00
1.184958327932657340e+01
-2.192033694164271651e+01
1.922338064970166727e+01
-4.699173643952188506e+00
-1.143648177240249098e+01
1.755161612788226932e+01
-1.016050765825124813e+01
-3.027332209770527527e+00
9.584859981922397409e+00
-3.186271812274742210e+00
-1.050920590748640926e+01
1.831913008720624703e+01
-1.093941097318500510e+01
-8.365754510805789579e+00
2.551998309657207642e+01
-2.683434201721686918e+01
1.044758123991740639e+01
1.172490800465863359e+01
-2.344010903506067933e+01
1.723627711094525239e+01
-2.475753866955798799e-01
-1.215808210234298770e+01
9.523542647706733533e+00
4.905779265436158276e+00
-1.716540146766418573e+01
1.473729527063627387e+01
2.479896912475028081e+00
-2.171381835172586960e+01
2.774566660742600988e+01
-1.541671073857671814e+01
-6.229168938579154435e+00
2.144591059227127161e+01
-2.045029306185803009e+01
6.689515231825231112e+00
6.992899903401019301e+00
-9.565052611374612823e+00
7.303319616600614239e-01
9.692756739331516158e+00
-1.085092536917582606e+01
3.108920005475095394e-01
1.405022381122679676e+01
-2.087690255474648637e+01
1.471175443448527886e+01
-3.797677783889508163e-02
-1.290802841394828882e+01
1.644491770488185622e+01
-1.077179732860730255e+01
2.394617402804141815e+00
2.141154763536625705e+00
-1.408047466722134544e+00
-9.444635249323720672e-01
5.434645802444431073e-01
3.494728436764781065e+00
-8.161570861323516723e+00
9.715769950419474554e+00
-7.001610751089369700e+00
1.906758250741306782e+00
2.916486571656296434e+00
-6.340783406471821593e+00
8.758722216224581913e+00
-1.023374087608128491e+01
9.344704749338479388e+00
-4.460508593790449616e+00
-3.681649282661190625e+00
1.108943271376548267e+01
-1.301327730355169798e+01
8.080259999660125203e+00
-1.441747966704181039e-01
-4.487708669403909667e+00
2.542641874734141716e+00
2.914744714707509843e+00
-4.851269653193014619e+00
-1.207245011867773332e+00
1.218697006433706775e+01
-1.898045644438799684e+01
1.392589898411453397e+01
1.904367356701589742e+00
-1.828378663321192832e+01
2.342102985029456619e+01
-1.362248320015316949e+01
-3.246472838051261078e+00
1.391744668875621116e+01
-1.070034895367009575e+01
-1.977723128855418011e+00
1.131984958563024435e+01
-7.326115099673228492e+00
-8.078124534448249960e+00
2.201534241218445587e+01
-2.131490576931922121e+01
4.014880644338434834e+00
1.818578808218757814e+01
-2.895647464007808836e+01
2.052551476827136412e+01
-1.268671425204281888e-02
-1.647773457252088747e+01
1.710172421748185556e+01
-3.761786878379217214e+00
-1.006686431665937853e+01
1.118995481978521411e+01
1.909937980888564368e+00
-1.778437951471465084e+01
2.183148920121427494e+01
-8.805540644418279328e+00
-1.255218992268044254e+01
2.655656749412776207e+01
-2.324856428533659525e+01
6.101180001243750262e+00
1.139215339092068646e+01
-1.697920775287944295e+01
9.158703458330665015e+00
2.729998491429791230e+00
-7.286893192269944031e+00
8.321186210281830142e-01
1.001610254881484607e+01
-1.463152376884420924e+01
7.687354176505705183e+00
6.489502436460760748e+00
-1.779219324825828963e+01
1.862949910218082294e+01
-9.503721880327512750e+00
-2.358850542906320236e+00
9.401851782682223657e+00
-9.336661025641097567e+00
5.550285407541997174e+00
-2.883031452684649221e+00
3.155799931722446772e+00
-4.335610331736667433e+00
3.393167000952333812e+00
4.258442293812736423e-01
-5.054473355591227346e+00
7.860009174489714034e+00
-8.036033995359023407e+00
6.684596295307442482e+00
-4.850829125425452304e+00
2.024332558224336331e+00
2.958732794076766481e+00
-9.483278225607042700e+00
1.410397575369184864e+01
-1.273332672801489629e+01
4.578360531198050865e+00
5.986532982203449649e+00
-1.209086481908547839e+01
9.913556469748080247e+00
-2.279361522972207510e+00
-3.383050040827588312e+00
1.533723717163513633e+00
6.088699380871391398e+00
-1.135453944866619125e+01
6.795613096188421132e+00
7.038384340712339871e+00
-2.069046884799746167e+01
2.292292371301747878e+01
-1.029303190734756690e+01
-9.091466539883759523e+00
2.141750265944460097e+01
-1.821883884577741242e+01
3.416942244576819832e+00
9.875713571452696016e+00
-1.042744665189182740e+01
-1.443311822331290628e+00
1.399723316749762247e+01
-1.418598196730233241e+01
-7.176487511616427284e-01
2.001792514852904503e+01
-2.800647119071048863e+01
1.704325532675713362e+01
5.709190413205194048e+00
-2.373930931465167049e+01
2.442829371680227979e+01
-9.069760540531492055e+00
-8.659386543230480626e+00
1.437581364695589059e+01
-4.906833704816143893e+00
-9.534849174567323615e+00
1.454787898558216597e+01
-4.125783997798047942e+00
-1.407574644820772569e+01
2.512715878467787434e+01
-1.931306481900895378e+01
1.660216087658348272e-01
1.852003399752898716e+01
-2.389973274812076909e+01
1.400963305534184578e+01
1.599743797263521561e+00
-1.048206224049521040e+01
7.498399193896053916e+00
1.868787496203231591e+00
-7.274772014161301925e+00
2.834917860275536938e+00
8.054728429290273439e+00
-1.608476752444621027e+01
1.414166501471900439e+01
-3.040563884105666581e+00
-9.633008169382598851e+00
1.594278222042574633e+01
-1.348438239094507551e+01
6.075673664459341872e+00
4.799253548309080353e-01
-3.231273958339915708e+00
3.394218464027324522e+00
-3.772432123408667515e+00
5.430017375843708471e+00
-6.889147094972642549e+00
6.172393455290327680e+00
-3.140762750377929624e+00
-4.148493166876008331e-01
2.839139146341207010e+00
-4.358951380437753542e+00
6.410609433112218980e+00
-9.193780206054794846e+00
1.030508104501561917e+01
-6.499717080674201952e+00
-2.623348310411305562e+00
1.269366209004185109e+01
-1.701605334647081946e+01
1.198918273124462530e+01
-1.040793025263261118e+00
-1.427552014968554328e+00
-1.716214438769501527e+00
-1.887280413086285691e+00
-1.929261778064735644e+00
-1.839503238337249158e+00
-1.624396965698568840e+00
-1.298972139842781370e+00
-8.858843279463717302e-01
-4.138715695770280867e-01
8.421840780610256871e-02
5.736949221768778973e-01
1.020428843489732618e+00
1.393228224585945751e+00
1.666019510538280901e+00
1.819681447325387724e+00
1.843402219042270973e+00
1.735462913837776622e+00
1.503389924138494704e+00
1.163462601759483128e+00
7.396073807021747992e-01
2.617525204268171812e-01
-2.362443973734171809e-01
-7.189537396529903646e-01
-1.151852823619609723e+00
-1.503754320908218256e+00
-1.749014410680652887e+00
-1.869365534954275709e+00
-1.855243989490377832e+00
-1.706517115211094504e+00
-1.432556172207588130e+00
-1.051646232935097736e+00
-5.897704903458877990e-01
-7.885004032614309488e-02
4.454415787636680779e-01
9.461396999615923065e-01
1.387556436582041863e+00
1.737777712762815563e+00
1.970915992451933940e+00
2.068961360023259921e+00
2.023100634455023084e+00
1.834410343548932731e+00
1.513872171838884784e+00
1.081705986210454329e+00
5.660625342543403882e-01
1.162157959431864285e-03
-5.749956911905528267e-01
-1.123197375310074797e+00
-1.605680249975649065e+00
-1.988716410311494709e+00
-2.244938253690379693e+00
-2.355246180546638701e+00
-2.310166799725959397e+00
-2.110567110414085512e+00
-1.767673761216130623e+00
-1.302393651210714598e+00
-7.439796075586233570e-01
-1.281293992169998397e-01
5.053551196865444517e-01
1.115192032519081389e+00
1.661350594608300923e+00
2.107706439525477204e+00
2.424442676425770937e+00
2.590036028720131167e+00
2.592695267770958711e+00
2.431156230221567682e+00
2.114781127288949847e+00
1.662956683590221196e+00
1.103832684070832126e+00
4.724865608814736717e-01
-1.913622635365381797e-01
-8.459350042503137601e-01
-1.450100773422028588e+00
-1.966028791517026919e+00
-2.361610679808365809e+00
-2.612494516937019728e+00
-2.703599430790947444e+00
-2.630015201284025217e+00
-2.397233175384244852e+00
-2.020699849836844475e+00
-1.524729669859671288e+00
-9.408558520639465073e-01
-3.057345250428786798e-01
3.412542268567015924e-01
9.605465637067709395e-01
1.514907362620727005e+00
1.971750367194820663e+00
2.305116840036228520e+00
2.497188809543831489e+00
2.539246244075678227e+00
2.432016314008985880e+00
2.185404569932354324e+00
1.817639470242262245e+00
1.353900376928561577e+00
8.245322925152689386e-01
2.629760465520938340e-01
-2.964412589139375775e-01
-8.207049072255645505e-01
-1.280154340011657954e+00
-1.650236650890149814e+00
-1.912863722856713133e+00
-2.057295157941878117e+00
-2.080504012796319913e+00
-1.987019302334107618e+00
-1.788275609228282992e+00
-1.501533374746465643e+00
-1.148461254253559272e+00
-7.534924403968923379e-01
-3.420787907446158904e-01
6.103070788871622909e-02
4.333671189044161487e-01
7.560693808712248831e-01
1.014880001615670047e+00
1.200753456996667357e+00
1.310052958478795659e+00
1.344342928669412407e+00
1.309814656421955714e+00
1.216408962458794152e+00
1.076720384727920976e+00
9.047809426221163909e-01
7.148270769479168063e-01
5.201506275448219974e-01
3.321240780509866486e-01
1.594727437581742180e-01
7.843601131596322773e-03
-1.203060436993279581e-01
-2.255047210369203192e-01
-3.107794702898525330e-01
-3.809406600489906314e-01
-4.417136289773120339e-01
-4.988044073750085294e-01
-5.569919223328843039e-01
-6.193363812780987576e-01
-6.865831831676582064e-01
-7.568245434848717146e-01
-8.254584030192735344e-01
-8.854579268961251248e-01
-9.279370989367845546e-01
-9.429708290137837068e-01
-9.206038383763091026e-01
-8.519633874119956207e-01
-7.303783177130800386e-01
-5.524020573638019904e-01
-3.186407565802562569e-01
-3.429950895817046597e-02
2.906210468586765683e-01
6.415198807224554711e-01
9.997946497445601155e-01
1.343824726758220400e+00
1.650286315044769747e+00
1.895718634400313185e+00
2.058236082725152016e+00
2.119264278212847241e+00
2.065169500723078588e+00
1.888652203006385255e+00
1.589786192047259572e+00
1.176605306852900101e+00
6.651677596767986422e-01
7.906295111875549786e-02
-5.516358078599767900e-01
-1.191929310193153624e+00
-1.803879467526501301e+00
-2.348909568229029521e+00
-2.790274932208469671e+00
-3.095543108183974823e+00
-3.238915390649625969e+00
-3.203225549403421635e+00
-2.981467319395024518e+00
-2.577728637757240371e+00
-2.007446309095690218e+00
-1.296937517498773840e+00
-4.822116304286865329e-01
3.928860588420612920e-01
1.279100892889836860e+00
2.124627131920825640e+00
2.878226727993685063e+00
3.492415302566248769e+00
3.926512285351369869e+00
4.149355651527622868e+00
4.141498449684268834e+00
3.896733492785291908e+00
3.422832485382586665e+00
2.741434030147853029e+00
1.887068350174470499e+00
9.053617396706172826e-01
-1.494828946974324779e-01
-1.217785053526901473e+00
-2.237881481358505287e+00
-3.149804966991937683e+00
-3.898920411933919361e+00
-4.439291021699731665e+00
-4.736561604850582086e+00
-4.770173904306043156e+00
-4.534768950105993568e+00
-4.040681119263275001e+00
-3.313484775171339436e+00
-2.392613450709404788e+00
-1.329129741144945198e+00
-1.827776312773552458e-01
9.815055694439061007e-01
-8.038272674478026403e-01
-8.413437552024870314e+00
9.114241709059299978e+00
-2.089326965564138661e+00
-4.885895487113611324e+00
3.808390099857161815e+00
5.978814003710193781e+00
-1.627746705298436325e+01
1.657310090768707767e+01
-3.463150499634775947e+00
-1.525739279385502911e+01
2.599368831056300877e+01
-2.027470187777330679e+01
2.099663211256971529e+00
1.483994111244353498e+01
-1.817611482087215791e+01
7.030526783483340481e+00
7.368475517552951715e+00
-1.137618148977349364e+01
8.311365038408062844e-01
1.504735702868361003e+01
-2.132539179697350562e+01
1.026354588556487535e+01
1.150868889864463718e+01
-2.784958247850891411e+01
2.613726830864130690e+01
-7.623719058733462006e+00
-1.357754295560325630e+01
2.202157980886578414e+01
-1.331665444581283708e+01
-2.919473971854394279e+00
1.176875179882790690e+01
-5.810420961117558569e+00
-8.833231481647528582e+00
1.811154988844121050e+01
-1.229699325829446543e+01
-5.608487278267377363e+00
2.228916646544573155e+01
-2.506917383129459509e+01
1.207463136076394861e+01
6.716590053271916716e+00
-1.796028956412981259e+01
1.551716319610840600e+01
-4.394523287749819040e+00
-4.618056782990306530e+00
4.433979918828740097e+00
2.900280869479416879e+00
-8.956559154833444225e+00
6.809250625233785215e+00
3.018617975111506979e+00
-1.335373196747398339e+01
1.662189605020311589e+01
-1.083339420424569965e+01
4.382778935195155157e-01
7.956316148151931777e+00
-1.074169812672268165e+01
8.996243605220030304e+00
-6.040192555818419073e+00
3.890380864800535576e+00
-2.050842571749827314e+00
-7.606921240982993382e-01
4.347772320887124842e+00
-6.856025574117463606e+00
6.782718856189662304e+00
-4.784852051542272555e+00
3.071960136230075911e+00
-2.841563256986750829e+00
2.565609019518531930e+00
6.367828460355965392e-01
-7.466823522106729172e+00
1.431491921911057119e+01
-1.530751950428503427e+01
7.436157330999654924e+00
5.742957608268448588e+00
-1.578143528719918365e+01
1.577388760577595050e+01
-6.322146391653760134e+00
-4.466909793011483387e+00
7.589457371929581697e+00
-1.024254658685122443e+00
-8.111008792840749493e+00
9.542181838137103966e+00
7.903420896503521309e-01
-1.616799311593144495e+01
2.386065905788767338e+01
-1.574988471668816814e+01
-4.120371816251590324e+00
2.189356121242242637e+01
-2.474299216033445603e+01
1.135521069495914936e+01
6.887230748472909170e+00
-1.530990665880569068e+01
8.190385564768837057e+00
6.529491362102326946e+00
-1.419733948298626203e+01
6.274704098488886217e+00
1.190245792640902067e+01
-2.519874895193687792e+01
2.132802632774848206e+01
-1.441915025079910428e+00
-2.034993829666967713e+01
2.823757450863982754e+01
-1.737671595158215609e+01
-2.555575395735369071e+00
1.571480176772808335e+01
-1.316920224793661909e+01
-2.643555976244438277e-01
1.090041470024812220e+01
-8.292821702463198719e+00
-5.838330391240092787e+00
1.926973065208895619e+01
-1.980593430037963998e+01
5.579153175177564705e+00
1.346204338416599100e+01
-2.377919528841655605e+01
1.899944762749166927e+01
-4.304089611228050671e+00
-8.675301459617145383e+00
1.157629422934168772e+01
-5.355079874986044430e+00
-1.897342427388264197e+00
2.721141591147601346e+00
3.395508062310526043e+00
-1.027508892425441545e+01
1.097747119617949352e+01
-3.813957180624876209e+00
-6.601695409670057302e+00
1.355854630237534764e+01
-1.354834781993142911e+01
8.154780231137372937e+00
-1.606076677939686892e+00
-3.068028728530614924e+00
5.667844461910080511e+00
-7.358120413110108338e+00
8.352470361408530053e+00
-7.472972522330561418e+00
3.921588527189573625e+00
9.882723223253684353e-01
-4.425320348874455689e+00
4.677294339905708753e+00
-3.088995821444308731e+00
2.918301169415383534e+00
-5.796274549979642643e+00
9.258959917562400221e+00
-8.305997977325104031e+00
2.159941392718085496e-01
1.169613437036857206e+01
-1.943013630923429247e+01
1.646609146296850668e+01
-3.742947949357159132e+00
-1.011923874855675010e+01
1.530915926847620590e+01
-8.945414769843299752e+00
-2.246768473163355040e+00
7.511734219008650904e+00
-1.523360268636573256e+00
-1.044675645545163967e+01
1.657353485694575923e+01
-8.770143611813466578e+00
-9.501799073033842191e+00
2.500808636994444356e+01
-2.520808497748362598e+01
8.859620230563107768e+00
1.235520710924060594e+01
-2.296397714395020628e+01
1.621254431881912694e+01
5.421025305743594203e-01
-1.222051360587166968e+01
8.898003135191387969e+00
5.730169311753047445e+00
-1.755441704904468736e+01
1.428580509625500028e+01
3.664652522016401903e+00
-2.298425951832115288e+01
2.823731790429451394e+01
-1.461583817665430729e+01
-8.024758972547026303e+00
2.317354092135612831e+01
-2.093990360327675404e+01
5.539601496675721215e+00
9.001224232298177697e+00
-1.094789196379260687e+01
4.198815302893104118e-01
1.143919197372329677e+01
-1.254950231290400708e+01
3.969996527217105609e-01
1.588725574145398944e+01
-2.329218259641486810e+01
1.567792175466582094e+01
1.501428938902744648e+00
-1.604872795778982919e+01
1.889232890211953020e+01
-1.061529727630199105e+01
-3.162072451194222200e-01
5.346177537951784409e+00
-2.635783637090108655e+00
-2.581202793586546029e+00
3.597357157097431202e+00
1.644519555218295181e+00
-9.145984003087495040e+00
