0.000000000000000000e+00
2.099884402750047485e+01
-2.696506864484121380e+01
1.501685907196025305e+01
3.705865399939995086e+00
-1.385949041730181719e+01
8.817092641550136278e+00
4.349999245281462201e+00
-1.178666796043577136e+01
5.320446812396558478e+00
1.041031785300540768e+01
-2.210031312851020857e+01
1.926121459889430554e+01
-3.014880340635346379e+00
-1.509198337268689727e+01
2.273446437916958374e+01
-1.639643873203390001e+01
3.045690247126306538e+00
6.709263123327582790e+00
-7.443217886038420161e+00
2.228283669507521658e+00
1.566596163603314551e+00
5.883732242271673130e-01
-6.782586951175607837e+00
1.115755108084773894e+01
-9.441285437571499628e+00
2.307197227849338006e+00
5.916488013131347756e+00
-1.115576419451591228e+01
1.218424726892491883e+01
-1.004355532229836001e+01
5.897491064390324667e+00
-1.360550879480175723e-01
-6.475303008763040324e+00
1.156194361621283839e+01
-1.209305988560164380e+01
7.214360568668139351e+00
-6.154267107190136699e-03
-4.368503471889138901e+00
3.155074923396099074e+00
1.005884312519720325e+00
-2.036208296797822115e+00
-3.729672816174726790e+00
1.304610327228347799e+01
-1.739937216051099611e+01
1.026072285699602915e+01
6.160346791137579991e+00
-2.118266716662866145e+01
2.368709251173816455e+01
-1.152120186446099126e+01
-6.049200074135068661e+00
1.560431109645059777e+01
-1.077868825959414423e+01
-2.264664661690430236e+00
1.019324057610209522e+01
-4.384707588520226906e+00
-1.098931710747170243e+01
2.203719646140653765e+01
-1.710474063436194214e+01
-2.618708207807362243e+00
2.323296681019427723e+01
-2.923979988936832086e+01
1.631611044893804063e+01
5.153236976557021620e+00
-1.880822706252430265e+01
1.582036403161813709e+01
-1.670006705842306927e+00
-9.370790376068304894e+00
6.980839964318456659e+00
6.366862722256940721e+00
-1.792288350224395543e+01
1.602465135869303481e+01
-2.878534195106059457e-01
-1.803610369556795590e+01
2.548364958055363871e+01
-1.725065730312884327e+01
4.069085481167662444e-01
1.266338392858734352e+01
-1.440259319505908664e+01
7.156625186866953925e+00
4.069338745183033179e-01
-1.516670262370332978e+00
-3.305438149572102802e+00
7.834931985837063628e+00
-6.416192296596702427e+00
-1.091228422209196580e+00
9.720596413958688231e+00
-1.397989303175348397e+01
1.202065987676627756e+01
-6.000458106542911452e+00
-7.195084658315518134e-01
6.198131957388982372e+00
-1.001979230550240985e+01
1.171181306157144419e+01
-1.007765249440912037e+01
4.620806664171256628e+00
2.644276558897232121e+00
-7.667653210805601027e+00
7.533568960429687600e+00
-3.487289668148754629e+00
3.727315068393082242e-01
-2.206932762081455834e+00
7.735412102822759373e+00
-1.061185525889195347e+01
4.941763327484226309e+00
8.392663081040669937e+00
-2.077700249139473243e+01
2.215726841177167827e+01
-9.767388014980696198e+00
-8.467311972389815367e+00
1.958284752342509449e+01
-1.610054423325980011e+01
2.448684547592577587e+00
8.671281878080254302e+00
-7.291547416461747311e+00
-4.875255892676656266e+00
1.561639714097624854e+01
-1.291815261646348389e+01
-3.949959686494123545e+00
2.282630866057895958e+01
-2.836964491923257725e+01
1.502373677257952345e+01
7.920724912460063827e+00
-2.369889491884833888e+01
2.172882126408330805e+01
-5.962534405025971651e+00
-9.080763831263617192e+00
1.099744341814156812e+01
1.061819527525189599e-01
-1.232087166991696314e+01
1.281522635782560648e+01
7.538076947365759395e-01
-1.812935550454225719e+01
2.520118488812360269e+01
-1.584237097498014535e+01
-3.256760528979227409e+00
1.847056231408771154e+01
-2.034289524176252684e+01
1.040990932286192816e+01
1.475413087042785509e+00
-6.167834033224334433e+00
2.456741476237684907e+00
3.291185005040136335e+00
-3.822257908032955065e+00
-2.452273986899420777e+00
1.060184601131394366e+01
-1.399463326688981368e+01
9.910515069519062692e+00
-1.112128915857553579e+00
-7.206252000977105610e+00
1.158545074343583181e+01
-1.183576706940958800e+01
9.428423987077824364e+00
-5.330565767057104054e+00
-2.102158557848277098e-01
6.187794446815151339e+00
-1.011158794749480094e+01
9.627365680853543495e+00
-5.122519207972867861e+00
2.436057387122625428e-01
1.022541070600271329e+00
1.636040631849962068e+00
-3.886877049410190743e+00
5.663061358019918501e-01
8.722401214744131437e+00
-1.768010953559068099e+01
1.778284447904719201e+01
-5.961875171322720490e+00
-1.137020008269871951e+01
2.233286647067563990e+01
-1.902700512862976368e+01
4.469675690138444679e+00
9.437456819251821116e+00
-1.178058662344779783e+01
2.065812620152829737e+00
9.208185248865229156e+00
-9.785293180003421298e+00
-3.105356212468597388e+00
1.948544617443105409e+01
-2.466575102178150303e+01
1.199029806001746934e+01
1.075013261585205804e+01
-2.709587148843335314e+01
2.526397273318771752e+01
-7.768022267110508139e+00
-1.091133375611144274e+01
1.659135136079946804e+01
-7.058834536646675595e+00
-6.762647666728552664e+00
1.089458645113296953e+01
-7.011260732155921716e-01
-1.512705062082225815e+01
2.223897118280957841e+01
-1.308236432018049911e+01
-6.613886145190311261e+00
2.265490784842400984e+01
-2.402616555961867562e+01
1.135258598678648490e+01
4.613735458013367818e+00
-1.247924609416854835e+01
-3.277373865394126451e+00
-3.348529073900890829e+00
-3.261703185601589006e+00
-3.031150271633652693e+00
-2.677226267779797997e+00
-2.224731630256332693e+00
-1.701141908349144583e+00
-1.134853324367378402e+00
-5.535596446967312456e-01
1.714208683913187592e-02
5.548442230564565314e-01
1.041075657808042010e+00
1.461689848294227989e+00
1.806909581769645223e+00
2.071070638719191948e+00
2.252127651382676454e+00
2.350999965593335350e+00
2.370842259508680439e+00
2.316323763543164382e+00
2.192991515964412663e+00
2.006778139663022209e+00
1.763694620827300330e+00
1.469725389642121183e+00
1.130918768199276503e+00
7.536427514679499007e-01
3.449562039547450221e-01
-8.696930998349886033e-02
-5.324503127103155098e-01
-9.799893001473229948e-01
-1.416137979397611213e+00
-1.825580811859816022e+00
-2.191474467117487723e+00
-2.496054931406057165e+00
-2.721497597661636014e+00
-2.850988913007745928e+00
-2.869943385441062755e+00
-2.767279172889942629e+00
-2.536651041104139193e+00
-2.177532695097947446e+00
-1.696042311370216993e+00
-1.105415820513744984e+00
-4.260517127716284547e-01
3.149222208519224520e-01
1.084577446581981297e+00
1.845589927818024556e+00
2.558066649160611661e+00
3.181703060397248706e+00
3.678150640622278367e+00
4.013450362679012784e+00
4.160373496559769180e+00
4.100507402284263136e+00
3.825931489100584670e+00
3.340347328138956406e+00
2.659556156093373591e+00
1.811215077260213580e+00
8.338478555532982117e-01
-2.248655574196382068e-01
-1.310447885195077822e+00
-2.364513043036359896e+00
-3.328025812125197103e+00
-4.144743441787463567e+00
-4.764630628869516826e+00
-5.147033088192735306e+00
-5.263402607151482115e+00
-5.099387976346923423e+00
-4.656140474361984083e+00
-3.950727738008251944e+00
-3.015603172805163545e+00
-1.897136245722732761e+00
-6.532683489786840214e-01
6.495844301446314084e-01
1.940210111867990195e+00
3.146649353968615337e+00
4.200374219323379066e+00
5.040344752602829104e+00
5.616693801355351567e+00
5.893809257853377837e+00
5.852616554025150464e+00
5.491910862095623180e+00
4.828645217240217669e+00
3.897144170736741131e+00
2.747278618592951638e+00
1.441701935727923489e+00
5.230634630396413520e-02
-1.343892222078583387e+00
-2.669195931825049772e+00
-3.849727096279643490e+00
-4.819719175889767726e+00
-5.525337373329078261e+00
-5.927797732550549981e+00
-6.005596381491084657e+00
-5.755715097582918105e+00
-5.193732267374876699e+00
-4.352835565830018183e+00
-3.281800028115831935e+00
-2.042058357756283193e+00
-7.040453188187918432e-01
6.569585570941075536e-01
1.965229648365504067e+00
3.148983006875449409e+00
4.144469698090217591e+00
4.899546414198844957e+00
5.376509254847831265e+00
5.554031381489251906e+00
5.428101505673993188e+00
5.011923120197709025e+00
4.334798948557025966e+00
3.440087138596080507e+00
2.382371340017388484e+00
1.224032530332745949e+00
3.144352679798394223e-02
-1.128974357992835076e+00
-2.194590017149685046e+00
-3.110066445877157193e+00
-3.830326291750325574e+00
-4.322814406444649649e+00
-4.568941127273868474e+00
-4.564644543996461579e+00
-4.320066998660263557e+00
-3.858396758361815948e+00
-3.213976596061717483e+00
-2.429823722598236646e+00
-1.554737555598683985e+00
-6.401913829771627151e-01
2.627898465128497008e-01
1.106570600179337616e+00
1.849489431774109516e+00
2.457942490066713948e+00
2.907860015205007365e+00
3.185514359843194754e+00
3.287644747544566037e+00
3.220929687491402404e+00
3.000879609663183345e+00
2.650257152011794126e+00
2.197158460904199195e+00
1.672904392297775766e+00
1.109894937355051958e+00
5.395736639861052897e-01
-9.367635133896920485e-03
-5.124389739147710010e-01
-9.503831671199693965e-01
-1.309749245467330736e+00
-1.583005960377525945e+00
-1.768227564407230279e+00
-1.868414357110041779e+00
-1.890534448073161400e+00
-1.844389221580735150e+00
-1.741412150087996880e+00
-1.593508659170028263e+00
-1.412034164082531573e+00
-1.206989303588017481e+00
-9.864874748782885838e-01
-7.565221285552886643e-01
-5.210322699338529873e-01
-2.822366528086359683e-01
-4.118254127385978514e-02
2.015643496210246521e-01
4.451745001370799315e-01
6.878441012199472127e-01
9.262060488828869342e-01
1.154937503889966521e+00
1.366620703005799964e+00
1.551889966526004416e+00
1.699870737976384882e+00
1.798888274863190695e+00
1.837396651305974515e+00
1.805055323776042053e+00
1.693862681282104710e+00
1.499245362524397995e+00
1.220999735537791953e+00
8.639882208868496782e-01
4.385078369377506391e-01
-3.972947652998293222e-02
-5.500370832153458345e-01
-1.067614736446401702e+00
-1.564797322893827669e+00
-2.012625612403509123e+00
-2.382644538298198889e+00
-2.648811676422439199e+00
-2.789383656319176730e+00
-2.788642630868277905e+00
-2.638329395026861146e+00
-2.338664290966639747e+00
-1.898860927908967433e+00
-1.337069531844620407e+00
-6.797243554571075208e-01
3.968952656323532224e-02
7.823933907612041772e-01
1.506500571748532469e+00
2.169501860943860549e+00
2.730896265741319162e+00
3.154797255308096737e+00
3.412340395233234069e+00
3.483725967856067030e+00
3.359749560218196152e+00
3.042703621240640199e+00
2.546571819211810528e+00
1.896483191226445930e+00
1.127441597543596741e+00
2.823946139097444075e-01
9.171715039450068829e+00
-1.056438816481750198e+00
-2.851164019809292682e+00
-1.016498742482324857e+00
8.354660755181530618e+00
-1.160863396236435818e+01
6.850215561907315731e+00
3.208841319820320948e+00
-1.206783755579224682e+01
1.486354182980027971e+01
-1.143140054552166340e+01
5.010892066047929916e+00
1.188486963140476860e+00
-5.952694389630338812e+00
9.256384870266987974e+00
-1.055554159316288576e+01
8.710146080301909066e+00
-3.739092740273955329e+00
-1.932794745033334927e+00
4.856965361968574868e+00
-3.765953948717861266e+00
1.294028424173284009e+00
-1.810141165265360730e+00
6.805777899006334231e+00
-1.230679498481791079e+01
1.156557116987353240e+01
-1.412941027919561776e+00
-1.342365453041611900e+01
2.273306234812490345e+01
-1.885917910588395685e+01
3.702214906652972815e+00
1.189176696533279021e+01
-1.663739472819962728e+01
8.297263375030414778e+00
4.244551363068973515e+00
-8.634802479969184930e+00
1.225253227827087787e-01
1.370961547356738031e+01
-1.914925647992225777e+01
8.510495723176639160e+00
1.231817305282185160e+01
-2.788554917164358216e+01
2.576415736538909229e+01
-7.083334653834993055e+00
-1.413286197210240580e+01
2.244415819600769524e+01
-1.357444850637482858e+01
-2.599111819334627427e+00
1.106008924480393851e+01
-4.747649455925431639e+00
-9.583824148383108366e+00
1.762921984810217424e+01
-1.026876482423043058e+01
-8.329950293507137005e+00
2.410832496175973461e+01
-2.485136070943604025e+01
1.010346700830549693e+01
8.955384067520652636e+00
-1.905218975503036916e+01
1.530505414886596682e+01
-3.957873333629911006e+00
-4.180259795172864834e+00
3.227777051265297459e+00
3.569904683007258051e+00
-7.872282470542687705e+00
4.164701612310700796e+00
5.603237425935413185e+00
-1.421509008271560859e+01
1.552312814097404825e+01
-9.068849273913709652e+00
-5.463158371218899134e-01
8.034058286931106352e+00
-1.112249150001222731e+01
1.070483394961856227e+01
-8.419413585254782006e+00
4.827648172840254048e+00
4.044814137327890080e-02
-5.068696711801901067e+00
7.923092250831376582e+00
-7.087384955183182456e+00
3.887190092171509903e+00
-1.800877590898946723e+00
3.055865356076942874e+00
-5.755827320670312552e+00
4.961920698554845188e+00
2.464221822909944848e+00
-1.357602662210277344e+01
2.027365315437025117e+01
-1.568491698730434969e+01
8.111448915455881092e-01
1.488450953765034512e+01
-2.042858225054829546e+01
1.242835447602675103e+01
1.690092113178678801e+00
-9.708451503590680431e+00
5.178433011438680289e+00
6.668991835484580299e+00
-1.325816151301064849e+01
5.927691833137192390e+00
1.164481250741722107e+01
-2.560574278212141408e+01
2.335891651317282225e+01
-4.637613845097547483e+00
-1.751217577643946299e+01
2.706524090575843999e+01
-1.807153518164120243e+01
-6.834618831408771911e-01
1.340054358413097191e+01
-1.071140528414047566e+01
-2.707090361644743481e+00
1.277472773384582538e+01
-8.685029520039440953e+00
-7.471479932820646930e+00
2.240480764775091416e+01
-2.300417896443429555e+01
7.482278260856108254e+00
1.317274275433781305e+01
-2.435742495955678422e+01
1.954462607390770756e+01
-4.694417076263055932e+00
-7.753659521045274339e+00
9.518636426582677501e+00
-2.534960878098677206e+00
-4.152159534605194935e+00
3.099184697748466277e+00
5.164342608227942222e+00
-1.326189504231624561e+01
1.383114277512935786e+01
-5.680602783531209177e+00
-5.825400750157434970e+00
1.366919113648186368e+01
-1.449770032719794699e+01
9.957306830739762304e+00
-3.881677695003241890e+00
-1.202542937247787158e+00
5.002590620177641334e+00
-7.820497575177152605e+00
8.990329123377071241e+00
-7.440540641269192790e+00
3.564709101580868733e+00
2.176005951667185911e-01
-1.471342313046118733e+00
4.847631325577861361e-01
-5.197511536891967765e-01
4.561220905851534724e+00
-1.138650891879923321e+01
1.522596614708237084e+01
-1.035334474651376269e+01
-2.992313629818975862e+00
1.707304338954174483e+01
-2.192085653762911335e+01
1.359802259189812368e+01
1.786275772704151166e+00
-1.249698625785300266e+01
1.088778828278843136e+01
-1.099137192570527333e-01
-8.438878083322686408e+00
5.228508358753317431e+00
8.403170591590612304e+00
-2.059149545933967218e+01
1.891838506062794778e+01
-1.655105264068025495e+00
-1.968473934184216745e+01
2.921405734811579435e+01
-1.973765583049015504e+01
-1.140237702898154293e+00
1.726293837538845111e+01
-1.731973355778374213e+01
3.974548411990864061e+00
9.037180748303361710e+00
-9.203740217961421166e+00
-3.797712144707139359e+00
1.792251502788382922e+01
-1.938075324646164788e+01
4.749392205283354151e+00
1.586386491747305172e+01
-2.715821558488266163e+01
2.115775402177173348e+01
-3.282871356084144931e+00
-1.277955355424442274e+01
1.651706369275512643e+01
-8.461836607514253927e+00
-1.717665852869409759e+00
4.432485784466816625e+00
1.711311266208621618e+00
-9.622902279140141957e+00
1.072771570410162312e+01
-2.585942940732115503e+00
-9.384952545426257231e+00
1.688602695683433197e+01
-1.545786777598326012e+01
7.183486399359397367e+00
2.147383948461353498e+00
-8.010578091515869303e+00
9.701183906865860962e+00
-9.002973375012915724e+00
7.347647043930230382e+00
-4.687655284153739998e+00
7.864882313340721964e-01
3.236396570459682209e+00
3.612956614792247834e+00
3.668363100576601088e+00
3.542736015700631569e+00
3.230757050938593000e+00
2.737213257660932264e+00
2.077466810410826703e+00
1.277286668951160609e+00
3.720107241958401367e-01
-5.949489252067536871e-01
-1.574199535262402971e+00
-2.512958535188351661e+00
-3.358001429790991033e+00
-4.058795873976716706e+00
-4.570630549953737187e+00
-4.857539092905830636e+00
-4.894824007461680004e+00
-4.671003429349998015e+00
-4.189033942513102460e+00
-3.466703814873110190e+00
-2.536140536548792124e+00
-1.442431369324787438e+00
-2.414122438746870714e-01
1.003264938971659692e+00
2.223627406107588467e+00
3.351239633217678815e+00
4.321196753595780926e+00
5.076011111115903418e+00
5.569150605252017883e+00
5.768003733018445267e+00
5.656077204291504401e+00
5.234275959651877308e+00
4.521169738164966923e+00
3.552211690270694611e+00
2.377939063109726359e+00
1.061249596380063220e+00
-3.260941419476445224e-01
-1.707530498911145278e+00
-3.006094952343642213e+00
-4.148884226624055316e+00
-5.071319034726839980e+00
-5.720946302440036213e+00
-6.060548172176881465e+00
-6.070366261529845708e+00
-5.749303029791564157e+00
-5.115024349532747650e+00
-4.202954571314148069e+00
-3.064223258828444152e+00
-1.762687056444890210e+00
-3.712067549785286191e-01
1.032595039501995604e+00
2.370839013235572779e+00
3.569885262671872894e+00
4.564550492150161176e+00
5.301794994278717255e+00
5.743662286426868491e+00
5.869301731295648139e+00
5.675962114569346184e+00
5.178908259912548218e+00
4.410279214878398690e+00
3.416971107426982179e+00
2.257686378361409396e+00
9.993400909228747908e-01
-2.869495856062511674e-01
-1.530037969498027728e+00
-2.662843045305260947e+00
-3.626103022656537611e+00
-4.371583470397369275e+00
-4.864553853112972170e+00
-5.085402450231514493e+00
-5.030314964558227686e+00
-4.711001871671572694e+00
-4.153518815194775726e+00
-3.396279314187276910e+00
-2.487406273891259456e+00
-1.481605415479014143e+00
-4.367676591133911046e-01
5.894825128419886040e-01
1.543079891111728719e+00
2.376457480241686682e+00
3.050966146170419613e+00
3.538648918774788488e+00
3.823289998978988802e+00
3.900708104814506250e+00
3.778313445178955288e+00
3.473994014205975756e+00
3.014437052447856757e+00
2.433022940158352299e+00
1.767449664969410472e+00
1.057255316467506034e+00
3.414036125907045083e-01
-3.439161088560641066e-01
-9.671463043349419753e-01
-1.502778921113816946e+00
-1.932272453101925525e+00
-2.244446034169763848e+00
-2.435366379568883577e+00
-2.507778311671727600e+00
-2.470158914120180516e+00
-2.335497131729856513e+00
-2.119913576779056008e+00
-1.841238821016157212e+00
-1.517662679163334305e+00
-1.166552755035254574e+00
-8.035192762585148252e-01
-4.417769340315307325e-01
-9.182535296719884776e-02
2.385596196358602539e-01
5.440589935295649937e-01
8.213264105187689790e-01
1.068362042528941735e+00
1.283829829222521646e+00
1.466405083487635652e+00
1.614233321467134719e+00
1.724567663299764630e+00
1.793632540992223579e+00
1.816737473436473627e+00
1.788638411466769051e+00
1.704117890618736642e+00
1.558731234247803465e+00
1.349646427550583727e+00
1.076491792692421567e+00
7.421195098622310748e-01
3.531950311603362369e-01
-7.946744414183593008e-02
-5.408856515293505307e-01
-1.012244462377348331e+00
-1.471595643884278104e+00
-1.894901606094214319e+00
-2.257372077153797285e+00
-2.535014750719045917e+00
-2.706297970647785434e+00
-2.753807466791193814e+00
-2.665771560411417607e+00
-2.437331039467913296e+00
-2.071441292473608087e+00
-1.579314790246096001e+00
-9.803404191291311687e-01
-3.014506679621957730e-01
4.240540842532771748e-01
1.158175628785415245e+00
1.860296264954923284e+00
2.489546406688333935e+00
3.007316637153579997e+00
3.379752804306715319e+00
3.580066882603208711e+00
3.590501942401651991e+00
3.403806633894474576e+00
3.024102256846268766e+00
2.467062128862933967e+00
1.759366287695478315e+00
9.374417464547828427e-01
4.554640708394108728e-02
-8.666999519073224079e-01
-1.747194635334505586e+00
-2.544466989927344436e+00
-3.210835341697619860e+00
-3.705404325287170675e+00
-3.996706732371158921e+00
-4.064812882360509860e+00
-3.902761537255479141e+00
-3.517207678673156312e+00
-2.928231444399426842e+00
-2.168306027948825765e+00
-1.280476867604090296e+00
-3.158563629727249022e-01
6.694158432809182990e-01
1.617560425968768145e+00
2.472682425170147358e+00
3.184209239566540450e+00
3.710023302790984800e+00
4.019087853367355301e+00
4.093395238088088917e+00
3.929109632568745347e+00
3.536827200057480969e+00
2.940933217668687316e+00
2.178093873995655461e+00
1.294976445604715032e+00
3.453416783698151082e-01
-6.133069059787970012e-01
-1.523303124722489965e+00
-2.330398994643740895e+00
-2.987117577341713570e+00
-3.455663933659614440e+00
-3.710209200434488430e+00
-3.738403793262607522e+00
-3.542026119266259876e+00
-3.136729614191957616e+00
-2.550909655147860278e+00
-1.823769048627999600e+00
-1.002712568248693703e+00
-1.402439980415328691e-01
7.094294996092069816e-01
1.493863167651656942e+00
2.165685139893632538e+00
2.685538157426554218e+00
3.024465055358294130e+00
3.165588790278352604e+00
3.104985607620503352e+00
2.851704119937825688e+00
2.426939918421045839e+00
-5.383250072384560880e+00
4.947857796266449171e+00
-3.733976036144700750e+00
4.395302086551692966e+00
-7.173028612201562737e+00
8.587844750294092222e+00
-4.234245639179119003e+00
-6.320033497590274330e+00
1.733643717295559838e+01
-2.044767860637684009e+01
1.170912165401271210e+01
4.006803622261224440e+00
-1.589941878589178259e+01
1.578440558291470097e+01
-5.161736444060501583e+00
-5.740539531342577995e+00
6.745974149335373760e+00
3.039707716762404921e+00
-1.389435797231789316e+01
1.379306768003249672e+01
5.248776260527534543e-01
-1.956938882544891811e+01
2.825543446966640460e+01
-1.852907147920572584e+01
-3.349805596478995451e+00
2.144020662898703478e+01
-2.304852848052515668e+01
9.032683076383591469e+00
7.343210807854124944e+00
-1.201243300358179944e+01
2.145938181335591999e+00
1.173827946854066262e+01
-1.530852456210123336e+01
3.215442989381868344e+00
1.596656418591877902e+01
-2.685237124877554749e+01
2.017862420838028470e+01
-4.606211723012383352e-01
-1.794549827512821949e+01
2.267002973653429976e+01
-1.285403752381259679e+01
-1.360666636222504833e+00
8.225515529889378286e+00
-4.143081254789477974e+00
-4.383991851823283881e+00
7.528247813099324226e+00
-1.090477369225245852e+00
-1.017197478367195629e+01
1.713205111777918432e+01
-1.414443553244313634e+01
3.252681765115092105e+00
8.266657704732752521e+00
-1.405049310119195205e+01
1.287750491884527193e+01
-7.955062126085302054e+00
3.032858125966821916e+00
5.164433444916181060e-01
-3.353318175327474115e+00
5.931114094485861798e+00
-7.360474643302443276e+00
6.594982548599174876e+00
-4.205696048505419782e+00
2.240923209094209501e+00
-1.935791407045554635e+00
1.819462777402256037e+00
1.168177081547128404e+00
-8.023199510932958134e+00
1.512635508346669866e+01
-1.611665154813111656e+01
7.445937578423980518e+00
7.235697196711992518e+00
-1.855893512864840744e+01
1.852815536668367358e+01
-7.482783706089149334e+00
-5.529079058950786774e+00
1.005792250768763552e+01
-3.331500689716104802e+00
-6.997708524853064382e+00
9.419925258789481504e+00
8.592633291155886699e-01
-1.670428808331283577e+01
2.434497856395538307e+01
-1.516240350970361561e+01
-6.151711110941326055e+00
2.452562158182539065e+01
-2.654540729860020321e+01
1.152913113106508547e+01
7.922475020535284074e+00
-1.654212447305446076e+01
9.160964034420064905e+00
5.324942479293305553e+00
-1.214629903746894257e+01
3.835406395364397980e+00
1.307927022104216341e+01
-2.363491303898148033e+01
1.737286316137121389e+01
2.543488197534129469e+00
-2.178995786421714698e+01
2.663611662246600886e+01
-1.487260942831022348e+01
-3.159167098316786326e+00
1.377922283005190884e+01
-1.115077004460679078e+01
1.016424342441817785e+00
5.518345885593675781e+00
-2.085889977074076640e+00
-7.826960515600691615e+00
1.464855601668762120e+01
-1.139685697436960687e+01
-5.209493067311079528e-01
1.297065697690016783e+01
-1.802487008716919803e+01
1.382012230493884353e+01
-4.749925327729973112e+00
-3.153475544238857786e+00
6.906026609322800880e+00
-7.459823002887767451e+00
7.071633476690612596e+00
-6.550914759874211235e+00
5.104204436580115356e+00
-2.242585030769023824e+00
-9.636785533842808782e-01
2.922158034888084899e+00
-3.555103610454708019e+00
4.635648780766485899e+00
-7.533779471272788797e+00
1.065101093027636026e+01
-9.796723636650440881e+00
2.070451810893266131e+00
1.011510505752466926e+01
-1.927707659905890125e+01
1.829176145227666694e+01
-6.799649892691391528e+00
-7.403092811925999328e+00
1.411038495785700775e+01
-9.230960616109776140e+00
-1.409667451722953047e+00
6.909198985442960961e+00
-1.076744617701694828e+00
-1.140544563051911098e+01
1.839074036463902573e+01
-1.088945699590407301e+01
-8.206656125015733494e+00
2.533075640670746509e+01
-2.700737304825522145e+01
1.126270034989142488e+01
1.025340920904122477e+01
-2.162016648003520913e+01
1.571809288489830436e+01
1.388470849034959542e-01
-1.088032900934669733e+01
6.906285076668224221e+00
7.594872568214348973e+00
-1.843478355000159041e+01
1.399089440251741223e+01
4.385193313508079171e+00
-2.312275346924921138e+01
2.765146046545268632e+01
-1.441859898506904081e+01
-6.453946461941052704e+00
1.981548623689045741e+01
-1.776787705920189353e+01
5.202584269268596628e+00
5.560394650334606226e+00
-5.767184061437198750e+00
-2.793504851563755054e+00
1.038227650293966775e+01
-8.484120419237290989e+00
-2.767990823112022269e+00
1.507035234946305025e+01
-1.923601324301495552e+01
1.256039948667815054e+01
-1.873729085654272097e-01
-9.854834833583336007e+00
1.295820054272337174e+01
-1.025326483012421086e+01
5.904509527439070204e+00
-2.833126903036865762e+00
9.553392751176197351e-01
1.179099389972760648e+00
-3.907090625471925094e+00
5.996822345977749436e+00
-6.366231454424257308e+00
5.569130498659379036e+00
-5.031723377144656340e+00
4.837508877307421962e+00
-2.887959656579993428e+00
-2.943248476873188579e+00
1.146063909448666429e+01
-1.738492375137716905e+01
1.500458396920210191e+01
-3.629141835048205422e+00
-1.033475696185379000e+01
1.753012307145059623e+01
-1.322582104462595609e+01
1.749465441319866699e+00
6.731686392670884089e+00
-4.951380624300197653e+00
-4.700511355213339293e+00
1.180190522409396792e+01
-9.400956029182885310e-01
-8.244267679218764133e-01
-6.879768912710548801e-01
-5.271407896398436765e-01
-3.391048013678976680e-01
-1.227310790910691729e-01
1.206754898156190414e-01
3.868047447380367210e-01
6.680536440430759892e-01
9.535612350659057324e-01
1.229586313789310381e+00
1.480217911397877950e+00
1.688378742763256835e+00
1.837054167682508954e+00
1.910656338527308318e+00
1.896416992401588342e+00
1.785694257134353480e+00
1.575079735489965049e+00
1.267202185583685026e+00
8.711427968014318068e-01
4.024031626595134803e-01
-1.176012272079161036e-01
-6.625140855732711831e-01
-1.202434287835988380e+00
-1.705657051425975013e+00
-2.140653316456376132e+00
-2.478157808322282385e+00
-2.693222515081930446e+00
-2.767088593754118087e+00
-2.688736596475940654e+00
-2.455992181928399631e+00
-2.076091187411256644e+00
-1.565642411723797700e+00
-9.499664273393308989e-01
-2.618314836413486724e-01
4.603498968360053567e-01
1.174760718247722435e+00
1.838719580600576275e+00
2.411360257028850373e+00
2.856275895571668499e+00
3.143950577896661880e+00
3.253810745165539142e+00
3.175750517769676762e+00
2.911016938060206893e+00
2.472381645713328968e+00
1.883571820838980670e+00
1.177982316939750529e+00
3.967394296854349633e-01
-4.137686291514364179e-01
-1.204741878106239339e+00
-1.928018750015046745e+00
-2.539129567383863861e+00
-3.000153412061266511e+00
-3.282188744377969591e+00
-3.367271258655189836e+00
-3.249607061568390964e+00
-2.936033115621672795e+00
-2.445667134297673240e+00
-1.808762415691065328e+00
-1.064835884510309416e+00
-2.601863078091386505e-01
5.550390653131269669e-01
1.330040161511735874e+00
2.016614158837634285e+00
2.572247268486615113e+00
2.962844863922151628e+00
3.164919592502689838e+00
3.167092266655971766e+00
2.970805355567199157e+00
2.590200798055338538e+00
2.051169166912324204e+00
1.389632223036178393e+00
6.491718992823583001e-01
-1.218376968875884980e-01
-8.734055274890515363e-01
-1.557195892987500052e+00
-2.129681076684166285e+00
-2.554965798974992541e+00
-2.807096980716434764e+00
-2.871706881751836526e+00
-2.746882422091991405e+00
-2.443205390872124738e+00
-1.982963797595025834e+00
-1.398590069375007294e+00
-7.304334029878920553e-01
-2.401786059542460050e-02
6.730282277022382464e-01
1.314164600716505982e+00
1.857038802013594614e+00
2.266286058646705293e+00
2.515843085020436298e+00
2.590623122607166984e+00
2.487443235592073698e+00
2.215145777492888435e+00
1.793910549147666567e+00
1.253808767424120507e+00
6.327008527815440875e-01
-2.637621555980951271e-02
-6.781525736900102519e-01
-1.278199444176329802e+00
-1.785925058401898635e+00
-2.167290734266074548e+00
-2.397065508225958652e+00
-2.460470112705924528e+00
-2.354103406860350134e+00
-2.086093672756445194e+00
-1.675470081559405688e+00
-1.150802490833873204e+00
-5.482069541627194731e-01
9.114342189728907861e-02
7.238301832761255827e-01
1.307131192859768865e+00
1.801892391217969402e+00
2.175136180570439226e+00
2.402232455443095382e+00
2.468489470463042679e+00
2.370062348136932062e+00
2.114124232101085354e+00
1.718295600229586384e+00
1.209377583757209607e+00
6.214818520852680717e-01
-6.310443813730248763e-03
-6.325976905414121276e-01
-1.216432768709407197e+00
-1.720035500219452507e+00
-2.111260648456365185e+00
-2.365658381988211101e+00
-2.467993866327048202e+00
-2.413131135819741591e+00
-2.206230867464890721e+00
-1.862258996480157691e+00
-1.404849984868895119e+00
-8.646117540598954321e-01
-2.769958894696475937e-01
3.201157182034015669e-01
8.889398907285999130e-01
1.394264014994183398e+00
1.805694971225114465e+00
2.099537753690895237e+00
2.260184634118016511e+00
2.280931684402460302e+00
2.164180538910400298e+00
1.921026482113214362e+00
1.570276231818687807e+00
1.136977199851071374e+00
6.505719169522963252e-01
1.428145742627893178e-01
-3.544002267886323665e-01
-8.111441543040975866e-01
-1.201353449763086001e+00
-1.504393616435749870e+00
-1.706192308709975736e+00
-1.799875677987452294e+00
-1.785880721349039524e+00
-1.671554550903375125e+00
-1.470288150389116977e+00
-1.200264476712958883e+00
-8.829264224235475744e-01
-5.412874261994387037e-01
-1.982152904704688190e-01
1.251823567921044322e-01
4.109541930342186511e-01
6.453863412602465210e-01
8.196989555008356021e-01
9.303203928857564087e-01
9.787350249361523868e-01
9.709342421791555822e-01
9.165307415813358505e-01
8.276214501111913702e-01
7.175025465893956067e-01
5.993496756403706716e-01
4.849769376653236819e-01
3.837796280225889145e-01
3.019487271801402084e-01
2.420211931193132493e-01
2.028010947680840559e-01
1.796548571063634192e-01
1.651518850078823597e-01
1.499921361950953269e-01
1.241371944786671122e-01
7.804307017569067639e-02
3.882833904504945366e-03
-1.033538452900627513e-01
-2.449889527922435861e-01
-4.180998991639556239e-01
-6.153420504473896546e-01
-8.251830730145646164e-01
-1.032548541422964705e+00
-1.219843811357808505e+00
-1.368284560286475937e+00
-1.459440237686053132e+00
-1.476873244338066105e+00
-1.407743806244447171e+00
-1.244247438463681688e+00
-9.847591068206908993e-01
-6.345754243934225158e-01
-2.061724386674048115e-01
2.810699494000332144e-01
8.016874480833404704e-01
1.325464558734180898e+00
-7.121455267568920000e+00
-8.410732067699395742e+00
2.324519833802049362e+01
-2.440413483790732840e+01
8.802393881482297289e+00
1.323175358277874381e+01
-2.580370601323172863e+01
2.037663420217493027e+01
-2.783569871968216702e+00
-1.183414546860849725e+01
1.195745018175066043e+01
6.078062261341983241e-01
-1.264431854379086495e+01
1.138293083171419440e+01
4.017624408920631218e+00
-2.137258728185168266e+01
2.573102266559194362e+01
-1.213787312380361882e+01
-1.004497015370785462e+01
2.482959400332430988e+01
-2.257799123400321406e+01
7.252661324650835795e+00
7.827008815606221859e+00
-1.155073109406601262e+01
3.799633084784054482e+00
5.696799162235214098e+00
-6.710893179964058319e+00
-2.474674669354211431e+00
1.402707497873992182e+01
-1.776303921591898671e+01
9.847467560992944513e+00
4.429861678047654294e+00
-1.552755228981068569e+01
1.731672894556379561e+01
-1.094593699771925444e+01
2.395685425044352002e+00
3.128270594987036191e+00
-4.711831103223293127e+00
4.720708849052964062e+00
-5.307204491194125850e+00
6.291221754412097411e+00
-6.116863774450271407e+00
4.139405002280938106e+00
-1.389242815277841103e+00
-9.176855713722407160e-01
3.060444769639214080e+00
-6.330343674776743867e+00
1.062259029279521094e+01
-1.296233724479256466e+01
9.382442501673939006e+00
8.868656700180830299e-01
-1.299362823903913977e+01
1.903524597495318105e+01
-1.433311048447661840e+01
2.046822190199559799e+00
8.596736232156374058e+00
-9.762692244418936127e+00
1.944261676818015872e+00
6.096808764860677243e+00
-5.012392838098966408e+00
-6.240356454242865780e+00
1.843284639681128567e+01
-1.948277819567061186e+01
5.298731480822177708e+00
1.551204588912786164e+01
-2.779732820445180153e+01
2.218041617192844939e+01
-3.104007733009675363e+00
-1.457656199736539904e+01
1.786668751181210268e+01
-6.379754117725054741e+00
-7.720043981081469830e+00
1.058849486158847419e+01
1.019895808601462228e+00
-1.676067036671724608e+01
2.164783855175012661e+01
-9.208333906357509591e+00
-1.255031068275300221e+01
2.751297461992162141e+01
-2.467769533531414083e+01
6.953007336862903287e+00
1.173957267515621083e+01
-1.821823087248840523e+01
1.045035235736028234e+01
1.968223551155138251e+00
-7.013927032281189966e+00
7.048562191413427769e-01
1.010316745772958669e+01
-1.441480865388976795e+01
6.910761302853275723e+00
7.671502459135854046e+00
-1.886589429044298427e+01
1.916388419110039365e+01
-9.470504093316268523e+00
-2.738173235240694670e+00
1.005229539956971330e+01
-1.042505067207525471e+01
7.089384985118729610e+00
-4.307619330244060407e+00
3.511017459834519627e+00
-3.109165776534773329e+00
1.212449897990072856e+00
2.091475402026589769e+00
-5.138741623477683262e+00
6.774311018751901337e+00
-7.390479478135898006e+00
7.687278065105071612e+00
-6.840317417830599211e+00
2.734337936250086809e+00
5.322925139145622708e+00
-1.415802287543011317e+01
1.782411113665828140e+01
-1.229777407826022184e+01
-1.619996053446062234e-01
1.155560921936176833e+01
-1.412502500761208069e+01
7.025959804715052215e+00
2.483157948279213656e+00
-5.122798325675443465e+00
-1.926522986417834815e+00
1.180682419824118945e+01
-1.355264450644927798e+01
2.129173095696605955e+00
1.592187627578751474e+01
-2.683372780108641109e+01
2.091655469186738259e+01
-1.255779303324420226e+00
-1.805445121550212662e+01
2.316933816673864044e+01
-1.186856104968969206e+01
-4.770404487048431008e+00
1.202056938301538302e+01
-4.255181523993747383e+00
-1.024965501191238104e+01
1.669712100324979787e+01
-6.972605253058347330e+00
-1.282285367550210786e+01
2.712421710816800413e+01
-2.391377927348593246e+01
4.842256454058558646e+00
1.613029715765699024e+01
-2.424612604947724037e+01
1.569923798597997866e+01
1.828743742654896920e-01
-9.667160017443578113e+00
6.326495477517338095e+00
4.285955237368687776e+00
-1.047361571563681082e+01
5.080081774905713665e+00
8.397962505352200679e+00
-1.916123999798508493e+01
1.843353752918271482e+01
-6.493456921860223829e+00
-8.219936050493210189e+00
1.638835805056675099e+01
-1.479791426675550170e+01
7.428736662776787902e+00
-7.516553107847498971e-01
-1.838337599864489746e+00
1.656117726616908925e+00
-1.927437336779149746e+00
4.070521236876682103e+00
-6.688534633494558790e+00
7.599014233047658884e+00
-6.174319617627896051e+00
3.459429519280230458e+00
-3.844671869944313869e-01
-3.398586115956089948e+00
8.388224746305180446e+00
-1.309326406035920343e+01
1.382875908307096324e+01
-7.665193883062348057e+00
-3.858522369625889681e+00
1.429921594547403174e+01
-1.667269457619413586e+01
9.420429429284952860e+00
1.531201997340559728e+00
-7.261561778809162426e+00
3.593368468566461971e+00
4.789117798059656650e+00
-8.112765027689324171e+00
4.816297660293542560e-01
1.382743677354854661e+01
-2.290668153772482185e+01
1.716292803695117541e+01
1.707503030426888113e+00
-2.091136035766652412e+01
2.647167412667059949e+01
-1.477195271960933098e+01
-4.249532488951594189e+00
1.533678558682811577e+01
-1.075846724297015733e+01
-3.282008996801006884e+00
1.231428452430381171e+01
-6.524122731030156608e+00
-1.030303433516902523e+01
2.370115651917739896e+01
-2.090459488620148321e+01
2.033422029703408462e+00
1.958106671491413309e+01
-2.822612422853120151e+01
1.853008823151864348e+01
6.539723095276879228e-01
-1.418230268651162795e+01
1.326088408485793835e+01
-1.992901082309384897e+00
-7.305147839249284125e+00
5.374659369614024129e+00
6.099880044378865662e+00
-1.649214339999097589e+01
1.580490646655937326e+01
-3.210117942129889101e+00
-1.256956300572376861e+01
2.074074225840012176e+01
-1.691808236112002817e+01
5.577822052110720463e+00
4.746877145123669095e+00
-8.581727647913474755e+00
6.777719598842000259e+00
-3.975073885939270468e+00
3.577889408529613569e+00
-5.093990302781518764e+00
5.665730551946142057e+00
-3.448181152156433171e+00
-7.696843227195895309e-01
4.878880075628231339e+00
-7.668041406590005771e+00
9.299898651583227149e+00
-9.785785378204412410e+00
7.758245054104671468e+00
-1.627222813744234831e+00
-7.675978832599650303e+00
1.556265297174361528e+01
-1.646360909379574622e+01
8.691689827153100012e+00
3.033475064268159826e+00
-1.055149774941553886e+01
8.933104456624118228e+00
-1.076585277584349853e+00
-4.429591508415728462e+00
9.978098526973120386e-01
9.342954932716420302e+00
-1.678817023899441807e+01
1.211132385979513160e+01
4.442785465811016188e+00
-2.189881857914779317e+01
2.684914453907276766e+01
-1.470693362240657898e+01
-5.845129659422187096e+00
1.953549916024581989e+01
-1.702578798366305435e+01
2.617161669977046579e+00
9.658066918969050008e+00
-8.368018411140104362e+00
-5.204197743310114532e+00
1.805263231662170043e+01
-1.684055830285498701e+01
-1.332568711601709310e-01
2.084073679183075001e+01
-2.925590771424533187e+01
1.863989617265998788e+01
2.939341813865603115e+00
-1.943479901305177293e+01
1.999575372132651552e+01
-7.261527337960221651e+00
-5.948849072888104494e+00
8.181785566636856188e+00
1.059957485456217263e+00
-1.169092967748520273e+01
1.248009965994051740e+01
-9.812949004372715223e-01
-1.452586691031941868e+01
2.224894263762151780e+01
-1.659345155733089783e+01
2.122727376118702658e+00
1.095800964545487943e+01
-1.519487854841419150e+01
1.086242040098820638e+01
-4.005751362215926648e+00
3.172004627401925347e-01
-6.845208365853405752e-01
1.832382034607921817e+00
-4.480928671337607305e-01
-3.601149455004097888e+00
7.686529174086714988e+00
-9.285366651913264491e+00
8.003162352572594784e+00
-4.964058561860079877e+00
9.180612991542220769e-01
4.313807451578381524e+00
-1.031061370209955896e+01
1.451784670425468704e+01
-1.326531969701104430e+01
5.206414712763624664e+00
6.090502328804879184e+00
-1.369908941989523754e+01
1.265066534788255126e+01
-4.547820453530722062e+00
-3.186912151481791966e+00
3.580531337236057432e+00
3.321900178254257874e+00
-9.823883334292567326e+00
7.218062313634031391e+00
5.730644409060341893e+00
-2.026004398069024859e+01
2.411423517918971982e+01
-1.208346304052643561e+01
-8.591975595918396991e+00
2.324904190848852181e+01
-2.158273017471809752e+01
6.258686831023592134e+00
9.279753909811478962e+00
-1.225635615084014596e+01
1.524409927770806750e+00
1.153216907679443537e+01
-1.312274376381038010e+01
-5.047083392951554615e-01
1.919947179944018956e+01
-2.718757377997763669e+01
1.650122830411124752e+01
5.983591164429139297e+00
-2.397942522244689911e+01
2.504947816817498563e+01
-1.041873590116444603e+01
-6.808267760615147601e+00
1.311961571921711212e+01
-5.710596754616602766e+00
-6.097073426194263845e+00
9.811342102949106803e+00
-9.178925773845989511e-01
-1.341048084415578145e+01
2.081476341291326193e+01
-1.438580452217190420e+01
-1.774481269308990861e+00
1.637149863059546107e+01
-2.022328835885704734e+01
1.292545357238955006e+01
-1.762858552262903444e+00
-5.223790773898804751e+00
5.496684499097419518e+00
-2.582487720247696572e+00
1.504117174142786784e+00
-3.944162805278228490e+00
7.390264798960771486e+00
-8.224903185313294784e+00
5.174751903009641829e+00
1.006134712204200810e-01
-5.143254495860708708e+00
8.766106491232029896e+00
-1.090956263298113882e+01
1.103901758797838184e+01
-7.639820475202018457e+00
2.088421975286980370e-02
9.396266856617373264e+00
-1.538933584217303441e+01
1.366306974669580399e+01
-5.020595936227024936e+00
-4.308647264724442927e+00
7.421259486637276304e+00
-2.868753727811006016e+00
-3.565437736981013295e+00
3.783676382839678887e+00
4.849473190800741129e+00
-1.597357398584648891e+01
1.887622454600500532e+01
-7.967175874308637162e+00
-1.117692878019740022e+01
2.514890560654914609e+01
-2.335649575681214429e+01
7.109073143614963897e+00
1.097422002776495731e+01
-1.724648293248078801e+01
8.447575647584898206e+00
5.658825264264149446e+00
-1.094528884860746487e+01
1.524933353140886183e+00
1.471089511602359501e+01
-2.266240068659143247e+01
1.320022751417193163e+01
8.442778648517974105e+00
-2.646449193835735514e+01
2.737712827193272958e+01
-1.103329648403439478e+01
-9.531674823504381777e+00
1.912525336408295473e+01
-1.274354016893432551e+01
-1.169199593447864727e+00
8.887315790938441040e+00
-3.535105777092267587e+00
-9.328504121991949560e+00
1.711144712295393688e+01
-1.142332468642078602e+01
-4.719740445846709598e+00
1.961787430611347816e+01
-2.267921980934962534e+01
1.266674156271015228e+01
2.252712623728565511e+00
-1.188924836066264845e+01
1.198312747414710344e+01
-6.194777210255395516e+00
-5.902486169211780265e-01
-1.439502065015379584e+00
-2.214911709136706985e+00
-2.869691907699585709e+00
-3.363686910406567865e+00
-3.665963010516522402e+00
-3.756857785691757545e+00
-3.629345723049026695e+00
-3.289622229591145697e+00
-2.756857853125025404e+00
-2.062128223692300644e+00
-1.246579213464573010e+00
-3.589374855678204579e-01
5.474794728195468974e-01
1.418065570599649883e+00
2.200330293079826749e+00
2.847186235815138300e+00
3.319907456293027970e+00
3.590566266321009614e+00
3.643789085434820052e+00
3.477715690492573231e+00
3.104097773003680505e+00
2.547528753073243113e+00
1.843853579552701349e+00
1.037860985958272142e+00
1.804077763825495673e-01
-6.748379758325659949e-01
-1.474822933064188213e+00
-2.170480815650390305e+00
-2.719831902949069402e+00
-3.090608835300417745e+00
-3.262239397807035868e+00
-3.227059714255909650e+00
-2.990682352415058975e+00
-2.571499817278930511e+00
-1.999361035297503086e+00
-1.313512884745835274e+00
-5.599469647847303833e-01
2.116695903697729531e-01
9.512739156372962412e-01
1.611679793779563941e+00
2.151626481707760163e+00
2.538404210110579928e+00
2.749886207263840809e+00
2.775837939261934562e+00
2.618423509754102874e+00
2.291883458527816053e+00
1.821413849470669311e+00
1.241329780048441966e+00
5.926436945128570333e-01
-7.977301457765330339e-02
-7.302501944888766250e-01
-1.315392925296269944e+00
-1.796962434535700259e+00
-2.144372136979304067e+00
-2.336634943945089748e+00
-2.363636782474051401e+00
-2.226658189672730437e+00
-1.938117640144429332e+00
-1.520563354694528524e+00
-1.004991094576223709e+00
-4.286104233520153795e-01
1.677819031773055691e-01
7.426377733079738697e-01
1.256506950541256940e+00
1.674705195729331297e+00
1.969621397518157568e+00
2.122510610273023790e+00
2.124656882523686896e+00
1.977834300934112388e+00
1.694043634541031906e+00
1.294551925829538153e+00
8.083098867394307163e-01
2.698637691708198894e-01
-2.830883327955562301e-01
-8.123232336955297228e-01
-1.281719557099488815e+00
-1.659704245958341984e+00
-1.921352949763333040e+00
-2.050004635015582721e+00
-2.038286177164145840e+00
-1.888484866569554388e+00
-1.612252686029052473e+00
-1.229672652761786722e+00
-7.677612240915769881e-01
-2.585187314717476426e-01
2.633305437711404018e-01
7.627476710130340898e-01
1.206768896645729061e+00
1.566711175147931900e+00
1.820044069315271074e+00
1.951804382243489400e+00
1.955463847621374818e+00
1.833199928746986007e+00
1.595562379095099459e+00
1.260570649701343582e+00
8.523164934374813928e-01
3.991794789566078805e-01
-6.821169196574805582e-02
-5.191238384096257263e-01
-9.248171615595293105e-01
-1.260449963143125185e+00
-1.506660611473626510e+00
-1.650722853815449476e+00
-1.687203264481263121e+00
-1.618086828749474737e+00
-1.452375636758483246e+00
-1.205203550462173867e+00
-8.965437771945885537e-01
-5.496141142088628584e-01
-1.891042834150848950e-01
1.606400610454601363e-01
4.773420025293924063e-01
7.423019447596272968e-01
9.415843083696784355e-01
1.066803051577717820e+00
1.115458705302511344e+00
1.090814603505869451e+00
1.001335331766923797e+00
8.597434508291659228e-01
6.817788126864360310e-01
4.847661878475508779e-01
2.861099075594427665e-01
1.018378817163370087e-01
-5.468852122886658229e-02
-1.737971333726529011e-01
-2.501812878892866188e-01
-2.831795910099415003e-01
-2.766415078903818880e-01
-2.383948757951883657e-01
-1.793638667908994400e-01
-1.124144506085265061e-01
-5.102683114497930106e-02
-7.908883066984451204e-03
6.329870158830894211e-03
-1.567179932439277668e-02
-7.715521208304154666e-02
-1.767291571033584585e-01
-3.082685903033954844e-01
-4.612440827524111331e-01
-6.214664498725634978e-01
-7.721965999286886095e-01
-8.955395268054016089e-01
-9.740160014086642892e-01
-9.921879497150107863e-01
-9.382052446383999378e-01
-8.051435045057906414e-01
-5.920145534720916425e-01
-3.043527626211943726e-01
4.568986727108970136e-02
4.397713529958278134e-01
8.543024287946239248e-01
1.261856843846846488e+00
1.632964354316853273e+00
1.938169236106175086e+00
2.150212577477431886e+00
2.246181762993547881e+00
2.209466780042792511e+00
2.031370837803505580e+00
1.712242024395370654e+00
1.262022250667407697e+00
7.001476822605023909e-01
5.477874214626479721e-02
-6.386154089140760881e-01
-1.339246494945962818e+00
-2.003456540649699136e+00
-2.587476623613624849e+00
-3.050317815601271576e+00
-3.356602038385884335e+00
-3.479138334784682041e+00
-3.401061198824403053e+00
-3.117371664467083470e+00
-2.635757458736485148e+00
-1.976613495226243966e+00
-1.172235442926321536e+00
-2.652136782308052165e-01
6.938910348231807079e-01
1.649458967247369623e+00
2.544136624967547000e+00
3.322370899605975314e+00
3.933928814699356291e+00
4.337175427052998522e+00
4.501893322796988173e+00
4.411452512263398518e+00
4.064177917307384647e+00
3.473810706898845524e+00
2.669016375911747119e+00
1.691953039302641626e+00
5.959739868524625006e-01
-5.574048720369700893e-01
-1.702093208175788686e+00
-2.771352846227726374e+00
-3.701821247157026207e+00
-4.437381554760655433e+00
-4.932636002334668035e+00
-5.155762293034745092e+00
-5.090569685425011315e+00
-4.737620611750413602e+00
-4.114341612407991455e+00
-3.254110475579109707e+00
1.409969755648311285e+00
-1.347466761342039021e+00
4.135321004414430845e+00
-5.206278501916033363e+00
2.009318218670544276e+00
3.956258863337271947e+00
-9.059088410309685813e+00
1.083306204489781166e+01
-9.322239886236415529e+00
5.762609349531190972e+00
-8.015828871461259109e-01
-5.426437614316060198e+00
1.163931419841402537e+01
-1.469009309136613695e+01
1.156284646032159991e+01
-2.684304154408760468e+00
-7.004847416440282970e+00
1.123991208567213285e+01
-7.726838283467076351e+00
6.551343259612227854e-01
2.583516421103700722e+00
1.801127576271207786e+00
-9.784860408559641343e+00
1.237521549443493996e+01
-3.756331352152807668e+00
-1.234560404492166974e+01
2.434483173395424416e+01
-2.197612427694223669e+01
5.419935895289080818e+00
1.385544313977906050e+01
-2.196626960412763196e+01
1.403577222885330578e+01
1.694538721391026570e+00
-1.094338080088055598e+01
5.814458958339537631e+00
8.196736125078473378e+00
-1.692227442946421334e+01
1.009855099432088998e+01
9.096380686772848279e+00
-2.602470895816622942e+01
2.665242892262051555e+01
-9.445778801432457072e+00
-1.311771883703307751e+01
2.474373591502111225e+01
-1.851533886347450419e+01
1.931722822847623089e+00
1.019977717391957128e+01
-8.577775676655324588e+00
-3.147397417382601148e+00
1.237319327458767759e+01
-9.047662859524560730e+00
-5.503722372508873306e+00
1.985335440367506621e+01
-2.230284560712896180e+01
1.054328933123150236e+01
6.918104348344119359e+00
-1.816551695942776234e+01
1.729356554784792621e+01
-7.963525066827426002e+00
-1.091358432520024735e+00
3.850501895151441367e+00
-1.185815338364314186e+00
-1.462050763224640892e+00
-1.483325382198632525e-01
5.390598496975128384e+00
-1.001923276064870194e+01
1.035086630649169237e+01
-6.142073279307106226e+00
-7.693047582074186153e-02
5.711074335130388313e+00
-9.727431961870236066e+00
1.190193269436647228e+01
-1.134737495558736597e+01
6.744171484113474335e+00
1.549603322637294056e+00
-1.002629784511803734e+01
1.366706514801240857e+01
-1.003703469962627182e+01
2.086424662579295486e+00
3.656068665550823660e+00
-2.678303534353468685e+00
-3.015337963167047164e+00
6.138045410973306915e+00
-7.674661353867688884e-01
-1.129136471791762020e+01
2.066127483397545817e+01
-1.787452762201773027e+01
2.130879789991022122e+00
1.663374350796711809e+01
-2.500969463896252876e+01
1.708615626414281152e+01
2.996869975306513112e-01
-1.300927233748658551e+01
1.149514522352008683e+01
1.031572967517391248e+00
-1.145263387176110825e+01
8.418548210991774639e+00
7.225854731935139164e+00
-2.253866209542053411e+01
2.334489574809206403e+01
-6.644623493502590073e+00
-1.621526770455939470e+01
2.853506511495243103e+01
-2.186385322090107763e+01
2.667364318331262751e+00
1.348811656027379158e+01
-1.506890492936178205e+01
3.740236992489114343e+00
8.026941233859464120e+00
-8.399316303470886425e+00
-3.469737854277857636e+00
1.699756302096606575e+01
-1.961308415944179018e+01
7.617489996839220900e+00
1.081014903982768516e+01
-2.259685756417068703e+01
2.034098376082975790e+01
-7.494261449824780819e+00
-5.596067910373804466e+00
1.059732580213664832e+01
-7.190648582296231162e+00
1.640624631016926571e+00
-2.173213072002297963e-01
3.787659734385195875e+00
-7.986349772248625634e+00
7.911342734360702345e+00
-2.526576387193676609e+00
-4.988925125330140986e+00
1.045714389444707670e+01
-1.190249080074446830e+01
9.940588403889190516e+00
-5.884617496701088690e+00
3.016505764140364754e-01
6.323624593950756712e+00
-1.205251500724045854e+01
1.365707427085551018e+01
-9.214888521107441832e+00
7.507624432851081053e-01
6.309728487887829473e+00
-7.326317096219990610e+00
2.796943895503067878e+00
1.555115687354486909e+00
1.495479825178349653e-01
-7.912433387016451825e+00
1.471005924344586724e+01
-1.216301678491304017e+01
-1.424729457322587933e+00
1.801323765690672118e+01
-2.534809826220418572e+01
1.705191842463717578e+01
1.365693250285529459e+00
-1.632970561324081160e+01
1.720518417489408947e+01
-5.231064871919004489e+00
-7.560386566010776299e+00
8.873095306285522454e+00
2.848659218796293136e+00
-1.667584413935377086e+01
1.857067872178317813e+01
-3.953715887655835814e+00
-1.752993368079974701e+01
2.948194374323636424e+01
-2.230035932726767101e+01
1.261498534500437252e+00
1.780763579621921622e+01
-2.156858136999984765e+01
9.801898816236111145e+00
5.273807206149871085e+00
-1.006297050504676349e+01
1.274848746609562156e+00
1.175543521333707986e+01
-1.573465198749913441e+01
5.226361686306445264e+00
1.262001066082552825e+01
-2.418722632214713286e+01
2.072436807421605920e+01
-5.148906490050682905e+00
-1.103411854308907181e+01
1.740738196769307677e+01
-1.240039849169133923e+01
3.013428601117738470e+00
2.280317160017782285e+00
-6.831066665466920540e-01
-3.692565640093270929e+00
4.664636194892607612e+00
1.516203578570092247e-01
-7.647464576224130894e+00
1.248570286369059268e+01
-1.166930707656610267e+01
6.265489954800925076e+00
5.242334403969426404e-01
-6.269563326008668724e+00
1.023419591069776935e+01
-1.209920149440845094e+01
1.081139438421007881e+01
-5.473404288036669563e+00
-2.585345098919169970e+00
9.345127549869731709e+00
-1.072039190574406220e+01
6.322084331422445302e+00
