0.000000000000000000e+00
2.272624024988336799e+01
-2.934184628760451830e+01
1.653511796159855507e+01
4.034058340346101446e+00
-1.581758348796123315e+01
1.106131161368849014e+01
3.396111566759774991e+00
-1.277401353469933554e+01
7.421216762009594348e+00
8.927454175796384561e+00
-2.250824568125583625e+01
2.128332996408909494e+01
-4.955754685773973378e+00
-1.500247685130060660e+01
2.484617252183032932e+01
-1.926292962527751129e+01
4.536428038490876169e+00
7.713439967020748966e+00
-1.019640546288779781e+01
4.804769379521809824e+00
6.938726135731208000e-01
-2.897465165877228799e-01
-5.305718907635027293e+00
1.020762308898046911e+01
-9.182564423005047161e+00
2.127678393714981908e+00
6.456850111370737721e+00
-1.172680116296850983e+01
1.210665523911292496e+01
-9.224932194188234291e+00
5.134968862151149338e+00
-2.774680064977692595e-01
-5.693723486874865181e+00
1.160003672113519713e+01
-1.416484362131121877e+01
1.056579542298207564e+01
-1.840606047093453768e+00
-6.691097188703090559e+00
9.321848963803459398e+00
-5.089663385156828923e+00
-8.263582831429410192e-01
1.484173481047658338e+00
5.088990958995906588e+00
-1.306964613876995784e+01
1.326111765191783576e+01
-1.575650589554715708e+00
-1.591265961990489508e+01
2.656124798541755894e+01
-2.122369650328520052e+01
2.463045867447641868e+00
1.654950404958352550e+01
-2.225321581162424422e+01
1.178142619835552374e+01
4.603494592935124530e+00
-1.218089768506492199e+01
4.444333550397673527e+00
1.107941156264818261e+01
-1.912947250738434235e+01
1.002307188640055458e+01
1.136773910786667940e+01
-2.888963109555393771e+01
2.818894672745722119e+01
-8.700755821440377957e+00
-1.559165567447571021e+01
2.734645570710907236e+01
-1.966418552189536939e+01
1.043868081224205602e+00
1.238791798987460346e+01
-1.053363240670133294e+01
-2.704533349480878979e+00
1.357201269822010836e+01
-1.075830780816310650e+01
-4.829232028292668844e+00
2.094708276781735634e+01
-2.440208569426395968e+01
1.188893399151850616e+01
7.696213349994352804e+00
-2.085977421312258073e+01
2.015403010991664701e+01
-9.015739840287634976e+00
-2.498556682655949324e+00
6.575181437917375860e+00
-3.308039627582685327e+00
-1.039478666221137715e+00
6.411530947864729768e-01
4.739145836918122967e+00
-1.025996051271913956e+01
1.089167541460623134e+01
-5.747121670623956291e+00
-1.844539265992450439e+00
7.810625935680820753e+00
-1.051772277473130401e+01
1.078015378913695343e+01
-9.468255077294582378e+00
5.936888050673435835e+00
7.249595391089123098e-01
-9.086884525075461738e+00
1.480418100649422897e+01
-1.362473174282260047e+01
5.592219736100735972e+00
3.876824764349883878e+00
-7.939101094189951802e+00
4.334256817355983671e+00
2.111455877548086946e+00
-3.460544504516581021e+00
-3.815392556243310196e+00
1.454003194977599911e+01
-1.833081287291910755e+01
8.644290971477802898e+00
1.035710021123622937e+01
-2.571589960913378903e+01
2.565170769453301247e+01
-9.541043732404624222e+00
-1.083854668277272992e+01
2.047764042261701434e+01
-1.338527671554619580e+01
-2.469542341885972547e+00
1.201322585177913460e+01
-6.139364155582034854e+00
-1.015048002410087236e+01
2.172757109139985587e+01
-1.631611198052678091e+01
-4.512078243728862681e+00
2.585271600337677000e+01
-3.133167628408797611e+01
1.647436872547753595e+01
7.618822095434959252e+00
-2.333655644137104446e+01
2.070272950861260597e+01
-4.816000897998723218e+00
-9.342307798163675514e+00
9.941833174697173092e+00
2.000944892699819455e+00
-1.422284714683358331e+01
1.426621828507946432e+01
-2.772901389702369102e-01
-1.751070525853901216e+01
2.543725139895110487e+01
-1.753537691052277125e+01
-1.659491015425160754e-01
1.518465036692403203e+01
-1.866743123859890119e+01
1.144889863304048205e+01
-1.686020362790661142e+00
-2.908137979885894175e+00
1.106661096678159595e+00
2.258486807797591922e+00
-1.808512372691077008e+00
-3.333481322493822674e+00
9.292996986770804213e+00
-1.145305605232088908e+01
8.454750391072350268e+00
-2.603274246960738836e+00
-2.980146254096704972e+00
7.054760333588728116e+00
-1.010199890507422715e+01
1.204283074324158420e+01
-1.098114102306428386e+01
4.946898728606475615e+00
4.941767043500568946e+00
-1.360277198418409128e+01
1.528595205217146358e+01
-8.654590709307546703e+00
-1.201287102269237295e+00
6.471110171886654605e+00
-3.420095347685004228e+00
-3.808703536754997288e+00
6.432050527967788867e+00
8.763572856896635344e-01
-1.411051029856909445e+01
2.211701110172375451e+01
-1.582051703738394721e+01
-3.154665547010846005e+00
2.235363944636915789e+01
-2.782577246596914478e+01
1.554404893309206948e+01
4.852481223365428420e+00
-1.764475024482661780e+01
1.393832053106579494e+01
9.842278123055194783e-01
-1.231172107310745645e+01
8.617766738248942460e+00
7.939405397424175170e+00
-2.302041001010678656e+01
2.217256016977013644e+01
-3.415473075695941496e+00
-2.042333638117399985e+01
3.178576744350464267e+01
-2.252052966908878773e+01
2.923642240629824585e-01
1.796544211024848181e+01
-1.988105300324070868e+01
7.140089275523374468e+00
7.012335850857155606e+00
-9.649043646716236822e+00
-9.267064885334779234e-01
1.431889853671646406e+01
-1.746500678024182918e+01
5.942242255626535297e+00
1.114133481639864698e+00
1.951323789591437041e+00
2.730300624013792365e+00
3.403918842727493566e+00
3.928294164032248403e+00
4.265680121109637568e+00
4.387124832984040879e+00
4.274722641490662056e+00
3.923293664412939030e+00
3.341354381333814239e+00
2.551282893011191710e+00
1.588631097601691522e+00
5.005896999086575372e-01
-6.563327326783015003e-01
-1.819302190010501530e+00
-2.922661033027984967e+00
-3.901738521110312163e+00
-4.696742610442672827e+00
-5.256492768877509825e+00
-5.541755926395848242e+00
-5.527965495179962829e+00
-5.207135886760319465e+00
-4.588830374273501711e+00
-3.700095852447415901e+00
-2.584340660151024149e+00
-1.299197251020659305e+00
8.652404646330941196e-02
1.496624823386212055e+00
2.851836713856501060e+00
4.074415368784619851e+00
5.092735772031815600e+00
5.845609248963679505e+00
6.286054859293630059e+00
6.384287168895815157e+00
6.129727036909420335e+00
5.531899406350374804e+00
4.620148673289094177e+00
3.442173926309418874e+00
2.061458719365103498e+00
5.537385086650022936e-01
-9.972909005287585726e-01
-2.504772444193488212e+00
-3.883710086541731776e+00
-5.055914458172878767e+00
-5.954574946310139616e+00
-6.528182638890798195e+00
-6.743566917414625550e+00
-6.587861629532461905e+00
-6.069281362919985767e+00
-5.216660368703521122e+00
-4.077781654146731327e+00
-2.716597003332848814e+00
-1.209505627647090353e+00
3.590843632492625170e-01
1.901644932606082694e+00
3.332574784965680603e+00
4.573103061073388709e+00
5.555759939831692584e+00
6.228152283427662361e+00
6.555826538126177994e+00
6.524058132902904816e+00
6.138472940254730226e+00
5.424477764170855920e+00
4.425548806259060441e+00
3.200495150042692583e+00
1.819874310301103693e+00
3.617851953889850147e-01
-1.092702411049508493e+00
-2.464205405058462528e+00
-3.679495405974407607e+00
-4.675517579332941764e+00
-5.402732953233321034e+00
-5.827602628788703498e+00
-5.934088114807993364e+00
-5.724104285919979773e+00
-5.216926134331048459e+00
-4.447613453490488311e+00
-3.464574951774754830e+00
-2.326441588731360088e+00
-1.098455361018745524e+00
1.513976250104698273e-01
1.356273198906414734e+00
2.454144832279057109e+00
3.391060664399783597e+00
4.123806808498512666e+00
4.621844860062839899e+00
4.868441069587006176e+00
4.860957358358754199e+00
4.610326746768683037e+00
4.139784471612350636e+00
3.482968094707033835e+00
2.681532803566797352e+00
1.782450127264527895e+00
8.351684811073349923e-01
-1.111878127460427246e-01
-1.010417419738655509e+00
-1.821498083085720809e+00
-2.510389900930031892e+00
-3.051311835692325225e+00
-3.427456162849227272e+00
-3.631144045374721685e+00
-3.663461068641864937e+00
-3.533442067738585379e+00
-3.256898084189173481e+00
-2.854993555605456201e+00
-2.352688285223345055e+00
-1.777156452628363192e+00
-1.156284651294114729e+00
-5.173339765540164725e-01
1.141707125163889669e-01
7.152860294258006624e-01
1.266216988877928662e+00
1.750616947591288719e+00
2.155652696118744771e+00
2.471882797436797397e+00
2.693007277661750187e+00
2.815550294277171517e+00
2.838534468775058883e+00
2.763196761535596124e+00
2.592782171573998262e+00
2.332434644156291093e+00
1.989186114024710017e+00
1.572026466478163798e+00
1.092021185869943123e+00
5.624312070802346408e-01
-1.217719721780641251e-03
-5.811701542526646058e-01
-1.157629685812937348e+00
-1.709139476556550408e+00
-2.213176784240359130e+00
-2.646963616949360443e+00
-2.988473397622589900e+00
-3.217590891516307394e+00
-3.317361705559220830e+00
-3.275250380120604543e+00
-3.084314217140479375e+00
-2.744194910832834733e+00
-2.261832661439610259e+00
-1.651818069205231110e+00
-9.363154066704673095e-01
-1.445159074136463939e-01
6.883900334461623416e-01
1.522699380334886499e+00
2.316084996549129471e+00
3.025796825506294585e+00
3.611057853731515888e+00
4.035515032991471962e+00
4.269591856681509867e+00
4.292585709876102662e+00
4.094360213500573664e+00
3.676500594877876171e+00
3.052827908573838123e+00
2.249204233068921255e+00
1.302603651056667200e+00
2.594702246790800970e-01
-8.265687171660711652e-01
-1.897521031855895268e+00
-2.894227972714444874e+00
-3.759759571140872225e+00
-4.442804800462015535e+00
-4.900846816921450966e+00
-5.102919655954034184e+00
-5.031762267106496544e+00
-4.685217821707753139e+00
-4.076769080972217907e+00
-3.235151757249897564e+00
-2.203044109391793626e+00
-1.034888936605107057e+00
2.060400646883946418e-01
1.451165621526208760e+00
2.630525111253902981e+00
3.676848136683616985e+00
4.529547238042090029e+00
5.138376228831326387e+00
5.466526929079610575e+00
5.492966163464118701e+00
5.213859033937769283e+00
4.642979029773654176e+00
3.811067149691087508e+00
2.764167024146070073e+00
1.561026927595168479e+00
2.697184580274294419e-01
-1.036328287948844240e+00
-2.282635290066985956e+00
-3.398071907783315027e+00
-4.319066889185971370e+00
-4.993378894747142027e+00
-5.383193494227894504e+00
-5.467355486304789736e+00
-5.242598488370134646e+00
-4.723695712013376458e+00
-3.942522754813745145e+00
-2.946090845137439462e+00
-1.793672961078388806e+00
-5.532015197585635757e-01
7.028386969249684757e-01
1.901767917879927161e+00
2.975049928524423404e+00
3.862345024161772056e+00
4.515029823576137247e+00
1.240950782025115195e+01
-2.417336790417649084e+01
2.123753164370142343e+01
-6.694109593406404990e+00
-8.614037548111426190e+00
1.520093052991775195e+01
-1.173398192579603005e+01
4.352734349337401554e+00
-1.676465445341195348e-01
1.226586319279469706e+00
-3.940352756164914538e+00
3.533356961410031527e+00
1.231641902339678296e+00
-7.319020269673856660e+00
1.067429180216826445e+01
-9.790692583707912178e+00
6.200137074198035947e+00
-2.033918516225371675e+00
-2.226992257366093853e+00
7.257803720048681129e+00
-1.243200242065705474e+01
1.464410456744558076e+01
-1.050390717628121706e+01
2.428382373604858202e-01
1.078706076841693573e+01
-1.544161791297521269e+01
1.072226778349835641e+01
-9.607317907422796566e-01
-5.315916437251909876e+00
2.787452973866125561e+00
5.438206676488692715e+00
-9.979953652005109532e+00
3.559136268162145011e+00
1.153225288974227425e+01
-2.394150530870769700e+01
2.220066970169856901e+01
-4.907827089786986008e+00
-1.684034959019088262e+01
2.758795263450556234e+01
-1.992862666776677472e+01
7.518785843182840267e-01
1.429310802010195758e+01
-1.378502401305612324e+01
6.322731795539571209e-02
1.292549032230380845e+01
-1.181516383017775951e+01
-4.294635464766829003e+00
2.252612025500219417e+01
-2.682413391018932813e+01
1.160691146404348828e+01
1.310767147139739208e+01
-2.951583075610299289e+01
2.627328682988395059e+01
-7.301804849458231494e+00
-1.200114751598573903e+01
1.765404139016827045e+01
-8.122825556390043999e+00
-5.517986908756327580e+00
9.865773498394357688e+00
-7.815261948145764137e-01
-1.348646540886482903e+01
1.982483930581658527e+01
-1.155787680437906673e+01
-6.112644710674712378e+00
2.069539452927653045e+01
-2.258155429700169492e+01
1.208325257778011874e+01
2.037762749998292211e+00
-1.040310744188957770e+01
1.008109369123369703e+01
-5.284353111590933239e+00
2.176295181619169128e+00
-3.156981742394297186e+00
5.613928408846241780e+00
-5.430517408301001048e+00
1.250591795759008917e+00
4.558974278991277274e+00
-8.586527541642185568e+00
9.486313049481422510e+00
-8.352114900039623535e+00
6.440268919471134446e+00
-3.236825091946340827e+00
-2.634615082701043498e+00
1.052432916391979489e+01
-1.636567647834068850e+01
1.516676096123904571e+01
-5.754964766323077185e+00
-6.799867890154218664e+00
1.422248839981695667e+01
-1.169762135694785776e+01
2.390516458482704110e+00
4.771828288163981746e+00
-2.844417570969906439e+00
-6.459814183465157456e+00
1.351244331144001620e+01
-9.050877748009128254e+00
-6.859544134020221229e+00
2.335974477259703974e+01
-2.695459269957513726e+01
1.292495090584191075e+01
9.806852782676887870e+00
-2.509171853390091655e+01
2.240676110947442012e+01
-5.458286378462036126e+00
-1.093774003192278066e+01
1.333169862035876641e+01
-1.001188255664537508e+00
-1.353925600265349694e+01
1.545628350255272920e+01
-6.989385678978798921e-01
-1.996592402747717188e+01
2.959142371119192205e+01
-1.917006837600805369e+01
-4.663201779401243918e+00
2.482501878499135728e+01
-2.747303526991290923e+01
1.274267170971452146e+01
6.208620522331989910e+00
-1.461150553024224763e+01
8.075166963748594995e+00
4.766835548812268009e+00
-1.061190568933080058e+01
3.225679045531366640e+00
1.147227113387448227e+01
-2.086230687662350292e+01
1.644633410688107489e+01
-7.060947232995484768e-01
-1.539082148883835899e+01
2.146308749887956324e+01
-1.540834005807860763e+01
3.685512109466908548e+00
5.071855043259622775e+00
-6.965857466187654445e+00
4.549659612719689328e+00
-2.867997109708261050e+00
4.278627152401851319e+00
-6.841917419371361220e+00
7.070827741509099873e+00
-3.685322375175799969e+00
-1.413173110376371611e+00
5.456775913244230836e+00
-7.524094466498892686e+00
8.659081932237523205e+00
-9.506956838552600431e+00
8.492079813187665138e+00
-3.114223020019196930e+00
-6.538591672796283838e+00
1.586902881343895544e+01
-1.830731291947178363e+01
1.087580087045134292e+01
2.216289856966984217e+00
-1.195627603252825111e+01
1.169193463417944301e+01
-3.062936423980957557e+00
-4.970340258768040087e+00
3.877464703812274927e+00
6.372593845442778182e+00
-1.635303412180681804e+01
1.493786739905474192e+01
4.592182001459015339e-01
-2.023449303196446891e+01
2.944425542685583252e+01
-1.999921659206930258e+01
-2.053859159195038586e+00
2.076376275898687851e+01
-2.296765837954905010e+01
8.957390873964023115e+00
7.981931532640897053e+00
-1.295563503745315792e+01
2.194545114363462002e+00
1.373502281429954408e+01
-1.908550282854368518e+01
6.706098412854665014e+00
1.532961819641340639e+01
-2.999241864094330623e+01
2.525264653459235831e+01
-4.002209278188244568e+00
-1.831084519248378939e+01
2.619241937661749731e+01
-1.620516847041138675e+01
-1.238384613249375210e+00
1.137258153793149162e+01
-7.435760935563482832e+00
-4.492465863692162387e+00
1.171732434025813419e+01
-6.311767238005797864e+00
-8.210775776921114044e+00
2.023469439057888053e+01
-1.996525283659093830e+01
7.258581190918500070e+00
8.904786480638259505e+00
-1.810766759983827967e+01
1.636759570089349936e+01
-7.850127468434722644e+00
-3.313409228127806028e-02
3.044293132405025304e+00
-2.473489958580657344e+00
2.243171960377169150e+00
-4.377944281528040271e+00
7.305343421366636392e+00
-2.920352118918698281e+00
-3.394607034500756182e+00
-3.692090469865320745e+00
-3.808079752094649884e+00
-3.746879745739320366e+00
-3.520901087685084363e+00
-3.149378511925347013e+00
-2.656840023286769714e+00
-2.071443983607640149e+00
-1.423298753565212849e+00
-7.428691310668886771e-01
-5.955674440437475070e-02
5.994804639944614211e-01
1.210229458340004616e+00
1.752429514734170191e+00
2.209895622574629570e+00
2.570588776252392016e+00
2.826480341879520353e+00
2.973268105030715258e+00
3.010005617762002483e+00
2.938704093416143692e+00
2.763957922605425388e+00
2.492631969219407662e+00
2.133632607688514149e+00
1.697766699632674792e+00
1.197675209200679269e+00
6.478127066863162975e-01
6.443219658244692116e-02
-5.344722175832947730e-01
-1.129313543004225817e+00
-1.699194922289840814e+00
-2.222360899994559436e+00
-2.676834887809432129e+00
-3.041241620558776670e+00
-3.295792176915103067e+00
-3.423387757575054202e+00
-3.410778857317521506e+00
-3.249700657505202539e+00
-2.937895095814088364e+00
-2.479926458348846285e+00
-1.887701306801513823e+00
-1.180615338263442116e+00
-3.852689911952773549e-01
4.652807480646150573e-01
1.332734389731354607e+00
2.175198578472593347e+00
2.949204310732260303e+00
3.611998041627516365e+00
4.123981900870167472e+00
4.451159022302433321e+00
4.567428549807903693e+00
4.456573560519982102e+00
4.113794619825451804e+00
3.546661879434132025e+00
2.775388705794816335e+00
1.832368196652851555e+00
7.609583684165228679e-01
-3.864504844224534441e-01
-1.551004849216652159e+00
-2.670467212981678884e+00
-3.682640538051739743e+00
-4.528943524998367387e+00
-5.157924030267321491e+00
-5.528492902240845552e+00
-5.612669278414358587e+00
-5.397650966459789146e+00
-4.887058904663861725e+00
-4.101250969570280347e+00
-3.076654896835348652e+00
-1.864129510137807255e+00
-5.264241010947234845e-01
8.651362191282573333e-01
2.234559881305613782e+00
3.505472087129849257e+00
4.605522404724032626e+00
5.470653586064347706e+00
6.048971035508851735e+00
6.303971327808609360e+00
6.216922657937605123e+00
5.788238204117758912e+00
5.037742288117596168e+00
4.003795369458690523e+00
2.741313237069154862e+00
1.318783924032495891e+00
-1.855514557581752211e-01
-1.688134594155737078e+00
-3.104883072099883012e+00
-4.356056602320245830e+00
-5.370905246893824980e+00
-6.091819253564862535e+00
-6.477728429511598662e+00
-6.506543047794918877e+00
-6.176485498126477403e+00
-5.506228735688095455e+00
-4.533829904618052353e+00
-3.314520804491109640e+00
-1.917486538317916933e+00
-4.218253553796391664e-01
1.088067494189739914e+00
2.527414271495552534e+00
3.815972378257691311e+00
4.882660490865136538e+00
5.669617415903665858e+00
6.135453679902598267e+00
6.257506329012966440e+00
6.032969321458503842e+00
5.478841310439194423e+00
4.630705143172454186e+00
3.540424474633675711e+00
2.272908064740625456e+00
9.021475536490335401e-01
-4.932235867482401837e-01
-1.834576148240746996e+00
-3.047853769431113413e+00
-4.067790316745476531e+00
-4.841528120568121096e+00
-5.331429906215740644e+00
-5.516930296853297833e+00
-5.395334529232803433e+00
-4.981538473922695331e+00
-4.306710907194764459e+00
-3.416041997731730895e+00
-2.365717216758747909e+00
-1.219319988388920528e+00
-4.389677639719502533e-02
1.094066705057876732e+00
2.132510499865405862e+00
3.017275617230598339e+00
3.704989239704979731e+00
4.165202428480082375e+00
4.381674351808079848e+00
4.352753878875047278e+00
4.090867671663288796e+00
3.621179850224450103e+00
2.979538327304810608e+00
2.209863910125827502e+00
1.361167828852817729e+00
4.843998731635378863e-01
-3.706678890626315948e-01
-1.158327527542680091e+00
-1.839420547649705195e+00
-2.383284249942175137e+00
-2.769062575601044962e+00
-2.986330880982812630e+00
-3.035031602233878800e+00
-2.924763509518182758e+00
-2.673508154249657931e+00
-2.305910554249084310e+00
-1.851255112710202821e+00
-1.341290923926631073e+00
-8.080624754961877043e-01
-2.818926180648839708e-01
2.103543873959654587e-01
6.466291738036975545e-01
1.010605495953146971e+00
1.292109376029112910e+00
1.487075079989902626e+00
1.597068526942283739e+00
1.628448710874163652e+00
1.591260922451170012e+00
1.497970504735059105e+00
1.362151728203233159e+00
1.197243002277738944e+00
1.015467628560044577e+00
8.269998638381309553e-01
6.394309555562134317e-01
4.575611907427913350e-01
2.835142380603989931e-01
1.171415783405695965e-01
-4.334011690988504029e-02
-2.005552329052160410e-01
-3.571080990430117730e-01
-5.147480604050054254e-01
-6.736506175707772659e-01
-8.318930454752053727e-01
-9.851846113123232662e-01
-1.126887940581009939e+00
-1.248341185030830136e+00
-1.339462647894772873e+00
-1.389592734284000208e+00
-1.388504744301616523e+00
-1.327498078565311213e+00
-1.200476430711279408e+00
-1.004910511723859923e+00
-7.425901793750391278e-01
-4.200842701040006233e-01
-4.884704654361282650e-02
3.550635004627209490e-01
7.716601743504778455e-01
1.178067040745862659e+00
1.549868365897869804e+00
1.862681329510964545e+00
2.093846172247608273e+00
2.224113195915855545e+00
2.239200494355472415e+00
2.131100126823652019e+00
1.899023634442823294e+00
1.549899624120592012e+00
1.098365223369218047e+00
5.662275940130965246e-01
-8.071372857128830347e+00
5.616517055828351701e+00
-1.603451751247301438e+00
-1.758314694529271804e+00
4.157855830710990297e+00
-6.989057057005119589e+00
1.067604194057878253e+01
-1.270182638733800573e+01
9.162923024114972392e+00
9.892856845087560913e-01
-1.319374804652477273e+01
1.953418937501699304e+01
-1.498810292340197847e+01
2.357296568150690774e+00
9.094275754379719245e+00
-1.098778370575235286e+01
3.145558712358647924e+00
5.840740598426449992e+00
-5.980988634693984451e+00
-4.813413497603813873e+00
1.784890320308539557e+01
-2.042718248256912261e+01
7.028116210458618340e+00
1.476479392292363713e+01
-2.931458244675594926e+01
2.536492533576615926e+01
-5.565359488130929400e+00
-1.522644334450255421e+01
2.185488819369078328e+01
-1.117420542339425715e+01
-5.654708954142896538e+00
1.292347497947653956e+01
-3.955915478724231882e+00
-1.307735600682381616e+01
2.213387114297281855e+01
-1.317061174939886214e+01
-8.900862761238345300e+00
2.782521977600824670e+01
-2.916378745025933483e+01
1.195439292349918681e+01
1.077842250082756159e+01
-2.281291967554637523e+01
1.757846097659598072e+01
-2.460944298446115397e+00
-8.482148792359103240e+00
6.676884112065394561e+00
4.324019340174462656e+00
-1.286058464730819395e+01
9.753857416389777768e+00
3.859249428389997405e+00
-1.781527221797902172e+01
2.161389539219599953e+01
-1.275528522175883417e+01
-2.054058824059723953e+00
1.304185094859618665e+01
-1.499111031990334197e+01
1.000072392935290111e+01
-3.980987911362524390e+00
9.564881939305234226e-01
-4.324340289981787322e-01
-5.334902671402614871e-01
3.459870350594689725e+00
-6.863064749107236295e+00
8.176561323647032253e+00
-6.651982347226660153e+00
3.950862196148078986e+00
-1.897227963740945711e+00
1.116632655896747650e-01
3.512499626307734157e+00
-9.654571731753616604e+00
1.516114680084976207e+01
-1.463318239565799317e+01
5.391627714570082830e+00
8.680605827799238838e+00
-1.873885836677679606e+01
1.766307947872116912e+01
-6.383614051363428743e+00
-6.120151648516822362e+00
9.970402008625219636e+00
-2.959640531522831353e+00
-7.113579032368090083e+00
9.019289478032847640e+00
1.637256822824236790e+00
-1.748168493959717296e+01
2.470811966827888284e+01
-1.477010429185189544e+01
-7.465213346065977973e+00
2.654261192773326528e+01
-2.849046527779519522e+01
1.226595702595669835e+01
9.194413982972733379e+00
-1.950443017823907610e+01
1.225370855827243943e+01
3.984240009739148825e+00
-1.333377642975295352e+01
6.465801109371566824e+00
1.120704151760943290e+01
-2.401205712649213808e+01
1.938463054305553257e+01
1.236468906221120712e+00
-2.321094455621564023e+01
3.047422058922868615e+01
-1.836125608056441294e+01
-3.124636082728826647e+00
1.795668116930912106e+01
-1.704554212529545509e+01
4.693228931698924633e+00
6.326389713986130481e+00
-6.209921106932394075e+00
-3.873450205602839702e+00
1.363822962141002471e+01
-1.311644416655861889e+01
1.206947858976128884e+00
1.373554109729836981e+01
-2.112188147920506509e+01
1.652324945394081368e+01
-4.287483251092784720e+00
-7.018943067659402679e+00
1.163183639959397908e+01
-9.990358564196011315e+00
6.436119201727066752e+00
-4.353777810566015205e+00
3.565198050251751738e+00
-1.855407123013060655e+00
-1.733361956504320345e+00
5.575975207271111955e+00
-7.314977086368278592e+00
6.546492222514821435e+00
-5.162869286493886989e+00
4.855776751434468963e+00
-4.603428715635816459e+00
1.310236897873449324e+00
6.466989669740391022e+00
-1.540304130503080771e+01
1.872171125879534159e+01
-1.176414840325766420e+01
-2.911431712029726171e+00
1.609613965147051928e+01
-1.871243311850923519e+01
9.477300680468033534e+00
3.457556706246649014e+00
-9.041129577368424819e+00
2.910125828553358662e+00
8.363306588943675735e+00
-1.262910844602807003e+01
3.035436006206295723e+00
1.496235407805618678e+01
-2.707403677558216870e+01
2.185596425599730708e+01
-9.018576787141587836e-01
-2.143767439309637624e+01
2.914378774017450979e+01
-1.743733001392422466e+01
-3.362819048812215605e+00
1.645549716657422579e+01
-1.250877003218244177e+01
-2.810895039792679295e+00
1.409429035848506295e+01
-9.716887526573726674e+00
-7.926107257464928502e+00
2.421384023076707592e+01
-2.458814419003022067e+01
6.898651187146797703e+00
1.658898002157796370e+01
-2.907921994958018530e+01
2.260588229247345282e+01
-3.788763411790604607e+00
-1.238512027252833647e+01
1.503342625551598566e+01
-5.521780485790511506e+00
-5.080935059144481514e+00
6.307087523036392973e+00
2.824127142520406863e+00
-1.365186578134011697e+01
1.588830212632793604e+01
-6.439558641441196940e+00
-8.385686528146175434e+00
1.850505720788674680e+01
-1.811024460719864138e+01
9.314467687053548772e+00
9.104371496224747951e-01
-6.908643920088424650e+00
7.991098055860885729e+00
-7.065459655831299202e+00
6.612378499912829888e+00
-6.336205516479092026e+00
4.428303392890761359e+00
-4.400550461061278895e-01
-3.691897145355802934e+00
5.621265782993662086e+00
-5.260562303564990216e+00
4.938204067922871587e+00
-6.529294509509359301e+00
8.555401096484938961e+00
-6.787588856550958560e+00
-1.460043158624623416e+00
1.326934226905562930e+01
-2.081573432313488325e+01
1.730350184707361905e+01
-3.385370742518073683e+00
-2.518574468116264953e+00
-2.217432340743995312e+00
-1.847530986256040286e+00
-1.430717207610077146e+00
-9.881800801585917116e-01
-5.393925892732169824e-01
-1.013402088742036966e-01
3.119400422735240097e-01
6.895146397502744939e-01
1.023433182129136032e+00
1.308384815652135380e+00
1.541199546242178364e+00
1.720271483584419503e+00
1.844982572816121547e+00
1.915199547387672840e+00
1.930904393586879486e+00
1.892000800743562472e+00
1.798317558248006431e+00
1.649806618209087583e+00
1.446910666931371825e+00
1.191054594503533126e+00
8.851990674963257089e-01
5.343839860616170778e-01
1.461859562308687188e-01
-2.689825189376442438e-01
-6.977937820192416929e-01
-1.124190384044996049e+00
-1.529857755123789964e+00
-1.894981574973946037e+00
-2.199260691749084451e+00
-2.423120848998266297e+00
-2.549052033153597296e+00
-2.562974942672828327e+00
-2.455531548073675463e+00
-2.223192114223784266e+00
-1.869076957062255184e+00
-1.403405522984005671e+00
-8.435073690181842387e-01
-2.133579261241957958e-01
4.573653438590747911e-01
1.134675926888689457e+00
1.782055440043052608e+00
2.362518616859304643e+00
2.840843663125821372e+00
3.185827099517234196e+00
3.372412980528854298e+00
3.383547405780161110e+00
3.211620837066769596e+00
2.859382466579750037e+00
2.340241571436671997e+00
1.677908584534195224e+00
9.053710994731885009e-01
6.324439410824256314e-02
-8.024207220406931462e-01
-1.642750884117719412e+00
-2.408930062149293949e+00
-3.055169789823562798e+00
-3.541581693840808676e+00
-3.836765106254962809e+00
-3.919935904781984615e+00
-3.782448033921971486e+00
-3.428594984497349785e+00
-2.875622673525025430e+00
-2.152934879973092741e+00
-1.300524432528537222e+00
-3.667142718997418172e-01
5.946611055504718024e-01
1.527464654365723318e+00
2.376658841446948944e+00
3.091687627419867468e+00
3.629623223907617380e+00
3.957874543193736994e+00
4.056279786288023992e+00
3.918443102621897545e+00
3.552222368534539321e+00
2.979328869628802945e+00
2.234056554645245107e+00
1.361214829276759408e+00
4.133908522854250478e-01
-5.522884896327784343e-01
-1.477691302698243003e+00
-2.307288085611708617e+00
-2.991601897590613568e+00
-3.490280475170246532e+00
-3.774593043723471375e+00
-3.829191135190657569e+00
-3.653019940303722457e+00
-3.259321522217296874e+00
-2.674730010792466306e+00
-1.937517814039308561e+00
-1.095107034118959266e+00
-2.010080066636508178e-01
6.886159753528557914e-01
1.518534610022447495e+00
2.237954649089865633e+00
2.803715400257405399e+00
3.182969789432083196e+00
3.355179426697959322e+00
3.313297686805442233e+00
3.064068589453397884e+00
2.627427663317039475e+00
2.035050110587789618e+00
1.328147520202392684e+00
5.546633913873835198e-01
-2.339434232100783273e-01
-9.861121248189150812e-01
-1.653563305432878439e+00
-2.194428763656589787e+00
-2.575922692097840638e+00
-2.776381059114727101e+00
-2.786539329763474626e+00
-2.609970430551478149e+00
-2.262661548320668015e+00
-1.771766134537793969e+00
-1.173622472516482329e+00
-5.111786706324578100e-01
1.689972639726982084e-01
8.199171028969070019e-01
1.397364143175768403e+00
1.862861595364715628e+00
2.186218972218640033e+00
2.347487938904853522e+00
2.338200387781534495e+00
2.161811140045562851e+00
1.833322238796893489e+00
1.378121552567502572e+00
8.301215630977067939e-01
2.293311710845231666e-01
-3.809690355136707285e-01
-9.572518450968373616e-01
-1.458760381737061351e+00
-1.850310572834750422e+00
-2.104688838384715321e+00
-2.204483683074910605e+00
-2.143229652746138303e+00
-1.925789928804317874e+00
-1.567956365738150337e+00
-1.095299413301284996e+00
-5.413514378559503015e-01
5.474800398735490958e-02
6.509804191185950550e-01
1.205361141308781026e+00
1.678836157886496316e+00
2.037964889055776219e+00
2.257206658820480882e+00
2.320656787079519390e+00
2.223116754696088826e+00
1.970429044636889504e+00
1.579057836563556805e+00
1.074948243174124185e+00
4.917456984108894424e-01
-1.314998826737947546e-01
-7.529863489227484052e-01
-1.330986011087727627e+00
-1.826654281488365950e+00
-2.206630374608857803e+00
-2.445255721802336080e+00
-2.526263022042649187e+00
-2.443825892022571722e+00
-2.202903277934160187e+00
-1.818861065695665857e+00
-1.316402342530784697e+00
-7.278841671105473754e-01
-9.113935545086571111e-02
5.530460315946830185e-01
1.163627214529923570e+00
1.701985291750343965e+00
2.134422770749508480e+00
2.434305836184861516e+00
2.583715058820410526e+00
2.574501208225247861e+00
2.408684340229938492e+00
2.098179459086994658e+00
1.663877662481775488e+00
1.134154630532782981e+00
5.429157077523374397e-01
-7.268383646386622488e-02
-6.746853923925728580e-01
-1.226774196583983567e+00
-1.696564124710560506e+00
-2.057571439485444742e+00
-2.290753102040981481e+00
-2.385517574220150649e+00
-2.340154028718619550e+00
-2.161666796478087793e+00
-1.865042808768302862e+00
-1.472017874947353144e+00
-1.009440264695009581e+00
-5.073550542991123180e-01
3.051552311934546680e-03
4.915031243645673342e-01
9.305390683883314473e-01
1.297150317976484057e+00
1.574042156167210660e+00
1.750451404735961169e+00
1.822479334776319737e+00
1.792937599935302107e+00
1.670739615487353058e+00
1.469901558889107340e+00
1.208243298288176337e+00
-1.202065038757829818e+01
1.819836420150565459e+01
-1.145662808299590196e+01
-1.393151487585924997e+00
8.529139490633447451e+00
-3.397378168216587113e+00
-9.083414698620741135e+00
1.626391048028422404e+01
-8.813900522977597518e+00
-1.029399200823746341e+01
2.703270796607042570e+01
-2.742399968099783436e+01
9.430654351131874336e+00
1.459300089557162572e+01
-2.741181094277532537e+01
2.071775721535623305e+01
-1.694662762255940258e+00
-1.325021710567817124e+01
1.234097093560044911e+01
1.836649305517936703e+00
-1.493820338594808916e+01
1.349350194722073226e+01
3.258336307652015762e+00
-2.241250095667595588e+01
2.808309892402551711e+01
-1.463188847942334192e+01
-8.664258640732112937e+00
2.521433503689323885e+01
-2.436717465826187379e+01
9.253602292374523586e+00
6.880893445071398773e+00
-1.212818633214288333e+01
5.233391878948028264e+00
4.699167729634106117e+00
-7.052926541859545928e+00
-1.004345549028908380e+00
1.259687234794722954e+01
-1.757513078103455229e+01
1.119667486463056072e+01
2.371415509410214284e+00
-1.407810062813193852e+01
1.735811039456334015e+01
-1.240730876854861719e+01
4.420258726358491153e+00
1.610536187469449043e+00
-4.456336051113688690e+00
5.895856049177111480e+00
-7.419216954782354989e+00
8.268611164976384487e+00
-6.696378801737685293e+00
2.624554369391184139e+00
1.594200856045739023e+00
-3.418507143296977802e+00
2.983414948928261978e+00
-3.207314675795758685e+00
6.498883538145033611e+00
-1.124128431807757167e+01
1.209340021634955065e+01
-4.741267098719675666e+00
-8.935607636000860055e+00
2.057883794263285537e+01
-2.131795635790847143e+01
9.447857277281251243e+00
7.087809396452213306e+00
-1.640154526205911623e+01
1.235624347515805077e+01
2.861907957871778763e-02
-8.617888123504208409e+00
4.726789976092948820e+00
8.781489994763944651e+00
-1.927389455886637393e+01
1.507723473842357365e+01
3.791122279931616212e+00
-2.438750914441613560e+01
3.078379085563681272e+01
-1.719728166983396278e+01
-6.796781957915195349e+00
2.367192874651710710e+01
-2.202723047842091830e+01
5.601763960433630452e+00
1.033968957867221405e+01
-1.214935825150210924e+01
-7.010789665033922979e-01
1.547659210149077325e+01
-1.739110666468670274e+01
2.526673438045214937e+00
1.853317212194340513e+01
-2.934391782703120910e+01
2.110375090487575989e+01
3.138848582355793226e-01
-1.942124719416699108e+01
2.365601227045451793e+01
-1.280728934958625587e+01
-2.132117909248479215e+00
8.969791532973195203e+00
-4.267204935483354333e+00
-4.941208690993725838e+00
8.333645349870312913e+00
-1.567894304533215433e+00
-1.033619653330346821e+01
1.779471520452951339e+01
-1.484351315967627372e+01
3.567294877026773392e+00
8.420362125612040671e+00
-1.443294619118867672e+01
1.322283767631965290e+01
-8.242397822184759804e+00
3.422829426053015656e+00
4.172013043467437399e-02
-3.227232061819085729e+00
6.718408042852784590e+00
-9.070606560450494626e+00
8.267587772058945461e+00
-4.400380834408531783e+00
2.763366790784324012e-01
1.163551591638711358e+00
-1.147770660174263213e-01
1.622730455410952288e-01
-4.594963386335169098e+00
1.208630075331766029e+01
-1.638701461053469899e+01
1.132039390759535813e+01
2.886190613525950965e+00
-1.799434012147659701e+01
2.334308087188883718e+01
-1.459369952463890385e+01
-1.933603082620518165e+00
1.375414846857749573e+01
-1.239997553692088239e+01
7.300279135675644682e-01
9.300111440839831545e+00
-7.033017609380227242e+00
-7.077788178051805268e+00
2.100939008312963097e+01
-2.105474296518101340e+01
3.948860710627135173e+00
1.927614501314329587e+01
-3.151425860123217859e+01
2.338656827486341427e+01
-1.083028232806945823e+00
-1.852142893900343523e+01
2.155486261317074437e+01
-8.218159803272618191e+00
-8.012384592468723810e+00
1.224400089887111953e+01
-9.304867352206214193e-01
-1.527778860754010282e+01
2.087364636264282325e+01
-8.931795227014392324e+00
-1.278781205693729284e+01
2.810627226197128437e+01
-2.559054452114956746e+01
7.533018011769397226e+00
1.246893374738834481e+01
-2.080194547907400704e+01
1.428485437670633829e+01
-1.363046608895408074e+00
-6.144596885436125255e+00
3.121859461319044016e+00
5.437083027089554932e+00
-9.865556274901310374e+00
4.677318299153757408e+00
6.945162158167262234e+00
-1.635751735842664445e+01
1.685812812900946511e+01
-8.663445774109304054e+00
-2.299032382348274339e+00
9.806551982436090498e+00
-1.174404322832846148e+01
1.006164565198190708e+01
-7.425582359206997829e+00
4.501981182535129911e+00
-4.298057593525896891e-01
-4.702511203035934173e+00
8.672973254101437490e+00
-8.915584375508737836e+00
5.449617403655656389e+00
-1.512105328368602120e+00
6.355502133521699903e-01
-2.792733199677094547e+00
3.756830280838694414e+00
9.403643788388624802e-01
-1.076332121972270350e+01
1.893840687127845968e+01
-1.738551489604220635e+01
4.156474990809524428e+00
1.336018770195555305e+01
-2.319840847727299860e+01
1.831546689629746538e+01
-2.849558700762493402e+00
-1.075076504453491921e+01
1.193973704200355357e+01
-1.144267279598520481e+00
-1.037013662563013128e+01
1.023328093707559816e+01
3.789888902368190760e+00
-2.093095500594121461e+01
2.593474120133630478e+01
-1.211897127319561918e+01
-1.216021791293463750e+01
2.952252102763406327e+01
-2.740120482654020861e+01
8.221943743745873334e+00
1.267720370783948169e+01
-1.970474054145048370e+01
9.635753286719335620e+00
6.356614849756432761e+00
-1.278010476531355089e+01
3.283246162395431433e+00
1.395940366521269382e+01
-2.335979559116203674e+01
1.529172236075958224e+01
5.665380675695975476e+00
-2.441908253537917162e+01
2.760975877658255939e+01
-1.402401654505499451e+01
-5.242331087683932189e+00
1.639326455077452849e+01
-1.382405326743913676e+01
3.357055691326320535e+00
4.093233618034584964e+00
-2.257688580786082255e+00
-5.771752373813180625e+00
1.125692006769556563e+01
-7.942837943769678333e+00
-2.718177145327917543e+00
1.331775337108709678e+01
-1.692416595199106411e+01
1.223951560960794183e+01
-3.439230499656048323e+00
-4.191239559196177744e+00
8.281068397848660112e+00
-9.687217819510209438e+00
9.815747783541180382e+00
-8.446528486128464408e+00
4.446728410990292701e+00
1.763093904626042985e+00
-7.225687124889690338e+00
8.615367686526679947e+00
-5.621568750095054412e+00
1.825018857864376898e+00
-1.515768651001762279e+00
5.121949566538688714e+00
-7.918394219236526865e+00
4.052021732494004880e+00
7.253501167362241375e+00
-1.923889276918405145e+01
2.209756645399416541e+01
-1.133716138064364998e+01
-7.237111089821960164e+00
2.099875939044499162e+01
-2.034340440390082350e+01
6.803388086087808873e+00
7.853538904082179251e+00
-1.137243192383000689e+01
1.581402161783791449e+00
1.145566163126097692e+01
-1.401931005915763961e+01
1.012067369473545142e+00
1.870788566316326040e+01
-2.898515314887006156e+01
1.981016650006205637e+01
3.766658902386629926e+00
-2.505460983099651173e+01
2.893678756303950195e+01
-1.395104165099551707e+01
-6.862599428549100544e+00
1.701079851643290652e+01
-1.013514168007405125e+01
-5.262633385074698467e+00
1.372460667677158952e+01
-6.409472581900931054e+00
-1.127625491290511839e+01
2.432383131954345856e+01
-2.086500750769364743e+01
2.122924093602646778e+00
1.865037883807184826e+01
-2.699147644669287160e+01
1.850095919464695626e+01
-1.384262694650068237e+00
-1.118057129933136906e+01
1.182417300837033025e+01
-3.870473579587265789e+00
-3.048603678286721408e+00
2.011150757572435666e+00
5.576079421025987415e+00
-1.209155169326340129e+01
1.088286119099549509e+01
-1.865170436125799469e+00
-8.984766819867267884e+00
1.499446670161810147e+01
-1.381451794751945528e+01
7.991768933768953254e+00
-1.562419402485655251e+00
-3.423273743846947603e+00
7.252473338437676276e+00
-1.027427131760204837e+01
1.119552217671826000e+01
-8.184091919142655769e+00
1.589561199393379809e+00
5.055510977377569048e+00
-7.539846274837607609e+00
4.965662713572426057e+00
-1.112587999810999762e+00
1.151999432530833811e+00
-6.295996226221468817e+00
1.159084725747862343e+01
-9.728105069601689081e+00
-1.861023275389984022e+00
1.708006282961056144e+01
-2.479037532089061813e+01
1.779115055709664617e+01
3.591306429939287170e-01
-1.711992496290422849e+01
2.066679356607727058e+01
-9.665915443682663977e+00
-5.408480482429182779e+00
1.105053284313506268e+01
-2.430822660553099812e+00
-1.208410837653486247e+01
1.789093061668930318e+01
-6.990434224551049347e+00
-1.428828435451923973e+01
2.966691994729775672e+01
-2.613704047225825988e+01
5.010358696751405994e+00
1.865668160473364878e+01
-2.801193261972849768e+01
1.784089134217318318e+01
1.699895375446723200e+00
-1.403611399544986327e+01
1.011141557827425075e+01
4.462854572520951635e+00
-1.486127271883837508e+01
1.015762693255433646e+01
7.187848926024070551e+00
-2.339391076555761373e+01
2.494461631453818029e+01
-9.736079086658191883e+00
-1.144492550192242852e+01
2.390433320195626266e+01
-2.058848063495017300e+01
6.669529781276094305e+00
5.959583263430502598e+00
-8.866555322625512048e+00
3.165164603003966626e+00
3.013238703209921709e+00
-2.536184615830364919e+00
-4.606962087618800439e+00
1.201866056732150412e+01
-1.300314571206682324e+01
6.210010286043793570e+00
3.891095183744793573e+00
-1.131379341129052030e+01
1.318404588002522537e+01
-1.071934531587198514e+01
6.589385182992838708e+00
-2.050118629522353686e+00
-3.186446350934293292e+00
8.781414478128262147e+00
-1.236828730218932826e+01
1.109475194125701414e+01
-4.822816465685679788e+00
-2.593232597365803471e+00
6.018506168706543313e+00
-3.725567236528005921e+00
-5.089621328294562375e-01
5.701256597498631784e-01
5.882166954668481829e+00
-1.405527539719207653e+01
1.528146587253796795e+01
-4.821251164581122239e+00
-1.258849797193837006e+01
2.506450935090275323e+01
-2.276634707597787255e+01
6.478685518271485755e+00
1.212578665015505308e+01
-1.951207053011583170e+01
1.139578502012819072e+01
3.587647321056062211e+00
-1.120300237131640664e+01
4.013644245061392724e+00
1.177238920183669180e+01
-2.122706300377657485e+01
1.356971777374468147e+01
7.928106496191777097e+00
-2.772202006766003990e+01
3.036249322903068304e+01
-1.323215959541875364e+01
-1.109312249342992018e+01
2.494985511645771936e+01
-1.974515496180975305e+01
2.374515012793902535e+00
1.127419744548655700e+01
-9.983498484098349834e+00
-3.601978531863858635e+00
1.583339430798183756e+01
-1.418062222180408227e+01
-1.892321249434994357e+00
2.043049589552996892e+01
4.898971176574649533e+00
4.996389463020840083e+00
4.806704791419205591e+00
4.346324181184504809e+00
3.647394577041707553e+00
2.755611197875400542e+00
1.727229127418642651e+00
6.254745027852316452e-01
-4.834128873529857096e-01
-1.534253489855136987e+00
-2.466862289656916118e+00
-3.229599914421811491e+00
-3.782324826287605468e+00
-4.098572247489034481e+00
-4.166837452719142298e+00
-3.990900166175595842e+00
-3.589189091391957298e+00
-2.993246978603077313e+00
-2.245413107222205440e+00
-1.395888011168429976e+00
-4.993816910928139396e-01
3.884307703333764739e-01
1.214414617495106041e+00
1.931217901175972695e+00
2.500049209326726363e+00
2.892823770442429776e+00
3.093556256526646564e+00
3.098930899344348067e+00
2.918035293199674918e+00
2.571299707053107841e+00
2.088735168399594055e+00
1.507607642318629537e+00
8.697194973541086949e-01
2.184910482451385416e-01
-4.039569159983690261e-01
-9.595243453421309354e-01
-1.416480331829809813e+00
-1.751292412174818569e+00
-1.949829971385486971e+00
-2.007880772696476246e+00
-1.930968513553689814e+00
-1.733507801684812000e+00
-1.437377717768018703e+00
-1.070033159421855062e+00
-6.623019464034456405e-01
-2.460333992167720307e-01
1.482302228051368131e-01
4.933945664474350123e-01
7.676194717909122778e-01
9.556718565719179992e-01
1.049742141853690747e+00
1.049682047811270502e+00
9.626645564163549551e-01
8.023087803273007967e-01
5.873504106269864522e-01
3.399696915348733306e-01
8.391135791726123117e-02
-1.574567953289460753e-01
-3.629987717518885493e-01
-5.154403183589244541e-01
-6.026552103171736174e-01
-6.185171338654975592e-01
-5.632606701549784933e-01
-4.433327695845425964e-01
-2.707548075216077432e-01
-6.205197474879042829e-02
1.631612923430476592e-01
3.838261946760210819e-01
5.791849494220189243e-01
7.304905535437451469e-01
8.225487718025763506e-01
8.449740016443656465e-01
7.930632365503922365e-01
6.682219361370540511e-01
4.779099732367457776e-01
2.351123868052732990e-01
-4.262429971188685940e-02
-3.345166026056776154e-01
-6.181286407465931276e-01
-8.710963385386283342e-01
-1.072860321762415303e+00
-1.206275813464653623e+00
-1.258976927649933852e+00
-1.224390994284273670e+00
-1.102324567247935594e+00
-8.990746343039572874e-01
-6.270539041041303108e-01
-3.039552747492768603e-01
4.848498601905743000e-02
4.060357412841439917e-01
7.437180531107883130e-01
1.037622514845149890e+00
1.266662800763425523e+00
1.414135530500310711e+00
1.468970292264324407e+00
1.426576027781658595e+00
1.289219329802046676e+00
1.065904400816952258e+00
7.717609701454195559e-01
4.269826881192455570e-01
5.539174990482598204e-02
-3.172667022551810545e-01
-6.651765502902008409e-01
-9.643139121839281458e-01
-1.194185054784657973e+00
-1.339311083019184334e+00
-1.390349529835341880e+00
-1.344769173148828489e+00
-1.207026878794827507e+00
-9.882316625689804290e-01
-7.053188324607564397e-01
-3.797932601111422279e-01
-3.613287780737017840e-02
3.000309689492852705e-01
6.038225740682598985e-01
8.529792121156276608e-01
1.029518611136517325e+00
1.121091550748960053e+00
1.121917030582330277e+00
1.033227630449096823e+00
8.631884337719473166e-01
6.262916353232053090e-01
3.422678893583337434e-01
3.459172367616103472e-02
-2.713107325980383955e-01
-5.500202009479899790e-01
-7.781035632784649714e-01
-9.359654459468171872e-01
-1.009431139465541971e+00
-9.909380316910976205e-01
-8.802401189307615947e-01
-6.845649291515615298e-01
-4.182019003415473613e-01
-1.015430746049079680e-01
2.403621222627592147e-01
5.796392335833044918e-01
8.876791037534257356e-01
1.137335606892321493e+00
1.305069388679530151e+00
1.372877008848458535e+00
1.329857339455073895e+00
1.173290524954277547e+00
9.091377331447119126e-01
5.519101100531376147e-01
1.239000341843760067e-01
-3.461861785186779450e-01
-8.251108078428707193e-01
-1.277380110329108476e+00
-1.667759032231638017e+00
-1.963850919941524165e+00
-2.138559043119199199e+00
-2.172250706036078949e+00
-2.054461446156537363e+00
-1.785005360217581050e+00
-1.374396166923849583e+00
-8.435296911176008994e-01
-2.226289515038543110e-01
4.504954897798844060e-01
1.132768367030492218e+00
1.778611327801005615e+00
2.342965153699094749e+00
2.784372249238461716e+00
3.067910229278193235e+00
3.167772771232090889e+00
3.069313281350842360e+00
2.770399267815362165e+00
2.281968626791118560e+00
1.627730562685337334e+00
8.430102140628270568e-01
-2.720650016263403970e-02
-9.309166306877232344e-01
-1.812273196183703972e+00
-2.615089761943097280e+00
-3.286453170935290657e+00
-3.780209704363104883e+00
-4.060094072724341530e+00
-4.102290111657428184e+00
-3.897245780869893039e+00
-3.450610975659478719e+00
-2.783221860369418543e+00
-1.930116374993913864e+00
-9.386282875049558605e-01
1.343324516604076369e-01
1.225651247910770625e+00
2.269826386564093745e+00
3.202995462109225588e+00
3.966917537494035084e+00
4.512658013877483221e+00
4.803739706464399184e+00
4.818555531789261437e+00
4.551883535843672668e+00
4.015400861981125225e+00
3.237156101673885455e+00
2.260025250107986494e+00
1.139240958527589109e+00
-6.085623277246998697e-02
-1.270646302856316634e+00
-2.419402245776788085e+00
-3.439548849100631411e+00
-4.270744065975573101e+00
-2.696929731103874062e+01
1.631965440132139378e+01
3.639220369088873142e+00
-1.883164345826731534e+01
2.024002743638989443e+01
-1.010456231341551181e+01
-1.451907386431221525e+00
5.610822643312038949e+00
-1.679366038393476757e+00
-3.778382771644934301e+00
3.782191778425795903e+00
2.801964272453243865e+00
-1.083222544836707613e+01
1.389167929979133120e+01
-9.701030283955013545e+00
1.279051033921879466e+00
6.395483383785252052e+00
-1.045976477816884653e+01
1.124275303094248279e+01
-1.013646903424718992e+01
7.286797040106987922e+00
-1.858438113018136661e+00
-5.605978429339455893e+00
1.184577473357065891e+01
-1.280635048704266410e+01
7.476946046082490582e+00
2.843538555969757908e-01
-4.466106535385035770e+00
2.295135705851270913e+00
2.711558931630122515e+00
-3.515207428790344757e+00
-3.677075346041834614e+00
1.472133967685952882e+01
-1.986909649134148736e+01
1.199063067346942546e+01
6.210751296399674715e+00
-2.284069199163712938e+01
2.572544209117183556e+01
-1.253699748201444208e+01
-6.670028019775399386e+00
1.728313567014422603e+01
-1.215583441870613512e+01
-2.367086945647804974e+00
1.188132136983884557e+01
-6.502525199685202928e+00
-1.012452434693195613e+01
2.338329379515374029e+01
-2.000773484297036120e+01
-1.730465792706796790e-01
2.322165115747296227e+01
-3.200216785032414180e+01
2.004422534598396766e+01
3.234642885301986404e+00
-2.031553227204194201e+01
1.979845581978760194e+01
-5.159369072327542050e+00
-9.069027186993578127e+00
1.010378663212620509e+01
2.323564764646510739e+00
-1.621640097500351274e+01
1.798290993824914352e+01
-4.180684102814310243e+00
-1.557057482424356465e+01
2.661745054197454863e+01
-2.112838738425185880e+01
3.853634970633687651e+00
1.250114171122547013e+01
-1.773472917193524978e+01
1.147456219081907136e+01
-1.797532530444997168e+00
-2.684371591317353811e+00
-6.301471960242999160e-02
4.979976204796077610e+00
-5.511764452310934814e+00
-2.984055396859890408e-01
8.524954061731028432e+00
-1.330352718622552288e+01
1.180657532295809986e+01
-5.790349899725917737e+00
-9.543177245002461007e-01
6.061127305565737089e+00
-9.501283083304091548e+00
1.167171876775717720e+01
-1.148731755559079026e+01
7.110369902454557689e+00
1.250451660559626532e+00
-9.772429616077802805e+00
1.317004879428821695e+01
-9.242728908763540474e+00
1.500252994815740593e+00
3.294664264746210325e+00
-1.143639140500343210e+00
-5.002224594015892478e+00
7.301017812211598290e+00
-2.420116548018849123e-01
-1.322771929069330632e+01
2.273632208550456824e+01
-1.874624297575611109e+01
1.349099831516077153e+00
1.836509132929358756e+01
-2.641283009667299098e+01
1.723498031430180077e+01
1.389404534369964139e+00
-1.447550606226869263e+01
1.226025888083430182e+01
1.543970503465277311e+00
-1.294089389788696565e+01
9.866885766614487352e+00
6.919782867889788136e+00
-2.380029206605546932e+01
2.549813231971565841e+01
-8.205322335566165748e+00
-1.656627212113521352e+01
3.089251499823802405e+01
-2.479116433742064629e+01
4.065988287868255391e+00
1.481953026230806536e+01
-1.837063638868476545e+01
6.695591209957725276e+00
7.566944742371029875e+00
-1.068448397789606119e+01
-3.567421583245806715e-01
1.560726020011932569e+01
-2.099912340300807756e+01
1.041874484688433000e+01
9.228731322261518599e+00
-2.386760016983680543e+01
2.363571947872937784e+01
-1.017177160706947348e+01
-5.779091045827371431e+00
1.362619752237812776e+01
-1.087417183443703728e+01
3.490804942903690034e+00
5.833358244324990949e-01
1.552549408321912239e+00
-6.180469400265007351e+00
7.354214703956865939e+00
-2.586749937335738991e+00
-5.306255796648246204e+00
1.121998904219356064e+01
-1.217429929671886057e+01
8.970249270167778732e+00
-4.194849166884796254e+00
-6.596565731656223175e-01
5.763633713579477735e+00
-1.096008131147686981e+01
1.402073040487498190e+01
-1.179695853549536189e+01
3.637805776802100155e+00
6.515367248652871979e+00
-1.226850558646931333e+01
1.000819231746523919e+01
-2.537381725980960567e+00
-2.825005176258503781e+00
7.233395117809711117e-01
6.803131178657951139e+00
-1.134460447841397368e+01
5.509480040124751454e+00
9.510432070025489182e+00
-2.333146661596526883e+01
2.421652175919938799e+01
-9.229582512553671236e+00
-1.216644574005238333e+01
2.487685916856897705e+01
-2.022331404975581393e+01
3.193537739299697087e+00
1.158010474220946584e+01
-1.209594539864975360e+01
-7.893198412271615894e-01
1.406179160834678044e+01
-1.385449440580289604e+01
-2.175219861863024295e+00
2.210503821473185582e+01
-2.928865747787639506e+01
1.631030447506417858e+01
8.436752971334021467e+00
-2.721200874911733791e+01
2.710064996996814557e+01
-1.009123856444167444e+01
-9.204642100218332956e+00
1.598656888344356730e+01
-7.231787942195780694e+00
-6.707719910687451659e+00
1.175383071279155978e+01
-2.413255385539466502e+00
-1.371435535788049265e+01
2.269125009985334174e+01
-1.611036096141172536e+01
-2.053127797201065974e+00
1.901467464659698337e+01
-2.361287381976966060e+01
1.462552000631461446e+01
-4.549030930075264045e-01
-8.651876936285614050e+00
8.675292976451963511e+00
-3.604968023940304356e+00
3.991569113240931443e-01
-2.386382508708123851e+00
6.961130247034720497e+00
-8.884642357069136409e+00
