0.000000000000000000e+00
1.987888851072001728e+01
-2.572561427427326208e+01
1.483404495846854942e+01
2.462186099684807061e+00
-1.198361001648446589e+01
7.732976703958873266e+00
3.594083573994212522e+00
-9.262361397194805335e+00
2.225853329137191139e+00
1.241927177693882101e+01
-2.180510465388024954e+01
1.652370730345752037e+01
1.103838884873607817e+00
-1.877664762672809218e+01
2.427419554351490660e+01
-1.510660507826498389e+01
-2.627236751134358617e-01
1.014060794601964233e+01
-9.236913189058830298e+00
2.031359753502596011e+00
2.409612432912488167e+00
9.916117164476272450e-01
-9.012232208019991475e+00
1.347934864300838598e+01
-8.815999158063531738e+00
-3.033510561980280684e+00
1.432891971047626001e+01
-1.792631708127462531e+01
1.259105468007513196e+01
-3.013956941525647970e+00
-4.726569955745689278e+00
7.805884956270743302e+00
-7.578625472526005602e+00
6.833142559290443785e+00
-6.638534710476726275e+00
5.790167783249112077e+00
-2.841637393363020792e+00
-1.836396688282068368e+00
6.185115832145333670e+00
-8.415320817900653338e+00
8.483999046062063343e+00
-7.471849287480998747e+00
5.728598498344490864e+00
-2.163863245305387206e+00
-4.145889506158703774e+00
1.161154073616990701e+01
-1.593612313353563081e+01
1.314565628805420872e+01
-3.511016213639006622e+00
-7.526218475389118368e+00
1.304761648345234804e+01
-1.026492841173678983e+01
3.032332376627495663e+00
1.444179879668940458e+00
8.074849217518988986e-01
-6.551280844397473047e+00
7.999751144034999761e+00
-2.197237292882278092e-01
-1.328690597464049183e+01
2.233985790463864163e+01
-1.836391376150621468e+01
2.260899688796664364e+00
1.530796273802616270e+01
-2.210465371373913968e+01
1.430669496244212979e+01
3.405265383933819834e-01
-9.211646834982401444e+00
5.743014385016030232e+00
4.907336807883098118e+00
-1.061065754328587118e+01
3.438511151560423862e+00
1.258115783351634853e+01
-2.421397165025823384e+01
2.023355627571554649e+01
-1.484702862844707427e+00
-1.908663732969426619e+01
2.675009445984782630e+01
-1.697213428139986036e+01
-1.154843023474747987e+00
1.291444127295275734e+01
-1.043216230918915421e+01
-1.135514090024356548e+00
8.865236950746085753e+00
-3.963422045334642263e+00
-1.021144513635537976e+01
2.098198767820544930e+01
-1.747380655044204545e+01
2.826956768972586076e-01
1.866828473336076755e+01
-2.585416170917830669e+01
1.703447308323577403e+01
-1.331332170977443941e-01
-1.194167716604646046e+01
1.200669285018406462e+01
-3.680763178881752751e+00
-3.020560469413333671e+00
1.122363064322756898e+00
7.294060418647058341e+00
-1.345615850427627791e+01
1.006625407024139029e+01
2.143133122085275843e+00
-1.501191213464620766e+01
1.976281158174228381e+01
-1.387269587487979905e+01
2.331860736941351320e+00
7.125428222698866776e+00
-1.015961451363412493e+01
8.133904358663121670e+00
-5.363034304016480291e+00
4.575825584387775535e+00
-4.876182046338962905e+00
3.552616204330543148e+00
6.359253522648922186e-01
-6.066481786375817364e+00
9.811397647288409019e+00
-1.020737697092046936e+01
7.792230004974515900e+00
-4.014428441818245652e+00
-4.459125743150655907e-01
5.686341967030562827e+00
-1.100463545740214499e+01
1.390851871974779641e+01
-1.151704319565364010e+01
3.519726767464806727e+00
6.310091960842425962e+00
-1.222469502483476589e+01
1.100565854347375350e+01
-4.884817667515873651e+00
-2.017176280105319464e-01
-4.168679208794889846e-02
4.064141411621497113e+00
-5.611937871329150340e+00
-2.744333675298304964e-01
1.168006388602877621e+01
-2.015122586014516060e+01
1.743391471161051243e+01
-3.094197738417929777e+00
-1.392977802536324994e+01
2.189534512101649000e+01
-1.578475558434139536e+01
1.581395801964301739e+00
8.743383000424813645e+00
-7.502291436444032513e+00
-2.073818027581457279e+00
8.845491949037423751e+00
-4.020765707839047742e+00
-1.033040251262731601e+01
2.227826457504022528e+01
-2.010293066902816150e+01
2.856918087272970475e+00
1.792801027994431706e+01
-2.724969615625004593e+01
1.888246604162253917e+01
-3.995134283674568465e-01
-1.337963953201659173e+01
1.289370526902377634e+01
-1.534220198438892346e+00
-8.017193533344222800e+00
5.452797203433012108e+00
7.787982548346450429e+00
-1.964849192956918245e+01
1.806939972579710485e+01
-1.792001623194184656e+00
-1.806274753928967769e+01
2.699726477050220552e+01
-1.895715526556503150e+01
9.287783653028810482e-01
1.333017362032581943e+01
-1.474104141306333204e+01
5.697487389807200486e+00
3.221879298066873787e+00
-3.192838537638237106e+00
-5.181276158708114643e+00
1.293891925930997644e+01
-1.116600339972411327e+01
-9.180473179709043308e-01
1.516594296404707620e+01
-2.133546094266739601e+01
1.536652296190325728e+01
-2.113953284065448912e+00
-9.253152302910457649e+00
1.268635962219940794e+01
-9.131554586810947782e+00
4.169183823545821177e+00
-2.335912636612576421e+00
3.465571537835458571e+00
-3.886485733615351990e+00
6.503404680464788257e-01
5.467154964253637672e+00
-1.075123034996894589e+01
1.188849844475819317e+01
-8.492265238371485836e+00
2.728543145679572568e+00
2.982931664084681245e+00
-7.569237289556617121e+00
1.081729501391049020e+01
-1.195935865776963780e+01
9.521212983417086662e+00
-3.029278615727864832e+00
3.075381724927561677e-02
3.830321206073691309e-01
6.878060888349328827e-01
9.409483270226137730e-01
1.142079964763238475e+00
1.293815084030923046e+00
1.400826307374001489e+00
1.468830323895420120e+00
1.503594809505830021e+00
1.510062459323819883e+00
1.491674283238439758e+00
1.449954104307351166e+00
1.384391029211929691e+00
1.292628588272826784e+00
1.170940543630317965e+00
1.014946356671299288e+00
8.204961777419819136e-01
5.846378649492377511e-01
3.065684073002867827e-01
-1.152987767113744511e-02
-3.638616008628614562e-01
-7.406778042402759610e-01
-1.128280019824398073e+00
-1.509399225411109713e+00
-1.863949577628288612e+00
-2.170125158043450408e+00
-2.405777578596342892e+00
-2.549985555921124636e+00
-2.584706655482475135e+00
-2.496388114622484444e+00
-2.277409241871969581e+00
-1.927232993285829865e+00
-1.453158893176357047e+00
-8.705927472281208557e-01
-2.027791839141557251e-01
5.200210212424274392e-01
1.261888051545723588e+00
1.983074745537122929e+00
2.642216556415880380e+00
3.198792203938657153e+00
3.615683834154157950e+00
3.861671430466364630e+00
3.913692988022992481e+00
3.758710150953769258e+00
3.395038421561769049e+00
2.833030706272038124e+00
2.095041160474320208e+00
1.214640701788387789e+00
2.351033664100213860e-01
-7.927692252122077177e-01
-1.813372854011321644e+00
-2.769423528712147586e+00
-3.605296124752515485e+00
-4.270377371280996037e+00
-4.722224812803091254e+00
-4.929329737624731145e+00
-4.873301590706107689e+00
-4.550323090125012016e+00
-3.971767342039474791e+00
-3.163918184788770738e+00
-2.166789717397612058e+00
-1.032097046906115034e+00
1.795158544905585130e-01
1.401837144919501954e+00
2.566843655090565335e+00
3.608631920107029156e+00
4.467288339602786706e+00
5.092463337371177623e+00
5.446429328313706186e+00
5.506431168079384264e+00
5.266178885894164274e+00
4.736383410858527654e+00
3.944293577047405464e+00
2.932253363615579644e+00
1.755358300033538432e+00
4.783454701914796048e-01
-8.281009289326589640e-01
-2.091410000542554659e+00
-3.241308883681877973e+00
-4.213881827731338348e+00
-4.955260694504637797e+00
-5.424726045175965794e+00
-5.597033673822149780e+00
-5.463828565866677422e+00
-5.034063841809597761e+00
-4.333402814117611968e+00
-3.402644046871426742e+00
-2.295268404321229916e+00
-1.074259825015881908e+00
1.916053048469526510e-01
1.431774428381032749e+00
2.577998237032590456e+00
3.568229040422098208e+00
4.350107283591816199e+00
4.883832908813895202e+00
5.144258027563282099e+00
5.122086797168321937e+00
4.824124288808640415e+00
4.272574911821551247e+00
3.503448899538212480e+00
2.564188833594974959e+00
1.510673882579439464e+00
4.037945883318048157e-01
-6.941864111282781691e-01
-1.723263606494026323e+00
-2.629089101567647635e+00
-3.365944662591111580e+00
-3.899116748713183256e+00
-4.206546961881959312e+00
-4.279678480021892106e+00
-4.123471048262243421e+00
-3.755609587045239728e+00
-3.204981053234453370e+00
-2.509537734241794382e+00
-1.713699993651741860e+00
-8.654755706569192686e-01
-1.348456301928513401e-02
7.959212873129557497e-01
1.521269079532015622e+00
2.128152804583509194e+00
2.590879643835542812e+00
2.893494826081925542e+00
3.030148897011601949e+00
3.004815696480357623e+00
2.830411670204679098e+00
2.527404572074114064e+00
2.122029750625962219e+00
1.644253224369420341e+00
1.125631472760979745e+00
5.972178776632168784e-01
8.765537142475454679e-02
-3.784248755550220222e-01
-7.816062924525108979e-01
-1.108431737815787521e+00
-1.351666688761143931e+00
-1.510093393903974235e+00
-1.587882544135168050e+00
-1.593618276408620194e+00
-1.539074886956032451e+00
-1.437858008672428189e+00
-1.304028345946399048e+00
-1.150822180823859453e+00
-9.895702709513964912e-01
-8.288965924688853626e-01
-6.742523254918089126e-01
-5.278106375071001111e-01
-3.887165498389202334e-01
-2.536559147859280272e-01
-1.176806274306863020e-01
2.479428378158554658e-02
1.789204535701875987e-01
3.483778671196324783e-01
5.344710296469494804e-01
7.354513290510484858e-01
9.461387805103618209e-01
1.157891591064995174e+00
1.358942896538544387e+00
1.535092839309184720e+00
1.670713288307437372e+00
1.749994367021149078e+00
1.758338786861725955e+00
1.683793671177046924e+00
1.518401499113938291e+00
1.259352799748367779e+00
9.098334222561323958e-01
4.794780510653975369e-01
-1.563207296140856073e-02
-5.534572966648860781e-01
-1.106968219922249475e+00
-1.645553202143537286e+00
-2.136788422896121808e+00
-2.548463913888081578e+00
-2.850735323771970364e+00
-3.018256065268138499e+00
-3.032139261467405866e+00
-2.881604216718122835e+00
-2.565177916145116921e+00
-2.091347493926074996e+00
-1.478593193058272082e+00
-7.547709521347583106e-01
4.414318764266500494e-02
8.758910423965013958e-01
1.694255604478613009e+00
2.451736826767464628e+00
3.102418986011922897e+00
3.604850737646434489e+00
3.924752426631885172e+00
4.037370838605366608e+00
3.929319268158229406e+00
3.599769635633320419e+00
3.060901721939210951e+00
2.337560067355631155e+00
1.466118830869426848e+00
4.926057322510515313e-01
-5.298152243576956799e-01
-1.543859448277165036e+00
-2.491458381818455248e+00
-3.317215642088366057e+00
-3.971769919825892003e+00
-4.414853969383374377e+00
-5.276414292344854928e+00
1.109516109929310090e+01
-1.121484726527055287e+01
6.442364809155984418e+00
-1.222474778650571636e+00
-2.608478685283919241e-01
-1.878300846514538769e+00
3.084943649402214660e+00
1.204477104541458399e+00
-1.037614106236756228e+01
1.782034802058167600e+01
-1.601814556037016857e+01
3.527365895371320725e+00
1.250068985804258048e+01
-2.121883126494440219e+01
1.678529240346776774e+01
-3.424358199986745177e+00
-7.913239216978781521e+00
8.814728358099376493e+00
-6.481638809039012017e-01
-6.761726125848325886e+00
4.170488933303261980e+00
8.196071393000968541e+00
-2.000349549418720585e+01
1.946565507013352914e+01
-4.010701707950929951e+00
-1.649353121817672019e+01
2.721413474105159125e+01
-2.046244432599942087e+01
2.100763680159869473e+00
1.338327841185512668e+01
-1.501993105193841060e+01
4.303606823643507440e+00
6.742640348562752628e+00
-6.609985015265294805e+00
-5.263586060130345246e+00
1.784509061515795381e+01
-1.824117353769043604e+01
3.311171903716711551e+00
1.701023886248329831e+01
-2.764322746686151078e+01
2.075909221570480057e+01
-2.060703100392837328e+00
-1.425731966814182883e+01
1.732175265346918636e+01
-8.000827473240272880e+00
-2.983924913491654785e+00
5.107883976449164365e+00
2.765201662732854615e+00
-1.191548404557928542e+01
1.201292794334519876e+01
-5.459169958004466139e-01
-1.479009588309157408e+01
2.254650404038869738e+01
-1.696831309975316060e+01
2.346953815720982828e+00
1.101785811217397892e+01
-1.527164313648769145e+01
1.053821322456044385e+01
-3.328949503775290530e+00
3.535129431607852979e-02
-1.607481356784663973e+00
3.781447091780663072e+00
-1.908924893806275058e+00
-4.445477742079578576e+00
1.118277465233380497e+01
-1.341258337578277171e+01
9.501107392721866773e+00
-1.911077675881802662e+00
-5.330943327978935997e+00
9.707351601104040384e+00
-1.107022886235641579e+01
1.019752257355023772e+01
-7.255184582039168717e+00
2.036744545891954417e+00
4.523258519046881254e+00
-9.759498284147344549e+00
1.090086229729480927e+01
-7.612598605609282032e+00
2.720739963722794030e+00
1.224385854966638654e-01
7.937334160065034894e-02
-5.355352689617998152e-01
-2.528335199557011581e+00
9.445455075003618362e+00
-1.546496348031428347e+01
1.417411470389868100e+01
-3.506454253692891321e+00
-1.113408515739806148e+01
2.014123157840343481e+01
-1.726476467915577118e+01
5.075006651211788622e+00
6.798987644328246205e+00
-9.649040368437679760e+00
3.144949343489415128e+00
4.452635652695673407e+00
-3.876046771418947046e+00
-6.283373810775323420e+00
1.749186240706973550e+01
-1.832809387172341076e+01
4.852825546421842162e+00
1.488777108905024349e+01
-2.666106282233527836e+01
2.162565577910867987e+01
-3.838433833833111208e+00
-1.295663689040219069e+01
1.673203948432114174e+01
-7.054258809884244918e+00
-5.092188037857996896e+00
7.372204731172624648e+00
2.756466514048469651e+00
-1.563738728413113321e+01
1.794345975804505144e+01
-4.727651164324550237e+00
-1.558428807771759139e+01
2.775736883908493624e+01
-2.232911813258512268e+01
3.444680016381366006e+00
1.470094325087870857e+01
-1.963852232712867618e+01
1.049202641406341385e+01
2.304288636644493238e+00
-6.766701279840685146e+00
-1.525550340354486778e-01
1.040153586820774123e+01
-1.251933783943158573e+01
2.140831492514527312e+00
1.391120939049072547e+01
-2.331611582030966545e+01
1.856555980172716147e+01
-2.990850950886310144e+00
-1.234809836240713565e+01
1.779627445097772664e+01
-1.229508407074588305e+01
2.897144879212026680e+00
2.207996613685563325e+00
-6.248549077377596461e-01
-3.200423722651003722e+00
3.028902220143127710e+00
3.081831778746353834e+00
-1.108039673249079904e+01
1.467140985298073375e+01
-1.072870600503636140e+01
1.575026923794785816e+00
7.383693865830384340e+00
-1.199713403803307443e+01
1.175667658634259993e+01
-8.718780772970474047e+00
4.829477668366235044e+00
-5.669604663269218747e-01
-4.132248524763403097e+00
8.328265486120725924e+00
-1.009946986092146304e+01
8.322720648287294409e+00
-4.179259821450513890e+00
4.085080744364484318e-01
1.268896690386345227e+00
-1.916997423859162275e+00
4.179431151119954002e+00
-8.934590535354367091e+00
1.320190913318026737e+01
-1.198222682930712679e+01
3.003156907094921557e+00
9.938619362942031188e+00
-1.874928042506844506e+01
1.720669155991571486e+01
-6.428669626146644944e+00
-5.495966192825088470e+00
1.000144677395910620e+01
-5.314908391480794414e+00
-2.025994494326705642e+00
3.153335862957187707e+00
4.682516456039297559e+00
-1.485708481861232144e+01
1.672413385040816891e+01
-5.308227261461691882e+00
-1.322328997226498082e+01
2.563500405825291040e+01
-2.230678331902089440e+01
5.498052826824778805e+00
1.215627238567360457e+01
-1.797439615999332574e+01
9.667474162745124389e+00
3.139866341484480294e+00
-7.701446282468609184e+00
-3.817296383610728761e-01
1.311254508969973109e+01
-1.715699441714738072e+01
5.935767568573200315e+00
1.387748506127487502e+01
-2.733254770945102763e+01
2.356682140424762650e+01
-4.980666057320745743e+00
-1.466656595094138638e+01
2.159503357900914011e+01
-1.305975126788555229e+01
-1.207977303384771162e+00
8.085292597221124922e+00
-2.540476403448643339e+00
-8.439864774833420569e+00
-2.074097755265832177e+00
-2.187312064163948744e+00
-2.154135660100922500e+00
-1.976213566788008524e+00
-1.664985802154549388e+00
-1.240965826545609607e+00
-7.323987117961807680e-01
-1.733867766572851910e-01
3.983928469548287943e-01
9.442258213949255019e-01
1.426982322023118810e+00
1.813645187410537485e+00
2.077572257421133273e+00
2.200337831165788849e+00
2.173025977187921676e+00
1.996885011290233214e+00
1.683295376157352363e+00
1.253049523624254036e+00
7.349890812683829155e-01
1.640884121807781870e-01
-4.208883363941657851e-01
-9.800000554511013595e-01
-1.474835665041689836e+00
-1.871132326773171428e+00
-2.141127045835106379e+00
-2.265481008591836876e+00
-2.234644130116419269e+00
-2.049564505463528086e+00
-1.721691287781853319e+00
-1.272267018167035912e+00
-7.309534102627949226e-01
-1.338798074444862429e-01
4.787570820530739901e-01
1.065382687251442029e+00
1.585843572849921168e+00
2.004127965409534529e+00
2.290824237906426752e+00
2.425150557850907163e+00
2.396416967981911839e+00
2.204818671561579180e+00
1.861503745448400027e+00
1.387906937634673321e+00
8.143903799311572600e-01
1.782786607057352257e-01
-4.785833796207458191e-01
-1.112589307899156443e+00
-1.681263588492496019e+00
-2.146095626954687585e+00
-2.475126261818934026e+00
-2.645113416076103618e+00
-2.643131052673600045e+00
-2.467492817923416126e+00
-2.127936334277495067e+00
-1.645053055787566665e+00
-1.048998665256524188e+00
-3.775668327178742789e-01
3.262484232041120702e-01
1.017042360672175239e+00
1.649958085730956370e+00
2.183619518304639406e+00
2.582845587479558169e+00
2.820966684469014663e+00
2.881590463857499618e+00
2.759700282199336829e+00
2.462013490792755555e+00
2.006575535683535083e+00
1.421616123778922436e+00
7.437422491056524532e-01
1.558641939258853526e-02
-7.169359012791338692e-01
-1.407580165900682134e+00
-2.012744905476144375e+00
-2.494268352629771535e+00
-2.821867692649115966e+00
-2.975063052839592714e+00
-2.944462620951602716e+00
-2.732327591707697234e+00
-2.352383145088393412e+00
-1.828891193295458351e+00
-1.195048904546343271e+00
-4.908208278642287592e-01
2.396510788800640945e-01
9.508884559703181250e-01
1.598982203082081943e+00
2.144373485662134815e+00
2.554330359206960388e+00
2.804961660453207273e+00
2.882641486653503726e+00
2.784757375537487256e+00
2.519740504210583154e+00
2.106383796216614979e+00
1.572500576265735361e+00
9.530192334269083076e-01
2.876454238291727972e-01
-3.817496848046033620e-01
-1.013840471024295642e+00
-1.570478206912651720e+00
-2.019071297840532964e+00
-2.334561977045837455e+00
-2.500875930687022297e+00
-2.511758148322843720e+00
-2.370950455574207361e+00
-2.091710789032889650e+00
-1.695718279316696275e+00
-1.211448647193442252e+00
-6.721385916584757814e-01
-1.134835121880850561e-01
4.287715833291210199e-01
9.211837123207338163e-01
1.334748653894499038e+00
1.646682831557614524e+00
1.841737187790662089e+00
1.912964059730811517e+00
1.861897146804147640e+00
1.698145901739248398e+00
1.438446195525175941e+00
1.105246102547659204e+00
7.249365942313039657e-01
3.258597332096464516e-01
-6.375987276824335304e-02
-4.178118787625701991e-01
-7.140845958829300510e-01
-9.357139513505847717e-01
-1.072200159137757680e+00
-1.119927971833240665e+00
-1.082163288221956732e+00
-9.685373063503737168e-01
-7.940665843210839014e-01
-5.777906521634602610e-01
-3.411358514087738936e-01
-1.061329653232235687e-01
1.063743670630994953e-01
2.783941143924724138e-01
3.961974992011751961e-01
4.513719560244204843e-01
4.414370678384842428e-01
3.699783809113637023e-01
2.462905034135176585e-01
8.455801085387015803e-02
-9.736229300325760505e-02
-2.794638348459359545e-01
-4.413000257553015837e-01
-5.637490013029675673e-01
-6.306958923260098659e-01
-6.305001895531066047e-01
-5.571306458808671369e-01
-4.108738881069183835e-01
-1.985538279203125089e-01
6.676511588592837221e-02
3.665796076322169750e-01
6.782043729202238413e-01
9.764001688653980437e-01
1.235259022462706469e+00
1.430211517788376296e+00
1.540008903847660093e+00
1.548531269013770251e+00
1.446282247960690936e+00
1.231450196141077091e+00
9.104442564120760473e-01
4.978493701811433358e-01
1.578464084791175726e-02
-5.073082355716368452e-01
-1.038378450274669795e+00
-1.541876064559138060e+00
-1.982122316175203736e+00
-2.325782178383966503e+00
-2.544269774453417732e+00
-2.615917463876632265e+00
-2.527751361426236798e+00
-2.276739110535983546e+00
-1.870408518248788843e+00
-1.326776091493443221e+00
-6.735699607473650818e-01
5.322087680989173730e-02
8.113928107222864172e-01
1.555049284220133998e+00
2.237443153168413801e+00
2.813960094600183037e+00
3.245050053880823349e+00
3.498912984384389802e+00
3.553757277984478602e+00
3.399473694159901971e+00
3.038602826880447250e+00
2.486518017802224811e+00
1.770795345729310633e+00
9.297946879399352493e-01
1.052743898331709449e-02
-9.340661191113202033e-01
-1.848266740234607797e+00
-2.676960375403600434e+00
-3.369045651871183988e+00
-3.880649320423620097e+00
-4.177943752390831378e+00
-4.239383381632672254e+00
-4.057211824348664564e+00
-3.638136115876998034e+00
-3.003116263957535725e+00
-2.186273838859987606e+00
-1.232979043852767909e+00
-1.972280429801860357e-01
1.261731057042912241e+01
-3.752915484008440217e+00
-1.258229576622333745e+01
2.358695443552533533e+01
-2.004394989099901636e+01
3.981325016736649403e+00
1.319674031387697077e+01
-2.014295885759789684e+01
1.432118722827128465e+01
-2.902934127528931985e+00
-4.281556205962022688e+00
3.138117120565530271e+00
2.133335490631296238e+00
-3.908337458884525883e+00
-1.473985057693505851e+00
1.044630852103746221e+01
-1.556951406684298966e+01
1.207104574857110535e+01
-1.705678764731850094e+00
-9.050785581518521639e+00
1.432446021789504798e+01
-1.284275258385012108e+01
7.600414381529124519e+00
-2.361970832981866053e+00
-1.328717114865441751e+00
4.163765634673007199e+00
-6.915702235426115507e+00
8.871748837661755260e+00
-8.523661133221903441e+00
5.484611269414005896e+00
-1.260400817371285065e+00
-2.128074305271594469e+00
4.157459053717121655e+00
-6.070380536194679877e+00
8.863767333750754318e+00
-1.114058850771417042e+01
9.541374988622472131e+00
-2.016586476667328043e+00
-9.011907950091293529e+00
1.714531670179839651e+01
-1.662257015202372656e+01
7.395358118538181813e+00
4.111538777084110308e+00
-9.895713105304690060e+00
7.074036332062539678e+00
-4.019194736337361462e-01
-2.044916140041786790e+00
-3.463645248325677883e+00
1.221808546837530862e+01
-1.471342970919749860e+01
5.324428749053526033e+00
1.161413425873984906e+01
-2.420477571230371439e+01
2.246533637373055470e+01
-6.967745496610850076e+00
-1.106065686496247302e+01
1.871751240681464168e+01
-1.203081981539988377e+01
-9.790043846064335753e-01
7.586612653792697003e+00
-1.755051696501777503e+00
-1.037450065152571099e+01
1.589018144720911963e+01
-6.842869255773683435e+00
-1.199614406623975782e+01
2.638955770453647887e+01
-2.438830680715092925e+01
6.558608919110299418e+00
1.418692022961546328e+01
-2.311425397381404423e+01
1.558629080320212168e+01
-2.539714092611711216e-01
-9.001164751361255156e+00
5.194690932329885769e+00
6.098112454881389866e+00
-1.226270633127960963e+01
5.269105674593153488e+00
1.087948834228125250e+01
-2.332744628832579892e+01
2.129395212415840177e+01
-5.233552162783888129e+00
-1.354346725965882214e+01
2.220280634673717657e+01
-1.651787622058778027e+01
3.348192630613509913e+00
6.084323268543069929e+00
-5.824032759071116061e+00
-5.978433600089401168e-01
4.460211885124246933e+00
-2.685361656270366382e-01
-9.310437192572953435e+00
1.602967818386946064e+01
-1.341618269163586774e+01
2.261618563836353069e+00
1.026264176854045829e+01
-1.657099391093510832e+01
1.426933925573219497e+01
-6.896894330427986830e+00
-2.864905309677800993e-02
3.575153247101755305e+00
-4.653361741541088392e+00
5.633133605835347169e+00
-7.300582097635682111e+00
8.192897936072796483e+00
-6.530308720442111969e+00
2.342683811853535580e+00
2.487041323376809387e+00
-6.081141304516638257e+00
8.097877001793991170e+00
-9.225714473066158661e+00
9.376871731874473426e+00
-6.963490797285636802e+00
5.734950419899069729e-01
8.434849318000587459e+00
-1.544139948025861386e+01
1.555122031893764500e+01
-7.904944478247255546e+00
-2.758867425280916663e+00
9.381631314047053749e+00
-8.360555401788690943e+00
2.712810019244894733e+00
6.176210755929183449e-01
2.672935004121791192e+00
-9.692385216812578363e+00
1.237819240202437499e+01
-4.874671766333101175e+00
-1.016925798439843831e+01
2.245954623253722815e+01
-2.208798614900894819e+01
8.144687494709469178e+00
9.765567328814425352e+00
-1.895954578958330217e+01
1.404436767396077101e+01
-1.282993354095236072e+00
-7.044125656492861154e+00
3.563715322175021516e+00
7.538232965546364461e+00
-1.417878836217326111e+01
7.374717049275501424e+00
1.005420029052494257e+01
-2.497595148848055047e+01
2.473103250649310425e+01
-8.064827131237096935e+00
-1.331992400854776548e+01
2.414264479641998662e+01
-1.795412399391435443e+01
2.007360214721253922e+00
9.476804185723411322e+00
-7.694490344293305029e+00
-3.465111249947144589e+00
1.143783247633244571e+01
-6.583576750532607491e+00
-8.897690275015124328e+00
2.253362268946471048e+01
-2.221714366273353392e+01
6.647173973076546893e+00
1.339576282753059644e+01
-2.388137173957440496e+01
1.877436706200140293e+01
-4.207425418221540703e+00
-7.532482787099780808e+00
8.565353130386670344e+00
-1.361478343824230386e+00
-4.617497159461976253e+00
2.030731224689736436e+00
7.728736271322119933e+00
-1.599739488207864468e+01
1.465073614186152895e+01
-3.177247302340695079e+00
-1.097429712655115353e+01
1.862079698328892619e+01
-1.595542156135699940e+01
6.636863723419730299e+00
2.229475753015904615e+00
-6.077521769821293773e+00
5.609582956476360849e+00
-4.582548990492986363e+00
5.485924009923461853e+00
-7.335783041580045349e+00
7.222962053935212623e+00
-3.551134879569931346e+00
-2.362458314277455784e+00
7.599629030565463239e+00
-1.014849144377903478e+01
9.986113213818075707e+00
-7.987771763606363429e+00
4.367360788320483245e+00
1.273071859465738864e+00
-8.266901390271659267e+00
1.375288347911102704e+01
-1.405659334376995062e+01
7.911226228841874430e+00
1.550349780819187728e+00
-8.532024953972014103e+00
9.138262434595041839e+00
-4.792972227335537738e+00
1.041219125632665943e+00
-2.330048144862652215e+00
7.389584682299167540e+00
-9.818701398499026567e+00
1.265586563583389168e+00
1.354002606418111210e+00
1.355939533175798850e+00
1.281390885682224257e+00
1.144922480602895032e+00
9.642304739806609737e-01
7.585325909560519664e-01
5.469214891917852928e-01
3.468089034626882228e-01
1.725793299378168832e-01
3.455339258739731356e-02
-6.166484211999656573e-02
-1.154134883798330069e-01
-1.307623607298518120e-01
-1.158917854451260165e-01
-8.211832829841458903e-02
-4.265268540494160376e-02
-1.119594257628109268e-02
-4.931408198571296531e-04
-2.096663426994228169e-02
-7.954581076575584220e-02
-1.787947806945173745e-01
-3.164167115373104355e-01
-4.851842709951617039e-01
-6.733122906655464313e-01
-8.652537442813912349e-01
-1.042866060744318535e+00
-1.186864227445983744e+00
-1.278452416085533727e+00
-1.301008910605851998e+00
-1.241691318107160269e+00
-1.092831130488828517e+00
-8.529986981614806618e-01
-5.276408783488321097e-01
-1.292226517218033610e-01
3.231611032402490480e-01
8.046991493760440317e-01
1.286259140772813669e+00
1.736183981325684300e+00
2.122376475358231041e+00
2.414534443542475817e+00
2.586382623749655441e+00
2.617742320545996204e+00
2.496285535131806732e+00
2.218837056124448814e+00
1.792114805444193770e+00
1.232833977267493886e+00
5.671419281935662360e-01
-1.706043515322908100e-01
-9.396610484215108805e-01
-1.695220840564092279e+00
-2.391099946409233290e+00
-2.982623439074342464e+00
-3.429525087210228307e+00
-3.698671602595518415e+00
-3.766427366346849048e+00
-3.620494315431018961e+00
-3.261091705271119690e+00
-2.701380144572489428e+00
-1.967081171222641922e+00
-1.095294729031361491e+00
-1.325689118898916719e-01
8.676741493497612812e-01
1.848208670720875579e+00
2.751389333033776197e+00
3.522642835255724414e+00
4.113849734431427763e+00
4.486402381802974126e+00
4.613741535883156608e+00
4.483203916676406386e+00
4.097053807563318273e+00
3.472621312770078905e+00
2.641524949941929101e+00
1.648013418363404980e+00
5.465169856526012060e-01
-6.014505993617639268e-01
-1.730856707628992242e+00
-2.776967101682707995e+00
-3.679184376608989115e+00
-4.384672851060587462e+00
-4.851546707668780378e+00
-5.051423786305566210e+00
-4.971185566182565907e+00
-4.613832167477153412e+00
-3.998376635249283773e+00
-3.158781848462776765e+00
-2.142002395474722487e+00
-1.005248945161801188e+00
1.873594684929549281e-01
1.368552263677898617e+00
2.471845362513413580e+00
3.435421961702262994e+00
4.205721732639554844e+00
4.740522952083144226e+00
5.011334182023589712e+00
5.004955479835517806e+00
4.724120937549217025e+00
4.187191307777879068e+00
3.426923950311206113e+00
2.488403630809002287e+00
1.426268289510321141e+00
3.014056331038597047e-01
-8.226732621790056044e-01
-1.883560011493044861e+00
-2.823548319936602713e+00
-3.592891548742417118e+00
-4.152527709699497471e+00
-4.476117128858471794e+00
-4.551283106634246955e+00
-4.379997095456500844e+00
-3.978103868227230500e+00
-3.374035380981263543e+00
-2.606811159395483912e+00
-1.723464996603336630e+00
-7.760699878168753063e-01
1.814454330205703680e-01
1.096489840406032812e+00
1.920813922679572183e+00
2.613150043969678649e+00
3.141336222769087527e+00
3.483811599538461756e+00
3.630413801480526281e+00
3.582455188791005440e+00
3.352101649309429554e+00
2.961121324697308044e+00
2.439108593903227984e+00
1.821318450870370809e+00
1.146266334868901060e+00
4.532574520218524139e-01
-2.199926216257559464e-01
-8.394972600958960918e-01
-1.376771774486017730e+00
-1.810144068487789637e+00
-2.125542627566947118e+00
-2.316739948352137368e+00
-2.385067977654427906e+00
-2.338657925267093596e+00
-2.191287505042117445e+00
-1.960942227970680962e+00
-1.668212356104359806e+00
-1.334652711150872140e+00
-9.812285936858915480e-01
-6.269581751250479229e-01
-2.878410791827863413e-01
2.386378309531878017e-02
2.999785705978710304e-01
5.363644815257647691e-01
7.325277337571602931e-01
8.909315955534597986e-01
1.016094750050679840e+00
1.113571501408093134e+00
1.188916462207956881e+00
1.246734953029619009e+00
1.289910602593823619e+00
1.319084402233431819e+00
1.332436153150211355e+00
1.325791723075123052e+00
1.293049996366246512e+00
1.226894211290882275e+00
1.119725864294642381e+00
9.647376633582391836e-01
7.570269154576720894e-01
4.946435295416660161e-01
1.794682071859383110e-01
-1.821735706673843769e-01
-5.792380796851166469e-01
-9.960818516067371231e-01
-1.412993664486330792e+00
-1.807128786537585352e+00
-2.153801064478714444e+00
-2.428057394281217807e+00
-2.606432602952019728e+00
-2.668762948051754069e+00
-2.599925007776009878e+00
-2.391364814187317833e+00
-2.042290133198552571e+00
-1.560416560366573391e+00
-9.621846140439976880e-01
-2.723986434968804771e-01
4.767230483131259522e-01
1.247056528114826035e+00
1.996568191205640996e+00
2.681690409569843059e+00
3.259937833403714791e+00
3.692602625951724615e+00
3.947354469131235000e+00
4.000570152069053975e+00
3.839228364953793715e+00
3.462227583729806213e+00
2.881017472605416074e+00
2.119475148927195463e+00
1.213004433780594526e+00
2.068858827109656962e-01
-8.460452768032791226e-01
-1.888270461087482754e+00
-2.860846474041553567e+00
-3.706860324109200633e+00
-4.374870841432695556e+00
-4.822122946666303811e+00
-5.017329189208028062e+00
3.959592346658212136e+00
8.986241607306720169e+00
-2.050375142335560952e+01
2.118937341722305234e+01
-8.941055777547301631e+00
-8.378492607548061244e+00
1.872623694074745160e+01
-1.562623008014873527e+01
3.530679715510951056e+00
6.116960888559599852e+00
-4.974505185016614206e+00
-4.723411320510617628e+00
1.208409039835587961e+01
-7.479827195711724386e+00
-8.166685323838972721e+00
2.316336081304096339e+01
-2.455744740827804407e+01
9.388601649554788153e+00
1.214522816565730068e+01
-2.465304487484814544e+01
2.005248768708626983e+01
-3.959027423069622742e+00
-9.501725872095008185e+00
9.934286611864134642e+00
6.460241861008163555e-01
-1.015260531262771160e+01
7.603842823452929167e+00
6.745171530576941521e+00
-2.122940385530380780e+01
2.273191538335949247e+01
-8.112150231609891904e+00
-1.278832313264729414e+01
2.510388455706708655e+01
-2.097396630596234957e+01
5.429247990310543059e+00
8.564044465337129708e+00
-1.124233380746473721e+01
3.675496010416790860e+00
4.337089866557536588e+00
-3.698708318846437137e+00
-5.780034010292284918e+00
1.544405518393504906e+01
-1.566646756461853052e+01
4.366669837470910309e+00
1.116779958507265214e+01
-2.036681357223946520e+01
1.780267408871626245e+01
-6.821594221531207758e+00
-4.139638207234254352e+00
8.726506862573577550e+00
-7.013327856208097622e+00
3.850719071665358317e+00
-3.539112429418143968e+00
5.985300937526831788e+00
-7.487700610293041237e+00
4.773940720402480409e+00
1.797655892521616394e+00
-8.645691541898797183e+00
1.210505607538899397e+01
-1.108558427997603602e+01
7.027197997966918130e+00
-1.872058507179817255e+00
-3.446612718452569890e+00
8.542580206055678360e+00
-1.219181871209554302e+01
1.222416856258440099e+01
-7.394644194095940648e+00
-5.910945198969610459e-01
7.438449842032031967e+00
-9.398433596878099650e+00
6.539652251291341756e+00
-2.828727466217654474e+00
2.427106077036439657e+00
-5.405301272785830946e+00
7.147794335159677104e+00
-2.607338378832916082e+00
-8.145664619479751067e+00
1.845115739143161093e+01
-1.981134280383840718e+01
9.289136940599211911e+00
7.012374155872783454e+00
-1.806928708987056709e+01
1.671708166440039633e+01
-5.647064631039350857e+00
-4.872166718977243960e+00
5.941901834832345131e+00
2.047781341747685779e+00
-9.689567450952202066e+00
7.132517435869417000e+00
6.443151468408704119e+00
-2.104346415592553399e+01
2.385722233332490561e+01
-1.042860477963812293e+01
-1.075953337074867733e+01
2.464606624867572648e+01
-2.178357177035212189e+01
6.002128470479382472e+00
9.092980460167584766e+00
-1.182433502455877417e+01
2.243439438899550442e+00
8.444142662603031368e+00
-8.256093536618942963e+00
-4.537420329992333023e+00
1.946531387735867824e+01
-2.277823217101603959e+01
9.515162445290169302e+00
1.178093087263980365e+01
-2.581937289888093545e+01
2.300064544018834312e+01
-6.939345439771942736e+00
-9.142233141243959693e+00
1.373935289768284385e+01
-6.254264592799843925e+00
-3.602382908594857103e+00
5.166193901284565015e+00
3.561597519814629464e+00
-1.436867850895321830e+01
1.636657310425716361e+01
-5.728732182858506050e+00
-1.085308815572547658e+01
2.171686153147258835e+01
-1.970104076697585782e+01
7.425003519331471402e+00
5.675867029389580765e+00
-1.140432502804347159e+01
8.818777432519803838e+00
-3.504184786517352990e+00
1.576547535688222368e+00
-4.200272369113097426e+00
7.272555278712375504e+00
-5.898204168004709480e+00
-8.600189208691428888e-01
9.176982506535949824e+00
-1.385327189618931065e+01
1.244310633851624104e+01
-6.523027278629690784e+00
-4.096363165971750320e-01
5.851339068764379370e+00
-9.269379511238005520e+00
1.086054856715322003e+01
-1.015614202044364767e+01
6.363500452466986701e+00
-2.719491399233397999e-02
-6.205834601732324707e+00
9.160178964746339858e+00
-7.866797214729228216e+00
4.632322775554945871e+00
-2.929231123188117625e+00
3.815904423365500620e+00
-4.484645431964743523e+00
8.721229511177297500e-01
7.706451295838786741e+00
-1.641840673215718738e+01
1.802064664434766783e+01
-9.145303338758736800e+00
-5.779036276142605288e+00
1.706326899084202964e+01
-1.728341194955954307e+01
7.520213929075051595e+00
3.397008079061691888e+00
-6.447071539592936773e+00
3.793368987916538870e-01
7.096340144580908671e+00
-6.334483207639169500e+00
-4.981417772535008837e+00
1.872283028562213758e+01
-2.264794810629279098e+01
1.109880144210551478e+01
9.270942407753938852e+00
-2.414992328934890864e+01
2.306799121849445910e+01
-8.022204517038566962e+00
-8.294091350830516518e+00
1.329566400948377236e+01
-5.083406008565926726e+00
-6.374809550086527388e+00
8.489462049884108907e+00
2.390597484133298423e+00
-1.731569914168960622e+01
2.232117784514260705e+01
-1.074620451462898885e+01
-1.045491258018754621e+01
2.600344822572039050e+01
-2.474558931999123601e+01
8.644741987590109034e+00
9.257442596799119627e+00
-1.595129296571853672e+01
8.991957686631847579e+00
2.424327459604955770e+00
-6.340599111987453185e+00
-1.183663826411311959e+00
1.279808641543985104e+01
-1.667133243950381427e+01
7.152921601251550854e+00
1.006729774599070737e+01
-2.259879205068734365e+01
2.153499105338223174e+01
-8.395232491617317550e+00
-6.777058290805288543e+00
1.399122714317894989e+01
-1.095584477753495634e+01
3.585402640337572500e+00
2.869042849913725490e-01
2.062104877856581808e+00
-6.551549744256792707e+00
6.816513985721035951e+00
-3.629874147328191469e-01
-9.178339369664964664e+00
1.528816535997328785e+01
-1.396067182068607693e+01
6.475657662122836555e+00
2.377459468358255279e+00
-8.377440621898571749e+00
1.042722981322834741e+01
-9.845869276129359804e+00
7.965679586101285459e+00
-4.853606588801326893e+00
2.315809691034615980e-01
4.946365548592805084e+00
-8.469227512958074300e+00
8.709869835638192725e+00
-6.336123927115231425e+00
3.776627852550118902e+00
-2.674346599224623588e+00
1.948184347642364145e+00
1.168705289412675485e+00
-7.702453701316303025e+00
1.451841364438782378e+01
-1.590524814147603294e+01
8.492631049195853876e+00
4.782678804576629972e+00
-1.580124701816547805e+01
1.731932493345233581e+01
-9.049573448333877224e+00
-1.793953810695263940e+00
6.498795878732707365e+00
-2.463071131109324519e+00
-4.417602825727466431e+00
5.114814097293336026e+00
3.861992335534226051e+00
-1.631692972121899388e+01
2.097426046826785750e+01
-1.133348766526590623e+01
-7.792668769545263885e+00
2.321870560077959311e+01
-2.384922531717696614e+01
9.903694209129334070e+00
7.172482377525455810e+00
-1.430382306225161315e+01
7.756456321319319613e+00
4.028827031380796342e+00
-8.278982682848466723e+00
-4.149644910111054408e-01
1.487460741369432071e+01
-2.135308319375689479e+01
1.170498633234779540e+01
8.908380499863104873e+00
-2.565959376294148697e+01
2.611334774638645229e+01
-1.043913874555190979e+01
-8.927642687834577373e+00
1.778932583619907959e+01
-1.177270130221459965e+01
-8.409247452650179255e-01
7.148299339907637773e+00
-1.236752482427038835e+00
-1.078550963305725396e+01
1.652279315242494562e+01
-8.525794425692952316e+00
-8.872530956128048985e+00
2.296452543052173922e+01
-2.319009804354382709e+01
9.657692177092524588e+00
7.407576765455527124e+00
-1.637211301314118117e+01
1.333400640718162045e+01
-4.110265155786114732e+00
-1.944407801599093766e+00
3.297261672762168416e-01
5.326325062778073161e+00
-7.433204163811799603e+00
1.768923770030035314e+00
8.662552491435844715e+00
-1.632002852823044492e+01
1.552891599649104215e+01
-6.858126238509014705e+00
-3.949173124478170038e+00
1.090714899459920417e+01
-1.196952810211208273e+01
9.214081873931862177e+00
-5.770559910474921672e+00
2.926381603909261386e+00
2.780746011454304778e-02
-3.772963180731970567e+00
7.395211977009883419e+00
-9.029455282886196699e+00
7.827552696824018774e+00
-4.888085396852501319e+00
2.007325516553122746e+00
3.494724783772085175e-01
-3.418909461211811163e+00
8.140465929262854061e+00
-1.285398216397806692e+01
1.356943286121894232e+01
-7.342010650405039307e+00
-4.113801759915531875e+00
1.438935531385860855e+01
-1.684678415594460077e+01
1.015166023644560944e+01
1.747918939783552617e-01
-6.132829794535738621e+00
4.128199104678059506e+00
1.772368113053715888e+00
-3.528449066494657060e+00
-3.143487072607644706e+00
1.394365314516685572e+01
-1.890544081068433258e+01
1.109118005488985936e+01
6.436458771853798666e+00
-2.192919316218225845e+01
2.409677282508787144e+01
-1.153651953846711109e+01
-5.815542342121650776e+00
1.483123719934035378e+01
-1.015410692607593468e+01
-1.507635630833503271e+00
7.627070284772791808e+00
-1.291342301809949689e+00
-1.225056063667461359e+01
1.989411583716714205e+01
-1.230678668627420080e+01
-7.250529390203159785e+00
2.481888397664281598e+01
-2.702724172387006973e+01
1.220901694768741663e+01
8.197217385234766951e+00
-1.918577334185714989e+01
1.447698157322415113e+01
-1.084824084853533765e+00
-7.538827634869990746e+00
3.582424440239140750e+00
8.407706711597437987e+00
-1.588822441853434420e+01
9.737566638062945756e+00
7.352223698929940099e+00
-2.279273461362084419e+01
2.455956565930125279e+01
-1.111940744517522717e+01
-7.559112247458707579e+00
1.844288448349752230e+01
-1.584729881482448910e+01
5.067137285979390171e+00
3.303189483183801123e+00
-2.863210461622998970e+00
-3.626204799936347811e+00
7.669947269390599232e+00
-3.246325036129888097e+00
-7.669560858330960684e+00
1.687950620329327123e+01
-1.703340002127227848e+01
7.617783664333617644e+00
5.065054492991859725e+00
-1.332125723695235386e+01
1.382568040990105729e+01
-9.007217125384570977e+00
3.686567129434224377e+00
-6.655066403235423422e-01
-7.747790344789038386e-01
2.792720662498144879e+00
-6.027608003602601627e+00
8.813456149259888406e+00
-9.003760995931051170e+00
6.165701785164424464e+00
-1.813937590607677564e+00
-2.309206650530239102e+00
5.768689467443778085e+00
-8.999782405047888290e+00
1.151200900908177971e+01
-1.112800507382877768e+01
5.731687155472954487e+00
3.843906980706202958e+00
-1.294064187242850394e+01
1.591428978189402521e+01
-1.076479841457231679e+01
1.345793660978783279e+00
5.409725152124574166e+00
-5.323236852287436705e+00
7.211233328561288403e-01
1.653157479245821904e+00
2.859284843625994554e+00
-1.171670370752817014e+01
1.653162804452469103e+01
-1.035713507663513511e+01
-5.306100649044716455e+00
2.037639472737505386e+01
-2.380784453225181352e+01
1.282237247654482104e+01
4.325549925832583575e+00
-1.488803531250712098e+01
1.218278765769055738e+01
-4.617854649227757236e+00
-4.565707299674670594e+00
-4.257997110326833479e+00
-3.709188131240495512e+00
-2.947954228206521421e+00
-2.015642185203661896e+00
-9.639517486477009456e-01
1.480328257826231120e-01
1.257283453225686687e+00
2.300533937475644386e+00
3.218025466511459598e+00
3.957062642847244405e+00
4.475161249933037766e+00
4.742593237433191611e+00
4.744171043868505855e+00
4.480160080098634978e+00
3.966262031099008656e+00
3.232669189355810158e+00
2.322247657084838046e+00
1.287961282174882705e+00
1.896951873695593704e-01
-9.093252729786562849e-01
-1.946299681918372659e+00
-2.862570705218526079e+00
-3.607067921994287829e+00
-4.139268184442391529e+00
-4.431494560287267959e+00
-4.470418158376808115e+00
-4.257677681501576217e+00
-3.809587128460798056e+00
-3.155959108474741370e+00
-2.338126088424817617e+00
-1.406291081900066020e+00
-4.163797106437498452e-01
5.734052876630948425e-01
1.506109931185799056e+00
2.329415922512422021e+00
2.998681112294003803e+00
3.479450821980035080e+00
3.749293497903436467e+00
3.798859160717500849e+00
3.632109940949278748e+00
3.265725296963415403e+00
2.727736815397058479e+00
2.055495421033536996e+00
1.293114324472249610e+00
4.885615869443521442e-01
-3.094050578112726990e-01
-1.054262555700345327e+00
-1.704514574463950938e+00
-2.226079172026217634e+00
-2.594130297839419619e+00
-2.794290273431871974e+00
-2.823115280826935525e+00
-2.687863632801041902e+00
-2.405583982551997568e+00
-2.001604501462933339e+00
-1.507541545932434390e+00
-9.589750549650581934e-01
-3.929561054951302701e-01
1.544813218985007508e-01
6.506374730026884823e-01
1.068142315933880537e+00
1.386505109813848780e+00
1.593127876031929624e+00
1.683732117360306368e+00
1.662190212719707905e+00
1.539794607475083232e+00
1.334036336173918924e+00
1.066996943163380784e+00
7.634823417317957439e-01
4.490420028138277786e-01
1.480212138690177870e-01
-1.182121302663488027e-01
-3.327410285708483628e-01
-4.841729652540933682e-01
-5.672451359598400522e-01
-5.829289989943403638e-01
-5.380397285668953034e-01
-4.443930215118716553e-01
-3.175849181783569897e-01
-1.754974765161516626e-01
-3.665237334189486162e-02
8.145552840755931889e-02
1.639125631120359472e-01
1.997063202477782351e-01
1.827079793168842059e-01
1.122400449673257583e-01
-6.815211482641747587e-03
-1.643758338981212153e-01
-3.459618861155895342e-01
-5.338777423149668744e-01
-7.086842959478965032e-01
-8.508474860189576550e-01
-9.424350065341307037e-01
-9.687280336585948337e-01
-9.196196910098881627e-01
-7.906864757032088242e-01
-5.838419885490853112e-01
-3.075124255385763838e-01
2.369174548401731251e-02
3.897961830342562273e-01
7.667264307582247751e-01
1.127932376942408332e+00
1.446262330758395276e+00
1.695954847428942980e+00
1.854604883701526319e+00
1.904959496731366553e+00
1.836407347785530719e+00
1.646045233493277138e+00
1.339232529738087818e+00
9.295789556604034942e-01
4.383501013402095747e-01
-1.066839788261713107e-01
-6.728919753232064371e-01
-1.224815215390980594e+00
-1.726461548812310731e+00
-2.143707549977979632e+00
-2.446646538948749061e+00
-2.611720175507723063e+00
-2.623482847284659414e+00
-2.475870126500234747e+00
-2.172873841776893133e+00
-1.728564782491003982e+00
-1.166447185235954143e+00
-5.181740578034115252e-01
1.783039661495788852e-01
8.810441682612422110e-01
1.546727217976296309e+00
2.133414995712556106e+00
2.603271023616238189e+00
2.925063505202428082e+00
3.076282781885335993e+00
3.044728224339838363e+00
2.829452753853651803e+00
2.440994211508879630e+00
1.900868991552114640e+00
1.240351688425774146e+00
4.986117642790046656e-01
-2.796787389235140253e-01
-1.047116546055255171e+00
-1.756541377871021936e+00
-2.364022022851372196e+00
-2.831660838694656235e+00
-3.130033632381385544e+00
-3.240104363108752050e+00
-3.154487326161282468e+00
-2.877971270948205706e+00
-2.427267563428251229e+00
-1.829994898901869060e+00
-1.122962886139653449e+00
-3.498627628957171609e-01
4.414874846143164167e-01
1.202166841408270903e+00
1.885249087453870320e+00
2.448774738019565689e+00
2.858404965993413427e+00
3.089585839680730306e+00
3.129082965946327732e+00
2.975787594834275129e+00
2.640742725905768751e+00
2.146388630939326525e+00
1.525078117130325150e+00
8.169594397674800890e-01
6.736589307936236004e-02
-6.761169495459179446e-01
-1.366714712347000038e+00
-1.961458748720125600e+00
-2.423917184831177352e+00
-2.726485841799088483e+00
-2.852091894254798810e+00
-2.795202221681479138e+00
-2.562074504841187483e+00
-2.170239142556750878e+00
-1.647250689048976202e+00
-1.028795381211459192e+00
-3.562832724469887080e-01
3.259132486994993361e-01
9.733903783952477795e-01
1.544618990925290092e+00
2.003634484673899596e+00
2.322334493038528791e+00
2.482235706484682058e+00
2.475577926677060780e+00
2.305707585694349859e+00
1.986721334970628305e+00
1.542399688974511296e+00
1.004507792699157243e+00
4.105820324680062861e-01
-1.986453332171797814e-01
-7.820082800125702782e-01
-1.300669434310218753e+00
-1.720697756785843691e+00
-2.015290239390838511e+00
-2.166491562849364172e+00
-2.166300514816743128e+00
-2.017094074705077844e+00
-1.731346552991653853e+00
-1.330668872893779664e+00
-8.442387763003549317e-01
-1.075724566056475595e+00
-6.563437204937903502e+00
2.647838830302148061e+00
9.560517123432331843e+00
-1.799129776362214272e+01
1.248742304444231266e+01
5.595312068108397874e+00
-2.353815141471698169e+01
2.743371810340141437e+01
-1.384016047226339730e+01
-7.134300249648651615e+00
2.009776944208798000e+01
-1.698826410651503238e+01
3.268394322074210656e+00
7.487744282819116748e+00
-5.742479053286081658e+00
-5.760756900538201997e+00
1.476214353915518984e+01
-1.068849302860869699e+01
-5.606311110857721935e+00
2.209002463173603203e+01
-2.555033489833760996e+01
1.267441068458262343e+01
7.250984549547733415e+00
-2.011617796926115176e+01
1.838019779425572153e+01
-6.417463678246596359e+00
-4.289759669683585130e+00
5.420036595711252403e+00
1.506696297677327934e+00
-7.470364132960353842e+00
4.681153262588265918e+00
6.264120318683048083e+00
-1.692154180792029905e+01
1.836119157159789239e+01
-8.679429834862284920e+00
-5.691108726740116808e+00
1.550572652148312613e+01
-1.590501362228184412e+01
9.240647386028737031e+00
-1.821007337110055246e+00
-1.827674588376677178e+00
2.005559078343832624e+00
-2.100676825328448238e+00
4.470558206860628658e+00
-8.077751362781516065e+00
9.777518107244549839e+00
-7.500562054997708117e+00
2.065898115006415736e+00
3.850349197440447568e+00
-8.100783626771555390e+00
1.023332555494770446e+01
-1.055859935212651024e+01
8.699897249366681962e+00
-3.725254412034647356e+00
-4.021277752277445217e+00
1.156852801030559696e+01
-1.459406301786358284e+01
1.085263135804739676e+01
-2.656819923790152416e+00
-4.411243827141017704e+00
6.023182193143505003e+00
-2.951955166682214582e+00
4.147834778972709913e-01
-3.015647839107391093e+00
9.739237252858714555e+00
-1.395885557137690824e+01
9.144354606862011181e+00
4.491389148393701625e+00
-1.866806278859619539e+01
2.300749748307936926e+01
-1.368034596171096950e+01
-2.813747103100254776e+00
1.451130628561892522e+01
-1.376897750197654702e+01
3.602899359475420837e+00
5.143452310034626329e+00
-3.596208744890999398e+00
-6.923364701520346998e+00
1.571600543914599157e+01
-1.220705583956797824e+01
-4.054852679428235795e+00
2.189670512193310969e+01
-2.730540584038961427e+01
1.522422767212453820e+01
5.826759020687735990e+00
-2.050951704866324832e+01
1.919945066093812969e+01
-5.608443777826346732e+00
-6.998019918108036919e+00
7.618593150276885773e+00
2.954764952753362373e+00
-1.316679968616816510e+01
1.129467275759789224e+01
3.745468151707608939e+00
-2.089054128937592836e+01
2.608842292445623912e+01
-1.420987932225219197e+01
-6.528880698515751924e+00
2.132615240637060694e+01
-2.081404801889379996e+01
8.097912623202125459e+00
4.854030667163494961e+00
-7.882174172992948868e+00
9.534877868390854161e-01
6.803387892631437062e+00
-5.963388858379579993e+00
-4.532076783455430302e+00
1.642795838088429150e+01
-1.940736977931901919e+01
9.949732312063723327e+00
5.820824895413446498e+00
-1.735800638855828737e+01
1.810183533284328661e+01
-9.902220727992329330e+00
2.667157924593263063e-01
4.439749746682531750e+00
-3.688830778598426008e+00
1.774277236869014285e+00
-2.836874881500310863e+00
6.865281830306217969e+00
-1.008222409425506783e+01
8.779047820874817276e+00
-2.709314897048509252e+00
-4.915090437305320137e+00
1.029700179365539903e+01
-1.177027917211643171e+01
1.003537205484924755e+01
-6.401554222983462772e+00
1.408216825394666305e+00
4.668076341875794455e+00
-1.038025442328912185e+01
1.297789769835820373e+01
-1.040621111624689732e+01
3.657401915254611779e+00
3.235564279111855512e+00
-6.230758856689800673e+00
4.822679306709771296e+00
-2.565970483274397473e+00
3.591374403880799981e+00
-8.098110403772970756e+00
1.130319385608681237e+01
-7.493019964144869149e+00
-4.062888310543588233e+00
1.691849635274900265e+01
-2.174720336671230569e+01
1.405158990938374153e+01
1.393897466812052954e+00
-1.376282582399591625e+01
1.486320859035770425e+01
-5.956815872557171154e+00
-3.445034817384790671e+00
4.103551516207692096e+00
4.453312904657600768e+00
-1.316009334633219297e+01
1.145261091211266979e+01
2.732971504384032357e+00
-1.999178684869226785e+01
2.664270060308401256e+01
-1.626499969078446384e+01
-4.377057563174831856e+00
2.043301251199368807e+01
-2.101880803024356936e+01
7.992482334459579008e+00
6.099853820637842539e+00
-9.130468099895882261e+00
-1.077771610174023120e-01
1.115108663350554785e+01
-1.149295166148544922e+01
-1.884751669557767073e+00
1.925403134249685877e+01
-2.612319218906011642e+01
1.561266880176980187e+01
5.462096680717150043e+00
-2.203206213075364062e+01
2.303367914769723512e+01
-1.002393540610786715e+01
-4.972097673678408825e+00
1.013843187086708397e+01
-3.656719706595342956e+00
-5.665191000895581475e+00
6.993386020561585426e+00
2.575455818530089758e+00
-1.540852833155482848e+01
2.008108541589728091e+01
-1.132267642454723777e+01
-5.475376344722088895e+00
1.879271114194656889e+01
-2.030135543637340234e+01
1.095296635954126430e+01
9.031060308517189217e-01
-7.051509978990468497e+00
5.767336959226656568e+00
-1.868837881507817489e+00
1.241561612549252125e+00
-5.243614686981137751e+00
9.875765008094798958e+00
-9.889420169709620012e+00
3.667914050550792560e+00
5.471599248163601104e+00
