0.000000000000000000e+00
6.064258723478867630e+00
-3.667949390067037463e+00
3.953025177722750971e-01
-3.972469745580062384e+00
6.716483516941335274e+00
-1.651986966443677929e+00
-2.500016920231077133e+00
-1.894340473406771919e+00
6.311231883293919154e+00
-2.960292175364428680e+00
-2.852140693772777791e-01
-3.330812847655884035e+00
5.212529282345424342e+00
1.275670843027186141e+00
-6.816460337392757474e+00
3.913096784274072260e+00
-9.950419169329365321e-01
4.818514425684015556e+00
-6.883226923387557150e+00
1.213785930042938332e+00
2.646863756116069499e+00
1.946231680611466341e+00
-5.689619994893164723e+00
1.819415080721546563e+00
1.007646744170097364e+00
2.940107843678206656e+00
-4.308704383578476182e+00
-2.498226771805263535e+00
7.425087816864292201e+00
-4.033060949505250292e+00
1.481929314360374006e+00
-5.470294020456661244e+00
6.800546254531831813e+00
-5.855157605973093649e-01
-2.930042994324931538e+00
-1.823648211922042517e+00
4.883782326963939546e+00
-5.947177953319483512e-01
-1.728549645769103860e+00
-2.537056362575392132e+00
3.400938446077970134e+00
3.617293386919710585e+00
-7.851983544245181967e+00
4.002004277191441695e+00
-1.832465049195687090e+00
5.910308796575052703e+00
-6.469399223128424303e+00
-2.159517510733297563e-01
3.329148776832579593e+00
1.552022489441619024e+00
-3.934060288201659095e+00
-6.637522251042844434e-01
2.402381987507603789e+00
2.163101228451928648e+00
-2.535432707223813864e+00
-4.587826085809217247e+00
8.067078376645115512e+00
-3.803156443049330537e+00
2.033000151661006782e+00
-6.132427148176976317e+00
5.902617817478164497e+00
1.163352559570672629e+00
-3.815094286279313351e+00
-1.164546501368888709e+00
2.886788678691754928e+00
1.903354741287140106e+00
-2.984145184807629914e+00
-1.857319504959785483e+00
1.753899182034147186e+00
5.372405368057421526e+00
-8.050163830537014675e+00
3.430006252829773672e+00
-2.080427245144025328e+00
6.141987476021933290e+00
-5.124267524501084914e+00
-2.220326188783290355e+00
4.351840572620615077e+00
7.000573660935238696e-01
-1.791772251801630578e+00
-3.071587543994966030e+00
3.432017561677308315e+00
1.653979023728957554e+00
-1.091305979387770630e+00
-5.943111919413345490e+00
7.792135653579329357e+00
-2.886903993247609268e+00
1.982248879515966733e+00
-5.955263782824600227e+00
4.168400111500499605e+00
3.343236346421921024e+00
-4.898545014984467372e+00
-2.006162303752254683e-01
6.995935677584274037e-01
4.118821829960618075e+00
-3.709836682451855161e+00
-1.580379106562785019e+00
5.740298914356063431e-01
6.282878809919432150e+00
-7.295637231555422098e+00
2.189037166874765017e+00
-1.756020864964713324e+00
5.598328248068791702e+00
-3.077268873842509134e+00
-4.483416667934698729e+00
5.412006647521929281e+00
-2.910798131121077326e-01
3.410975138007972252e-01
-5.000890804908158849e+00
3.789287595970675326e+00
1.655100338342303967e+00
-2.185188331844687415e-01
-6.386247473129904151e+00
6.575064794619428277e+00
-1.361778033567937474e+00
1.428203795745425220e+00
-5.105377887840945483e+00
1.899105243742986726e+00
5.589717743669573302e+00
-5.849268481804479336e+00
7.343038796740837260e-01
-1.286161658957029497e+00
5.681388256636115131e+00
-3.651671538853151322e+00
-1.886764953289897129e+00
3.053760374952996237e-02
6.259487563744096761e+00
-5.655932072784368714e+00
4.394370530660274277e-01
-1.032489676754931196e+00
4.516622421635664963e+00
-6.855800866618053657e-01
-6.611214348857918921e+00
6.170227780109881266e+00
-1.092773826227176004e+00
2.098271961128882257e+00
-6.133549965710667351e+00
3.289153009837287200e+00
2.273380334291566829e+00
-5.037215850568932396e-03
-5.920076436407155640e+00
4.573627896353126943e+00
5.365098922999611553e-01
6.077004852759564368e-01
-3.875854967810733243e+00
-5.109094879377521492e-01
7.499922487859399745e+00
-6.340104495958504671e+00
1.336853172866406148e+00
-2.748812533939716918e+00
6.341614086068180001e+00
-2.705412283877175028e+00
-2.802304936771295552e+00
1.266525748620599412e-01
5.395569840696992969e+00
-3.371634223910799477e+00
-1.519622629259858471e+00
-1.953799231996400376e-01
3.227844793286026359e+00
1.639977389229249738e+00
-8.213375011036061935e+00
6.331625845989846013e+00
-1.445352164717354171e+00
3.219269421179466129e+00
-6.301585723377655768e+00
1.915663741171235612e+00
3.450840511799334376e+00
-3.707975881618115199e-01
-4.721929467028965988e+00
2.099302294212962217e+00
2.461003821334018404e+00
-1.627828402803370711e-01
-2.615701061719118758e+00
-2.655858335541131598e+00
8.716912216694776561e+00
-6.126800776917730396e+00
1.406825622295850620e+00
-3.502038314060813562e+00
6.021364227559609539e+00
-9.460359662281203619e-01
-4.187418821654821599e+00
7.052928675724803309e-01
3.941403288587508769e+00
-8.093093369048224295e-01
-3.311972121865683238e+00
4.275489622517527621e-01
2.078357813570088197e+00
3.519746007102763752e+00
-8.985559584198856697e+00
5.718181054160401011e+00
-1.220292979714218795e+00
3.600606651802116698e+00
-5.520227323279516263e+00
-1.676545796205550776e-01
4.973317133038446691e+00
-1.092430969126850560e+00
-3.100079519500949399e+00
-4.450638529277020083e-01
4.026751647882099938e+00
-5.645955293429592015e-01
-1.648323203085814370e+00
-4.201730869470337915e+00
9.005387714356434259e+00
-5.109534531371524579e+00
8.953388892204743321e-01
-3.529103119451474591e+00
4.827702123851018712e+00
1.381670412969959072e+00
-5.764806556874358279e+00
1.491359302723461067e+00
2.245253050342149947e+00
1.612684176230815947e+00
-4.565026769519423766e+00
5.467084833102298091e-01
1.349820722973867015e+00
4.682231669215424219e+00
-8.774278390479027578e+00
4.315889237232950038e+00
-4.515881116669908657e-01
3.311243345156117179e+00
-3.981887287613986803e+00
-2.646564089996215507e+00
6.515612489309832611e+00
-1.860642841226823663e+00
-1.422753415634466334e+00
-2.647194469629234881e+00
4.894218420394513380e+00
-3.555757064114095645e-01
-1.197427635541422841e+00
-4.952843233637190146e+00
8.302053795780075518e+00
-3.362942372151672021e+00
-8.241588391167398164e-02
-2.978734716990640852e+00
3.027321155887904958e+00
3.909712124132945554e+00
-7.179548401678193414e+00
2.160858581234484710e+00
6.743851242354177433e-01
3.509373832116299941e+00
-4.991353454585892635e+00
-1.692434964707456579e-02
1.195287375020257281e+00
5.016556157064862909e+00
-7.609961466120440221e+00
2.285864142683055267e+00
6.708651425071863184e-01
2.569233760994173554e+00
-2.012515937550613199e+00
-5.118032180850820900e+00
7.713174049167392354e+00
-2.357071930755586742e+00
-3.562444735967598697e-02
-4.169100245338811739e+00
4.844421146581552762e+00
5.680146116066064899e-01
-1.336939900634801059e+00
-4.887339368074224311e+00
6.729543520938767287e+00
-1.127560553414318489e+00
-1.272780336278827917e+00
-2.123974724888830767e+00
9.872964588484387516e-01
6.220733573944496442e+00
-8.078327398501237155e+00
2.421051922576269000e+00
-4.662981040810822986e-01
4.606808070918948061e+00
-4.453139483114791020e+00
-1.283935193077659465e+00
1.605778719164543844e+00
4.589112446743744300e+00
-5.700953075245016599e+00
-6.351010548093727337e-02
1.844423684541134145e+00
1.685206474388992071e+00
-9.264209080850349665e-05
-7.171949109744262252e+00
8.244386319028665255e+00
-2.333096995846290600e+00
8.138225272011265776e-01
-4.814361402508610333e+00
3.829086824191964666e+00
2.140491023493998668e+00
-1.976107554279416867e+00
-4.154168875454200105e+00
4.570811557945695824e+00
1.235847020706231980e+00
-2.341894176332671051e+00
-1.293585490417615391e+00
-9.046628822780407031e-01
7.933102879402953889e+00
-8.190130963833082589e+00
2.083365213339693156e+00
-9.999123884897661574e-01
4.795297060938371381e+00
-2.995189961579825422e+00
-3.104203441988661272e+00
2.414735439855508758e+00
3.621142225892341138e+00
-3.389726212050622856e+00
-2.337604230757529766e+00
2.723756948685597479e+00
9.856750549632231628e-01
1.688886910508448080e+00
-8.474883316848458747e+00
7.905099952828146925e+00
-1.672630937417573627e+00
1.028289894898898993e+00
-4.564426398423353959e+00
1.984595580824284333e+00
4.134003616334009479e+00
-2.883018290559821395e+00
-3.032632871848060852e+00
2.209605893468451931e+00
3.319326176236105930e+00
-2.953556413971540451e+00
-7.916945033380129448e-01
-2.322816878743187097e+00
8.778712893053249644e+00
-7.390361710963979647e+00
1.112422582469803523e+00
-9.130418668901023604e-01
4.146821028413519628e+00
-8.389866117416984181e-01
-5.183374831610981559e+00
3.339229493628290246e+00
2.432631730932914405e+00
-1.080924358238841920e+00
-4.136569585144809658e+00
3.002068984745158708e+00
7.336480545562760192e-01
2.786492283565598527e+00
-8.837633964428741606e+00
6.658655022255517864e+00
-4.245312531333087502e-01
6.776212998831447898e-01
-3.576242095693419554e+00
-3.935640092324819150e-01
6.202825088807477627e+00
-3.741123214633260030e+00
-1.863888714334553720e+00
5.008291247925034106e-02
4.752265984332742832e+00
-2.849165665482535914e+00
-8.239410236027500112e-01
-3.070665348814447526e+00
8.656562949415976149e+00
-5.733888192510908866e+00
-3.600841236179785909e-01
-3.533035690143656593e-01
2.893103803456140710e+00
1.661083791231666495e+00
-7.142552508583816184e+00
4.048542984815809653e+00
1.365376375272817411e+00
8.429815527400568165e-01
-5.138693452687920882e+00
2.485176557272991360e+00
1.064563398284822826e+00
3.177092421149762647e+00
-8.251900333701321699e+00
4.650022180024980578e+00
1.202935182498231281e+00
-2.281266816985705326e-02
-2.142087869155918867e+00
-2.910397775394139686e+00
7.955154823253812069e+00
-4.225925369326802183e+00
-9.699935392781779964e-01
-1.566811174474794788e+00
5.278947944595912212e+00
-1.911677228229893499e+00
-1.446888403476858542e+00
-3.118192720149091102e+00
7.650520011695808087e+00
-3.449397627507914343e+00
-2.060095009614756112e+00
4.101439378415949744e-01
1.369544928655453742e+00
4.089883193216861557e+00
-8.598231397668376630e+00
4.244554263568574903e+00
7.026397994177135953e-01
2.099953873951080130e+00
-5.167832392904655237e+00
1.141649366899752049e+00
1.952098607539178854e+00
2.916096925856985767e+00
-6.888196132526953619e+00
2.180596961484078111e+00
2.884624623642392027e+00
-7.671645569584913948e-01
-6.208305612719193789e-01
-5.152129522538620776e+00
9.036731912374408537e+00
-4.084435306718706471e+00
-5.787704562605953118e-01
-2.431919406415390839e+00
4.812114280495065621e+00
-1.990033284037477923e-01
-2.552216333344043520e+00
-2.601142632112220188e+00
6.007556981721695166e+00
-8.959588569051837315e-01
-3.629198813912760002e+00
1.054006533474782570e+00
-6.227308575858603312e-02
6.056357198913242534e+00
-9.244919753760960646e+00
3.735681252347162307e+00
6.035139829403344258e-01
2.563514142779289351e+00
-4.230137620669001564e+00
-8.825138810063921646e-01
3.211680644604852919e+00
2.209904976667640852e+00
-5.055681730136237562e+00
-3.511180786937364573e-01
4.248783459305702337e+00
-1.234966623790818563e+00
6.439043177222396608e-01
-6.770461908272664253e+00
9.207839506062416746e+00
-3.199326692137764105e+00
-7.714019571136370157e-01
-2.506539116360367636e+00
3.450811324777071309e+00
2.060966982849819384e+00
-3.889381938663621696e+00
-1.782877012811825868e+00
4.081475640569312446e+00
1.508933668125081784e+00
-4.703213151209983067e+00
1.280775641515007779e+00
-1.096105253659759970e+00
7.272572519162402216e+00
-8.922205529386607381e+00
2.487522735568639121e+00
1.066726442885610915e+00
2.282871790576263660e+00
-2.512030732333766281e+00
-3.288347556795541138e+00
4.541038957822031819e+00
1.361934130029144541e+00
-3.132971429999059865e+00
-2.530154310001167861e+00
4.959523175727571953e+00
-1.170498564664397056e+00
1.400330140168453807e+00
-7.552038116754209440e+00
8.396660884731746322e+00
-1.623097288412464367e+00
-1.464504004923239178e+00
-1.922986726081901798e+00
1.458620675875562434e+00
4.513039908344003592e+00
-5.121783317491122922e+00
-9.877289493918257612e-01
2.254708263620317066e+00
3.374243658351145037e+00
-4.993903384693110681e+00
8.929549048769181985e-01
-1.548394424276901882e+00
7.609791730442700519e+00
-7.651391015013256691e+00
6.385024680337796354e-01
1.931990919600053980e+00
1.464001889869160689e+00
-3.399150721509864859e-01
-5.682501759831083632e+00
5.588804558678415191e+00
6.971669298613336618e-01
-1.485335097686106609e+00
-4.009521869684077977e+00
4.793162446724786641e+00
-4.475760005935091046e-01
1.542812325513354788e+00
-7.458073390124790869e+00
6.717112632059695443e+00
4.257945832121943219e-01
-2.430662672742628594e+00
-9.473639743235404698e-01
-7.928918242635651925e-01
6.746011577770556045e+00
-5.903904951903692577e+00
-5.211082110136089351e-01
8.555720652862943698e-01
4.414740249820494178e+00
-4.355618240534507635e+00
-1.553521600553314785e-01
-1.396505512829395279e+00
7.119531127389265635e+00
-5.633493164429729916e+00
-1.523389635023650657e+00
2.918544281582394984e+00
4.163062805545179046e-01
1.889474831064293037e+00
-7.657330398009118966e+00
6.035818027832683619e+00
4.824282537718584951e-01
-3.866430522777561940e-01
-4.580085277743215499e+00
3.691362198894406532e+00
8.950770966602417111e-01
1.131901317073002344e+00
-6.625753428609870710e+00
4.447087924655953373e+00
2.604373533334119806e+00
-3.352757852880760669e+00
8.677466926041144113e-02
-2.903036010032507441e+00
8.377130605528112284e+00
-5.962157823318590566e+00
-5.945493577588737422e-01
8.926570374934605923e-02
4.507557945300876945e+00
-2.821880429042866734e+00
-1.741379630912274212e+00
-7.794736682136813588e-01
6.015318481203597578e+00
-3.208909066840046620e+00
-3.617983822799335947e+00
3.692141230049407419e+00
-5.228732998451277592e-01
3.792744014360518889e+00
-8.875057011843141552e+00
5.670886380038290930e+00
8.605282908854946511e-01
3.674664273197936204e-02
-4.210709329420396330e+00
1.779050451926643461e+00
2.656131178751257149e+00
3.758116727071634244e-01
-5.331472538948545115e+00
1.971760911632189250e+00
4.515328385565869240e+00
-3.899787302129954281e+00
8.587136397312435943e-01
-4.525819637522914718e+00
9.131306026039986534e+00
-5.161213960805679513e+00
-1.272753582238124626e+00
-2.251387051624531566e-03
3.713749337266879724e+00
-6.035673898212496891e-01
-3.595322630035868272e+00
3.867235369417909574e-02
4.619570348151738060e+00
-7.874891620268544834e-01
-5.252029272340010380e+00
3.945357791871455966e+00
-1.068738659252856493e+00
5.079152783140419736e+00
-9.137635585365286417e+00
4.443878239693868082e+00
1.813271295227026458e+00
-1.720723885787400764e-01
-3.050080605676499967e+00
-6.571145816778675153e-01
4.511451956347607428e+00
-4.222630300757452826e-01
-3.924423664501398346e+00
-2.957038073957627411e-01
5.790639062727103159e+00
-3.807037872401642709e+00
1.136636540913896543e+00
-5.440362707308180390e+00
8.897750285920263735e+00
-3.540783585330390615e+00
-2.454722278889303499e+00
4.571373972792311946e-01
2.260341621217496488e+00
1.951212517657952450e+00
-5.356137085579378621e+00
7.345448217377079647e-01
3.287708716417636623e+00
1.235729293350972924e+00
-6.102694565265542437e+00
3.473018077499385292e+00
-1.056316631430748831e+00
5.608244950019980912e+00
-8.427041044909048040e+00
2.484017526954088950e+00
3.161839017221398151e+00
-8.173429979367525799e-01
-1.390070450413724679e+00
-3.225282875341392241e+00
6.082807494517879832e+00
-9.389375153263284091e-01
-2.745579767217571465e+00
-1.998732158571419948e+00
6.170292754594436602e+00
-2.942416536093529267e+00
8.322792614969400926e-01
-5.592583087349721538e+00
7.751694668986572445e+00
-1.314296542305233739e+00
-3.893418232649342503e+00
1.212841111919940706e+00
4.871214940762826906e-01
4.426980384995601092e+00
-6.649323141391731085e+00
1.005017781051422698e+00
2.326623909368570331e+00
2.560744047231603204e+00
-5.987100415158323585e+00
2.225586079704851006e+00
-4.793582156126614535e-01
5.413339340537261180e+00
-6.907223869630457536e+00
7.892545820062557560e-02
4.604658159207301260e+00
-1.602041912637371279e+00
4.010187759679582076e-01
-5.507755354011175442e+00
7.020373066868867085e+00
-9.104923833765581342e-01
-2.050272573020126998e+00
-2.908780053102093976e+00
5.558740523497395003e+00
-1.343785464227799098e+00
2.185043264422859011e-02
-5.099273145028072385e+00
5.936500576775605609e+00
1.170617804695039732e+00
-5.249728426073551724e+00
1.944214462432873880e+00
-1.229865834378105927e+00
6.425340606757734996e+00
-7.169518030405980014e+00
6.427082720176011676e-01
1.925759062030191870e+00
3.041320361379985737e+00
-4.902533178522839208e+00
3.282298572923960656e-01
5.079175073840311860e-01
4.686069032769404785e+00
-4.887403038149391143e+00
-2.381339230493009218e+00
5.784426971850352039e+00
-2.202032157716057537e+00
1.960372838849306465e+00
-7.145891083255932585e+00
7.080761245057978215e+00
-1.996109776923300494e-01
-1.951680225966168303e+00
-2.968153028892135836e+00
4.046604923964994605e+00
7.814291574206962965e-01
-1.071504382343092088e+00
-4.214082795079312049e+00
3.810208599460501500e+00
3.501480812252936836e+00
-6.168773112515027357e+00
2.343916047399525304e+00
-2.561031624667887918e+00
7.645658625219273752e+00
-6.749557521572500995e+00
-4.099060270295162844e-01
2.116185902177965872e+00
2.709590011570441437e+00
-3.028415571048167720e+00
-1.939111498853747007e+00
1.626641535790173121e+00
3.725836313931568000e+00
-2.754878036850053391e+00
-4.483215629642086419e+00
6.369389115473732765e+00
-2.346040629582873294e+00
3.009521757963035338e+00
-7.912110569233893109e+00
6.183202455676303444e+00
1.166283826368571752e+00
-2.397783968603537375e+00
-2.295103765897984260e+00
1.892784137355044027e+00
3.094694177749181652e+00
-2.129761650056818834e+00
-3.263405469233146228e+00
1.768383074262649179e+00
5.285136816644476099e+00
-6.361534211277268369e+00
2.193885954137661187e+00
-3.293816305805310485e+00
7.944431973141217185e+00
-5.400577928163175834e+00
-2.040199399508467071e+00
2.766713760279942314e+00
1.761464256943693574e+00
-6.895234402415741926e-01
-4.196642792432232483e+00
2.538624468411786239e+00
2.865851359728118553e+00
-8.922259440166018241e-01
-5.874402757735085245e+00
6.130674254682259239e+00
-1.883245677057330036e+00
3.412683970520206778e+00
-7.753385864472525313e+00
4.431266185842376082e+00
2.994037629610908802e+00
-3.186808205317778864e+00
-1.150484167807388936e+00
-5.291853512341917476e-01
5.194743053680809908e+00
-2.814889063759096643e+00
-2.566842389144418757e+00
1.602887001728023897e-01
6.228420004055546855e+00
-5.673496144196788826e+00
1.420631666500024703e+00
-3.375561603378615327e+00
7.360541871490171140e+00
-3.314080105412699151e+00
-3.983853348666372529e+00
3.617737161883229469e+00
5.065019489396567209e-01
1.711532517029493494e+00
-6.042780544790699260e+00
2.926484982359183640e+00
2.392603722024611468e+00
4.028688955309973618e-01
-6.335971208112734843e+00
4.998307166733257034e+00
-8.230501000449976789e-01
3.201806915694533906e+00
-6.796918951486822458e+00
2.095089921857071324e+00
4.961714834842034350e+00
-4.017502663521616668e+00
1.262531583615911224e-01
-2.808782054510188253e+00
6.701019541342897234e+00
-2.849645689012013428e+00
-2.360311832321352110e+00
-7.831696566241634905e-01
6.197726383599477806e+00
-4.124793902488627317e+00
1.171597761885705413e-01
-2.919376419218198571e+00
6.101120676164430989e+00
-8.252548874851697303e-01
-5.878298329845472736e+00
4.345042338180719277e+00
-7.062636559100172740e-01
3.777786868254266572e+00
-7.138342724735778688e+00
2.570486582133511000e+00
2.477026416369192408e+00
9.775749519653866848e-01
-5.826110260495414472e+00
3.083151262741971266e+00
6.621414330376476087e-01
2.563006262199448493e+00
-5.317069826564653212e+00
-4.422095703855800641e-01
6.685588631104295132e+00
-4.562790974529622900e+00
1.197145592540922898e+00
-4.583178073869717650e+00
7.333932407176695811e+00
-2.086035372742201410e+00
-2.739221260969347149e+00
-9.940081833578278125e-01
5.244534484203765778e+00
-1.912627614612523397e+00
-1.473623428435768545e+00
-2.172001838310949395e+00
4.491471298055353500e+00
1.654583850339251372e+00
-7.339534460929753479e+00
4.639052425268371138e+00
-1.569751918505218669e+00
5.199108138692476899e+00
-7.278399388369646061e+00
1.404653392409573431e+00
3.132941483161203244e+00
8.506533824506792296e-01
-4.486038875524485547e+00
6.595647774008746023e-01
2.272017253331093833e+00
1.787764238651923687e+00
-3.671147268643715211e+00
-2.762363377936352116e+00
7.802509485671706102e+00
-4.550044637871684117e+00
1.803838024821023733e+00
-5.610452856652538678e+00
6.974296351283246764e+00
-5.458206770075504366e-01
-3.634578824377929784e+00
-5.746718958016545642e-01
3.591418929213742839e+00
6.249598960786953983e-01
-3.010566009689911837e+00
-1.451196538326668950e+00
2.900395402581976700e+00
3.721794963666964495e+00
-8.045440434656152107e+00
4.281498991792767939e+00
-1.889195200957218379e+00
5.813407745303406315e+00
-6.435987043879257463e+00
-4.607064678356085352e-01
4.212221409755645851e+00
2.004130042072038709e-01
-2.606945327836198700e+00
-1.887759716146934608e+00
3.643689415131179388e+00
1.200139715696040277e+00
-2.218519166357464378e+00
-4.497090611645426783e+00
8.049482159939636006e+00
-3.829720260606074511e+00
1.826188166598363249e+00
-5.815448633216112384e+00
5.688878452852951462e+00
1.576321300258096247e+00
-4.827501569118331837e+00
2.327771262384641382e-01
1.581803875824708383e+00
3.076288340357449691e+00
-4.129611287039323564e+00
-1.066986309734134775e+00
1.657669226424006492e+00
5.062197248372064529e+00
-7.807144650804305641e+00
3.202043989380706446e+00
-1.625666856860698672e+00
5.634662046546045744e+00
-4.768058730334321815e+00
-2.755498786212325690e+00
5.437836816719812560e+00
-6.830211494703131159e-01
-5.653996445619311473e-01
-4.141361126465968212e+00
4.432800941429750452e+00
1.076609824996546561e+00
-1.241116953328148309e+00
-5.402025829379895505e+00
7.322807556299895992e+00
-2.416662161657672669e+00
1.308258340011161813e+00
-5.298486482590327284e+00
3.716416783845702287e+00
3.948128301707766852e+00
-5.998936515589583962e+00
1.108508487322364067e+00
-3.953236003225111261e-01
5.039697830534256795e+00
-4.526089614746886980e+00
-1.244729964889343510e+00
9.820562929134817320e-01
5.513073673892709969e+00
-6.612591956658965486e+00
1.501823802301834432e+00
-9.030801026055270686e-01
4.841938774535522683e+00
-2.582348318039493051e+00
-5.102118401312651486e+00
6.467431388358670930e+00
-1.470075784454681012e+00
1.258398849026387989e+00
-5.736146261192939022e+00
4.392340990165766179e+00
1.576809025675487419e+00
-8.830000846382668467e-01
-5.403407960152176059e+00
5.703595035843758154e+00
-4.944526018293973202e-01
4.459489489012207208e-01
-4.305428638171539646e+00
1.417176099189935590e+00
6.166129630469201928e+00
-6.803475751529454385e+00
1.733621304849669365e+00
-1.989046002237983668e+00
6.205464316978477335e+00
-4.025579726893280252e+00
-2.067544614487086374e+00
9.358030177951663919e-01
5.092014165588281571e+00
-4.632528921063298277e+00
-5.617432475530617086e-01
2.281143845688582417e-02
3.732287520282538296e+00
-2.724280077898652008e-01
-7.092283916762971430e+00
6.973173560206633148e+00
-1.872214297537974748e+00
2.561454111841409365e+00
-6.433562527995707825e+00
3.431512155515741735e+00
2.700989969702755289e+00
-1.122307735477336532e+00
-4.607548835984202285e+00
3.443838265506930618e+00
1.618564914929632836e+00
-4.608382707528044797e-01
-3.166153742915011726e+00
-8.028758359537025990e-01
7.838700143691860411e+00
-6.950688991393459304e+00
1.867777831220655882e+00
-2.960037535037363554e+00
6.418139405171135792e+00
-2.627407311030692139e+00
-3.451297476703629297e+00
1.415575141474514798e+00
3.986569410386602730e+00
-2.187400282280367314e+00
-2.625893344114516914e+00
8.263309353107590738e-01
2.648363765305367323e+00
1.764776375947123555e+00
-8.371715032875130191e+00
6.719919826011127029e+00
-1.712247958838068573e+00
3.180097783216949914e+00
-6.168675870488362634e+00
1.641342312474317167e+00
4.284045503623719497e+00
-1.781626741374105816e+00
-3.271343035711220981e+00
9.159342502655988261e-01
3.534393154336718634e+00
-1.080636184287404156e+00
-2.215498727821956670e+00
-2.576628101076515076e+00
8.667665903439464969e+00
-6.275636327059677555e+00
1.408141945310653176e+00
-3.227856615210038083e+00
5.705790886598806289e+00
-5.108517451312806212e-01
-5.158075435873898051e+00
2.181597734466744321e+00
2.507359732672822528e+00
3.177363057878028751e-01
-4.298199097318414097e+00
1.190668327013726380e+00
1.897226341212332690e+00
3.210926629663505505e+00
-8.714136260365288322e+00
5.624018277869366145e+00
-9.685019845195972366e-01
3.119861598231130184e+00
-5.059996105691452861e+00
-7.189458504705993347e-01
6.027736645366028156e+00
-2.574176213459643758e+00
-1.740691605063346747e+00
-1.463417418588831342e+00
4.877434767491585887e+00
-1.131024665872417234e+00
-1.714561157814583847e+00
-3.650611464352682134e+00
8.510595115480516171e+00
-4.782556651704212847e+00
4.162164392360034881e-01
-2.881800923389334468e+00
4.269920905276734402e+00
1.997641914360405391e+00
-6.845413739918212670e+00
2.918187545133953620e+00
1.015348100758482808e+00
2.476123481225759981e+00
-5.240422354548360140e+00
8.856734882802661524e-01
1.678642274801683154e+00
3.889773721294741193e+00
-8.068394780007489331e+00
3.779322126361781997e+00
2.172438542522823202e-01
2.546797706997709021e+00
-3.380108684320350942e+00
-3.272126134273746878e+00
7.564194125060010876e+00
-3.175174717786681811e+00
-3.707771706649156673e-01
-3.318358900981286386e+00
5.365459276371499442e+00
-4.491159675398259665e-01
-1.790097931668821252e+00
-3.933732291691621086e+00
7.410127681823649226e+00
-2.651638319248258213e+00
-8.936032754119924704e-01
-2.153283445372573102e+00
2.438509097017917515e+00
4.489326396658496421e+00
-8.140525600173956988e+00
3.311825619422092526e+00
-1.603464544659800595e-01
3.961977267224050525e+00
-5.242061579001919824e+00
-1.730470223870363977e-01
2.039032949906568248e+00
3.798477564847641652e+00
-6.568378537902891168e+00
1.444231188251024367e+00
1.569972760060787564e+00
1.742574057285312339e+00
-1.493807665190530987e+00
-5.598949224579146566e+00
8.536713877765750524e+00
-3.302106844884038495e+00
5.539212479142650025e-01
-4.389516536049270279e+00
4.871603686514177411e+00
9.641785816324006664e-01
-2.405639418697690601e+00
-3.509517516477308696e+00
5.583941939049700487e+00
-2.069556272566277499e-01
-2.201330711446079391e+00
-1.356288703326641976e+00
5.927429931181745770e-01
6.556069442879200793e+00
-8.723118554505616018e+00
3.128980233176038794e+00
-7.957061386913925061e-01
4.594938255953983308e+00
-4.267317757078762597e+00
-1.897299717245779505e+00
2.861395467631141720e+00
3.100194631088266206e+00
-4.503605181922536893e+00
-1.007775787120559929e+00
2.743152670473714139e+00
1.033760370073105950e+00
2.224378796167217898e-01
-7.323426239095548240e+00
8.679922693220852636e+00
-2.785601970666499838e+00
8.820233584090722001e-01
-4.583732397345269050e+00
3.453651657002540176e+00
2.936377635980944589e+00
-3.370783397982318075e+00
-2.609571883827485284e+00
3.377620337408688833e+00
2.147720020750593317e+00
-3.154040160412134419e+00
-8.095875533445806571e-01
-9.162436239626789991e-01
7.873299233118584262e+00
-8.398374862846678113e+00
2.275933426738331100e+00
-8.198385624577692044e-01
4.372385012655737313e+00
-2.465020389386967103e+00
-4.038138814728055692e+00
3.893428767580769723e+00
2.080010177391851123e+00
-2.257006716284692516e+00
-3.163535945209002165e+00
3.398198805257005795e+00
7.114682513398175034e-01
1.461796091813832854e+00
-8.188861702858568847e+00
7.881431896720118679e+00
-1.614726258806053805e+00
6.262154013266267860e-01
-3.987241732397113658e+00
1.344019691625343071e+00
5.154307467091022055e+00
-4.386537920257085332e+00
-1.554576851465373055e+00
1.190834119102520683e+00
4.011370519405805801e+00
-3.447623984805453734e+00
-7.584413453871083899e-01
-1.842178225739526720e+00
8.264937411747704132e+00
-7.143764113406577465e+00
8.268798479590329098e-01
-3.271773510725201062e-01
3.462833979073429713e+00
-1.392005390759778471e-01
-6.234145794945572305e+00
4.807494284251252914e+00
1.074434186320410545e+00
-2.236380207022252709e-01
-4.655155485162897122e+00
3.283868477090817972e+00
9.596372165686275491e-01
2.051198591470658084e+00
-8.108120895575888554e+00
6.211120413301414622e+00
5.379520273218352244e-02
-4.395663307049335611e-02
-2.839764846411242161e+00
-1.097472229199302873e+00
7.227155123414847004e+00
-5.116464507940814421e+00
-6.763576866469398485e-01
-6.068898974553122994e-01
5.068487339509552214e+00
-2.899289840920231232e+00
-1.313610434892717560e+00
-2.093531921175955546e+00
7.736256709301088108e+00
-5.119086509890504288e+00
-9.863399742697342987e-01
4.486661088164524136e-01
2.162276152916684069e+00
2.313336389660815673e+00
-8.085787646516152449e+00
5.278864681884283705e+00
3.905263111634678652e-01
1.271808251980970805e+00
-5.235986562308117875e+00
2.297704396704003393e+00
1.808294204506575520e+00
1.984230518339100247e+00
-7.177309000754103607e+00
3.911303557424468558e+00
1.924838989573826931e+00
-8.456317683115415207e-01
-1.475635853635075989e+00
-3.457773497798183993e+00
8.768017590637692038e+00
-5.267544563495794918e+00
-2.387111420785998361e-01
-1.752324847417223719e+00
5.154061136388756736e+00
-1.494407933353263829e+00
-2.421580828955352871e+00
-1.747637091129616849e+00
6.467686848166982472e+00
-2.637244681525029222e+00
-2.820918730041185540e+00
1.193308054861854428e+00
8.234947894637661969e-01
4.484823117420397409e+00
-9.239628191105364152e+00
5.064563444815703086e+00
2.329661546837890618e-01
2.040612129545951170e+00
-4.831032663073306921e+00
5.155588283224579182e-01
3.122496777782312272e+00
1.415763532641427958e+00
-5.650121153690909281e+00
1.349671701484792985e+00
3.626413146450762959e+00
-1.452517386927572485e+00
-2.453631207096940159e-01
-5.355525815241026777e+00
9.476086548898965845e+00
-4.662454200118851588e+00
-3.748960446081114894e-01
-2.139996447705003302e+00
4.286618976211631349e+00
6.030448877041707512e-01
-3.872907008265602968e+00
-1.026230434478137443e+00
4.771213817285937964e+00
-1.019122567876555863e-01
-4.296046599034390567e+00
1.588916264387151056e+00
-2.256503410738033288e-01
6.039866037977519753e+00
-9.463901311340677580e+00
4.064900828256945431e+00
6.555431230580690549e-01
2.064513808313814813e+00
-3.550803088565539944e+00
-1.817728881084089920e+00
4.629652943393086417e+00
6.198869955413537358e-01
-3.878798022829520242e+00
-1.054892394333066363e+00
4.789983289967476132e+00
-1.575190688573885334e+00
5.647079143354796216e-01
-6.518208636247755372e+00
9.201386915710832781e+00
-3.286787842270086024e+00
-1.055899963266736519e+00
-1.837860606542897512e+00
2.662152543093973200e+00
3.079150190690143951e+00
-5.347003641655060591e+00
-2.382490651283571403e-01
3.019258733844968123e+00
2.074417016222907417e+00
-5.076099391316827969e+00
1.392853575113965015e+00
-7.566164069416608795e-01
6.782151395826355511e+00
-8.698791228934911857e+00
2.353615291920613473e+00
1.548018773026069717e+00
1.491801974761599814e+00
-1.665683861188728354e+00
-4.334828066302255145e+00
5.979281624376933557e+00
-7.909668177586121063e-02
-2.234964346300283289e+00
-2.917514494239474843e+00
5.131849325270303908e+00
-1.033539316616929327e+00
7.966269282230588056e-01
-6.834748869375300018e+00
7.977778947117784014e+00
-1.300309034579573142e+00
-2.096654399230944765e+00
-1.064130957530255328e+00
6.103920579353605547e-01
5.531858527284812865e+00
-6.483514577052946315e+00
2.969725778286279039e-01
1.561953780982604512e+00
3.554180449334786829e+00
-4.945620165418981529e+00
4.997190925012051643e-01
-6.906167851662433632e-01
6.690098211479952539e+00
-7.070299086096984098e+00
1.694900732651236641e-01
2.661347368231100852e+00
5.962969888928821849e-01
4.534162907413190613e-01
-6.619662742376752895e+00
6.821962296189790109e+00
-3.868305867745283066e-01
-1.028008499548420218e+00
-3.965012757702923274e+00
4.517496633115108295e+00
1.952066805267178573e-01
4.546443446189637472e-01
-6.372313610130708739e+00
6.016899273622217770e+00
9.907025728088705296e-01
-3.198828157568256891e+00
-1.308406836604747436e-01
-1.476837231842906384e+00
7.552617290626597146e+00
-6.964374921727195300e+00
3.285852648334356418e-01
6.512168366074426729e-01
4.142086723745771693e+00
-3.859392057591024106e+00
-1.027447063404062666e+00
-1.139034933251291681e-01
5.913950254225678549e+00
-4.864580410458107629e+00
-2.129115642078051263e+00
3.665605407282507500e+00
-2.912172838655280316e-01
2.414979362890966375e+00
-8.292420854677239106e+00
6.889853305755583968e+00
-1.119526649927414796e-01
-4.391099068615120782e-01
-4.089199444841767672e+00
2.994536101377734738e+00
1.963962971033479832e+00
-2.988614457412098746e-01
-5.353969643466880868e+00
3.664310864617037478e+00
3.194273588910855111e+00
-4.020590061050788755e+00
6.328830580649220661e-01
-3.229324213913217445e+00
8.810066557411936117e+00
-6.588204490009336389e+00
-2.627831101437045902e-01
3.884157634719422880e-01
3.821472279635914404e+00
-1.956346028614016630e+00
-2.964151409230081580e+00
7.453887145809163783e-01
4.735363694679654678e+00
-2.468338260847439347e+00
-4.137109406074287676e+00
4.227605087898038683e+00
-8.634482100078126887e-01
3.889706184925664445e+00
-9.087311156443993454e+00
6.060713453369737103e+00
7.846214459157145882e-01
-4.854432948910103462e-01
-3.364336294524502335e+00
7.867427870771093179e-01
3.981978926993136270e+00
-1.184262844834579109e+00
-4.102574082937239908e+00
1.327448063263392486e+00
4.913582522219263282e+00
-4.257636610592656190e+00
9.603703390091180569e-01
-4.375802886405557146e+00
9.117560420029269252e+00
-5.320284959706086170e+00
-1.432325412800712350e+00
7.070715417926800583e-01
2.751960089718708868e+00
4.659957572697532857e-01
-4.968445990453440153e+00
1.573472990325091025e+00
3.498854509239929911e+00
-2.883208989715122517e-01
-5.487038051826377050e+00
4.090696612093667639e+00
-9.106675736461335990e-01
4.678054602461468647e+00
-8.906122640122386969e+00
4.390944645908827049e+00
2.175505397204881231e+00
-1.022285718063864257e+00
-2.025210552198963843e+00
-1.749726201673417192e+00
5.874244984168943695e+00
-1.873018548054717014e+00
-2.963726477776387647e+00
-6.088652180197331454e-01
5.830175937937848829e+00
-3.717189100502326315e+00
7.117466468231665733e-01
-4.797964017549912086e+00
8.469817556054723084e+00
-3.306724450213867961e+00
-2.976246543121198851e+00
1.394170173811254410e+00
1.229263094651432908e+00
3.011138112790639365e+00
-6.652463268868362256e+00
2.047411897273717418e+00
2.530673536182771244e+00
1.332455600089858638e+00
-5.926520187571398424e+00
3.138699463555345126e+00
-3.716165426710107411e-01
4.747762485860970827e+00
-7.835963977283997295e+00
2.109992065651291604e+00
3.791189329511760242e+00
-1.782242599206186995e+00
-4.109973538040758712e-01
-4.198510624743274633e+00
7.261179813674125683e+00
-2.067933751470135473e+00
-2.225205104268563439e+00
-1.860851787374413924e+00
5.771306237539650219e+00
-2.368159166252195025e+00
-9.152523776442267334e-02
-4.549464992431050625e+00
7.040804078194582871e+00
-8.493153624756878406e-01
-4.573946657521962500e+00
2.144994400972509929e+00
-3.836739522957897108e-01
5.264374921252579220e+00
-7.665809543878338239e+00
1.914510481709684075e+00
2.063399775455735607e+00
2.183473507337360342e+00
-5.371736939326887672e+00
1.429373111877011215e+00
6.503109531265549581e-01
4.233370530907695439e+00
-6.127453739521004472e+00
-4.230211050161807318e-01
5.277721441641818778e+00
-2.442490483227575560e+00
1.112391927117147628e+00
-6.167935764005345156e+00
7.841063390901703123e+00
-1.577104050696782833e+00
-2.051010524673180235e+00
-2.301098828436654919e+00
4.746592888803207622e+00
-3.559329141041353561e-01
-1.269768091755731687e+00
-3.836095952398873798e+00
5.143494663139236422e+00
1.653710784598755090e+00
-5.857976989242438037e+00
2.638878292287838878e+00
-1.738708226916740429e+00
6.877118840494352625e+00
-7.772413322523092916e+00
1.056532694782706061e+00
2.183182150958322687e+00
2.225566734192092611e+00
-3.925218867165402692e+00
-8.104260113189585280e-01
1.909343411063060936e+00
3.398257654623558555e+00
-4.138343807210584480e+00
-2.791182344744788324e+00
6.275009078721996758e+00
-2.704661131265126528e+00
2.234079072421908840e+00
-7.370131788176707666e+00
7.456979172807889356e+00
-3.646726545546535858e-01
-2.444796339519445638e+00
-1.978862279033372751e+00
2.945942974614339960e+00
2.021934187973124075e+00
-2.525270652235780844e+00
-2.961935295534695367e+00
3.160547864536868090e+00
3.788267171915541631e+00
-6.496273804414858688e+00
2.618604124391157306e+00
-2.579384850711574195e+00
7.636454118907424871e+00
-6.903786333358154614e+00
-4.759737323403664400e-01
2.811423923874192710e+00
1.591639239624341506e+00
-1.854016668605888540e+00
-3.227248864823262231e+00
3.073147258762312539e+00
2.568063913746375437e+00
-2.255154355649069853e+00
-4.604629846594908926e+00
6.498338659688598362e+00
-2.369162057097618401e+00
2.765890766842229453e+00
-7.677203374581359263e+00
6.133378496121052237e+00
1.433322376658882069e+00
-3.250829289390546606e+00
-1.101266784951791422e+00
6.991905841298751145e-01
4.374130107651390098e+00
-3.510573263981626724e+00
-2.253904731854174504e+00
1.461306218488515718e+00
5.208827521474312050e+00
-6.268345227697505351e+00
1.955345458049215779e+00
-2.795595908930375462e+00
7.504859881595804971e+00
-5.176805675762215841e+00
-2.467308289927711229e+00
3.724940345008128872e+00
5.495133733479735660e-01
4.669387854597035759e-01
-5.412184124643198757e+00
3.799701654571360443e+00
2.050740290907068442e+00
-8.101938170521290061e-01
-5.579884874134497963e+00
5.804899066935367280e+00
-1.386973189992419808e+00
2.680952944296314033e+00
-7.142368463217245278e+00
4.074042657406192980e+00
3.531955397052946477e+00
-4.192170883251383984e+00
1.999865885160323487e-02
-1.593663867489642394e+00
6.295521739312174070e+00
-3.909554186511131846e+00
-1.981926678054508173e+00
3.234777990829063032e-01
5.708298411870474709e+00
-5.118334385249164065e+00
6.842946743228277562e-01
-2.443976495881594602e+00
6.621670386483822668e+00
-2.871924847541734938e+00
-4.577801050182201514e+00
4.609961955739334982e+00
-5.644216642144288532e-01
2.633830274619935352e+00
-6.985184455187896546e+00
3.817969567879913040e+00
2.061415195266790512e+00
-1.226936738267259130e-02
-5.596415842616823788e+00
4.230336088794687477e+00
1.229992803042356808e-01
2.114793031674373047e+00
-5.981750697141334783e+00
1.621715459795612269e+00
5.554540686923157722e+00
-4.937396256050640808e+00
1.044243847192992014e+00
-3.546282831319349071e+00
7.451203381483654020e+00
-3.513071403250915381e+00
-2.292829030410097335e+00
-1.232771881612175768e-01
5.258171193336210081e+00
-3.172937801115260914e+00
-9.973232690543423207e-01
-1.729716868270173347e+00
5.266313136545160312e+00
-3.764385255600299907e-01
-6.413745340860818267e+00
5.137735140417879265e+00
-1.425636582853846424e+00
4.297958190201441653e+00
-7.674176688532321045e+00
2.994170164734632600e+00
2.669148848433605004e+00
9.373962802852986442e-02
-4.718192387473775007e+00
1.986949443228385181e+00
1.895216126672329304e+00
1.328963847013747923e+00
-4.521215517003033035e+00
-8.118747743527424676e-01
7.111500263915906395e+00
-5.180732079110380361e+00
1.682453859853363376e+00
-4.865509008039343719e+00
7.646278088073075629e+00
-2.272045202064497005e+00
-3.173026510076363493e+00
8.041362933443085836e-02
4.010333056390503970e+00
-7.198999761943352116e-01
-2.769719240978524066e+00
-9.541348631861712448e-01
3.791811593747207443e+00
1.894874238479160145e+00
-7.610817012447727237e+00
5.044588784727312536e+00
-1.797769809405555197e+00
5.236371243820918231e+00
-7.371640578141813727e+00
1.368587638931824557e+00
3.777710311647571650e+00
-3.702306914445985253e-01
-3.175712482665689507e+00
-5.763918703953532230e-01
3.572981119031313213e+00
6.456145493725389262e-01
-3.120350374660687098e+00
-2.830364840433277962e+00
7.883683757726501540e+00
-4.717440308067406107e+00
1.764866726932476482e+00
-5.409217681588033066e+00
6.866094568069676107e+00
-3.158209619919676303e-01
-4.448530248246759911e+00
7.401663981474277954e-01
2.260374947376863286e+00
1.848485162376331203e+00
-4.258941828404833707e+00
-4.400352912679048600e-01
2.543580181358940706e+00
3.584430753819335180e+00
-7.912638609476188911e+00
4.198281897476400459e+00
-1.587617392050283627e+00
5.393775487704773219e+00
-6.156275543364904124e+00
-8.456488362050664787e-01
5.144859807969113241e+00
-1.150345465913592324e+00
-1.312700839723723423e+00
-3.044075498623171505e+00
4.785946035461062564e+00
3.679531112392222525e-01
-2.090692826978233665e+00
-4.133092766945661189e+00
7.691777265040215639e+00
-3.497281889497836804e+00
1.280240068617367832e+00
-5.210021525967857947e+00
5.278151613744910264e+00
2.068669524950283112e+00
-5.822443517574383165e+00
1.559067428413788869e+00
3.807155005198097353e-01
4.114692663339509338e+00
-5.119136996502605896e+00
-4.518699972532500553e-01
1.781723686882235036e+00
4.463408972237521866e+00
-7.227137823693026597e+00
2.635459561154243069e+00
-8.664403631294481656e-01
4.886804247733513407e+00
-4.275053630398129911e+00
-3.301953801533937138e+00
6.435958425110326786e+00
-1.925408620335534282e+00
4.905528515567691983e-01
-5.018188340646247525e+00
5.232495825925887800e+00
7.047176565506658719e-01
-1.626497318613277399e+00
-4.573959978879532429e+00
6.536440362526736436e+00
-1.643742771281012205e+00
3.779891115889533193e-01
-4.459973267630346960e+00
3.195318240505469642e+00
4.492732613772841610e+00
-6.941664115262343060e+00
2.211771054654100954e+00
-1.261517918843667152e+00
5.720876800669200790e+00
-5.110409998013456523e+00
-1.128891542117498314e+00
1.624177116797528519e+00
4.474694532147115211e+00
-5.648194900490387305e+00
5.614553232274051009e-01
1.471823280354036534e-01
3.970125407093335390e+00
-2.089675711355148291e+00
-5.589504114346321550e+00
7.299990480077773292e+00
-2.386231163715836878e+00
1.900146164179997044e+00
-6.199210920488943621e+00
4.748681233016099235e+00
1.715892810601184149e+00
-1.763443030794431987e+00
-4.186147374748143690e+00
4.600226652808359518e+00
5.656836883287892359e-01
-6.672604007795719383e-01
-3.460097477740750271e+00
1.008528396485761647e+00
6.544726165330905232e+00
-7.477915619984462303e+00
2.424552834852563787e+00
-2.383616210391110712e+00
6.440901953777247613e+00
-4.154914200299359983e+00
-2.446601385489957980e+00
2.023285577675428382e+00
3.738076428271034146e+00
-3.437700012795215532e+00
-1.687938554387494072e+00
1.139070890049558304e+00
2.972350173820135222e+00
7.284546448804163354e-04
-7.317303296576052496e+00
7.450997754173084076e+00
-2.311748322188405425e+00
2.699435131168749002e+00
-6.445422642006285230e+00
3.348262081281553115e+00
3.292167467030088446e+00
-2.374369275012730096e+00
-3.167598919457761397e+00
2.210750661424404573e+00
2.754182099405039885e+00
-1.520699210003078505e+00
-2.546393354559452593e+00
-8.961945494366543308e-01
7.874730382296899478e+00
-7.204944231133196375e+00
2.043096374643414315e+00
-2.845950923289479739e+00
6.223867811003824357e+00
-2.358541023424419514e+00
-4.215473675877169590e+00
2.780886182800154316e+00
2.516934093087031421e+00
-9.718570220824205297e-01
-3.714621574029894013e+00
1.774059135660949416e+00
2.216400393042353034e+00
1.643623158868487311e+00
-8.194774399434248124e+00
6.736626569032534206e+00
-1.624557828975048412e+00
2.832234804530155969e+00
-5.798182572812855540e+00
1.224760857515716728e+00
5.173087527776553785e+00
-3.202792315842988735e+00
-1.830882063114352309e+00
-2.269032770858308012e-01
4.523473585654337548e+00
-1.867262301390031798e+00
-2.009148298298427449e+00
-2.218131405349649032e+00
8.266601394090249855e+00
-6.054481467742803602e+00
1.072563227983032608e+00
-2.677342788964566012e+00
5.199803628095242658e+00
6.847847723412181509e-03
-6.117595949425397528e+00
3.598297846971505898e+00
1.154182923603684463e+00
1.336560011237205581e+00
-5.141438911368702236e+00
1.776651817462512106e+00
1.942401605156987676e+00
2.605368677056365989e+00
-8.091286759240620796e+00
5.178272172480422597e+00
-4.131827974469257647e-01
2.409001228067926714e+00
-4.467791946014122217e+00
-1.285202098181944974e+00
7.000191643922327955e+00
-3.926467502951255462e+00
-5.289066532858323066e-01
-2.313770389548631012e+00
5.537838982890615824e+00
-1.488382124447380050e+00
-2.023832632082781302e+00
-2.802080372743087189e+00
7.681681374245058258e+00
-4.138220492974517661e+00
-3.192756724021141856e-01
-2.061793680516812000e+00
3.646563441856325305e+00
2.556999708751987122e+00
-7.773366539532865716e+00
4.149781181090784976e+00
-7.977755267775110681e-03
3.123013539659684312e+00
-5.692294558250775793e+00
9.994526686936349158e-01
2.250540068607139510e+00
2.816038441442992202e+00
-7.061642134925393499e+00
2.973555166513470738e+00
1.084162835794767688e+00
1.674954740001216802e+00
-2.783346582236633004e+00
-3.769472182293490015e+00
8.393561133744579905e+00
-4.236506946858262346e+00
4.267160052243498258e-01
-3.738338954398350289e+00
5.595852548861448561e+00
-3.181337047978480825e-01
-2.609193705017893272e+00
-2.665346008490555363e+00
6.264670887163318547e+00
-1.730555103474594070e+00
-1.836771227506543980e+00
-1.289898711618432170e+00
1.925510870188586798e+00
4.873105278768333548e+00
-8.823620644831528637e+00
4.162749092675344542e+00
-7.064453956759026987e-01
4.144573642227483923e+00
-5.251497721329876356e+00
-5.362432203620337567e-01
3.076797389808821670e+00
2.377158750179005242e+00
-5.332038769304647374e+00
4.601945166873129267e-01
2.530877405657510071e+00
9.476260263646836268e-01
-1.117917054662298071e+00
-5.824177172566326277e+00
9.034919390392555982e+00
-3.914052252554167666e+00
8.363403097940904640e-01
-4.337923285761952741e+00
4.674020311298598962e+00
1.534121704273999853e+00
-3.622027016587633153e+00
-1.985898596770321101e+00
4.310501612969291685e+00
7.844805935926466578e-01
-3.121399085605126800e+00
-6.861571728932460701e-01
4.004382877254245021e-01
6.586974373605476885e+00
-9.009033140422591401e+00
3.486467643156697882e+00
-8.161620721034258397e-01
4.325936881130242995e+00
-3.889246539935093061e+00
-2.637140033514828730e+00
4.207067497993861593e+00
1.531063950619686587e+00
-3.249734736525452306e+00
-1.951099918165337010e+00
3.567016668017108039e+00
5.381423174471653414e-01
1.942085856368748475e-01
-7.135563710626297684e+00
8.738864311081755432e+00
-2.887017923974930511e+00
6.561829581537286238e-01
-4.126840176642345703e+00
2.932674589116925468e+00
3.800057036427682444e+00
-4.789844138352798097e+00
-1.054763288300726076e+00
2.199630915944198684e+00
2.990688510386388721e+00
-3.832610189946674240e+00
-5.287847679992303540e-01
-6.422003036079869664e-01
7.455023621186375848e+00
-8.229155363049299510e+00
2.133531219515521826e+00
-3.764898365258712021e-01
3.768278730772786300e+00
-1.847591766544541825e+00
-4.973078746059782063e+00
5.326521185769425237e+00
5.991144944661210836e-01
-1.207612666929537726e+00
-3.860208311937004311e+00
3.891372774181519389e+00
6.741985840898119253e-01
9.298164425375519127e-01
-7.542068356085447789e+00
7.496359928705275344e+00
-1.253850602197443820e+00
5.708294367601229879e-03
-3.285544564408205304e+00
6.827775103836011272e-01
6.104457589228776015e+00
-5.774124909477549750e+00
-2.036596789050652556e-01
3.161088105603532261e-01
4.524781068061205502e+00
-3.726479557095858208e+00
-9.802959485161044650e-01
-1.054054209571667844e+00
7.405032774512465110e+00
-6.567877092536742900e+00
2.844607754908021757e-01
4.207788566939417718e-01
2.719389322549699006e+00
5.100800833619725250e-01
-7.143220230404093485e+00
6.093141186330411685e+00
-9.705585900128876897e-02
4.396643077360274932e-01
-4.959469928754465684e+00
3.332215833038507657e+00
1.442269797037259549e+00
1.022616202848438682e+00
-7.063221260373561350e+00
5.480689867987182495e+00
7.313931791398133875e-01
-8.630159477870898987e-01
-2.113549954842705247e+00
-1.679110672900941736e+00
8.041872693559932728e+00
-6.249938710152207477e+00
2.756013675316063560e-01
-1.033494072776008688e+00
5.150521681694179676e+00
-2.714498371092511242e+00
-2.044703349913932655e+00
-8.532742503042773929e-01
6.545659909529814691e+00
-4.279482245292303588e+00
-1.745991193966953237e+00
1.278935924190530038e+00
1.512128873100631710e+00
2.774979700785437320e+00
-8.758932388102028455e+00
6.218878500628033379e+00
-3.133533307875704943e-01
1.449436854233870253e+00
-5.096001712266698291e+00
1.890757836642088741e+00
2.762302518460426626e+00
5.726479110576097042e-01
-5.889324515502295299e+00
3.014338351913250946e+00
2.709700839576057341e+00
-1.626957260674647632e+00
-9.569784506225451626e-01
-3.753447441829221631e+00
9.261146123514503614e+00
-5.983987847734143273e+00
2.016656572851455165e-01
-1.682488709882114186e+00
4.805787738550529653e+00
-8.891860716660855424e-01
-3.561211687711911544e+00
-2.144694836453352182e-01
5.136946138180324972e+00
-1.738150627362457623e+00
-3.573674302656984381e+00
1.868566800013686802e+00
4.852391505226076873e-01
4.577627652437908701e+00
-9.525270581867687270e+00
5.540101201911583395e+00
5.755025596384555353e-02
1.738626738448415088e+00
-4.300924212397193358e+00
-2.526123642529762847e-01
4.400840108832401398e+00
-1.825634680645199515e-01
-4.334519528992268889e+00
5.038801518694611126e-01
4.292528903196767942e+00
-1.970739610801755415e+00
-1.271715455314108567e-01
-5.219821528414412271e+00
9.539316051195063650e+00
-4.893400436176948531e+00
-4.518695458194605941e-01
-1.634221958940408115e+00
3.612374993937329748e+00
1.489491524764171571e+00
-5.236096953998928605e+00
5.772236348900352532e-01
3.528656086606583919e+00
6.381795297187555782e-01
-4.826860895861369904e+00
1.908056022662083517e+00
-9.559446604710641893e-02
5.662826774557806253e+00
-9.303184137526846698e+00
4.061320678250222471e+00
9.590203580243857884e-01
1.394860176724799672e+00
-2.779245485121597525e+00
-2.771056015678738049e+00
6.019909643925783094e+00
-9.283367325365990963e-01
-2.763931408287452207e+00
-1.642984042965517144e+00
5.145451324291497208e+00
-1.664392994232774425e+00
1.712938727265594929e-01
-5.900651295502615135e+00
8.828663985875724762e+00
-3.071823634367625289e+00
-1.548135625955872730e+00
-1.053640778239714582e+00
1.846574958273379252e+00
4.044247608255087556e+00
-6.705883681649266848e+00
1.197362356362690505e+00
2.080377415517189910e+00
2.473023006423843650e+00
-5.227039683240207069e+00
1.234090943993415568e+00
-9.867435972534738253e-02
5.938594656633263469e+00
-8.138787347729454780e+00
1.962075986785459136e+00
2.181519579617503091e+00
6.490528855878185954e-01
-8.628236759241838527e-01
-5.256083984937423459e+00
7.250953845618305138e+00
-1.350823849165974311e+00
-1.511260478342200786e+00
-3.100182528156056883e+00
5.061565137418405413e+00
-6.225267738170351395e-01
-1.129786265143246093e-01
-5.792696137063822803e+00
7.266578619168077680e+00
-7.766040319304141626e-01
-2.816828968289455837e+00
-2.225521346822281199e-01
-1.228037731145226186e-01
6.356398465268890519e+00
-7.617876687881524944e+00
1.362446662073857562e+00
1.081270429079047579e+00
3.507083657829965784e+00
-4.650804699913685170e+00
-1.539426304221109820e-01
4.444403661054084909e-01
5.488583890945879062e+00
-6.253269725301848325e+00
-4.349746591573298016e-01
3.409545185961839753e+00
-1.840218284319095066e-01
1.063048643525026149e+00
-7.300429434605881340e+00
7.777422850271584309e+00
-1.214881215900796008e+00
-8.052217809439277119e-01
-3.687824566365395462e+00
4.008371418045939549e+00
1.068666521786968193e+00
-8.677341393004182057e-01
-5.059793434760696762e+00
5.146079543867553951e+00
1.620517805054248139e+00
-3.915596690808492930e+00
5.310381579066313362e-01
-1.915151048724460070e+00
8.051116565176672069e+00
-7.710144273686466931e+00
9.009098387364500304e-01
6.873391862928976970e-01
