1.527738328958330172e-01
7.998928547394212885e+00
-1.226786123889122493e+01
8.340144680682129774e+00
1.679577035856956613e+00
-1.095600997414926780e+01
1.336520547909670142e+01
-8.118847838534069439e+00
-9.658624511688163050e-02
5.267126619346995220e+00
-4.820573483951694271e+00
1.126540607202978883e+00
1.178017492884007034e+00
5.579719813394365957e-01
-4.838833203193856569e+00
7.569992218266550665e+00
-5.710268677995177455e+00
-1.793838742653086626e-01
6.491292113128586116e+00
-9.484006756449447906e+00
7.966954842985028762e+00
-3.679907371322823195e+00
-5.506338668694477079e-01
3.010264355784523893e+00
-3.834934957375803144e+00
4.055926871148336943e+00
-4.223570547331959801e+00
3.979440399068377765e+00
-2.761812472373779137e+00
6.655792102426160151e-01
1.531079019412695530e+00
-3.131707599721802460e+00
4.129952883519134588e+00
-4.906083498036250212e+00
5.338599442928011918e+00
-4.447231682337744907e+00
1.250614753630207021e+00
3.803363678545271576e+00
-8.349677407818832719e+00
9.456817099583414432e+00
-5.989976038046731510e+00
-6.905890348557353065e-02
4.804777995991732276e+00
-5.386981530176637278e+00
2.442548208147263367e+00
4.310573870590941326e-01
1.457617996638579383e-01
-4.094048494403268457e+00
7.554639211701658752e+00
-6.087931103958004186e+00
-1.155109088706342213e+00
9.980647062393030566e+00
-1.402551872331946115e+01
9.859022220718651752e+00
-6.927135332503731036e-02
-8.476416241533273777e+00
1.001483913135291104e+01
-4.524300922528366797e+00
-2.346981337872073858e+00
4.147546732117459278e+00
7.498640097500827162e-01
-7.593814465555089654e+00
9.258549468061012533e+00
-2.538885030182451263e+00
-8.634802156613529789e+00
1.597870580204496882e+01
-1.351106185251307679e+01
2.580565079814538976e+00
9.010283599021125411e+00
-1.318021201049426594e+01
7.974743187710121362e+00
1.108375894559942676e+00
-5.951927417133157761e+00
2.724029717302928866e+00
4.963684097340136603e+00
-9.287769244039548511e+00
5.072926230288492100e+00
5.546528794608670765e+00
-1.463093514187679745e+01
1.487422965766090677e+01
-5.606378422534650241e+00
-6.620262182436507103e+00
1.329137122875092913e+01
-1.062619030542046517e+01
2.211550614961526939e+00
4.421584392719804413e+00
-4.217079250469953244e+00
-1.412698259453447847e+00
6.215999199847975554e+00
-4.749856602549609619e+00
-2.842299600048841413e+00
1.089995693557988687e+01
-1.295082901216406057e+01
7.002068841093837648e+00
2.945815138095268182e+00
-1.021884190203490128e+01
1.067851238876425768e+01
-5.527909635669622901e+00
-3.190148719866860993e-01
2.579358961039365905e+00
-8.805110827877964397e-01
-1.571676920749656592e+00
1.267093595107612547e+00
2.426197147723588188e+00
-6.824963732952880946e+00
8.340549178668917207e+00
-5.460691273206763618e+00
-1.958531334486952602e-01
5.368605170161896645e+00
-7.645167210466324192e+00
6.832021125630697966e+00
-4.374067366159342996e+00
1.767937552439887483e+00
4.455456670370887551e-01
-2.415376543758594785e+00
4.110246089484959953e+00
-4.980637822083946453e+00
4.513292788193251859e+00
-2.947200733922752391e+00
1.206600430441462368e+00
4.122233501837158087e-03
-9.710656442248675191e-01
2.625445864440607124e+00
-5.236759393689663256e+00
7.467354745055084564e+00
-7.027181130275976351e+00
2.707787666766804602e+00
3.956093150044139861e+00
-9.178828402129038722e+00
9.596433253824555365e+00
-5.056787486314613389e+00
-9.810657267874676180e-01
4.098435400264561324e+00
-2.584393245428102670e+00
-1.049542357180159868e+00
2.237873217665768077e+00
1.441894358505924290e+00
-7.675407581591032979e+00
1.092513882913363688e+01
-7.081154195945419616e+00
-2.613351034762368741e+00
1.190679733900109127e+01
-1.422303442465845968e+01
7.974400628248938361e+00
1.985933920392906060e+00
-8.189328498866284889e+00
6.619569841766643314e+00
4.533252880517135708e-02
-4.837911640296526983e+00
2.619985240482655797e+00
5.262621726696631974e+00
-1.185830518013396429e+01
1.044788415558979011e+01
-4.854029567847693571e-01
-1.145474125260987641e+01
1.670846193710666228e+01
-1.146715404934155735e+01
-1.259108030259699085e-01
9.344458559925769237e+00
-9.941710559535614777e+00
3.042924659606719207e+00
4.166712331696658111e+00
-4.775358110014799706e+00
-1.889139199637209998e+00
9.695506661002026405e+00
-1.099168504943420643e+01
3.242778204928669972e+00
8.584585200825010531e+00
-1.589542745523350220e+01
1.335416816663960127e+01
-3.076262966121581677e+00
-7.256922763290145184e+00
1.065356478212389923e+01
-6.190850418362220609e+00
-8.168009843245027657e-01
3.730093450785785247e+00
-2.623544030018400974e-01
-5.826512530247667243e+00
8.239285121733415096e+00
-3.687249015744415104e+00
-5.247391295057451721e+00
1.221111285664903612e+01
-1.220851387608276895e+01
5.437782336674223060e+00
3.183368883319027898e+00
-8.115275333280358439e+00
7.352518771656782803e+00
-3.335587086440841453e+00
2.573301328990753589e-01
-3.704126599839021594e-01
2.432517020635346583e+00
-3.308043348760590252e+00
1.006557285903813437e+00
3.562677676201466248e+00
-7.447916353722758842e+00
8.108854532947791682e+00
-5.257559366259730638e+00
7.056413401473164981e-01
3.288961962235568137e+00
-5.533100122683975997e+00
0.000000000000000000e+00
2.162782359906309892e+01
-2.819571896966678537e+01
1.654078028665016475e+01
2.530951521450543140e+00
-1.357520441513083043e+01
9.303492419026564875e+00
3.864754846315887615e+00
-1.194924864703293288e+01
5.816409661338332704e+00
1.075643213498856987e+01
-2.412593246681661441e+01
2.224422077812768350e+01
-4.821928130538061019e+00
-1.626399384235948276e+01
2.648014580419277308e+01
-2.001619500297237408e+01
3.710767117972413320e+00
9.306571944412446840e+00
-1.051955058925729247e+01
2.307702800146470778e+00
5.230651785694725220e+00
-3.641874918250898929e+00
-6.545659535998135325e+00
1.654151982582132874e+01
-1.702022396626487222e+01
6.025246701216412148e+00
9.510620162692582369e+00
-1.948582961962870286e+01
1.844116691284840925e+01
-9.027325342743454328e+00
-1.171314567907293824e+00
6.116566554693561031e+00
-5.461925992713082323e+00
3.364602425568266497e+00
-3.799449137757040518e+00
6.896914987243381034e+00
-9.312193692327296546e+00
7.716770969626212562e+00
-1.892732966846055298e+00
-5.245875862538866841e+00
1.025709834230534767e+01
-1.166600237948621910e+01
1.017998471883043976e+01
-7.001319433932274627e+00
2.450910486469639160e+00
3.542556646752306193e+00
-9.853104988548500032e+00
1.367829099704355400e+01
-1.233224963250039785e+01
5.915979318012080768e+00
1.921688704984281237e+00
-6.468438742319575496e+00
5.864777793160586228e+00
-2.840503673098238480e+00
2.252418471634035413e+00
-6.255400708848403823e+00
1.152622628452859921e+01
-1.158165796127548575e+01
2.727415529077399814e+00
1.151594025188574122e+01
-2.194072246681056626e+01
2.060684122721583833e+01
-7.658744014421193569e+00
-8.051428458766173080e+00
1.565789461924482318e+01
-1.104635916637388249e+01
2.408242355686596170e-01
5.801385994514284050e+00
-8.543627379939431332e-01
-1.072650900769812132e+01
1.733479075404896719e+01
-1.019945504939170533e+01
-8.272989068906472454e+00
2.534708988417197162e+01
-2.783613499833447946e+01
1.301806616734775979e+01
8.661547522154155132e+00
-2.169630207570008906e+01
1.792471402864546093e+01
-2.916779380922656983e+00
-9.077214560005618438e+00
7.421514407920094314e+00
5.760112531064202734e+00
-1.741340102482868701e+01
1.490647082743533858e+01
2.694785610096380513e+00
-2.309323127880964321e+01
3.047287005237155100e+01
-1.844777632154378466e+01
-4.563517073216299735e+00
2.204368174227630561e+01
-2.257579086323342921e+01
8.587289505095430542e+00
6.460936386464854131e+00
-9.804001900387534718e+00
1.397188972968255172e-02
1.230787649578456211e+01
-1.409914443456264976e+01
1.352875789204986745e+00
1.718324921759074542e+01
-2.711944837705655331e+01
2.022899037443424319e+01
-1.068133078066314745e+00
-1.688636110428570447e+01
2.205570167589689490e+01
-1.344593418013947428e+01
3.099099056365149374e-01
6.331648644211760768e+00
-2.802706522697178571e+00
-5.013333317822421975e+00
7.665857741392754221e+00
-7.339497458814605579e-01
-1.136416607756884645e+01
1.924528893445043209e+01
-1.641569549221060242e+01
4.366230479435998291e+00
9.032396098127545514e+00
-1.594271647389714097e+01
1.415800573040030130e+01
-7.555120738813768888e+00
1.812391928192008450e+00
3.698839734319747663e-01
-5.323581340532150818e-01
1.793352602296465648e+00
-5.304956528106436586e+00
9.171177454985123489e+00
-1.044077758816408874e+01
7.874132491662955147e+00
-2.792848950150091270e+00
-2.469552909630650106e+00
6.589692798644201766e+00
-9.612674649254570269e+00
1.154987206320268278e+01
-1.116859970968758731e+01
6.773464858419099954e+00
1.486720412713420814e+00
-1.027752052809105265e+01
1.470452314915173098e+01
-1.208873593875139285e+01
4.590583602381157036e+00
2.119573784955544049e+00
-3.527277167188228368e+00
3.264112093937718839e-01
2.044284184950075023e+00
1.528665978759681909e+00
-1.043667829243833900e+01
1.774151483172630250e+01
-1.559234198836290908e+01
2.430439574690600679e+00
1.440808609738600765e+01
-2.360826260537660204e+01
1.877290070185162207e+01
-3.903711512121342153e+00
-9.518759293202821326e+00
1.184792660201273229e+01
-3.283291617107567895e+00
-6.384787253096828152e+00
6.399161899599474346e+00
5.169391006982749559e+00
-1.901140459467045929e+01
2.205180102698405875e+01
-8.795062067636839842e+00
-1.312710079531531449e+01
2.830396832989582379e+01
-2.573500162006272518e+01
7.810886644518575395e+00
1.154252311303335787e+01
-1.819700819196352626e+01
9.248317474778421143e+00
5.034877048161828128e+00
-1.037533835162001417e+01
9.951297324984755832e-01
1.518582335475334055e+01
-2.316056127795237174e+01
1.373462174031287475e+01
8.199780083935259256e+00
-2.709572230079579569e+01
2.913579832832083127e+01
-1.329414047824415768e+01
-8.065050710488291585e+00
1.941052076936871273e+01
-1.446384638344513718e+01
5.489678385624178203e-01
8.439168272858672992e+00
-4.195795371034350296e+00
-9.050182458877950253e+00
1.848595133346924868e+01
-1.393626813286289590e+01
-3.265099119122229610e+00
2.114657478403845658e+01
-2.676860308243596620e+01
1.647769488303207908e+01
1.646153156408774354e+00
-1.476053660726653760e+01
1.547362255595647795e+01
-6.843122956354450892e+00
-1.466646461476242003e+00
1.982927700594429687e+00
4.495965203427406465e+00
3.301817115962601523e+00
4.009087155381168444e+00
-8.828090253438890755e+00
5.466729893131864415e+00
4.780479553907652779e+00
-1.431954087783281970e+01
1.535771135554226063e+01
-6.379468522468607183e+00
-6.429235468590073665e+00
1.404604407117835052e+01
-1.175694561349849110e+01
2.685418351861863950e+00
5.135172129087864690e+00
-5.586139501492112913e+00
-5.697774324411721825e-01
6.669607321298148150e+00
-6.110461437657650485e+00
-1.834562302912775333e+00
1.125032207334236745e+01
-1.444579915441357620e+01
8.314674016152480363e+00
3.107513079937484157e+00
-1.191021937372983963e+01
1.256308116295801014e+01
-5.977339891440518471e+00
-1.788963251078012240e+00
4.810476802813016484e+00
-2.007560973192481057e+00
-2.515344497943580393e+00
3.469675141708464583e+00
8.997753927770935078e-01
-7.363339324275658626e+00
1.053958511421092936e+01
-7.414936108454330821e+00
-2.681949511280352638e-01
7.551541274843729390e+00
-1.018336731611950441e+01
7.588389341757853401e+00
-2.660735510709368423e+00
-1.029467088716084167e+00
2.015488727861988849e+00
-1.479554461218072881e+00
1.517240679915493828e+00
-2.983629415035563781e+00
4.838790525491613259e+00
-5.309089046240364596e+00
3.546303078169936285e+00
-2.487877632599957423e-01
-3.096885418659261369e+00
5.385532154140816985e+00
-6.328186668244113910e+00
5.981482274768814555e+00
-4.208990692337995831e+00
8.843208126808010938e-01
3.347229228032440940e+00
-6.773772463943732447e+00
7.510552118538436517e+00
-5.052111893209808358e+00
1.018786189645693341e+00
1.891893426224049879e+00
-2.109392106956516244e+00
6.260001684180966919e-01
-1.655342016321088572e-01
2.560489631614449646e+00
-6.620561357729389584e+00
8.638069915733792570e+00
-5.468637909604236569e+00
-2.317786333831868717e+00
1.013302246667879913e+01
-1.259665480739958809e+01
7.863165690570733446e+00
6.194274982644465410e-01
-6.663547079163683051e+00
6.315847006650251672e+00
-1.115848031276717833e+00
-3.255059429483062594e+00
1.971190157452789027e+00
4.493760483125896599e+00
-1.041419192333444776e+01
9.565189010462024299e+00
-7.899486815508095505e-01
-1.042965283352976158e+01
1.599864586065932315e+01
-1.168847785984703691e+01
6.934946806366335537e-01
8.823421138021009469e+00
-1.028717919809721337e+01
3.954926997197615535e+00
3.548062781133237475e+00
-5.030748657566423532e+00
-1.015839144593297494e+00
9.041432589742630199e+00
-1.115625498511890079e+01
3.998087249025617407e+00
8.076164422302399615e+00
-1.625037875506333407e+01
1.431941600337930076e+01
-3.711221258184996152e+00
-7.697717410460375831e+00
1.195397963360036009e+01
-7.276289632883194081e+00
-9.403204506381581673e-01
5.034174546560092445e+00
-1.642394213396193070e+00
-5.604405174698228187e+00
9.407116444397335187e+00
-5.198685926622643727e+00
-4.828528147176636587e+00
1.340402447411683795e+01
-1.406590111057247583e+01
6.304392589607850539e+00
4.214790479111267807e+00
-1.032882047033937845e+01
8.937393104013294121e+00
-2.920881498256860276e+00
-1.864048242848690418e+00
1.688132828719643541e+00
2.190982916751734066e+00
-5.091517643232863044e+00
3.253062640997622434e+00
2.862522841757835224e+00
-8.995745448700462887e+00
1.063786600343487621e+01
-6.576710009079063113e+00
-4.168345615350390609e-01
6.023021635049786049e+00
-7.642630777595623925e+00
5.828724013955308259e+00
-3.064489836472191531e+00
1.351509229743928842e+00
-8.022282563654483667e-01
1.957906629464010173e-01
1.403885996572062700e+00
-3.636102818667514391e+00
5.253831206595594772e+00
-5.311179446130763537e+00
3.860588157490247418e+00
-1.596170853119764921e+00
-9.463676360658936915e-01
3.631069117407839997e+00
-6.161289918715927350e+00
7.520431132528203833e+00
-6.364384399248698365e+00
2.310141633831095831e+00
3.095113009947884741e+00
-6.965580730670309251e+00
7.122934756061894745e+00
-3.956100578410506330e+00
2.920772510777940312e-01
9.199202217760253930e-01
7.475862375122641623e-01
-2.656616072378595650e+00
1.424797240011079769e+00
3.721291237510817140e+00
-9.588626243313788322e+00
1.120214170326503478e+01
-5.999141693088986038e+00
-3.509209309586071690e+00
1.115912362791484824e+01
-1.181151229584206064e+01
5.523292647113962062e+00
2.394357498780936844e+00
-5.706194587175491328e+00
2.465034835433218774e+00
3.339646745942735251e+00
-5.258227739718662974e+00
1.604665965814326967e-01
8.635949348700567185e+00
-1.376212508131070322e+01
9.927232400545072721e+00
1.326272279128347442e+00
-1.239014986869498358e+01
1.547093599420541210e+01
-8.813768148368128053e+00
-1.921771843438834004e+00
8.348143122211585165e+00
-6.232169330950285691e+00
-1.175938009383972860e+00
6.155252246460013232e+00
-3.311114937598452101e+00
-5.616476759425789389e+00
1.304765918069598385e+01
-1.192165632743262904e+01
1.783600318266540974e+00
1.054019416015702149e+01
-1.629053905797746893e+01
1.172448104232734956e+01
-9.354296789772470477e-01
-7.698245082860917243e+00
8.372656561328280844e+00
-2.301737140582417851e+00
-3.821207910512400829e+00
3.838811440368631533e+00
2.559831101156619937e+00
-9.663059679779479438e+00
1.069777765216280407e+01
-3.637960921598021979e+00
-7.008012253991494411e+00
1.380835108259255506e+01
-1.228893504487876598e+01
-1.036310154580320386e+01
8.375159485718539187e+00
1.923896423804984934e+00
-1.386036664841694943e+01
1.921239777343591015e+01
-1.466131838067767035e+01
3.811166542329797124e+00
6.340987323860163727e+00
-1.093873232604541812e+01
1.009979753733641061e+01
-7.275428482442224620e+00
5.385852915256964302e+00
-4.484271934254127956e+00
2.691531551872214933e+00
1.125806241451502654e+00
-5.848263211440430709e+00
9.121086664855701187e+00
-9.561868485883024960e+00
7.750003648721303762e+00
-5.085471656077682034e+00
1.987408647842812570e+00
2.367937010251326413e+00
-8.298753039676775245e+00
1.379432307449430439e+01
-1.503668418474982182e+01
9.492227906174891316e+00
1.062643141931312485e+00
-1.079378724641665421e+01
1.388498968900667307e+01
-9.294521894048482835e+00
1.871797229378085348e+00
1.656156601931881855e+00
1.303236989116439482e+00
-6.552128455172170796e+00
6.614580576287631075e+00
2.204229008297514447e+00
-1.540076384907175466e+01
2.291251981069763843e+01
-1.724158174618972694e+01
3.669083230691310149e-01
1.680192613649060718e+01
-2.261516984007832676e+01
1.401864663448032999e+01
8.867646491552712007e-01
-9.559858600705307907e+00
5.609517690783183852e+00
5.720952749213662258e+00
-1.208987811850738936e+01
5.016585113173555932e+00
1.206155835498647377e+01
-2.581410861594310546e+01
2.385004494562081945e+01
-5.418323247325282033e+00
-1.719155320754165928e+01
2.808400299852002036e+01
-2.040372703691826572e+01
1.689402353964552184e+00
1.258733301463994536e+01
-1.192237641702230633e+01
-7.015219691139080727e-01
1.182008741985722899e+01
-9.418078762424922701e+00
-6.382035767359077738e+00
2.300259442369151586e+01
-2.581491184744395184e+01
1.053287908543556028e+01
1.283537805545005739e+01
-2.781356474772880460e+01
2.453874719409254013e+01
-7.271658368795584693e+00
-9.695569735751409013e+00
1.403111055767117143e+01
-5.120572259364044143e+00
-6.366324442530521210e+00
8.309538380418100445e+00
2.228849580053543278e+00
-1.654247866604775652e+01
2.181069324675244303e+01
-1.201784431619763893e+01
-6.948880985459936710e+00
2.206565453699474944e+01
-2.352951871472955148e+01
1.203789406035242848e+01
2.690363008178366488e+00
-1.033155515203866237e+01
7.963380969059516090e+00
-1.224056995905536738e+00
-1.652705261562605443e+00
-2.702152344503474524e+00
1.021042267327722719e+01
-1.337761879685187161e+01
7.982603465701760825e+00
3.402611267650414106e+00
-1.370658677970764217e+01
1.702046415984460026e+01
-1.267547175356060407e+01
4.710103196695982319e+00
2.073402115865250472e+00
-5.633012537547477550e+00
6.999162645662262427e+00
-7.894855008933760132e+00
8.500419567952686606e+00
-7.531659889818543618e+00
4.147079711665941915e+00
6.480140455613105921e-01
-4.703734667126125757e+00
6.743392881872146916e+00
-7.416973907197004223e+00
8.118311107815213035e+00
-8.784825593797219057e+00
7.245896579970278140e+00
-1.310125887910589260e+00
-8.140157646394062141e+00
1.631388673364644859e+01
-1.751959247694445665e+01
9.953514541293996487e+00
1.998919557021460847e+00
-1.056547315479137694e+01
1.068478561586978870e+01
-4.282824874030870532e+00
-1.307611246712921726e+00
-1.244329434147015134e-01
7.712018978781635781e+00
-1.363742474338091881e+01
9.803952794813612925e+00
4.407964346557254665e+00
-2.025126432473508942e+01
2.589426439265746183e+01
-1.609475842391988820e+01
-2.890124603363524614e+00
1.773451036131913128e+01
-1.857407325119885044e+01
6.960601143999846308e+00
5.609562540248138163e+00
-7.603967423796692771e+00
-2.487196395352174960e+00
1.462708539214944636e+01
-1.582802047938091761e+01
1.743881668556809039e+00
1.870167502843130336e+01
-2.994792803284197902e+01
2.245663949908322721e+01
-8.542233669564116560e-01
-1.942623064582836889e+01
2.441226377792842328e+01
-1.264648646600783621e+01
-4.152884312738973627e+00
1.130702363671071353e+01
-3.613425690482833019e+00
-1.048338128039698702e+01
1.644621176876182744e+01
-6.447744610449288594e+00
-1.348128349942588322e+01
2.805223954324387847e+01
-2.523035200130075850e+01
6.184138631664437113e+00
1.558491551909794381e+01
-2.508792496043880860e+01
1.757527275951041190e+01
-1.543347675717566592e+00
-9.092082313409532546e+00
6.747497610402708013e+00
4.038039496056855526e+00
-1.130074302725927637e+01
6.434360238539475141e+00
8.251995837647783105e+00
-2.144171565906891885e+01
2.227222714834884343e+01
-9.228108170540224364e+00
-8.828114219233025750e+00
1.994654223280693017e+01
-1.832119351033622934e+01
7.919173119807721761e+00
1.908674077311776962e+00
-4.517118436353945832e+00
8.065633296178962297e-01
2.790821653771955013e+00
-7.445783682096838163e-01
-6.599322378305272352e+00
1.356641415948124774e+01
-1.423141395814639054e+01
7.324452942378768761e+00
3.081220571389691187e+00
-1.114617373547166501e+01
1.359997921139525623e+01
-1.122981961541992213e+01
6.927275718619134715e+00
-2.758788042163725862e+00
-1.114942965514565287e+00
5.155563311001820637e+00
-8.740157023616758281e+00
1.015281283595561668e+01
-8.315628147093349298e+00
4.249736084568102257e+00
-4.297015551260159327e-01
-1.548695905614932755e+00
2.576225380982744895e+00
-4.971192641986990957e+00
9.489218225346791158e+00
-1.341617298387656021e+01
0.000000000000000000e+00
1.173429012859453380e+01
-1.532189189784725869e+01
9.033610700579210118e+00
1.310666754126064593e+00
-7.356060401084240752e+00
5.115996108204426740e+00
1.996903612766589120e+00
-6.439786080466708640e+00
3.219895765482107208e+00
5.709695431191658344e+00
-1.301749618670120512e+01
1.213737698775495844e+01
-2.793265855132669451e+00
-8.680716831730794780e+00
1.439482045972643931e+01
-1.106495462659518125e+01
2.245980536896250879e+00
4.980255100385172717e+00
-5.871244399172050876e+00
1.524480015625730545e+00
2.681916457455316927e+00
-2.073549424765948501e+00
-3.275937165186897815e+00
8.757245390160367293e+00
-9.274187300075949381e+00
3.551788163249041563e+00
4.863151987961321865e+00
-1.051893528745209494e+01
1.026131123315237303e+01
-5.269110152356743626e+00
-4.496116813165935699e-01
3.475411878367239638e+00
-3.339402295741184634e+00
2.112788679136096359e+00
-2.023118215770495887e+00
3.412923544561211386e+00
-4.713537751969099077e+00
4.130333948399607102e+00
-1.308252351413294434e+00
-2.459432563407063732e+00
5.400718798996908099e+00
-6.535095279530654722e+00
5.939165210848384113e+00
-4.088234925630587213e+00
1.258617944949391276e+00
2.291974909004509176e+00
-5.709539290196932626e+00
7.485467309464877594e+00
-6.416386960166945208e+00
2.838159608546655832e+00
1.195602226350563679e+00
-3.318979904146583060e+00
2.814138958196175544e+00
-1.308697499172894574e+00
1.320839281598090276e+00
-3.742565463928749114e+00
6.567171648406965545e+00
-6.312981557336594385e+00
1.213529223232864274e+00
6.584005610857260216e+00
-1.204156207851521643e+01
1.102842695051006139e+01
-3.862906047996369274e+00
-4.549574590155045506e+00
8.423901677597003257e+00
-5.746584133306788189e+00
-7.375272956751288689e-02
3.140290353096488740e+00
-2.588146890243806508e-01
-6.048823214945783455e+00
9.478976271874961057e+00
-5.410639505786617676e+00
-4.693650879614260418e+00
1.387649008672523188e+01
-1.507009359840355955e+01
6.931339431124648343e+00
4.806430514315572999e+00
-1.177496798178536608e+01
9.646846289799057672e+00
-1.507362085849516031e+00
-4.932235265020255000e+00
3.971933052802544495e+00
3.186425144015186728e+00
-9.470353114338241340e+00
8.072673693489813118e+00
1.484279580344607163e+00
-1.254221519549410502e+01
1.655105064147389982e+01
-1.005047101098144324e+01
-2.425197783903486837e+00
1.194790664833287153e+01
-1.231037981240682377e+01
4.768059472028388868e+00
3.431667703722580676e+00
-5.351148135923297744e+00
1.310776493347232119e-01
6.564941496288362544e+00
-7.655749541843253070e+00
8.708904129828995977e-01
9.166671984157478192e+00
-1.468684579154159664e+01
1.112987770378331653e+01
-8.088893064053404025e-01
-9.048037585907691138e+00
1.208222830657612867e+01
-7.568228814328160858e+00
3.847229198149574869e-01
3.456988990455118316e+00
-1.771024083761228773e+00
-2.445927376410342191e+00
4.095836305501462604e+00
-6.080355735997118316e-01
-5.855642210225521893e+00
1.030156870105049549e+01
-9.073913938032742266e+00
2.722161520103337118e+00
4.651539630032924144e+00
-8.722676083203269926e+00
8.032757249283607237e+00
-4.450526540532513842e+00
1.048986341061896921e+00
4.746985825232457046e-01
-6.749899957976408515e-01
1.149673204888447930e+00
-2.699323092936196211e+00
4.595420009995604183e+00
-5.409115238023519012e+00
4.365276053930692512e+00
-1.887556719463353350e+00
-9.960290338474848681e-01
3.549072042527433357e+00
-5.535187143130784193e+00
6.675037453536621257e+00
-6.227934458949754948e+00
3.474323665459528421e+00
1.201693702260939745e+00
-5.837599207271271240e+00
7.898763985096186602e+00
-6.220519946194687400e+00
2.187910603393253162e+00
1.160697126572769244e+00
-1.626808740107469120e+00
-1.638643312399521434e-01
1.219837784458026597e+00
1.037819102032591978e+00
-6.016456609014873003e+00
9.840516041764047372e+00
-8.375357144292289391e+00
1.022940012296023493e+00
8.074583176737384349e+00
-1.282884872285269040e+01
9.977116206664025100e+00
-1.875245131207133653e+00
-5.236050677161353306e+00
6.280667846080041805e+00
-1.551602565656923893e+00
-3.581262717478803648e+00
3.387216207077009766e+00
3.011733036813910580e+00
-1.047592092578692657e+01
1.196592856688671525e+01
-4.637359528784195994e+00
-7.270176327059198584e+00
1.540873775211295182e+01
-1.390676767742724707e+01
4.148479946195401169e+00
6.303061607841686786e+00
-9.844926367472471185e+00
4.965549470015381495e+00
2.754546995872819259e+00
-5.610629986421321824e+00
5.088352173938330836e-01
8.254227594038965776e+00
-1.256877694299426196e+01
7.466265956521213276e+00
4.418779333705881385e+00
-1.468884496047028065e+01
1.585351060419611002e+01
-7.310183662842455021e+00
-4.293940917298876947e+00
1.054332820130536952e+01
-7.965644955602489752e+00
4.395751407869022409e-01
4.532281261764156355e+00
-2.375243386086271169e+00
-4.742368522787931084e+00
9.942131281650926411e+00
-7.647877391530701452e+00
-1.566573236349383613e+00
1.132374057305433723e+01
-1.457705169985720062e+01
9.181265310303230009e+00
6.478510466104729915e-01
-7.966274325571378156e+00
8.608430926447608655e+00
-4.020464565992644346e+00
-6.435451098503794931e-01
1.209303099072121412e+00
2.127847113033263682e+00
1.216556205429465010e+01
-3.546877675702499566e+00
-9.086116253014838051e+00
1.822269211591272153e+01
-1.771602679243408929e+01
8.025045559103466175e+00
3.613590982979880017e+00
-8.821136252443075421e+00
5.064409048595714502e+00
2.106571694355942270e+00
-3.921740386911729104e+00
-3.501941196064028095e+00
1.490111971386937739e+01
-1.964706201397521212e+01
1.086900807198368035e+01
7.776100685551188718e+00
-2.389723970116953211e+01
2.585431738541286961e+01
-1.229063228778220562e+01
-6.425048955708795972e+00
1.643501566283374515e+01
-1.166847152191856019e+01
-1.317803365914707925e+00
9.185317744064089851e+00
-3.546933798665653725e+00
-1.139846751847846917e+01
2.204811134256440397e+01
-1.697291834473304206e+01
-2.828818641417936597e+00
2.386112687034534474e+01
-3.063973581277053526e+01
1.819780107232605459e+01
3.840275502558284870e+00
-1.908532289750814925e+01
1.762766022087368967e+01
-3.682450690342810695e+00
-8.643441169134707280e+00
7.733534817804281758e+00
5.550731044174540330e+00
-1.869800223830421615e+01
1.840119220453296478e+01
-2.182433407223905775e+00
-1.905128376031153081e+01
2.965776804787314092e+01
-2.184722046275606289e+01
1.761798340297329624e+00
1.580181041354249061e+01
-1.937475271276547062e+01
9.479635069020527993e+00
2.929573272627822522e+00
-6.425089448926461166e+00
-1.227752627650026795e+00
1.172345308943750730e+01
-1.390003420846182536e+01
3.588748952645434365e+00
1.272631108965834557e+01
-2.324577293451780236e+01
2.039238478490060302e+01
-6.541144393443774518e+00
-8.458913821013846146e+00
1.536981626040627980e+01
-1.230066604533813823e+01
4.856202558202469710e+00
-3.451357249488298251e-01
1.496357409024342999e+00
-4.931689554924437502e+00
5.078797885980005589e+00
4.480095508124062320e-01
-8.761735372143851563e+00
1.432716961465415828e+01
-1.354097694167010602e+01
7.205168049576579747e+00
8.120988420921886330e-01
-6.926256233562242848e+00
9.991597659110119878e+00
-1.074831840133013827e+01
9.864981554141374787e+00
-7.003113541248646712e+00
1.838357855781126204e+00
4.392858051638812711e+00
-8.948013121731673181e+00
9.635325516760095965e+00
-6.926202104020408257e+00
3.747236699201200949e+00
-2.730459435535550483e+00
3.422824294572717641e+00
-2.424165066971959881e+00
-3.159577410325711710e+00
1.195236321152057002e+01
-1.810055081732926041e+01
1.560262415603286712e+01
-3.853817588185151521e+00
-1.063890654787734036e+01
1.857433937628452725e+01
-1.513821527017123003e+01
4.125338364108568356e+00
5.005317311550635750e+00
-5.087819990470404896e+00
-2.461377792150289956e+00
8.702982886904582216e+00
-5.108959920974567304e+00
-8.271273131726509575e+00
2.172795678179763001e+01
-2.342400052815890277e+01
9.559642486882127699e+00
1.153120528959162527e+01
-2.530708641068711984e+01
2.247447519949301409e+01
-6.513254401310207164e+00
-9.207554763100375794e+00
1.254210447155224983e+01
-2.657677926883140529e+00
-9.485357923874754960e+00
1.081046063016379044e+01
2.189018174754144841e+00
-1.979798804399550960e+01
2.682937300376475775e+01
-1.544686593237051042e+01
-7.742019895463141843e+00
2.647269735215438402e+01
-2.769833342068820414e+01
1.191910087520864359e+01
7.587624813603634166e+00
-1.590945520084400577e+01
8.637174177570873468e+00
5.103671039327860370e+00
-1.106551865298066417e+01
2.430422605765269140e+00
1.418064201937317570e+01
-2.425991590576270340e+01
1.773640849940748865e+01
2.356049514311049364e+00
-2.208784479969046544e+01
2.775087460130239947e+01
-1.656791273863864333e+01
-1.729434831697973074e+00
1.336550682352064356e+01
-1.165163237246376937e+01
1.561896923667530857e+00
5.591570310379794684e+00
-2.359518068031235316e+00
-8.563124519758519071e+00
1.702231533670940422e+01
-1.434597498577124952e+01
7.569191164984676590e-01
1.482897979651949072e+01
-2.204977993781202983e+01
1.706199653261814220e+01
-4.769389128130336886e+00
-5.932295549066338936e+00
9.352480800122371818e+00
-6.596536223014334510e+00
3.149038854198967563e+00
-3.297923483172017001e+00
6.517747346908951300e+00
-8.612402681063464627e+00
5.992145071338685014e+00
1.028916275946604841e+00
-8.644143091653990751e+00
1.281483994553355821e+01
-1.216884013188015246e+01
8.166360813844121935e+00
-3.027291469268403645e+00
-2.116780796691551281e+00
7.089110388903470117e+00
-1.120178364120717518e+01
1.260551374415961590e+01
-9.633686849249366801e+00
2.923552811956577457e+00
4.139773091791250081e+00
-7.708469465933569964e+00
6.720563244615853193e+00
-3.960899741076251424e+00
3.495441505521124981e+00
-6.509095911152626535e+00
9.509670130359118900e+00
-7.103726057670492366e+00
-2.647553775934493814e+00
1.513064286942746151e+01
-2.174592139550415482e+01
1.667355577685709278e+01
-2.259796203500684442e+00
-1.199023496333008154e+01
1.661498214544243268e+01
-9.852023831653740515e+00
-8.746701397891918361e-01
5.299076863589570863e+00
6.420793841032041982e-01
-1.089336638781470512e+01
1.425761396515500223e+01
-4.387796096294446002e+00
-1.375500395703915757e+01
2.693854433231916801e+01
-2.418915111194247203e+01
6.173495580738851629e+00
1.466723422128836063e+01
-2.376263476517040729e+01
1.604427552251513234e+01
1.586273130735929016e-01
-1.034986109637334550e+01
-3.323004577002224735e+00
1.804745290020107973e+00
-1.090053632744607093e+00
7.155463104929165041e-01
7.183817380135206765e-01
-3.931340366262525254e+00
7.612159743472362017e+00
-8.892434503054341022e+00
5.642587785480488449e+00
1.268048228738468453e+00
-7.948084266524494623e+00
1.015714740294502327e+01
-6.685790324882354696e+00
5.247333038449930598e-01
3.445961285331550439e+00
-2.525954120803751479e+00
-1.432227803197770655e+00
3.577097104052291865e+00
-4.364012956754502737e-01
-6.600126971405140708e+00
1.190790601355157108e+01
-1.016750294779833830e+01
1.130597822127731078e+00
9.555337355296513735e+00
-1.448262558356935159e+01
1.036462129647698305e+01
-7.666607408123669032e-01
-6.745502756188498594e+00
6.807023405374780012e+00
-6.455247936173229562e-01
-5.097259718890462921e+00
4.208269290646669880e+00
3.514178086422512948e+00
-1.176283204158936968e+01
1.289387703877293134e+01
-4.507482855463988969e+00
-8.142889595929343471e+00
1.608231133886027564e+01
-1.373955855122293634e+01
3.381763013124261974e+00
6.829814869409905675e+00
-9.538873932420761648e+00
4.063402297706057098e+00
3.417708867206446399e+00
-5.413884172421314034e+00
-3.478003704442027555e-01
8.937761542644986790e+00
-1.242311773090181504e+01
6.666950521831913612e+00
5.010359572443446652e+00
-1.436069252602084489e+01
1.478222156579994362e+01
-6.473324073141768054e+00
-4.003514392544226475e+00
9.201487730831958700e+00
-6.649201173053767455e+00
3.104662421273480799e-01
3.297434294278246192e+00
-8.192195376594844092e-01
-5.234239010463871189e+00
8.890707423214948335e+00
-5.973592448214680495e+00
-2.304697695315697459e+00
1.032186630805667171e+01
-1.257859655124196863e+01
7.911543242717780977e+00
-2.856296379617973002e-02
-5.758869455319970854e+00
6.650481724243777037e+00
-3.967165180387538292e+00
1.289025739291015604e+00
-1.090066426003976296e+00
2.831417793188577114e+00
-3.897534620076523737e+00
2.211382432026445244e+00
1.897085155847672233e+00
-6.050320054142987125e+00
7.814978698167033500e+00
-6.449223897815706152e+00
3.044693848606665920e+00
6.907374359446201151e-01
-3.656933691173871459e+00
5.563644023693164797e+00
-6.313570152936627267e+00
5.574475784375227505e+00
-3.151893693291172305e+00
-3.066866811213238009e-01
3.284101183018420134e+00
-4.403872770177994944e+00
3.641574629367995364e+00
-2.444867192538241696e+00
2.382599545613720782e+00
-3.450478299169612129e+00
3.750715951037411067e+00
-1.167236934525837988e+00
-4.271151130067011081e+00
9.594308251430526013e+00
-1.078968029531329265e+01
6.119894449222022637e+00
1.968782659217861664e+00
-8.289203577407580070e+00
8.855167030572030029e+00
-4.131823513249829105e+00
-1.292967694243473353e+00
2.582973930527461270e+00
1.096163456375898626e+00
-5.678030811193072402e+00
5.661204444541645842e+00
8.492340213055042941e-01
-9.902875422505644565e+00
1.447377558123783281e+01
-1.019329167010028314e+01
-7.184854138271852264e-01
1.081168787390317476e+01
-1.318191905956493315e+01
6.976011584998345505e+00
2.001895901830368807e+00
-6.194267082054390805e+00
2.652600662350721006e+00
4.516482089838746106e+00
-7.759799552734393480e+00
2.746367767019828765e+00
7.575543123291937242e+00
-1.508904732978431440e+01
1.315330213949440363e+01
-2.258796409206524469e+00
-1.009224777936387341e+01
1.527184591461594110e+01
-1.034194285557163440e+01
1.777000620974060752e-01
6.796697048359242821e+00
-5.626636426699126226e+00
-1.276959007520917622e+00
6.539980536941833122e+00
-4.374783358141776546e+00
-4.318971106442286434e+00
1.259443762465244276e+01
-1.324641763270462747e+01
4.850769342825817176e+00
6.974643735996727933e+00
-1.405218880325718800e+01
1.206874671953248068e+01
-3.661969430313949392e+00
-4.177771314730515329e+00
5.981681740270526682e+00
-1.985434527099681823e+00
-2.684692329918970000e+00
2.820485924374767084e+00
2.311310459012609897e+00
-8.452759931984326514e+00
1.009200144616038308e+01
-5.124804932542530445e+00
-3.455242146035212070e+00
1.004332614752381403e+01
-1.079669315128981921e+01
6.256568583761764835e+00
-3.254351677506559515e-01
-3.163230302150652484e+00
3.248029406303345912e+00
-1.873657036983537694e+00
1.567603377273118159e+00
-3.061288894467970145e+00
4.869570357895598001e+00
-4.889132387817054060e+00
2.343005865507939323e+00
1.644050623882320039e+00
-5.098803143428780160e+00
6.687235728696783177e+00
-6.300417687520718957e+00
4.509896116742964978e+00
-1.788524535764498768e+00
-1.578619945980074490e+00
4.946745522582272514e+00
-7.037258142046997733e+00
6.612196754249941577e+00
-3.655023018563994697e+00
-1.840292913799927987e-01
2.636505018620908469e+00
-2.671427196068037802e+00
1.464966710151728080e+00
-1.362533581449118403e+00
3.532102839453077792e+00
-6.430398161020606906e+00
6.751143989187157857e+00
-2.369349529379054964e+00
-5.210604459428056501e+00
1.131237211490315175e+01
-1.150051383915058878e+01
5.293465177833038382e+00
3.070553179679517797e+00
-7.779141511139393117e+00
6.102363646732873903e+00
-6.426347747277709743e-01
-2.905477709780516893e+00
7.666180081289339920e-01
5.386664134358897904e+00
-9.587578940991898335e+00
6.679479998459698642e+00
2.877426279730556313e+00
-1.273992306958532339e+01
6.231979555071164079e+00
7.247103433165286823e+00
-1.623711310205350244e+01
1.014302579717061903e+01
8.721989528844636297e+00
-2.634024909434138451e+01
2.828102333466972595e+01
-1.172360153795867532e+01
-1.188866183622327277e+01
2.587421144578764398e+01
-2.156055976853215128e+01
4.793649217285739006e+00
9.544923099399012401e+00
-1.021070786476089509e+01
-1.253069474359159940e+00
1.244205409287615183e+01
-1.120609661024218973e+01
-3.621772913261374960e+00
2.095482077401761600e+01
-2.659871263489437965e+01
1.502061226801226823e+01
6.086383175217984665e+00
-2.205332130705026472e+01
2.286935255108996756e+01
-1.053628078811919089e+01
-3.591225295024253139e+00
8.718150642624287627e+00
-3.213393575676464664e+00
-5.062648088590432138e+00
6.393864657411518770e+00
2.101933336845057454e+00
-1.408569633343676841e+01
1.955450602084212974e+01
-1.326328176913461832e+01
-1.120372982697155351e+00
1.424284954370683742e+01
-1.849276345405610655e+01
1.330294467843183703e+01
-4.358438072308220335e+00
-1.856872436374695567e+00
3.116360740979717825e+00
-2.062995574880020833e+00
2.617455664419964911e+00
-5.951097661471045797e+00
9.614439885879017211e+00
-1.012708141937136119e+01
6.219370020487836825e+00
2.649064478152372004e-01
-6.234270237077583765e+00
9.804778804422582539e+00
-1.097749914751460310e+01
1.032570183605319869e+01
-7.609608411345224255e+00
2.141579912283863685e+00
5.429087220495072863e+00
-1.212317128615435458e+01
1.413794343355619532e+01
-9.990180964430669164e+00
2.355207624226581586e+00
3.611878760213146133e+00
-4.502410973264625582e+00
1.736285440929368207e+00
-3.676641996916645283e-01
4.211526771407895886e+00
-1.154187532282543671e+01
1.563658420051150522e+01
-1.037671654535091115e+01
-3.662727499200114423e+00
1.825693590108313558e+01
-2.330096672116022916e+01
1.496333019282596943e+01
7.059420769244937333e-01
-1.224087014737114387e+01
1.200227635547939187e+01
-2.493971014081125759e+00
-5.854527556091866813e+00
3.886493145320793374e+00
7.853289001652733248e+00
-1.893326539933229213e+01
1.771562672318369636e+01
-1.779895187635819997e+00
-1.893635257432049457e+01
2.943924167518319024e+01
-2.171427045003930445e+01
1.482369144553359774e+00
1.619686109023461285e+01
-1.905301543607997061e+01
7.423318796490001148e+00
6.489756169353547932e+00
-9.331800972025968477e+00
-1.775735781645606970e+00
1.660992902286964323e+01
-2.056143291138812046e+01
7.378840444991139336e+00
1.488991461916555892e+01
-2.993742011262422409e+01
2.631091151846367637e+01
-6.706073292250446016e+00
-1.427511215379416853e+01
2.196939228595875448e+01
-1.320428469450533449e+01
-1.937005228368601450e+00
9.302704887600373951e+00
-2.828869902268527525e+00
-1.059308285386894966e+01
1.742611720333328407e+01
-9.383469903459108252e+00
-9.239750015759586432e+00
2.488630700000151208e+01
-2.574613996397798132e+01
1.117802203912638959e+01
8.126258834526687735e+00
-1.899502662131157393e+01
1.602616564635776797e+01
-4.873266532679955354e+00
-3.591630374461881381e+00
2.772606974202273200e+00
4.597277730742488799e+00
-9.688543601949328732e+00
5.770713804391458979e+00
5.856353914042953690e+00
-1.702180145149653967e+01
1.950800362373304608e+01
-1.152606243073438108e+01
-1.386505831753011009e+00
1.122291174663269864e+01
-1.358715514335839458e+01
1.001268044060137186e+01
-5.277425864771623232e+00
2.780652286578808585e+00
-2.183327535236463390e+00
8.891720777333143033e-01
2.678557426307317080e+00
-7.332104208217035790e+00
1.031419585542035655e+01
-9.875100021350027291e+00
6.566558970580370413e+00
-2.203685855614661904e+00
-2.060275799067731839e+00
6.319292774500063103e+00
-1.059365457714268466e+01
1.332583722171585272e+01
-1.184321307305236992e+01
4.901681114377540283e+00
5.076442055237800233e+00
-1.273948668694762176e+01
1.361599841747292317e+01
-7.932570417833433751e+00
7.840392858310565316e-01
2.049292062842970275e+00
7.256342828946422685e-01
-4.488545063772449772e+00
2.792178162257760388e+00
6.265326133080947102e+00
-1.713674027587392601e+01
2.058160104531580359e+01
-1.147568614599088477e+01
-5.938114756348769063e+00
2.035645195031497678e+01
-2.201225624666767899e+01
1.062955286509424369e+01
4.151041439300274583e+00
-1.064996959933393228e+01
4.936169661125814123e+00
5.840810098758306701e+00
-9.704095286226610995e+00
6.021501644472255776e-01
1.557651306603137265e+01
-2.524427612537553500e+01
1.844510306078805328e+01
2.189244063735865442e+00
-2.268294503528152717e+01
2.854471757337682902e+01
-1.637543585609746088e+01
-3.451612862579103158e+00
1.540212164170709030e+01
-1.156113896044395517e+01
-2.120586425265139852e+00
1.135904713060798521e+01
-6.139759978654583783e+00
-1.033871327352136937e+01
2.405081949261452223e+01
-2.193992302082299872e+01
3.200570433887536481e+00
1.950237910525625651e+01
-2.998720652265368969e+01
2.142864794280151131e+01
-1.508739282163431117e+00
-1.425977138512725872e+01
1.526768950749662146e+01
-3.947750197993951549e+00
-7.229315188934815062e+00
6.980368029265120455e+00
5.032815037359869237e+00
-1.807402595165901715e+01
1.967366541709873928e+01
-6.349420102258191534e+00
-1.330194817664759910e+01
2.551764380931280130e+01
-2.229158234588883403e+01
2.920144302509496192e+00
-2.427804787475160264e+00
-3.596047951380396235e+00
1.003849872959054323e+01
-1.043063670583812375e+01
2.651588265642006004e+00
8.711809733208561113e+00
-1.560724353634140904e+01
1.290126125873657692e+01
-2.640420721912291491e+00
-7.473908900703214897e+00
1.027251055298275162e+01
-4.874712040366764754e+00
-2.810051316808229060e+00
5.286469803549536550e+00
-4.562922236271749199e-03
-8.337640134937267078e+00
1.174091490668723559e+01
-5.823303532831703322e+00
-6.142962045032973606e+00
1.556468452390945600e+01
-1.537930261677276533e+01
5.758648241372326559e+00
6.063812310210229484e+00
-1.166978613872582748e+01
8.132165491055051376e+00
8.066667695957097095e-03
-4.961391367955988230e+00
2.420367695435079902e+00
4.888828201120531958e+00
-9.729647860811812876e+00
6.693092668778836796e+00
3.056833452343093782e+00
-1.258801120498428183e+01
1.479588587912743414e+01
-8.073785090136006204e+00
-2.579793285528559021e+00
9.742382053949864229e+00
-9.408334759237199307e+00
3.690942005331581566e+00
1.576043716458575883e+00
-2.007513570602135644e+00
-1.837660690749369330e+00
5.390865291305070528e+00
-4.335797018465862962e+00
-1.586934447327100095e+00
8.375376376253392152e+00
-1.110289409580926900e+01
7.825098327335288317e+00
-8.601751763975098442e-01
-5.331038310768276389e+00
7.614137448300080102e+00
-6.104159721366841040e+00
3.276574168548735955e+00
-1.463748767671190443e+00
1.064508749795590070e+00
-8.065931938852930472e-01
-5.746467183774173204e-01
2.993221388148330497e+00
-5.151660186202619229e+00
5.770939728668274427e+00
-4.587890727470743002e+00
2.259044396783469466e+00
4.630505894483896157e-01
-3.236428568635571601e+00
5.796019414926473878e+00
-7.345447213488606408e+00
6.669577827656222091e+00
-3.201608957054093096e+00
-1.919950473225613408e+00
6.091320082543322911e+00
-6.995237729258265702e+00
4.523853790620344206e+00
-1.051673005732491006e+00
-4.868911769725724481e-01
-7.726350677671711686e-01
2.674463151742721312e+00
-1.889771528551497326e+00
-2.825689042083317837e+00
8.866651540430677159e+00
-1.139006429787590413e+01
7.294537579680721251e+00
1.737428609656497258e+00
-9.972459597490658467e+00
1.189904798249462559e+01
-6.658491712384991601e+00
-1.158472833884730768e+00
5.244135909946354701e+00
-2.855138828915768201e+00
-2.840110776757544642e+00
5.502445749604810032e+00
-1.277486586306060490e+00
-7.454453200042955530e+00
1.362706946792044604e+01
-1.128253569375815601e+01
8.250612531278918027e-01
1.081023178059363232e+01
-1.545352630149159623e+01
1.020345577180805385e+01
2.704413456755263567e-01
-7.614500980109021100e+00
6.677354088425236256e+00
3.555987177962933732e-01
-6.055002290454483571e+00
4.298235297166257851e+00
4.281411601780124698e+00
-1.260927591569784667e+01
1.305144293740326589e+01
-3.944902849592418548e+00
-8.731433293775751281e+00
1.599683756788995481e+01
-1.299398604611357122e+01
2.717421855921186236e+00
6.663787415918099200e+00
-8.551566092079934123e+00
3.081240523993208136e+00
3.494091959127739067e+00
-4.476586555220818830e+00
-1.455785998129721648e+00
9.169222734603090785e+00
-1.151872945221747280e+01
5.460330991233949938e+00
5.311239382871400849e+00
-1.330473769463653788e+01
1.317980297698667513e+01
-5.754300593890712356e+00
-3.063416567649232647e+00
7.251948226579175483e+00
-5.290780680009380177e+00
7.259124217866066431e-01
1.419827532784939450e+00
9.168884758886983732e-01
-5.299535956551753912e+00
7.193425144567535234e+00
-4.001318494652715607e+00
-2.745224253024915129e+00
8.705259346573283707e+00
-1.019381009936133786e+01
6.811096024601285492e+00
-1.259205890587471011e+00
-3.114398372908229629e+00
4.753003998983952094e+00
-4.398638596553020363e+00
3.683519960909360069e+00
-3.416660387174078828e+00
3.116976323671647897e+00
-1.923213485942534717e+00
-2.847131508972413627e-01
2.705711270486175657e+00
-4.400903358720074543e+00
5.064069955482180418e+00
-4.941281710168663466e+00
4.110668304785251692e+00
-2.117382852988701991e+00
-1.408812711812011287e+00
5.703134411012549698e+00
-8.658133866517715660e+00
8.111491643078073466e+00
-3.766893634828614168e+00
-2.041797164677908505e+00
5.786030727223220538e+00
-5.470498982077166339e+00
2.346248066665341803e+00
9.208094260488852711e-02
7.827800968563576323e-01
-4.153451168068610144e+00
6.166615893560026151e+00
-3.291192648278713051e+00
-4.138650841422412796e+00
1.144015755233530740e+01
-1.297488194189354971e+01
6.831099003033737738e+00
3.188363233698737087e+00
-1.023227506667151943e+01
9.771964841892355480e+00
-3.257012677076186691e+00
-3.132945476109140870e+00
3.757579770468046032e+00
1.583779611986577240e+00
-7.370658484395566035e+00
7.116334736266399119e+00
7.767296059408309583e-01
-1.111609594289801528e+01
1.581992309356963489e+01
-1.054342777690605004e+01
-1.498068727830751623e+00
1.183988930926009786e+01
-1.344440137490836307e+01
6.258918497763374056e+00
2.970493284033221215e+00
-6.475500940601633282e+00
1.982290076103150334e+00
5.512517934011622600e+00
-8.189851485453402802e+00
2.298647143505979429e+00
8.369725255993028412e+00
-1.540729504769464242e+01
1.270225505448978609e+01
-1.564462112091556723e+00
-1.020993688679128475e+01
7.250526530528190072e+00
8.004039064579968610e+00
-1.353514778643818595e+01
8.481139761503225571e+00
-4.306689524959876891e-01
-2.009919663475909779e+00
-3.287570479208786978e+00
1.066331529898492469e+01
-1.213221481066873864e+01
4.498625430611648213e+00
7.963247661778339648e+00
-1.714652745913362963e+01
1.754582408971345586e+01
-1.001226625358158451e+01
1.601082738959602736e-01
6.532820439111750588e+00
-8.472338210972605310e+00
7.752182744526272984e+00
-7.031220490723252503e+00
6.844941412486491572e+00
-5.706714829353670027e+00
2.347014673521702566e+00
2.527305445049496946e+00
-6.743516273740084443e+00
8.699448424033825233e+00
-8.622546649615212999e+00
7.713762621020944010e+00
-6.242897422355064840e+00
2.927870053272866091e+00
3.370658985628194770e+00
-1.124016648283376973e+01
1.640690620141248957e+01
-1.462536903951429501e+01
5.624794660210749697e+00
5.631895940693848246e+00
-1.218798052886562466e+01
1.058537640379326028e+01
-3.875522398448245198e+00
-8.894195168182896793e-01
-1.049099356954008133e+00
7.503134434482507942e+00
-1.079533179207790461e+01
4.604468050068023288e+00
9.560271125307217233e+00
-2.226440391374114469e+01
2.324619901660611987e+01
-1.012722060275313041e+01
-8.780113986522394498e+00
2.049170697753048032e+01
-1.762389833751946711e+01
4.377842122458980967e+00
7.044389822315138439e+00
-6.853063485244518027e+00
-3.832350338404044265e+00
1.381569235815042163e+01
-1.157951499159369391e+01
-4.207575170989815483e+00
2.257079410985903323e+01
-2.872860521304050607e+01
1.637053841796275222e+01
6.612089124943243412e+00
-2.400966378833469150e+01
2.414452807025703862e+01
-9.074755938652636189e+00
-7.526528917604800917e+00
1.202816178044654016e+01
-2.220096060302748420e+00
-1.116193397570626544e+01
1.400035649730493503e+01
-1.285734410990387211e+00
-1.811396835768683289e+01
2.851773039002496546e+01
-2.043578037768794786e+01
-1.387942853084765504e+00
2.160682277813841878e+01
-2.649990624740676282e+01
1.462112736098248433e+01
2.803895089336437607e+00
-1.171269510244963996e+01
6.792494756763553632e+00
4.819460300453865642e+00
-1.045043048150747467e+01
3.195732205949600058e+00
1.205603947090724404e+01
-2.277959397987975976e+01
1.936628774039521872e+01
-3.090458368902829100e+00
-1.500198886710777657e+01
2.300075499703862292e+01
-1.721874943366321276e+01
4.141300591770216144e+00
5.773325424260571381e+00
-6.734245230767195167e+00
1.468186588098909340e+00
2.380130999770123879e+00
4.439245497275177144e-01
-8.270367624064565604e+00
1.430939044318247966e+01
-1.271808769169329167e+01
3.473982511419608343e+00
7.870342282402042144e+00
-1.480894956989993005e+01
1.460995039904353909e+01
-9.366398798768198475e+00
3.206271087846092271e+00
1.266339067035812782e+00
-4.150479854405649149e+00
6.627236470012443981e+00
-8.791451248685135056e+00
9.317971016969918807e+00
-7.098560900492895342e+00
2.825201397176943630e+00
1.374876927587624920e+00
-3.950030094565953220e+00
5.372993763828647573e+00
-7.278645583623385207e+00
1.000705540702992380e+01
-1.122621851591366671e+01
7.575782105380026721e+00
1.714616425681830592e+00
-1.267642751056484229e+01
1.858648325765227582e+01
-1.510408495889961245e+01
4.296433071845230600e+00
6.358007173664629086e+00
-9.763712849553789042e+00
5.125455371878867794e+00
1.305601628395251623e+00
-1.759818662654240473e+00
-5.753410127460801604e+00
1.489202089118114003e+01
-1.594632321152754173e+01
4.524546164186181940e+00
1.353381187884322934e+01
-2.578153837709800911e+01
2.290605956833232426e+01
-6.612761526877622309e+00
-1.124471090716127719e+01
1.801154708714196673e+01
-1.047148157144362735e+01
-2.686358934139747134e+00
8.473790932582804913e+00
-9.946748761564847552e-01
-1.312013346822245907e+01
2.012634026865077530e+01
-1.109559079726879460e+01
-9.741135672317536631e+00
2.757941909746060816e+01
-2.875918521199024269e+01
1.198069755501997591e+01
1.041470359040079430e+01
-2.231893599739187550e+01
1.674888348740626753e+01
-1.048242037529249160e+00
-9.858766241329083968e+00
6.372857075694488671e+00
7.653268551424409871e+00
-1.840084417988816767e+01
1.415821493273927345e+01
4.298965367079087052e+00
-2.383202719631992039e+01
2.948928073786612813e+01
-1.665207037353230390e+01
-5.302625179847016312e+00
2.070730221658159920e+01
-2.009569522015852172e+01
7.129149615158521414e+00
5.460906400843257735e+00
-7.057955640225904048e+00
-2.122611742071427443e+00
1.191323857666789721e+01
-1.148917963906119510e+01
-1.084070475254726773e+00
1.708386614880134857e+01
-2.434833227486923590e+01
1.716099411384118767e+01
-5.763156746047570778e-01
-1.403203389752385810e+01
1.804460368356721389e+01
-1.166350905816654659e+01
2.400941888730065532e+00
2.003030705714806459e+00
1.404550197987948223e-01
-4.059447853111779914e+00
3.646018710506087945e+00
2.815354420998458451e+00
-1.123932279736611051e+01
1.541293249250428232e+01
-1.214565767518849881e+01
3.463833378081368153e+00
5.549183076815474180e+00
-1.082881565869860019e+01
1.167078893368865522e+01
-9.828265478214072814e+00
6.990435248139282187e+00
-3.404687225467991851e+00
-1.266279022283914202e+00
6.290094221037112021e+00
-9.614858703669000306e+00
9.539310515283720093e+00
