3.470804474975777154e-01
5.994703535445422560e-01
1.949978851224845044e+00
-5.550076619291956170e+00
6.520278980224723853e+00
-3.228011968010691568e+00
-2.592323793411463129e+00
7.376691222060409281e+00
-8.530990900628680151e+00
6.072503504519771056e+00
-2.024993552583158163e+00
-1.477534855184802431e+00
3.554596434926718285e+00
-4.470368707410184328e+00
4.652598679071144439e+00
-4.089777464543773000e+00
2.639617093744307752e+00
-6.342307723264495323e-01
-1.134132947004499847e+00
2.144404295300210705e+00
-2.725685121219113771e+00
3.646466205939841387e+00
-4.969848494764269375e+00
5.432077114781265870e+00
-3.319817848285470774e+00
-1.663415247905212002e+00
7.316314529708769498e+00
-1.004588862079213740e+01
7.635412946786400923e+00
-1.375710085971796559e+00
-4.549071931336650998e+00
6.266387008220601906e+00
-3.424656944602843645e+00
-4.789962702339094491e-01
1.184800856392947299e+00
2.374343726342543981e+00
-6.802176887648554882e+00
7.038427207580048695e+00
-1.003986219423668391e+00
-7.991034588119445559e+00
1.345174402999895591e+01
-1.092617397487643949e+01
1.875004677537263742e+00
7.254211776613209040e+00
-1.016118092087463509e+01
5.772699475500488120e+00
1.067112339594999959e+00
-3.925100138195535493e+00
4.210790403460211717e-01
5.702749221555036385e+00
-7.913378631841983868e+00
2.761698913487180107e+00
6.803212481482293406e+00
-1.361282458010393626e+01
1.215778194086754382e+01
-3.182025845319004453e+00
-6.893815241678170835e+00
1.118887779151778261e+01
-7.779211916346801203e+00
8.159133126571826988e-01
3.397362957783667259e+00
-1.839436262967858227e+00
-2.932379473826624672e+00
5.405733277260495129e+00
-2.174314937156687222e+00
-5.004169760317106253e+00
1.068234334493242166e+01
-1.029387360748130931e+01
3.847902044329062576e+00
4.260457742413390037e+00
-8.901462090574977282e+00
8.078334673089749174e+00
-3.886028596553800174e+00
1.504826975830713121e-01
8.860188834167166405e-01
1.482853876801382143e-02
-4.371014780449807291e-01
-1.153708706965275610e+00
4.047761201891863614e+00
-6.094465219508013121e+00
5.641658287209976308e+00
-2.771332286937636447e+00
-1.059718334933133388e+00
4.294206153610030441e+00
-6.139678973673764695e+00
6.441338204311048088e+00
-5.145269379828944167e+00
2.250387173534035501e+00
1.648868271412365694e+00
-5.057850609235133632e+00
6.277654883614593118e+00
-4.764233739588916272e+00
1.841837506189420104e+00
2.080994996478602310e-01
-1.429551574274356973e-01
-9.678068346744694850e-01
6.142009920624742492e-01
2.640223944765474506e+00
-7.249213447074987826e+00
9.407797075370980977e+00
-6.184619232066685512e+00
-1.527029731769041998e+00
9.038922461453218204e+00
-1.127236733776707034e+01
6.882187874737454081e+00
4.766725287062998362e-01
-5.065705918005246389e+00
3.859749805113503740e+00
8.913126080224937908e-01
-3.689548983752124478e+00
7.926646555578709119e-01
6.147937070419535743e+00
-1.114564425893352251e+01
8.939938785321229986e+00
2.184631436849668595e-01
-1.028519233873778305e+01
1.409501251444349990e+01
-9.150983471816147130e+00
-3.700713204080363639e-01
7.131402898589838557e+00
-6.700506372015789580e+00
1.015669051886154639e+00
3.644977101817826526e+00
-2.355601206294439365e+00
-4.064700967339396342e+00
9.742894820342712592e+00
-8.886507661628090915e+00
9.024202425451663956e-01
8.893132804755758514e+00
-1.353905123951129674e+01
1.000499286203793936e+01
-1.409019491015362835e+00
-5.814690900094035442e+00
7.203739687056339491e+00
-3.513166787522435719e+00
-5.987629170210566620e-01
9.814832599466907226e-01
2.454165318077892621e+00
-5.973878147169582320e+00
5.554584521694714283e+00
-4.679686173299968388e-01
-6.121322031625046733e+00
9.815354929737733158e+00
-8.428970503275357018e+00
3.352511606172858372e+00
1.989906642034255491e+00
-4.922660565016740541e+00
5.124297639765371670e+00
-4.034085177815843082e+00
3.069252085548362707e+00
-2.459324241524490695e+00
1.553989635295676575e+00
8.375650607040097118e-02
-2.083753667119352393e+00
3.681227220887316243e+00
-4.473794763394587370e+00
4.574103895767585470e+00
-4.041611131343802121e+00
2.432351567031191486e+00
7.459653329078834716e-01
-4.967688063934212472e+00
8.251532752869067622e+00
-8.246484682140891920e+00
4.238470746983438175e+00
1.733983782659211492e+00
-6.014490159521155732e+00
6.116785655709648495e+00
-2.845370943150853371e+00
-3.012103073056904279e-01
2.061242953616394535e-01
2.906770572842733102e+00
-5.405787168346001259e+00
3.439827791132323842e+00
3.255800972380475500e+00
-1.041933906337493099e+01
1.237766326226767610e+01
-6.816807555022980303e+00
-2.896538874436665356e+00
1.008001303308368612e+01
-1.003073562823993292e+01
3.826604758041684207e+00
2.683122877032223741e+00
-3.941119958144903013e+00
-5.122850048242246768e-01
5.682026428059670842e+00
-5.600254481082401981e+00
-1.197103507511770859e+00
1.000218577893432581e+01
-1.365281779489556513e+01
8.551857944208595796e+00
2.146648877947665568e+00
-1.094796332098450264e+01
1.201992597554408704e+01
-5.735781012799073153e+00
-2.007414066628592231e+00
4.975029040581769202e+00
-1.776360022982158338e+00
-3.329052879563172418e+00
4.509439568851648872e+00
3.488646663213312848e-01
0.000000000000000000e+00
1.997575744083206217e+01
-2.595129063660509416e+01
1.516815497516547495e+01
2.139882462574722588e+00
-1.180502132601730558e+01
7.675240432424359049e+00
3.765832195298238538e+00
-9.811116142928682393e+00
3.113999179905309944e+00
1.170720921586004515e+01
-2.203727749232281496e+01
1.815321193635904962e+01
-1.551819296728547570e+00
-1.628194709497066839e+01
2.329735469123654212e+01
-1.628117286610640946e+01
2.491997844787123384e+00
7.235410823620854082e+00
-7.496843593576446807e+00
1.780819542558952584e+00
1.922594529488981685e+00
1.186140584719366231e+00
-8.645143982489766898e+00
1.342214441184226281e+01
-1.038560082129034257e+01
6.302677402854097721e-01
9.787195421654862670e+00
-1.496537173647577745e+01
1.334238811956004156e+01
-7.680316585602385615e+00
1.746718027340575574e+00
2.698349912418589902e+00
-6.030836732746516660e+00
8.718402331820854556e+00
-9.884026283714719696e+00
8.168642329543169822e+00
-3.748555927115446273e+00
-1.073763574723898273e+00
3.754350537942274357e+00
-4.045333153233658052e+00
4.301721299427002876e+00
-6.786752368252321865e+00
1.050802656474971819e+01
-1.113243429977165633e+01
4.831605372828514433e+00
7.170743047313839824e+00
-1.797460951494544190e+01
1.980890059447398599e+01
-1.064479101981728526e+01
-3.325105950675235178e+00
1.218154460269417783e+01
-1.041738073197057624e+01
1.690322746407405319e+00
4.352529975253153438e+00
-8.228084734215350693e-01
-9.712485371897052744e+00
1.686839083432719377e+01
-1.151533221220288539e+01
-5.447088573885428886e+00
2.260137706581420503e+01
-2.685136080660646485e+01
1.437082958843115321e+01
5.794379745727546549e+00
-1.888443757409827128e+01
1.648738416809116103e+01
-3.243596627066086313e+00
-7.597355732344091450e+00
5.950389759015854985e+00
6.218664463367717943e+00
-1.665453339630937535e+01
1.373146637359594457e+01
2.963357355620851674e+00
-2.163543810731373185e+01
2.784449295539418046e+01
-1.647281025060952686e+01
-4.083822093478444160e+00
1.894468325288955413e+01
-1.884822595096806097e+01
7.057506879214553663e+00
4.463202269987605497e+00
-5.833838646998253274e+00
-2.489646910224267096e+00
1.087452305652737650e+01
-9.581003906917192836e+00
-2.451314898947360987e+00
1.663707853421183103e+01
-2.206450773161918733e+01
1.449392679084942159e+01
5.854496439603806834e-01
-1.293723830692688992e+01
1.581088707746447497e+01
-1.037992042774063250e+01
3.247779441225589370e+00
-4.755388284162087587e-02
1.059521876756244652e+00
-2.239846575075215895e+00
-9.984555324941002397e-02
5.667830652210048115e+00
-1.071367546387196334e+01
1.161670194374862852e+01
-7.846382557436517580e+00
1.757735947909635499e+00
3.943134377322160766e+00
-8.152911320026362318e+00
1.095603016783280736e+01
-1.190965790514631095e+01
9.537978959138031954e+00
-3.033437546504273996e+00
-5.638718309773118165e+00
1.199910108259115127e+01
-1.226842866774122420e+01
6.854055344200762789e+00
-5.087513286268645629e-01
-1.645853418438543603e+00
-1.069218500989010501e+00
3.904777258617191826e+00
-1.036696708278574963e+00
-8.317664923543629740e+00
1.782538004155294686e+01
-1.865753117527824401e+01
7.355556645649460989e+00
1.002036997928570905e+01
-2.176254424235434470e+01
1.977241341506998751e+01
-6.430891238516359465e+00
-7.150281928210716842e+00
1.043592647530155482e+01
-2.481622513949147901e+00
-7.314638822821402542e+00
7.679015459014950196e+00
4.080291068920838704e+00
-1.891914249321902730e+01
2.336288798037995207e+01
-1.125005572354527139e+01
-1.026435729204788672e+01
2.592847012329788470e+01
-2.467937347036363249e+01
8.621755750922160288e+00
8.964830187813475959e+00
-1.487487162599259527e+01
6.835860601499954115e+00
5.256372051782746802e+00
-8.578584440498648434e+00
-1.085573357154467899e+00
1.555371224448484213e+01
-2.138305013838258617e+01
1.163366327684986246e+01
7.932638370137335748e+00
-2.344398825354848626e+01
2.420307743385315646e+01
-1.101654993720413600e+01
-5.221750725472582566e+00
1.298311734129644179e+01
-9.242574375669665443e+00
7.531051177819887421e-01
2.945705649726959585e+00
1.829071394402141948e+00
-1.010970117685043590e+01
1.325045307684740514e+01
-6.788538292875712088e+00
-5.757636808594842392e+00
1.604709242019201199e+01
-1.775737858250407442e+01
1.106657415928516031e+01
-1.425241374712371112e+00
-5.495284987013622668e+00
7.861569444493415659e+00
-7.594172249899139082e+00
7.178386473399819501e+00
-6.991958716223495074e+00
5.587863876484684411e+00
-2.033877394526750315e+00
-2.568219601911304828e+00
6.043000337688212653e+00
-7.352284099435271614e+00
7.430420368425389555e+00
-7.599219258990538961e+00
7.362794030815926760e+00
-4.357700062793578688e+00
-2.920049229094330734e+00
1.220573073374420758e+01
-1.781219859533581484e+01
1.485805282281659423e+01
-3.978262125149532480e+00
-8.091691109518640346e+00
1.339644391180257266e+01
-9.345502146483621431e+00
1.106361582811489441e+00
2.828100310527014827e+00
1.590302004561508831e+00
-9.796409444719174076e+00
1.225245512370782386e+01
-3.206495474986411409e+00
-1.310937837304871678e+01
2.482106479114277420e+01
-2.195876983863614740e+01
5.241030349388204890e+00
1.374241307242765053e+01
-2.162003309582636490e+01
4.593780380208015934e+00
2.451206285322768963e+00
-9.138501537434606803e+00
1.093159359539020592e+01
-6.565295699045933020e+00
-6.589937437881090432e-01
5.383428297756306158e+00
-4.601683165463957614e+00
1.991037285539034585e-01
2.730748346354982647e+00
-5.103322185634064923e-01
-5.557848675951392536e+00
9.969783075288368934e+00
-7.713717418085334288e+00
-1.080140541007195143e+00
1.067716638713557842e+01
-1.412067529302373359e+01
8.897810187978548058e+00
9.260161357030556317e-01
-8.009334056009929981e+00
7.742135005449798157e+00
-1.874281464229185179e+00
-3.304430730605242061e+00
2.621664187156254044e+00
3.394100258651714164e+00
-8.969696079191129101e+00
8.175235542394791111e+00
-2.316951022147413219e-01
-9.549247793865596634e+00
1.400621106074572353e+01
-9.933796536470218541e+00
5.650500930950610456e-01
7.245907032136289061e+00
-8.612799582927101127e+00
4.235686409284436849e+00
8.158040405398376826e-01
-1.814639885276526421e+00
-1.609505173068258799e+00
5.494470008617490464e+00
-5.316991731134784516e+00
6.197625502363202088e-02
6.887218685728563550e+00
-1.059564593494286910e+01
8.542965984763750242e+00
-2.372050905141319443e+00
-3.775546872677276955e+00
6.604960775255487526e+00
-5.803818407601519347e+00
3.475794168971039433e+00
-1.836873354408935288e+00
1.416223148941266885e+00
-1.160936790597348445e+00
-7.117931793598808454e-02
2.270725332070460567e+00
-4.368818527496560300e+00
5.285819795468492011e+00
-4.729466634692004234e+00
3.049037208428159396e+00
-5.985990457273753229e-01
-2.454992913588734282e+00
5.618724220785071388e+00
-7.618702930624411174e+00
6.916725442927437406e+00
-3.085675219078376941e+00
-2.237331289193975614e+00
6.067511420197451599e+00
-6.252008256131073693e+00
3.328564265416396495e+00
-2.238775248569249143e-01
-2.567391159767035136e-01
-1.933548489381512692e+00
3.812580699936153117e+00
-2.017553003961760183e+00
-3.790478280993285765e+00
9.913220353169339916e+00
-1.127012561535629587e+01
5.733003116343559746e+00
3.606563089277230461e+00
-1.047542304672662539e+01
1.033517095371605876e+01
-4.091549651221868089e+00
-2.672555525571923329e+00
4.444849209755215469e+00
-5.067801803840885633e-01
-4.492656599717243182e+00
4.720027210610035162e+00
1.468145199414013335e+00
-9.686373983595215620e+00
1.297641533556848614e+01
-7.723408808692041383e+00
-3.031676855579752861e+00
1.181011454298030827e+01
-1.266024736203872081e+01
5.862728489557388123e+00
2.564579315248700198e+00
-6.061967620988896854e+00
2.944403576099182018e+00
2.538639657764342417e+00
-4.260552038466036251e+00
-2.374302852963445787e-01
7.524756809595029239e+00
-1.122586967175266714e+01
7.504971383918330297e+00
1.631092244914527534e+00
-9.943085318924278937e+00
1.197927024707155041e+01
-7.216213867981304375e+00
-7.884032775403754245e-03
4.398844347517698594e+00
-3.935283552514785566e+00
9.303461774527690409e-01
6.135765016777683378e-01
1.254183770440439716e+00
-4.870430963326594309e+00
6.679175192694454921e+00
-4.448293586355381635e+00
-8.807997324510532522e-01
6.101492107291702105e+00
-8.324962650886529758e+00
6.920411260108730644e+00
-3.401673099800007094e+00
-1.927768532518002731e-01
2.745965975268584103e+00
-4.218162410005170671e+00
4.849383261641436071e+00
-4.562810690794655955e+00
3.205449694074877343e+00
-1.139452715277281758e+00
-7.400855921587681241e-01
1.769734800736218361e+00
-2.235559435958861307e+00
3.078351710426327159e+00
-4.662453899926804368e+00
5.859723826535549129e+00
-4.670575086969408929e+00
1.724435349448842913e-01
5.942483869931676210e+00
-9.982501753080272877e+00
8.962353277520328731e+00
-3.253253096710071013e+00
-3.298884954713394269e+00
6.257366245443185093e+00
-4.230906020030104742e+00
7.425628144699025768e-02
1.616259674436359983e+00
1.286658470238223329e+00
-6.239191587996505639e+00
8.002419518474676252e+00
-3.323785729417958912e+00
-5.718512882356289850e+00
1.284273021248399971e+01
-1.251048615470651626e+01
4.609157096934350939e+00
5.208075900892813692e+00
-1.000010666259967351e+01
7.147952269285688942e+00
-3.352816534124261061e-01
-3.818069510664823252e+00
1.589286634464299297e+00
4.590512920848770939e+00
-8.300769923830666031e+00
4.868564877968982962e+00
4.294137000695116058e+00
-1.255148255457197770e+01
1.343310765239211690e+01
-5.986987351747190544e+00
-4.429927929266243680e+00
1.053858834331002470e+01
-8.938792013137661030e+00
2.469109097605465930e+00
2.676121362187863006e+00
-2.395897020224146523e+00
-2.019462406596253423e+00
5.411729750847861453e+00
-3.546782074705290277e+00
-3.080209296813225972e+00
9.631973428640824508e+00
-1.099691021404071378e+01
5.949582533906301762e+00
2.044160087871746079e+00
-7.797306281436700459e+00
8.418163844872120549e+00
-5.043540167226957749e+00
1.191193103054363878e+00
4.568036996820978857e-01
2.450894711275264370e-02
-5.503053040023815345e-01
-6.402478794288808395e-01
3.330625481827202528e+00
-5.674300122630546284e+00
5.911147709712415654e+00
-3.739665139990497433e+00
2.596552499964479566e-01
3.107217870071296240e+00
-5.491668540218094918e+00
6.553083376233310275e+00
-6.004045989099077829e+00
3.579042240975117473e+00
3.509941599717372185e-01
-4.317287951285093683e+00
1.413163595823996488e+01
5.258187194024550593e-01
-8.947619024871215743e+00
4.230729023471950789e+00
8.016530437228091444e+00
-1.470521647276447830e+01
7.071346480772820797e+00
1.103370336590018930e+01
-2.574774916113242895e+01
2.466773053533162852e+01
-7.415212391086813071e+00
-1.377813511356922049e+01
2.399180803261928219e+01
-1.759337412354579655e+01
2.179355232470314263e+00
8.582053629475899115e+00
-6.763544092078971559e+00
-3.546636206613153597e+00
1.061361601266551880e+01
-5.876337926621841845e+00
-8.349215112939466721e+00
2.081889908291666558e+01
-2.097602903919723616e+01
7.783785600896342416e+00
9.631060536470487321e+00
-1.963685825937858809e+01
1.720345212636354049e+01
-6.883543187548238684e+00
-2.174774749732526047e+00
4.210474812809890999e+00
-8.565855655737681928e-01
-1.678948253986177530e+00
-1.025096008093309585e+00
7.638053044614313336e+00
-1.266955306710200446e+01
1.156768703563666634e+01
-4.474249468496060977e+00
-4.394746973896753062e+00
1.051690234880368990e+01
-1.219905013832757845e+01
1.056411272959003611e+01
-7.268180389500880523e+00
2.823945805588955693e+00
2.799462862255109208e+00
-8.474444567232477965e+00
1.161496131276975774e+01
-1.016526687558100939e+01
4.957604896573910125e+00
3.572161637647415233e-01
-2.355864239370434987e+00
1.168808283592186470e+00
-5.763665375303617111e-01
4.204439987302907689e+00
-1.115687632896370651e+01
1.558263889674344860e+01
-1.140093554702212231e+01
-1.597924181789427855e+00
1.603415394324819587e+01
-2.198326359055712587e+01
1.506636918756204402e+01
-5.766331097705972297e-01
-1.045651609612216504e+01
1.039276594334787163e+01
-1.509520692363950367e+00
-6.029600518752498139e+00
3.369883358909704363e+00
8.614028388518615742e+00
-1.934638583352136720e+01
1.749876803483939014e+01
-1.332420895005016703e+00
-1.873499309493343645e+01
2.804755571050548113e+01
-1.969530109298463927e+01
3.539785738753344901e-01
1.517485163066285381e+01
-1.620393677228420515e+01
4.760897809056253926e+00
6.780308320320449944e+00
-6.894945061683327658e+00
-4.842368997528099683e+00
1.736192958903099637e+01
-1.786734814124615411e+01
3.249401084583935173e+00
1.675993352510988998e+01
-2.740660810116446555e+01
2.097608404266589233e+01
-2.856652311780073283e+00
-1.331063633261275214e+01
1.694324800881296156e+01
-8.577297543087397003e+00
-1.832943113428664894e+00
4.301569817792917583e+00
2.570986680391914803e+00
-1.102779295310485175e+01
1.159105861028607265e+01
-1.621174671973847126e+00
-1.240259978562400889e+01
2.043835410436438238e+01
-1.707546774523447652e+01
5.357447838413194496e+00
6.478914207903216038e+00
-1.187068043930602101e+01
1.033421666235590131e+01
-6.212541937068506215e+00
3.813780700543480506e+00
-3.753227292957213024e+00
3.460736601161051418e+00
-5.914612778259986658e-01
-4.375964209791664672e+00
8.710548657006217610e+00
-1.011324636279445599e+01
8.531243504666701227e+00
-5.426467020614511583e+00
1.734326696680896340e+00
2.904118514895943193e+00
-8.670189982556493646e+00
1.367621853137561772e+01
-1.432430648792087879e+01
8.352485074270143528e+00
2.153215886143578395e+00
-1.118986972191579632e+01
1.319593675789206344e+01
-7.831608442459524255e+00
6.158303549780370645e-01
1.772358476687078133e+00
2.304670580680326708e+00
-7.496252750411744437e+00
6.112216277587324775e+00
4.338881210733502414e+00
-1.759266807122585163e+01
2.291562712205709218e+01
-1.417009749973487232e+01
-4.133056538478626862e+00
1.954761716795026771e+01
-2.147950030726065407e+01
9.917765259734602878e+00
4.557357467956721919e+00
-9.820011028966749933e+00
2.660272228967031083e+00
8.481919589480208188e+00
-1.110483309386600936e+01
9.186113760073677525e-02
1.704762461063880252e+01
-2.600975493289728746e+01
1.784205215655353527e+01
3.016551456920395058e+00
-2.187176700465613521e+01
2.559428236074000651e+01
-1.313962007666583354e+01
-4.110367493557955498e+00
1.230908632574999118e+01
-6.744618147792465379e+00
-4.815814124092932857e+00
9.631598829727053612e+00
-1.559797120786317493e+00
-1.341758558560317205e+01
2.235571851771689822e+01
-1.652772377452624397e+01
-1.081018826762753626e+00
1.822771654930190266e+01
-2.341500562119829709e+01
1.478499163743287959e+01
-6.379243612783082051e-01
-8.231690618612478971e+00
7.366691639602105823e+00
-1.224066622818995143e+00
-2.011825367188758040e+00
-1.820851974700978815e+00
9.437606472148690528e+00
-1.353211429958372314e+01
9.444651181181068722e+00
9.534719369237567577e-01
-1.116199463142204351e+01
1.545897404899413452e+01
-1.285301940112884367e+01
6.597226756812849757e+00
-5.839522545523744279e-01
-3.598446533488997012e+00
6.541511688427210203e+00
-8.820204744154553467e+00
9.602817625487345410e+00
-7.614999348914139432e+00
3.136236962895826430e+00
1.541841055615698286e+00
-4.057014353363232573e+00
4.363282911048393942e+00
-4.792298359687586107e+00
7.295878078080442641e+00
-1.054684113838738213e+01
1.025276328376731527e+01
-3.133770037209493431e+00
-8.885958186797934033e+00
1.866673048576509331e+01
-1.898675550301556569e+01
8.829151839509005839e+00
4.928727272775422108e+00
-1.260940624297568746e+01
9.720087887975671137e+00
-8.618687075812427878e-01
-4.281022098532588416e+00
0.000000000000000000e+00
1.000469827114053167e+01
-1.311930418286252475e+01
7.929423114406163542e+00
6.185302532541001597e-01
-5.582787159583720182e+00
3.844026845138657222e+00
1.572178220498797296e+00
-4.517475928686855546e+00
1.326829724410515610e+00
5.885119096788957727e+00
-1.101870494606490780e+01
9.224989400314813182e+00
-1.046535697434135770e+00
-7.999805400088153995e+00
1.189322255272065831e+01
-8.762045322474151021e+00
1.911539320721597157e+00
3.330835848283842715e+00
-4.012069239972837487e+00
1.477784715086645662e+00
4.878499368708943962e-01
6.727881042638923503e-01
-4.112409451717790709e+00
6.576967341713480408e+00
-5.399481400810521414e+00
7.506525447706398069e-01
4.645660271664256769e+00
-7.772987139482028240e+00
7.441155730736969787e+00
-4.619942181965661199e+00
1.141440806865335889e+00
1.746011710882414469e+00
-3.743642303928167880e+00
4.885026029909518286e+00
-4.973980740191668914e+00
3.788741675550383547e+00
-1.683262524064538024e+00
-3.446722329558618014e-01
1.444710706129941791e+00
-1.791825840770990830e+00
2.459055227012727052e+00
-4.149455137168411412e+00
5.982558365028788572e+00
-5.784138629907953799e+00
2.015721501182750952e+00
4.270362917348798248e+00
-9.479757080626388444e+00
9.971057054110611162e+00
-5.120652859236912491e+00
-1.786056548400904109e+00
5.947496022882990729e+00
-4.942211391242961049e+00
7.851494417350908250e-01
1.833820278839581430e+00
1.977189125063328889e-01
-5.362495788333165869e+00
8.532427285902276282e+00
-5.438295454901848736e+00
-3.202435359574293816e+00
1.165231269797052782e+01
-1.355651264415063117e+01
7.210016161562547765e+00
2.832292008586209775e+00
-9.335080021124717575e+00
8.240284664596913444e+00
-1.852847758301293890e+00
-3.376657594992912514e+00
2.572639311246190275e+00
3.283900294659030994e+00
-8.234623228402689676e+00
6.642802954624818845e+00
1.674528706189324589e+00
-1.095082270933696122e+01
1.409542508410641481e+01
-8.525201100885613670e+00
-1.729195176951033641e+00
9.364014741243529727e+00
-9.686639651833521825e+00
4.082303420592003462e+00
1.694416540467494681e+00
-2.700689068033507390e+00
-1.084266995822641189e+00
5.127853974845367091e+00
-4.626017805285090212e+00
-1.162342181425225718e+00
8.231432271731840444e+00
-1.120520874270073364e+01
7.736934025957426186e+00
-2.288754189272004247e-01
-6.336894604084693405e+00
8.356478676702938202e+00
-5.987824695536365205e+00
2.262281945568709318e+00
-1.237311884626732805e-01
1.376839284651287798e-01
-6.446060552531989174e-01
-2.082567777101096418e-01
2.635191149396707289e+00
-5.139797542912508455e+00
5.958133626105899694e+00
-4.486105889188718443e+00
1.476061217836951212e+00
1.841674375168456557e+00
-4.604164507925056604e+00
6.357186267155798376e+00
-6.614155345141277564e+00
4.824895160725539256e+00
-1.061027624343458875e+00
-3.336686606308500114e+00
6.177840158109894730e+00
-5.956989502746986354e+00
3.236491992113402105e+00
-4.030112759079029772e-01
-3.219627575947074938e-01
-1.025711972577580511e+00
2.003445548003975230e+00
-7.083941118961822880e-03
-4.932126431487739993e+00
9.465591970821197521e+00
-9.375980023859575851e+00
3.323455379805976051e+00
5.414085957207490196e+00
-1.106095850014978410e+01
9.858947613562731860e+00
-3.214971793729589411e+00
-3.366184503046588450e+00
4.867473713387537870e+00
-1.016731180286892355e+00
-3.530214172610290913e+00
3.385005082151867573e+00
2.566297686963577629e+00
-9.781189305359159647e+00
1.170786749628888401e+01
-5.472472166571085594e+00
-5.298417616068038072e+00
1.309580798440352822e+01
-1.251710022967309222e+01
4.604082038242669483e+00
4.147334519241658413e+00
-7.255817876213272122e+00
3.538882187276245705e+00
2.251788504223234622e+00
-3.878792751357981849e+00
-7.754104610840522049e-01
7.802511314858318059e+00
-1.065904741068871076e+01
5.872217941660364815e+00
3.857443243060663995e+00
-1.176286249967676589e+01
1.245695029183749725e+01
-6.093910192657081559e+00
-2.126027080956228055e+00
6.440407785460456225e+00
-5.054482310608561235e+00
9.988861132918758212e-01
1.070376205228489752e+00
9.095597954041707567e-01
-4.817584902299273608e+00
6.509041994949359200e+00
-3.582438528250960097e+00
-2.565983738998506958e+00
7.978103220136609330e+00
-9.333476083949832969e+00
6.303167113110960784e+00
-1.296671346098463573e+00
-2.770931749511093223e+00
4.550652745589358616e+00
-4.570643016080474297e+00
4.002360722744762178e+00
-3.376742904736514284e+00
2.421708819085923281e+00
-8.386400986124724621e-01
-1.074021432003690268e+00
2.660809716634110700e+00
-3.613761867001386907e+00
4.186837562913437338e+00
-4.580631132195803090e+00
4.242279112937895391e+00
-2.113421307933383009e+00
-2.102668882545932316e+00
6.866178204436775623e+00
-9.304884282235988735e+00
7.327589573079729135e+00
-1.659952302642009769e+00
-4.212420656711126199e+00
6.558917512423958485e+00
-4.445282308130144244e+00
5.906172079224853988e-01
9.716286258097230899e-01
1.416545829795467615e+00
-5.281933729531771426e+00
6.007148257569134842e+00
-1.074829581330666084e+00
-7.137736688965665266e+00
1.273000880007733571e+01
-1.098247130593992793e+01
2.493696233678962759e+00
6.927878335529751297e+00
-1.078052002429465261e+01
-2.361688103548973960e-01
1.073321590477671350e+01
-1.657164527653635488e+01
9.560756922063280427e+00
7.986354487089515786e+00
-2.396940303832905528e+01
2.599953366773338814e+01
-1.184960626995848365e+01
-8.227471441430301624e+00
1.965281993867247223e+01
-1.543058668388756516e+01
1.659161294512556672e+00
8.137241597366214663e+00
-4.988869775997411438e+00
-7.627461569141824604e+00
1.689063614210758502e+01
-1.208137650982454403e+01
-5.584232425521754806e+00
2.335063184933268587e+01
-2.732569933429067532e+01
1.402313342320400125e+01
6.774815321734361184e+00
-2.015097364128447310e+01
1.812326990107607472e+01
-5.442674807441965079e+00
-5.446498258397404868e+00
5.499217879482912075e+00
3.489181337432302854e+00
-1.122845681476588808e+01
8.543210297759550542e+00
4.369644555468042313e+00
-1.807033917819258306e+01
2.190724743999735580e+01
-1.277152075564508316e+01
-2.782229259776364927e+00
1.432891239052322874e+01
-1.584799639564912788e+01
9.483630692767352599e+00
-2.284852878742629656e+00
-4.215292397441237071e-01
-9.977904158355190845e-01
2.118630747843702089e+00
5.933733100607190281e-01
-6.392057434176724229e+00
1.121719257586351404e+01
-1.152281823101025005e+01
7.115265015180529673e+00
-6.545538601076366092e-01
-5.052068341256640949e+00
8.954000574767654541e+00
-1.121686132887313647e+01
1.148934358848146076e+01
-8.483192296894575435e+00
1.687551256595790861e+00
6.705370902553140056e+00
-1.230771705216237422e+01
1.179190598399553025e+01
-6.076259187674029505e+00
4.623948965666535571e-02
1.587677533062470836e+00
1.227952550682658739e+00
-3.497078479638410009e+00
-1.526016600015920321e-01
9.666502675087958352e+00
-1.823835800888845782e+01
1.746851218950300222e+01
-5.018099492424525465e+00
-1.211610750945125758e+01
2.229738096755880150e+01
-1.853797198423604087e+01
4.508768578867002219e+00
8.274423571348480166e+00
-1.010871673950422789e+01
1.411119691598335280e+00
7.721190270723758076e+00
-6.623306336962033747e+00
-5.973385216205763015e+00
2.003331782837564390e+01
-2.245211815185541582e+01
8.580963407059535086e+00
1.299609010715221480e+01
-2.688943307515699743e+01
2.334149522868165860e+01
-6.150839295945560004e+00
-1.069962195946082417e+01
1.483015522078155080e+01
-5.573178278685356091e+00
-6.176993787657631074e+00
8.037325810159348549e+00
2.751599118623037299e+00
-1.682747522063612777e+01
2.088738021345068319e+01
-9.353202820195924971e+00
-1.056842853916543312e+01
2.467617733378437350e+01
-2.330985808217423383e+01
8.805788629980620286e+00
7.149291006347473498e+00
-1.352580084476971223e+01
8.559470154281537901e+00
7.410378944227269393e-02
-2.966197080948072440e+00
-2.611596158284767100e+00
1.081446105796059243e+01
-1.295596956045094572e+01
5.361419466977788595e+00
7.534732424122219996e+00
-1.709694261828065009e+01
1.750942185081291669e+01
-9.790199364837597784e+00
-9.014302896942183452e-02
6.553487347703734756e+00
-8.245475004696414700e+00
7.498694908238342727e+00
-6.883357072037058266e+00
6.624872607300586580e+00
-5.139014744904976340e+00
1.502218717804158388e+00
3.107546822247658547e+00
-6.502860095680327746e+00
7.699152736205610026e+00
-7.630462599869105134e+00
7.508649015702701490e+00
-6.753576583605040540e+00
3.155562833190570515e+00
4.375612086523521072e+00
-1.319614861684485163e+01
1.767757203425109225e+01
-1.354720314756565003e+01
2.216425150885626749e+00
9.261880974733758265e+00
-1.340075104940768824e+01
8.536792695864168223e+00
-4.520991221582892905e-01
-2.619967888417652269e+00
-2.420685155413510259e+00
1.020972592488004693e+01
-1.134153161624393746e+01
1.128809123258627256e+00
1.505842081133580379e+01
-2.515732454839722010e+01
2.023992484162438998e+01
-2.525777940341265015e+00
-1.565760720709571174e+01
2.160158784859512693e+01
-1.258420495269510297e+01
-2.060788038877844564e+00
9.142495651911055177e+00
-3.118620989735385596e+00
-9.094130381992357570e+00
1.431879693066919934e+01
-5.041246602926914733e+00
-1.335554037364599012e+01
2.653094739751287534e+01
-2.312056689683285526e+01
4.482252766547598632e+00
1.613562144652562935e+01
-2.433368682168786989e+01
1.607587415474770509e+01
-2.970372204061701993e-01
-9.320944140263273781e+00
6.078407309424132876e+00
4.586065460029066898e+00
-1.063233068385425639e+01
4.464258626251011108e+00
1.023905000111827057e+01
-2.165947468937359588e+01
1.994168639230739615e+01
-5.430348061113216218e+00
-1.181710106429180485e+01
2.039369313848532528e+01
-1.638069439168942409e+01
5.384144988023648715e+00
3.245378723845626645e+00
-4.411410615763045051e+00
5.983566586414639232e-01
1.678221050224167232e+00
1.595342511172230360e+00
-8.419180812285855353e+00
1.298469248981644597e+01
-1.101044083693281372e+01
3.220123801171879130e+00
5.756047709843104876e+00
-1.140556446438440474e+01
1.235150633108892926e+01
-1.004603624093367742e+01
6.312759299491085940e+00
-1.709042907137472866e+00
-3.770327084815205509e+00
8.998933399762375274e+00
-1.152473667126333723e+01
9.581059154156868374e+00
-4.265766412263817031e+00
-7.808621489054938802e-01
2.473278375018025166e+00
-1.327669503358899661e+00
1.156690760833653187e+00
-5.139166528672555856e+00
1.180231377702402185e+01
-1.516589370321406172e+01
-5.392543306143854132e+00
4.572987916338442815e+00
-2.623812668612105270e+00
-1.362753992119936086e-02
3.082029341802014599e+00
-6.020093726481373864e+00
7.578835166512416954e+00
-6.391257120875859066e+00
2.290649483472336101e+00
2.909580109111670865e+00
-6.295344414753640372e+00
6.020106856114253446e+00
-2.941788799357810902e+00
5.106616594780399865e-02
1.146965804184231219e-01
2.111312498950349781e+00
-3.608049601611468926e+00
1.289465827698057510e+00
4.683635203115315448e+00
-1.032173097809882911e+01
1.076677783617511430e+01
-4.512719204258774042e+00
-4.806210402182518493e+00
1.091148449428442291e+01
-9.832228747214008635e+00
3.168689070742142455e+00
3.244255351334176307e+00
-4.292964189506607298e+00
-3.728473007881838441e-02
4.705132329612907505e+00
-4.154870044293357267e+00
-2.530409350001606050e+00
1.041699929097710253e+01
-1.267657481356123483e+01
6.436122414407446257e+00
4.502671164317299635e+00
-1.250828576126884073e+01
1.221473552393139528e+01
-4.748134040057125027e+00
-3.453645620386363024e+00
6.153278526956373895e+00
-2.421871984231166675e+00
-2.960326354361054069e+00
4.005415496011183407e+00
1.078249209312798662e+00
-8.255833436831053973e+00
1.113860836152051981e+01
-6.487937780997564019e+00
-2.975547631180249120e+00
1.076223649167627272e+01
-1.181758503212878963e+01
6.319175107533574476e+00
9.513688678655459752e-01
-4.824013385425295120e+00
3.798740841992696460e+00
-6.395508035816792614e-01
-6.257568970078093429e-01
-1.589433989246900047e+00
5.223486169584743877e+00
-6.634375907898624192e+00
3.870262372692951036e+00
1.731022230525778305e+00
-6.766329103527460198e+00
8.473214077206584705e+00
-6.535631105617219383e+00
2.728913433445577574e+00
8.456112660364700773e-01
-3.176441576415069079e+00
4.371648164179068985e+00
-4.768979311462475223e+00
4.331787950091165129e+00
-2.919387921756913862e+00
8.825947777480416256e-01
9.361280166776557721e-01
-1.950673450941800446e+00
2.476551686729187018e+00
-3.371888708043008887e+00
4.844253354847007920e+00
-5.683505299387078935e+00
4.020828842830777461e+00
7.520730899506542499e-01
-6.670554238765781463e+00
1.006858227087046487e+01
-8.334033269997561888e+00
2.310259767803231945e+00
3.959330371689276262e+00
-6.297617699454664653e+00
3.835591237775957119e+00
2.242845357986373855e-01
-1.425191887422214698e+00
-1.835560087067509727e+00
6.563229238940667010e+00
-7.572724818850282702e+00
2.182670736525763822e+00
6.892454429606949873e+00
-1.322212801028830143e+01
1.178095054859033652e+01
-3.250514345410399297e+00
-6.278165971384256139e+00
1.014314718342211030e+01
-6.490150218570605034e+00
-3.856654959863177190e-01
3.913800268097836543e+00
-1.023544777726776989e+00
-5.176346998515688469e+00
8.164493321103647006e+00
-3.851157555413307509e+00
-5.570589402894200681e+00
1.315405953814840245e+01
-1.286935017735589604e+01
4.609781052505542931e+00
5.699069282687059257e+00
-1.093123766226684168e+01
8.406285987628105971e+00
-1.641344918218795135e+00
-3.072262314620492596e+00
2.146941892587530099e+00
2.483374406717459681e+00
-5.447369395258624181e+00
2.894622909828504120e+00
4.047403687159016883e+00
-1.020575204413570169e+01
1.070708810142007295e+01
-4.932809258147528908e+00
-3.166167042855637881e+00
8.397867766333815709e+00
-8.297591876310383086e+00
4.487283404184189806e+00
-6.629707874399739520e-01
-6.917451017168003702e-01
-8.013141740176976668e-03
4.980187107394287160e-01
8.863717037602811821e-01
-3.688224977608932420e+00
5.901325442433292601e+00
-5.805685913005785181e+00
3.282130466397733315e+00
3.906323362672194932e-01
-3.714711444003182095e+00
5.848353039032098799e+00
-6.535515274142264630e+00
5.602732540284243612e+00
-2.920763197773631248e+00
-1.017514818764606588e+00
4.718235874039603317e+00
-6.335450480703169518e+00
5.093838993112790092e+00
-2.168174326354892933e+00
-8.949141097806556644e-02
1.818397500381130349e-01
1.041457321760520749e+00
-1.027630742203291980e+00
-1.979940671233171079e+00
6.777155303338529002e+00
-9.591532339971960752e+00
7.107784109677636408e+00
3.247259930726817956e-01
-8.280365477233132765e+00
1.140685645922175695e+01
-7.727803338772646136e+00
4.062730904821840738e-01
4.763903612941637888e+00
-4.196281882752654901e+00
-4.478147648990860041e-01
3.767591236899205054e+00
-1.521796469525297013e+00
-5.311780368835162136e+00
1.099347088932878336e+01
-9.822836628154053784e+00
1.250325725105430275e+00
9.183171718206185830e+00
-1.408392889082430344e+01
1.015996855087151829e+01
-8.656542166970959684e-01
-6.532369763685563768e+00
6.986229521342512072e+00
-1.671088342197917687e+00
-3.397857189212955209e+00
2.850164940919492462e+00
3.243964223539896885e+00
-9.403361528000811376e+00
9.519345732850311492e+00
-2.230308405136476324e+00
-7.728761798554213414e+00
1.331089254988560810e+01
-1.080926150444392064e+01
2.627960860667930554e+00
4.993458155433100565e+00
-7.161847781434989457e+00
3.978865659403544530e+00
2.269707091579902247e-01
-1.080277714105896791e+00
-2.038703009867223415e+00
5.749543943134096224e+00
-5.910456097941140463e+00
1.323249044276335162e+00
5.264374363585975658e+00
-9.486838070918571120e+00
8.807941430547996831e+00
-4.179476239010501359e+00
9.739464762817839016e+00
3.742482428810263162e+00
-1.737771875864476101e+01
2.167003397486418592e+01
-1.338047975802391676e+01
-1.233520402893240941e+00
1.116575949766061804e+01
-9.797148756912543277e+00
5.662221841817096646e-01
6.083438544545828996e+00
-2.183225102927242922e+00
-1.008857143598158146e+01
1.960816993389110507e+01
-1.582929850685212259e+01
-1.446465505751916902e+00
2.078325000711760850e+01
-2.793449976390439815e+01
1.755575482252111286e+01
2.212317130479114713e+00
-1.639742530751978933e+01
1.555041993725219385e+01
-3.278186364251644225e+00
-7.464984915816707201e+00
6.039502185585822858e+00
6.431095879488378131e+00
-1.803713970787691068e+01
1.660893481900243884e+01
-6.216757720188388348e-01
-1.898689552214177212e+01
2.765666930633172171e+01
-1.911228732121140439e+01
2.465407117995196407e-01
1.492537321946228168e+01
-1.679811747335321570e+01
7.346638961061936257e+00
2.776669420690260015e+00
-4.126778240764132022e+00
-3.489767019051333463e+00
1.153623522383921163e+01
-1.083705513335120330e+01
-1.666476407702788265e-01
1.408007714746453409e+01
-2.086277967905139619e+01
1.597575222674053208e+01
-3.466457307699428725e+00
-8.054959644674607233e+00
1.245827052733628193e+01
-1.003013208893187169e+01
5.585185184493269617e+00
-3.338250133259800911e+00
3.489462985905268155e+00
-3.172934889236222133e+00
9.144244815122548609e-02
5.017488468584637928e+00
-9.234494820339891774e+00
1.028233805014431468e+01
-8.254006934147934516e+00
4.731442010905702489e+00
-7.178690097401210224e-01
-4.040398763930346249e+00
9.554611619704409975e+00
-1.385312175783456823e+01
1.354710730342595504e+01
-6.875935584524242472e+00
-3.601391366053838361e+00
1.185591941438013208e+01
-1.286373137475349004e+01
7.009289970628085342e+00
-1.130018124908644950e-01
-1.570362554440496661e+00
-2.782673024241718807e+00
7.362157310581666003e+00
-4.876588245566180646e+00
-6.154252887503862013e+00
1.870300711867405141e+01
-2.227546336845473363e+01
1.191837525984060520e+01
6.633492797803898888e+00
-2.069922896010917412e+01
2.069527579882409540e+01
-8.074601743178320135e+00
-5.873518289101640200e+00
9.663784039271750004e+00
-1.519846592327808832e+00
-9.149279720991593479e+00
1.021517231068502163e+01
2.007201113943465565e+00
-1.875200317085150203e+01
2.576619311649424304e+01
-1.549500900731862885e+01
-5.997479254454370690e+00
2.350875912360845632e+01
-2.494594679421448546e+01
1.098969871476579030e+01
5.978250409689266576e+00
-1.261338843717622638e+01
5.707353896616242039e+00
5.790254329266655731e+00
-9.278609459999900722e+00
-8.676012547201139569e-02
1.502392948290812313e+01
-2.242474714002663916e+01
1.468600444095865498e+01
3.735187378620555165e+00
-1.998299295465036352e+01
2.326622783296210173e+01
-1.312300226442181028e+01
-1.199004683355862522e+00
9.088554473799877798e+00
-7.110725229737206554e+00
6.480401067063406018e-01
2.031872579489759190e+00
2.515256346161416801e+00
-1.019606550115508625e+01
1.351660068221129940e+01
-8.370489320198865713e+00
-2.582583667841380048e+00
1.245892221286847246e+01
-1.579541248205565651e+01
1.221163343861506334e+01
-5.434548407006259296e+00
-5.684540656304302164e-01
4.424368008844718148e+00
-6.957050180600699463e+00
8.842392000078071135e+00
-9.277741439705879500e+00
7.055025126469979924e+00
-2.539115826425917710e+00
-1.999336685723969165e+00
4.371183582975008974e+00
-4.703417373004640467e+00
5.275211987742331132e+00
-7.728824924545771857e+00
1.044793858698567668e+01
-9.242848264826239557e+00
1.406621902056388151e+00
1.048425554525657688e+01
-1.914806872828474127e+01
1.798627698988489243e+01
-6.978150029802911547e+00
-6.417566736941408223e+00
1.287776301235416021e+01
-8.951659486026610324e+00
9.827795751038159722e-02
4.090633501776144598e+00
1.325533619071015856e+00
-1.162207060557982174e+01
1.605418679737005760e+01
-7.470396546991659115e+00
-1.044357758861914931e+01
2.506464088844632343e+01
-2.486330623047696520e+01
9.227568782859622232e+00
1.052139895659991353e+01
-2.016851149763135354e+01
1.421079804887227915e+01
-1.127610681941151327e-01
-8.507841354943812107e+00
3.911611340666464542e+00
8.963667334941572307e+00
-1.690355708610809771e+01
1.024172821812097034e+01
8.184424631561586949e+00
-2.481790774663944532e+01
2.649546734367129375e+01
-1.141476505580002154e+01
-9.373298629804743598e+00
2.110474902464115843e+01
-1.718407890321861586e+01
3.793805027756741666e+00
6.304962301382973422e+00
-5.031253029581867153e+00
-4.489903761299792073e+00
1.144214484412083266e+01
-7.349661127939604022e+00
-6.309404831996867635e+00
1.934497939712547065e+01
-2.150779445404161550e+01
1.088396108931654638e+01
4.966496552317675395e+00
-1.555821310240130195e+01
1.569390138511106514e+01
-8.481858662357293355e+00
1.331218868048589687e+00
8.240367063354288035e-01
9.802626197441579592e-01
-1.985350687648347545e+00
-1.125594022651895898e+00
7.124817703010354109e+00
-1.166637943226329810e+01
1.132697741327890029e+01
-6.283159046932039082e+00
-4.993248560460763485e-01
6.135922287801469643e+00
-9.659547822215085233e+00
1.134356649348147528e+01
-1.094583365245862794e+01
7.367525931984385323e+00
-3.716741940560375212e-01
-7.667740642126853245e+00
1.720703435570587914e+00
8.000177048063054741e+00
-1.130979003883838274e+01
7.067464263581207717e+00
-4.952623699768565757e-03
-3.647000560223769394e+00
1.479121625362336712e+00
3.357112289563068508e+00
-5.283343278988247960e+00
1.392542353578448022e+00
5.938179659153465906e+00
-1.105330141360107099e+01
9.759513796162574195e+00
-2.706625642851197000e+00
-5.313713018338198424e+00
9.301684226599405747e+00
-7.763759223774879814e+00
3.248840388493720255e+00
3.385930357774391553e-01
-1.037867412763247899e+00
-4.162839712423727079e-02
3.637372541315713192e-01
1.442369267442025205e+00
-4.405072608230031328e+00
6.248443824250741407e+00
-5.416945808074023816e+00
2.210603809851474644e+00
1.739965003231690677e+00
-4.837564315993013508e+00
6.361233073074997080e+00
-6.272191477006986204e+00
4.638525911128946078e+00
-1.576421431769650550e+00
-2.239350996809845284e+00
5.335929791554566037e+00
-6.171780838076972309e+00
4.422664702495919364e+00
-1.533966087688773960e+00
-3.083219556009302309e-01
1.156103148367129130e-01
8.526133590633317993e-01
-1.655638012699132133e-01
-3.283247037078452557e+00
7.637566832311592613e+00
-9.113788335294557896e+00
5.196357460876687817e+00
2.699136904166686612e+00
-9.686486295420738912e+00
1.101947694549156864e+01
-5.988607014061074096e+00
-1.315869628443635531e+00
5.283796657114359085e+00
-3.480023736716146399e+00
-1.298043228128528792e+00
3.532370220682102158e+00
-2.599399498108234674e-02
-6.923466171428854565e+00
1.116442297851114240e+01
-7.944887870472109981e+00
-1.689090096698503185e+00
1.126847578912091308e+01
-1.394713853614758925e+01
8.051837935764741161e+00
1.574989175575324474e+00
-7.621840208849170573e+00
6.326948378980667087e+00
-3.629497467065900818e-01
-3.815090264832840639e+00
1.794624398656855746e+00
4.863719735863404559e+00
-9.971858449163516269e+00
8.134229830444391851e+00
4.578069820443464444e-01
-9.969524299863223860e+00
1.361586927769503319e+01
-9.087839525655823536e+00
1.832119922151844715e-01
6.551431536299451963e+00
-7.147040735231774633e+00
3.007838228768451749e+00
9.391120056669555183e-01
-8.308414092408034080e-01
-2.878247186405351599e+00
6.143384500858775965e+00
-5.119811072020201692e+00
-4.255101641728753492e-01
6.938700562857845533e+00
-1.004547348088667746e+01
7.951380928224568656e+00
-2.481175248021541879e+00
-2.775280733507195396e+00
5.307744848477612187e+00
-5.101424062260669245e+00
3.798400325278147527e+00
-2.813905413390240362e+00
2.251743299110804841e+00
-1.356760798977333593e+00
-3.198206668424938837e-01
2.357402318583358358e+00
-3.941389977290183033e+00
4.643239482941510232e+00
-4.561050826726476437e+00
3.759011535508098412e+00
-1.861329954476684811e+00
-1.471782298471912442e+00
5.551090382254356470e+00
-8.367805186582931043e+00
7.772403636702648555e+00
-3.395120429913461635e+00
-2.482871415383206326e+00
6.278632481030833823e+00
-5.873536007976839279e+00
2.452004507220425289e+00
4.203312174785382993e-01
4.974732386655116023e-02
-3.194557804798627387e+00
5.229029809455290945e+00
-2.627835142274487890e+00
-4.301108493087406615e+00
1.096572675280364706e+01
-1.193668438811108956e+01
5.580013051436090166e+00
4.150015144792988053e+00
-1.056496282157160849e+01
9.562388709968553613e+00
-2.943656127612982232e+00
-3.192725682255274755e+00
3.716734026034818950e+00
1.103217968809887317e+00
-5.884279445970808098e+00
4.966374417990337520e+00
2.357915284338930384e+00
-1.082458463741519772e+01
1.341533370728594932e+01
-7.292281358927891866e+00
-3.624309083072725812e+00
1.169037360301168249e+01
-1.165656838425515218e+01
4.724656233985061959e+00
2.807719904584669468e+00
-5.029197046943297167e+00
1.279688308961834498e+00
3.685395823583557551e+00
-4.188532379195409661e+00
-1.233828360679607883e+00
8.486557849002034359e+00
-1.141403335946907660e+01
7.030248946210812200e+00
1.988735477313990252e+00
-9.531804504566046887e+00
1.093797814266469359e+01
-6.388328591833398740e+00
1.717810382552076853e-01
3.195718889991485678e+00
-2.511942291946985151e+00
2.311360367023138629e-01
2.820592149290988004e-01
2.098477238965027247e+00
-5.427600065318435085e+00
6.612230152528669080e+00
-4.139957572738001801e+00
-7.740689137178220491e-01
5.351800217844931318e+00
-7.414207103900245954e+00
6.629125027558563588e+00
-4.089519434489890415e+00
1.059312802168976608e+00
1.775212839011352184e+00
-4.081850571623551360e+00
5.372112825570877881e+00
-5.081856873915725714e+00
3.241681186089153677e+00
-8.519631874950648331e-01
-7.477619796354630921e-01
1.100849575253032953e+00
-1.174631104616458366e+00
2.413020833424461387e+00
-4.992835078371481217e+00
7.031121819306933141e+00
-5.869240572614713436e+00
6.159568930541268195e-01
6.345116563020399170e+00
-1.060698601668632257e+01
9.101150895093590876e+00
-2.810119812983669085e+00
-3.710768749413858814e+00
5.919491248476995260e+00
-3.067121491735009364e+00
-1.171371653178746364e+00
1.973111898870990366e+00
2.164956581508639122e+00
-7.739388535455942630e+00
9.053947378540588176e+00
-3.303333190810234132e+00
-6.488228576443814788e+00
1.344669201824112648e+01
-1.232042088141971803e+01
3.879252834755229085e+00
5.581602322936133120e+00
-9.342255960563900175e+00
1.249796767284061616e+01
-1.125074999197587999e+01
5.312689827556853928e+00
3.637893109669452230e-01
-1.513420899368416173e+00
-1.325721052527534027e+00
2.992035774443023044e+00
1.375925487119762813e+00
-1.091117574987796957e+01
1.843702884214741289e+01
-1.608515826488098099e+01
2.646637063357188957e+00
1.404912374230645966e+01
-2.257986469453414458e+01
1.713542310312748285e+01
-2.606821574329142521e+00
-9.239637373019476740e+00
9.643532251340641182e+00
-3.549875263003823278e-01
-7.975115231514273262e+00
5.428887149414917346e+00
7.831974787132622851e+00
-2.091867171883278687e+01
2.126833213478196427e+01
-5.802276153533624914e+00
-1.557830086986480111e+01
2.754103003397273142e+01
-2.175301528957826847e+01
3.652458942531182196e+00
1.225613774083363161e+01
-1.457654446133842896e+01
4.250622696761145569e+00
6.975734974910917430e+00
-7.328614026004649951e+00
-4.449117774256675872e+00
1.793147803718231259e+01
-2.013310142171834372e+01
6.925429876566838949e+00
1.311650840230225334e+01
-2.563889923862773657e+01
2.215136319155901745e+01
-6.504452156947289510e+00
-8.965105574808577060e+00
1.387552594315880583e+01
-7.760300284224772582e+00
-8.747024443642646974e-01
2.884783584737880879e+00
3.443682118030277906e+00
-1.144491578596744219e+01
1.250795473797898438e+01
-3.821411183148663682e+00
-9.288991436933843104e+00
1.799144509662762914e+01
-1.706701864256348955e+01
8.390117331204969275e+00
1.606997021263423253e+00
-7.518642055548589553e+00
8.511918755486387766e+00
-7.319311221008812929e+00
6.554528707680269406e+00
-6.256976724439709869e+00
4.697084125335136306e+00
-9.705832406375514143e-01
-3.653673829983171473e+00
6.964928473970260825e+00
-8.025247695974602635e+00
7.769908982930317620e+00
-7.318733466116555952e+00
6.040126200281425994e+00
-1.904644982864134084e+00
-5.773961263512395803e+00
1.402842187771438454e+01
-1.735946349777920972e+01
1.213287484093948621e+01
-4.909595022541637377e-01
-1.029223182576601836e+01
1.327177171655968735e+01
-7.698314844463885365e+00
-1.268053865515827994e-01
2.329543045658016620e+00
3.227559385751394672e+00
-1.047340921452962448e+01
1.026069774067479301e+01
9.850978651783108830e-01
-1.683966787107309671e+01
2.520888730403881794e+01
-1.830954631260215137e+01
-1.810805724576987075e-01
1.736019870297077716e+01
-2.133420528863891263e+01
1.093553702006112083e+01
3.499197830815825583e+00
-9.164114942245396023e+00
1.940002675025980672e+00
1.004901814517516456e+01
-1.371637329376189385e+01
2.898817508644383700e+00
1.555691062766556243e+01
-2.701674837033569787e+01
2.130394018467360695e+01
-1.500134806317492853e+00
-1.829515075906362043e+01
2.438702596351479457e+01
-1.438884778692978550e+01
-1.540784613639978318e+00
9.886856428737349489e+00
-5.271983446583746513e+00
-5.579906452035990228e+00
1.048490419146646602e+01
-2.928144512503723540e+00
-1.207532271578151395e+01
2.227837043714330534e+01
-1.866655796793036615e+01
2.985891249670177494e+00
1.388697194467078333e+01
-2.091798343155291562e+01
1.536788951181841689e+01
-3.840315754337340071e+00
-4.233446845756528631e+00
4.506763652123448871e+00
-3.039115795301920997e-01
-1.635394514816814082e+00
-2.218202864248588924e+00
9.187430045036473203e+00
-1.320364089483423342e+01
1.032586133492092806e+01
-1.886151100560988780e+00
-7.101262792399112733e+00
1.219038459477415870e+01
-1.236284153506602834e+01
9.408546168950552513e+00
-5.300442200178803631e+00
6.124632026161513920e-01
4.662368535788420587e+00
-9.420807935750458384e+00
1.135379813671847415e+01
-8.969649837535101256e+00
3.595612295973229067e+00
1.174828623327063060e+00
-2.598242298504852776e+00
1.536744079050290424e+00
-1.779079179286402024e+00
6.036437820718893121e+00
-1.230589780187965587e+01
1.456582071193480132e+01
-7.973724608048345708e+00
-5.823649431457286418e+00
1.851281982564739792e+01
-2.113401814136655688e+01
1.160244932598298639e+01
2.959851227086685910e+00
-1.170726431977159976e+01
9.102912170556523463e+00
3.239037962066380061e-01
-5.994773160111154908e+00
9.215284601993252167e-01
1.145842497413629424e+01
-1.962712969955842368e+01
1.395532139532339500e+01
4.219521033321271375e+00
-2.259385158844357022e+01
2.750882344819501668e+01
-1.524453984772660853e+01
-4.704945319856365771e+00
1.738827120887344790e+01
-1.470823641545364069e+01
1.794588546764105619e+00
7.993211662498781678e+00
-5.043120528946420933e+00
-7.985071544925693487e+00
1.849839164089107157e+01
-1.511993299268694280e+01
-2.058154132145451953e+00
2.102337906464909167e+01
-2.759664801239658516e+01
1.703176277909629022e+01
2.351541321916261307e+00
-1.634071966849568724e+01
1.643793639515095251e+01
-6.040771711125195509e+00
-3.637597198697827494e+00
3.829064801640520876e+00
4.431338701793916535e+00
-1.192854741180829770e+01
9.920966868358084056e+00
2.020161026984542474e+00
-1.565499796961794665e+01
2.107208266794500773e+01
-1.468456565254445856e+01
1.519451159447748445e+00
9.539775134093336106e+00
-1.288806462138147424e+01
9.602412389709016338e+00
-4.917251077539908977e+00
2.884194020206720666e+00
-3.255342659259451210e+00
2.887037800201009752e+00
4.294831167046231357e-01
-5.671228713115171516e+00
9.733521222843213749e+00
