4.850118060134401610e+00
-3.259658241266331302e+00
-3.982936085321460595e+00
9.664685357005346589e+00
-7.644006889735757149e+00
-1.757298693181586380e+00
1.189287537592452182e+01
-1.520136768843326891e+01
9.251107156767035988e+00
1.547075100364601496e+00
-9.722440015343176256e+00
1.062746145824493560e+01
-5.548730454772020870e+00
-1.876109420018661211e-01
2.068867651626086435e+00
7.356202725795579767e-02
-2.618936554302478292e+00
1.875187019777301511e+00
2.524671739761081390e+00
-7.408079558487738581e+00
8.906387229594855626e+00
-5.658660716390405909e+00
-3.257778402871345236e-01
5.552185921383296474e+00
-7.723573752379758517e+00
6.912980913688985041e+00
-4.614690999841599250e+00
2.033285422585067614e+00
6.261788408612165568e-01
-3.441623867877486642e+00
5.781812825557978819e+00
-6.390536253163615399e+00
4.595936222727418752e+00
-1.313567196702520423e+00
-1.439359959136616629e+00
2.289937222540463502e+00
-1.835186337862701578e+00
2.050848297404975984e+00
-4.107574100717636512e+00
6.668985719501744569e+00
-6.597565597802285353e+00
1.838180502924366744e+00
6.015241131292714094e+00
-1.209818411945797223e+01
1.181203736096431101e+01
-4.766456140037174549e+00
-4.388489463696373605e+00
9.351955663867240531e+00
-7.215588903046137759e+00
8.866275535930006058e-01
3.391907234651290182e+00
-1.521205666969220438e+00
-4.657084438307458996e+00
8.724619544385918246e+00
-5.311574687365458125e+00
-4.758665132503525186e+00
1.442090407749538450e+01
-1.582741766675974660e+01
6.931400097130961058e+00
6.405001746817566399e+00
-1.479385777022108961e+01
1.274532503230657987e+01
-2.990044884966376770e+00
-5.957766010698113845e+00
6.995935427562788966e+00
-3.380378357356801367e-01
-6.873757933407175003e+00
6.921670838343902510e+00
1.586737310426861836e+00
-1.219596349222187115e+01
1.584157756676345485e+01
-8.485383593532400681e+00
-5.284908242223781194e+00
1.574889384913484314e+01
-1.575044937139058199e+01
6.225927447547928928e+00
4.919745759487181402e+00
-9.473318317724530147e+00
5.450326660494088316e+00
1.854815496544095943e+00
-4.910936754745793387e+00
5.895396732548690011e-01
7.246702233366566048e+00
-1.123190767915163946e+01
6.906728821355855530e+00
3.433491113530144467e+00
-1.257843815028687473e+01
1.419720026111920497e+01
-7.675891755947687578e+00
-1.846730129904333717e+00
7.915745981741796555e+00
-7.727978030028667789e+00
3.608357551985647671e+00
-2.161155695036338642e-01
2.904943655069347486e-01
-2.641899064667983410e+00
3.793134800391076755e+00
-1.431634238771194667e+00
-3.498385093747256924e+00
7.711270397545952449e+00
-8.385474432454731897e+00
5.267432815458377604e+00
-4.360602526468575491e-01
-3.657962054707323052e+00
5.883239994141360008e+00
-6.484355292294818440e+00
5.936936659867900090e+00
-4.136460772413789400e+00
8.434349014755992968e-01
3.256677037144502407e+00
-6.330671505859331916e+00
6.625463828437072600e+00
-4.112558676309443939e+00
8.069946412712640793e-01
8.692193428843437708e-01
-3.389105979272022395e-01
-4.684508719919531217e-01
-1.036010995466187357e+00
5.238857117500479887e+00
-9.203404797722395614e+00
8.746957790169602731e+00
-2.258472437563392443e+00
-7.113478949006680097e+00
1.323009983858759675e+01
-1.165876495562402049e+01
3.469778274573778631e+00
5.293225986251038684e+00
-8.366439797594370731e+00
4.407085554335910871e+00
1.911590956937365249e+00
-3.995440606404644157e+00
-7.433979277007036757e-01
8.277150029458699265e+00
-1.116544599737204635e+01
5.071525709629330692e+00
6.960771487420806203e+00
-1.636169776436324241e+01
1.578096596753736591e+01
-5.201765903976447447e+00
-7.782277615694096262e+00
1.393806638463403402e+01
-9.744813422845496120e+00
1.234774605990507368e-02
6.420046663573327095e+00
-4.262329491203679765e+00
-3.790591654763517226e+00
9.522724584009953475e+00
-6.449830257376259368e+00
-4.333595009906924034e+00
1.472946623881638750e+01
-1.621001539458829654e+01
6.891617343228454651e+00
6.805001074309660503e+00
-1.526008521269672435e+01
1.323733961067392073e+01
-3.691664372500953917e+00
-5.162434142645039969e+00
6.826765684407231305e+00
-1.614594866691092534e+00
-4.237823721655471054e+00
4.377527790592189660e+00
2.063445714135256459e+00
-9.783724166047429449e+00
1.192019425349238304e+01
-5.873024466862989179e+00
-4.551805348324725387e+00
1.227948715916878086e+01
-1.253826901746036526e+01
6.216214016057988623e+00
1.486079941178980013e+00
-5.554728457913631345e+00
4.855847714185511421e+00
-2.161932148241499263e+00
1.009227996120304116e+00
-2.457240735209493820e+00
4.510282038493382828e+00
-4.336763496404656415e+00
9.938256611090476866e-01
3.783146399107012670e+00
-7.164930593855210361e+00
7.493454375636946274e+00
-5.192063983397661175e+00
1.825736882779728454e+00
1.415001565802658900e+00
-4.235969140820202483e+00
6.500881269939029039e+00
-7.409539169794467028e+00
5.827372649801618287e+00
-1.627709027107945516e+00
-3.425505825674675542e+00
6.529799881686352059e+00
-6.022407818655652889e+00
2.937955473634412229e+00
-2.644738684226091152e-01
2.659534784716020006e-01
-2.227360853088459436e+00
2.898590274392542021e+00
4.222385588547943325e-01
-6.814560688734809801e+00
1.168370149669541291e+01
0.000000000000000000e+00
2.281853847900816135e+01
-2.970254824891442880e+01
1.726750055079480717e+01
3.130738924392963973e+00
-1.520892449302139937e+01
1.118954725665308736e+01
2.390948869835986201e+00
-1.111092990875273401e+01
5.554039635723344581e+00
1.042155675077349208e+01
-2.296403338733602340e+01
2.008151857608332591e+01
-1.925153980311733903e+00
-1.909693838328796289e+01
2.826056525989859125e+01
-2.006501968048656082e+01
1.918959100010701579e+00
1.258925693186003159e+01
-1.472616483859337677e+01
6.709651216731806755e+00
1.660844734218557939e+00
-2.212764706150481153e+00
-4.733541529493587419e+00
1.139876045826040496e+01
-9.949431508734701168e+00
-5.029937077726032157e-01
1.320038290554834148e+01
-1.944332195187482171e+01
1.544333245426444634e+01
-4.623480874511898264e+00
-5.929813985767514950e+00
1.116361563215276220e+01
-1.095918354995792043e+01
8.441708543285422195e+00
-6.158457713764033947e+00
4.020904625784176289e+00
-5.699462919776898673e-01
-4.363793674644211862e+00
8.712899503975908289e+00
-9.966784833215074357e+00
7.703645405374106581e+00
-4.036461163509782679e+00
1.368458298073242929e+00
1.896673095427736655e-01
-2.818691839332029048e+00
8.068125325173619800e+00
-1.392510249544008438e+01
1.531643236606720393e+01
-8.398314898712262888e+00
-4.983444452747457731e+00
1.719136748738582554e+01
-2.008932764949761207e+01
1.172396502053121026e+01
1.514843310938772447e+00
-9.732273616602448385e+00
7.719305703531444962e+00
5.367500522731116774e-01
-5.320520979836986797e+00
5.633181181188498532e-02
1.208801148221526844e+01
-2.006071462201945366e+01
1.427933801740476127e+01
4.311305425092106347e+00
-2.360189647676199343e+01
2.936428303986281918e+01
-1.683168378138836729e+01
-4.964986810713909904e+00
2.013332433565597057e+01
-1.866395628713642196e+01
4.381967507997388545e+00
8.677100785514596737e+00
-8.504199468132812356e+00
-4.413809438180678058e+00
1.741797252451654643e+01
-1.668273410395225298e+01
-4.057947995085240400e-01
2.216044374777665382e+01
-3.168857286436809062e+01
2.072235720574147777e+01
3.382787515678701951e+00
-2.338785011248026535e+01
2.589320606492383092e+01
-1.165936689322251674e+01
-5.882067704307249123e+00
1.235209376696736427e+01
-4.325261995281787009e+00
-8.514599783912323971e+00
1.242439778016404262e+01
-1.850097293113229568e+00
-1.560228310231106441e+01
2.552521708689788227e+01
-1.880343645651546325e+01
-8.016404676471458046e-01
1.973627229477312994e+01
-2.549751665636640752e+01
1.606745226655113257e+01
-4.219585780380818996e-01
-9.627399737892492482e+00
8.932312136942126557e+00
-2.012745724320897267e+00
-2.233715311062844489e+00
-1.131785705362998939e+00
9.026125750434419004e+00
-1.360725886963774123e+01
9.443312285238548043e+00
1.832684422695981752e+00
-1.308069798669072981e+01
1.752623887576089956e+01
-1.364674368972835339e+01
5.259150093743430787e+00
2.446245010382815277e+00
-6.881815290665096896e+00
8.722713410084971031e+00
-9.512857667619087465e+00
9.283853150633408546e+00
-6.718432153600923940e+00
1.373794466490608102e+00
4.794619995664048062e+00
-8.591300323207128997e+00
8.439616583546280637e+00
-5.933300373944103256e+00
4.196047787917968286e+00
-4.453438592617832370e+00
4.359574227337665420e+00
-2.273241276322779947e-01
-8.557839758650608530e+00
1.729616229278702377e+01
-1.879915206420622553e+01
9.547310630672502185e+00
6.173357461024562731e+00
-1.844297360307619726e+01
1.916583397173782899e+01
-8.782182416190710939e+00
-3.789094457489007972e+00
8.479005785924853100e+00
-2.701629049192283638e+00
-6.279336495758212955e+00
7.734146273715523101e+00
2.588819956359267760e+00
-1.768624708249801358e+01
2.438522967259605423e+01
-1.451052804283290243e+01
-7.294260827068426600e+00
2.618461988770176063e+01
-2.858361135186478563e+01
1.318201738296116154e+01
7.848582939931829650e+00
-1.871998172553771767e+01
1.287520283893691442e+01
1.961578472649295968e+00
-1.083384930325746964e+01
4.734897725950806269e+00
1.134431430122035600e+01
-2.248591513716317536e+01
1.670358600906717683e+01
4.317363163090687017e+00
-2.583493530331549692e+01
3.170449310881576110e+01
-1.742034652763934943e+01
-6.297923034964909128e+00
2.227482641784357753e+01
-2.059445842546757888e+01
5.887697881268843858e+00
7.563387609922350485e+00
-8.361913645141076046e+00
-2.581303302588946913e+00
1.350573137272601798e+01
-1.249432721160702187e+01
-1.960157100873963998e+00
1.945877514702683797e+01
-2.629258969802762635e+01
1.666941469452669722e+01
2.794275361307381189e+00
-1.869493916927643795e+01
2.146419782273832766e+01
-1.210527328010519810e+01
-2.771022893896496475e-02
5.746128995250241012e+00
-3.257587137981966308e+00
-1.673365377960881695e+00
1.951696066951193131e+00
4.210523915953487517e+00
-1.196086441010007029e+01
1.440128589299658124e+01
-8.613057508269234219e+00
-2.137247989581815943e+00
1.142934786595765928e+01
-1.476417969262016072e+01
1.220340344250578646e+01
-6.884841173230205946e+00
1.609153916794708206e+00
2.994263617136162736e+00
-7.386111689146868109e+00
1.097158569050363930e+01
-1.168993474219853113e+01
8.021252674119962123e+00
-1.226390266792349415e+00
-4.911346672826010895e+00
7.106382093478966766e+00
-7.455294275832162754e+00
-1.448048862871649245e+00
1.183517740371675231e+01
-1.602654854246696914e+01
1.036391754331062209e+01
1.466945124053026461e+00
-1.105379624569502184e+01
1.189898635571382179e+01
-4.622447134708661309e+00
-3.710168648939105918e+00
5.679995034515028962e+00
8.299382529274605680e-02
-7.684464848712453389e+00
9.090034982038151412e+00
-1.298849227202722556e+00
-1.059923041475266636e+01
1.726047774562774606e+01
-1.275106495976007714e+01
-3.632265909676893889e-01
1.283765786402362252e+01
-1.604980827622019746e+01
8.754139847074714709e+00
2.268158932353330659e+00
-8.087558728126683860e+00
5.013767737361211729e+00
2.685968897345615503e+00
-6.869578220772877941e+00
2.774261473220204000e+00
6.775774568203937420e+00
-1.372138757460369618e+01
1.159096235759160010e+01
-9.893684697236664327e-01
-1.080184556997396861e+01
1.564732622332028633e+01
-1.087136226551223217e+01
9.281370775989195021e-01
6.649831580785020790e+00
-7.366787704496436717e+00
2.842062708078008981e+00
1.383525926477036538e+00
-1.029053034739391137e+00
-3.333349993877098960e+00
7.150678550333985584e+00
-6.128331301670134401e+00
-1.805873211599973160e-04
7.302256724259331477e+00
-1.092952006606637383e+01
8.856617005363089490e+00
-3.013855926184252354e+00
-2.743810571480509886e+00
5.718853456739273255e+00
-5.854314085586345584e+00
4.763583173917846025e+00
-3.711192348965936194e+00
2.602317641918260094e+00
-7.062114746152845512e-01
-1.983833520084952617e+00
4.356937467235643346e+00
-5.174779144608542936e+00
4.312262020152743958e+00
-2.831842189789655073e+00
1.745846581738438985e+00
-8.106062408735663638e-01
-1.202202952630173849e+00
4.818844332780245487e+00
-8.469843815203327964e+00
9.126232159513477882e+00
-4.856193396647853433e+00
-2.875520682196256672e+00
9.544610413904816681e+00
-1.077488441111773909e+01
5.938791793576699618e+00
1.058434607581411058e+00
-4.831259275929912889e+00
3.039577692414606069e+00
1.533477160572919828e+00
-3.395370645314041091e+00
-6.042759333716273273e-01
7.973681349202345281e+00
-1.218660365521092714e+01
8.182083462876811097e+00
2.832711169756376268e+00
-1.360444164112347210e+01
1.629606708017421823e+01
-8.844319443654422130e+00
-3.158943765002112158e+00
1.084791468355630784e+01
-9.231319541734160694e+00
1.146947474205953554e+00
5.361380084785298372e+00
-4.080859028471354399e+00
-3.896823207725166327e+00
1.100151661534782122e+01
-9.714041433860128194e+00
-7.121351189199902620e-01
1.312115533936582068e+01
-1.803091756391906131e+01
1.134627875768455851e+01
2.221842350672766919e+00
-1.289934404748793106e+01
1.363938530179701125e+01
-5.503346085074026561e+00
-3.727011769341079805e+00
6.351430031728821923e+00
-1.140954229753102123e+00
-6.001492511712873679e+00
7.470313748888692373e+00
-7.073603731550930362e-01
-9.476671897641546494e+00
1.487931443783975638e+01
-1.071595820375600283e+01
-4.687170763178567512e-01
1.092096146790475863e+01
-1.386339234582867164e+01
8.540171260370350126e+00
-1.464334666340602054e-01
-4.897317415960929843e+00
4.101717385676499461e+00
-2.695720989623140440e-01
-1.665725659925342939e+00
-7.662793798572211657e-01
5.549967352432794598e+00
-8.207561756956664567e+00
5.803165089910615748e+00
6.156719795139933282e-01
-7.027013022248777219e+00
9.704344657201369628e+00
-7.822617997529379252e+00
3.421119642298415364e+00
7.576919649939336532e-01
-3.345273828052678589e+00
4.633471216032062578e+00
-5.310783042034787016e+00
5.296134012313777006e+00
-3.917954090199370576e+00
1.068107115471639723e+00
2.132941781764652323e+00
-4.074452626937900668e+00
4.128907434501430274e+00
-3.266411063825383820e+00
2.991363767995665501e+00
-3.554758134826825788e+00
3.350095193091117807e+00
-4.192667936757975555e-01
-5.135566838839315196e+00
1.025030604889044561e+01
-1.083825515828936936e+01
5.283255244601268608e+00
3.567804609382907888e+00
-1.004197125217871545e+01
9.958038062459193540e+00
-4.098441189807513041e+00
-2.309580211151589069e+00
3.960861986425681991e+00
-9.220156131580825587e-02
-4.732875331532063967e+00
4.618900426259605396e+00
2.158777446798147093e+00
-1.099436405235405445e+01
1.434230982785710040e+01
-8.085619871452003338e+00
-4.496833246879409884e+00
1.478632603757710129e+01
-1.550890368160263932e+01
6.601655761343042883e+00
4.709233264602424640e+00
-9.823684057481919751e+00
5.799327284508417613e+00
2.411818444996367994e+00
-6.436120935650492925e+00
1.876614562277163945e+00
7.689570573391172559e+00
-1.360232891586937143e+01
9.528965226373113495e+00
2.873799525679908484e+00
-1.490725382575283220e+01
1.769979493152215966e+01
-9.317231759195555796e+00
-3.772725982539007816e+00
1.203054147224180426e+01
-1.046504337836322662e+01
2.236099774825157649e+00
4.569102812894064058e+00
-4.037856311648324592e+00
-2.666821497629935145e+00
8.629395419748457030e+00
-7.390509419305919536e+00
-1.359146618004075435e+00
1.139046199086930500e+01
-1.503979816224911126e+01
9.406260074889219780e+00
1.485565427894352641e+00
-1.012243723075969015e+01
1.143367344473250213e+01
-6.282717280830742546e+00
-5.496700978955523786e-02
2.696135298922328616e+00
-9.801445924475187255e-01
-1.705830427744077671e+00
1.499612362204988170e+00
-5.577262045949177960e+00
3.853686762535710297e+00
-5.131653558312146757e+00
8.515940631087858037e+00
-9.107297843964341055e+00
2.535548737573756206e+00
9.908234332554648915e+00
-2.063475812419469335e+01
2.112227009180476500e+01
-9.248388440152737644e+00
-7.883245974085418162e+00
1.876985302161676827e+01
-1.654653751279376195e+01
4.683979210441632901e+00
5.856023379771826853e+00
-6.014256529386731387e+00
-3.340149232327324746e+00
1.192485217953597321e+01
-9.102497611479499540e+00
-6.109575562342631549e+00
2.296496455850379093e+01
-2.724408087697550229e+01
1.328232732565326657e+01
1.045275638457798273e+01
-2.738943969844714843e+01
2.588859480868565299e+01
-8.543593358111339242e+00
-1.012478479038655799e+01
1.577327487534533290e+01
-6.018751816414241951e+00
-8.032223984103593395e+00
1.177877796927372600e+01
-1.025398541334823221e-01
-1.780567735012185082e+01
2.599860374171912270e+01
-1.538560776026030297e+01
-8.123253729222959407e+00
2.790021989117057188e+01
-2.980657398966296512e+01
1.335326800446077300e+01
8.343095676525303261e+00
-1.951441267395660617e+01
1.428807945029857152e+01
-4.834470988404711567e-01
-8.052530760892173234e+00
3.639350676929138828e+00
8.937411940766267548e+00
-1.706700223536115857e+01
1.153787463162661986e+01
5.376409097313649355e+00
-2.167185146776842330e+01
2.540614979127897044e+01
-1.412530775577003617e+01
-3.739686682909266757e+00
1.611370958851301083e+01
-1.666239842863926413e+01
8.611404373207443896e+00
-5.481214791514479323e-01
-1.419647964361566039e+00
-1.762182952652873169e+00
4.187242502438099478e+00
-1.129609256942034179e+00
-6.543304725970649827e+00
1.332805129207480732e+01
-1.400953327985864760e+01
7.881613004163795289e+00
1.224851252146178737e+00
-8.497778392952275439e+00
1.165085038863590938e+01
-1.141099461286055394e+01
9.320431202983556318e+00
-5.710076557925733098e+00
5.982769889581263101e-02
6.947371104143437393e+00
-1.240847452857820343e+01
1.294272942556845507e+01
-7.853591884745599216e+00
4.493741647881588364e-01
4.327551776263456773e+00
-4.200645285515815175e+00
1.738895735495232131e+00
-1.933396491279128382e+00
6.991342759578261123e+00
-1.322076979557431287e+01
1.349484020490091041e+01
-3.783854975437965340e+00
-1.194821450902636784e+01
2.344732448021294502e+01
-2.191161664974753620e+01
7.563084505018618842e+00
9.705855464444782754e+00
-1.782762662167316492e+01
1.230003558229638827e+01
1.233223162194239109e-01
-7.286465989391345488e+00
2.332829992024711530e+00
9.942449620748737615e+00
-1.690949436670131689e+01
9.226666714773788414e+00
1.018496167489764126e+01
-2.737311412080745043e+01
2.833249196421898830e+01
-1.077750329949533814e+01
-1.331940931988525278e+01
2.692175065415040436e+01
-2.145116517856064320e+01
3.414136365947241458e+00
1.142421407911697173e+01
-1.141262434387292934e+01
-1.360105526998317549e+00
1.330085264313980176e+01
-1.143773593003839650e+01
-4.959325919772389568e+00
2.323390958372858250e+01
-2.773528159937248105e+01
1.300681647469827062e+01
1.133724408513601389e+01
-2.812870269618773733e+01
2.624471877203091097e+01
-9.020974423708109313e+00
-9.237829142030019369e+00
1.533231090349134007e+01
-7.546165619487609888e+00
-4.108122694722013968e+00
7.404701718091427409e+00
1.312272533146064291e+00
-1.422087266545333861e+01
1.908458737649067416e+01
-9.903989546908432473e+00
-7.940139762176240623e+00
2.210684433478176913e+01
-2.317578071110174420e+01
1.162745129311215564e+01
3.478265276241329307e+00
-1.231249779327965754e+01
1.164197094176871516e+01
-5.899918856506385367e+00
1.956971312824356879e+00
-2.815832108704393377e+00
5.697853798775572187e+00
-5.547737944556631717e+00
1.713596107090920029e-01
7.737965416585867118e+00
-1.311156345173483118e+01
1.279357883778155625e+01
-7.630468419992392448e+00
9.200405695128921479e-01
4.692170277414437152e+00
-8.679908365505585977e+00
1.142049597058191956e+01
-1.223244254578133194e+01
9.314139995195882094e+00
-1.979416386128853844e+00
-7.237900272888309061e+00
1.337418804595002797e+01
-1.273857652568173648e+01
6.331138537395959887e+00
5.487373107632302904e-01
-2.749532870986644006e+00
6.453818395309340872e-03
2.595430219965763285e+00
5.912632618908184590e-01
-9.755327751779967471e+00
1.810450316096551404e+01
-1.699443613787178009e+01
3.812847116724292995e+00
1.436204723548879159e+01
-2.525083075867854632e+01
2.095793701398920916e+01
-4.731812192353633151e+00
-1.119720554281340341e+01
1.541008872811328700e+01
-6.687767369867501088e+00
-5.111423445634374119e+00
7.747227163104073000e+00
2.390643774401337129e+00
-1.654429979839099119e+01
2.074369322908316704e+01
-8.085071014486244323e+00
-1.437820377288947959e+01
3.041724361339614546e+01
-2.753340311849146005e+01
7.334636234135356148e+00
1.544028548139412749e+01
-2.465984562909329370e+01
1.562664538641809742e+01
1.671133915606896281e+00
-1.151170587502871179e+01
5.937344589822004082e+00
8.654227976338692230e+00
-1.734881972660768668e+01
9.915864377041945232e+00
9.936617402935326027e+00
-2.716323593002346115e+01
2.767102743858160352e+01
-9.967314486196755752e+00
-1.353410712591427512e+01
2.648641488098049734e+01
-2.142903196996400084e+01
4.915173512161439717e+00
0.000000000000000000e+00
1.283794012888671787e+01
-1.671374523547341440e+01
9.715284682811535788e+00
1.780489571291874018e+00
-8.608795832163353978e+00
6.366031766022917537e+00
1.302889941877352520e+00
-6.286025809417702170e+00
3.240467180165316208e+00
5.728220793087961837e+00
-1.285671423861056617e+01
1.135729216715993495e+01
-1.225606865677235646e+00
-1.062484534414976700e+01
1.589433289644572156e+01
-1.139412206206615963e+01
1.195252804525404500e+00
7.071994770037340672e+00
-8.405762978937124430e+00
3.931987809842750536e+00
8.855160629430627317e-01
-1.374211703070332469e+00
-2.431092589938010029e+00
6.250084776910473039e+00
-5.635950567599399719e+00
-6.327411433045782019e-02
7.188987227308206940e+00
-1.086193191610443165e+01
8.820596625269242708e+00
-2.820522534127452907e+00
-3.220227954794461667e+00
6.366901669430256483e+00
-6.375682569504920849e+00
4.892208447689256445e+00
-3.399217663247239063e+00
2.020763406686865160e+00
-8.968490848684940175e-02
-2.486167932884161935e+00
4.697465219634349154e+00
-5.317852602477975310e+00
4.175974068869998668e+00
-2.352997758176619492e+00
1.009531318075943318e+00
-8.983968521584007050e-02
-1.583705177268700748e+00
4.712350039220529752e+00
-8.016741082564866616e+00
8.640568737245375885e+00
-4.561594008941105116e+00
-3.019677309237843055e+00
9.758116785624689982e+00
-1.117961423070169680e+01
6.351990260736946503e+00
1.036567014229954786e+00
-5.471431784875642634e+00
4.170859518729769455e+00
4.998762439659634182e-01
-3.073481543801062976e+00
-4.002353057814497794e-02
6.935507027653038392e+00
-1.135823386096602583e+01
7.986682320278475800e+00
2.539100281643695389e+00
-1.335144789776457053e+01
1.648383302682714202e+01
-9.346034212563964161e+00
-2.914575942723918622e+00
1.136446902323240593e+01
-1.043845847105586166e+01
2.354749674526793513e+00
4.971910779628429644e+00
-4.816428384284484387e+00
-2.502533925835406681e+00
9.840475843128274391e+00
-9.425219658098882292e+00
-1.981931544514408117e-01
1.244802550270612329e+01
-1.782249053641219660e+01
1.166760121065680167e+01
1.890180634208283417e+00
-1.316004434051096794e+01
1.459121365389305680e+01
-6.583000899155226904e+00
-3.325629479595718418e+00
7.025247825485052111e+00
-2.536895833424026137e+00
-4.733087740707255797e+00
7.039507880866370471e+00
-1.185941341984100283e+00
-8.627052562688490411e+00
1.431075217663459931e+01
-1.066754357879861814e+01
-2.934567196569179970e-01
1.100363294003567738e+01
-1.438190776464838905e+01
9.175105636853261970e+00
-3.422014941461266613e-01
-5.453088714782133195e+00
5.193978177243210759e+00
-1.299387139418140880e+00
-1.243191896526587348e+00
-4.577636628849504064e-01
4.825124524381101843e+00
-7.517735347758998543e+00
5.398475991002327667e+00
7.868548347338917281e-01
-7.145836555123220357e+00
9.838923111621360462e+00
-7.849493177176018577e+00
3.165170396523681706e+00
1.319512824958742447e+00
-4.017390466016205863e+00
5.129871323613983236e+00
-5.451446401420298571e+00
5.095455555881409637e+00
-3.508908960268000143e+00
5.670131252956585044e-01
2.674451160088389123e+00
-4.596028050549549882e+00
4.477389027300045399e+00
-3.234871166866893688e+00
2.485490323259258005e+00
-2.736489996104837008e+00
2.593321499876427794e+00
-7.102629445943878239e-02
-5.002854713245501017e+00
9.873859174939674688e+00
-1.053989007952475276e+01
5.175776332602964658e+00
3.671347713734773421e+00
-1.041548239909498008e+01
1.062804145836694403e+01
-4.707393267638136258e+00
-2.274762047543492649e+00
4.733307036030439008e+00
-1.354484696982616754e+00
-3.688200947484422176e+00
4.387847078931350175e+00
1.537554099267580021e+00
-1.005431109228757691e+01
1.374702210238273636e+01
-8.094024511353811846e+00
-4.205207315378977739e+00
1.477464598888327885e+01
-1.602653324492982279e+01
7.300967164793918940e+00
4.514356221052564067e+00
-1.055783251504278830e+01
7.195166861006796921e+00
1.186153855165569038e+00
-6.167358926499601601e+00
2.703577917133836550e+00
6.375450059712069795e+00
-1.266969354448089824e+01
9.435680450248552731e+00
2.383565862600809382e+00
-1.450277934766026533e+01
1.783608090765606491e+01
-9.826353648876796854e+00
-3.521942071537860652e+00
1.254811670952794600e+01
-1.163974168310977575e+01
3.356464990711966578e+00
4.279549919959954707e+00
-4.812687874639851593e+00
-1.318260168067121985e+00
7.537679670686471489e+00
-7.103623508280623611e+00
-9.295341079999914768e-01
1.079350984056639007e+01
-1.476931306395890076e+01
9.499158016080691880e+00
1.410057406536722624e+00
-1.045180666999497099e+01
1.216114257036821300e+01
-6.968462662884193470e+00
6.425320242305621043e-02
3.324347621197368596e+00
-2.042662486458650228e+00
-7.795333912222646155e-01
1.129671999023484918e+00
2.145251770012364112e+00
-6.471768087321199125e+00
8.003847837025221068e+00
-4.978315922389578319e+00
-9.485255159036816153e-01
6.257750720085278218e+00
-8.345110397570483229e+00
7.066109161148670381e+00
-4.050478661519429480e+00
8.961109363320940435e-01
1.880777546472454986e+00
-4.373722588581636650e+00
6.219595911371261110e+00
-6.394167982271692807e+00
4.230375677489459640e+00
-5.227777540842053483e-01
-2.688492207673517598e+00
3.744143319345285548e+00
8.863462868828051455e+00
-1.012059561956998621e+01
9.627697383071645021e-01
7.579823433243204178e+00
-5.842733494684888562e+00
-5.950355769794532179e+00
1.804064647025546719e+01
-1.963332953771636724e+01
8.020070199336824857e+00
9.297274467182475632e+00
-2.082858668694475668e+01
2.003508164075088871e+01
-9.577385153363710657e+00
-2.028540815620143434e+00
7.750909249176754834e+00
-6.931281934891483587e+00
4.127801471443767412e+00
-3.862724396474637167e+00
6.430540413815059253e+00
-8.276538936660143619e+00
5.941738910653015182e+00
4.916431295557845971e-01
-7.544882672336049367e+00
1.148706082219172586e+01
-1.119174083410972642e+01
8.140594193555042324e+00
-4.129103564779944335e+00
-5.212665018427778962e-01
6.278748786000780235e+00
-1.221481211220828733e+01
1.517688847827454879e+01
-1.193237992623355481e+01
2.636764938876950737e+00
7.951791475459906167e+00
-1.344563250629883555e+01
1.094711673481706526e+01
-3.742321712311261095e+00
-1.335416345382576253e+00
2.558144682980856288e-02
5.164040004644718351e+00
-6.886531558921248575e+00
-1.375413165673440297e-01
1.323281303806652964e+01
-2.263156114217835579e+01
1.917548915446222679e+01
-2.644351063790645107e+00
-1.673393105893545396e+01
2.563958109905868810e+01
-1.824578711949373755e+01
1.139408069808458990e+00
1.194241315785547641e+01
-1.148590785255852609e+01
1.371962002374162992e-01
9.738437659597799723e+00
-7.049004255891794024e+00
-7.816663959418058916e+00
2.255290440343426894e+01
-2.307101835376764853e+01
5.834343618769903372e+00
1.819360728923596682e+01
-3.172475458361229528e+01
2.493069323749600130e+01
-3.400367115089114378e+00
-1.643949771053905451e+01
2.067701512090430072e+01
-8.912323835872811628e+00
-6.207997851233360009e+00
1.032040829086281164e+01
2.050467775521180869e-01
-1.526508842174992253e+01
1.991560377091094480e+01
-7.481049646240685469e+00
-1.429991209576379596e+01
2.928156097102607447e+01
-2.597357231007956813e+01
6.731606079672103782e+00
1.440863201243655212e+01
-2.313919564487645530e+01
1.587681804828832455e+01
-1.454595900572738243e+00
-7.281164608153924078e+00
4.391633518527159552e+00
4.916436243767546621e+00
-9.795537565613013697e+00
3.724206986620004045e+00
9.761975005666920779e+00
-2.018055682222761149e+01
1.895720640631095222e+01
-6.328232412157642095e+00
-9.247520858811830280e+00
1.809111872624871609e+01
-1.648033832983340830e+01
8.265184675381998858e+00
-4.122947532198648624e-01
-2.970803756314419175e+00
2.971896410003218136e+00
-3.279155749800136022e+00
5.832914101138647389e+00
-8.969236772798202750e+00
9.410331243456418804e+00
-5.689178817452647863e+00
-4.662383736241864085e-01
5.893235767836216610e+00
-8.795574138616677473e+00
9.653799215477567586e+00
-9.547687445834860398e+00
8.067394878146389559e+00
-3.468872703068542229e+00
-4.752511771211191949e+00
1.361149880840947546e+01
-1.765819762919906566e+01
1.319214912854349464e+01
-2.089083953356011492e+00
-8.694405263515044169e+00
1.228979575943639269e+01
-7.632163764315574639e+00
5.072320811635577797e-01
1.519779025918671422e+00
3.823868705046623795e+00
-1.085283748766140910e+01
1.060514981044886618e+01
7.306702885304456885e-01
-1.708307750419152171e+01
2.626117242528840379e+01
-1.975843467437089274e+01
4.752615749965221070e-01
1.860726132535631905e+01
-2.434337097345339629e+01
1.395791537614376132e+01
2.737999218910490029e+00
-1.161780134914461726e+01
6.212616534549448843e+00
6.806424596896805568e+00
-1.351738447320671455e+01
5.174366420777971598e+00
1.347866380119351248e+01
-2.741427158231622130e+01
2.370970600072668688e+01
-2.786014716693896887e+00
-2.114261208830819072e+01
3.109281356255514694e+01
-2.079711076324202779e+01
-5.321582290184281305e-01
1.607387012489033395e+01
-1.523885936742572866e+01
1.888452393778332405e+00
9.786587009184952279e+00
-7.962902661974737839e+00
-6.470501834025784937e+00
2.067217061648656085e+01
-2.092528439961221665e+01
4.525192307547631465e+00
1.757272922910458846e+01
-2.946688604440859649e+01
2.297574714899823078e+01
-3.762891374945279033e+00
-1.381917672290641974e+01
1.843368098474858385e+01
-1.014702405773731186e+01
-1.068783874308274484e+00
4.725457869698175273e+00
1.283781529264429011e+00
-9.657379046527292843e+00
1.079965655060999552e+01
-1.489888860269671156e+00
-1.232963661606728678e+01
2.062052732435490299e+01
-1.742799595283915437e+01
5.219896645121732348e+00
7.773722004671240526e+00
-1.430348969338127496e+01
1.300283800282337587e+01
-7.829065900709064607e+00
3.492244787250845750e+00
-1.471656333012692386e+00
-6.600764660198699119e-02
3.173822604545574411e+00
-7.399939138433328623e+00
1.010999417063902861e+01
-9.200590597216308453e+00
5.190267695688929095e+00
-5.415450794186487116e-01
-2.904049527799530850e+00
5.496058496365572310e+00
-8.575454177618532015e+00
1.181790953128407473e+01
-1.227329899726419171e+01
6.764643580241736842e+00
4.245688461005839187e+00
-1.528920764902628626e+01
1.919642673853755355e+01
-1.288517681643503821e+01
5.653376684261424145e-01
9.043565393424668031e+00
-9.716566686799737340e+00
3.047599152057227201e+00
2.880261417048371797e+00
-8.120640439057215110e-01
-8.599521825344528025e+00
1.650963137442845152e+01
3.575708154015976525e+00
8.720442467519777807e+00
-1.304072979454737080e+01
7.468165565966612185e+00
1.892694258493684334e+00
-6.374791607142123340e+00
2.218488275583784031e+00
6.285963543241983587e+00
-1.061859377802721838e+01
5.523253509364662861e+00
6.223214736019334836e+00
-1.583463016501642784e+01
1.564547496304988172e+01
-5.377830535565037096e+00
-7.641166249353498863e+00
1.438757167149953986e+01
-1.118694469021893845e+01
2.131811434429410568e+00
4.863817338150063563e+00
-4.790800507908363315e+00
-6.425417232503232157e-01
5.083691485780800434e+00
-3.402706586191368121e+00
-3.795471874347438934e+00
1.074833553186049073e+01
-1.147527140524368860e+01
4.748032251920035307e+00
5.014700168296755578e+00
-1.140907734462131984e+01
1.097461256619891756e+01
-5.343827782926478420e+00
-7.840185082087360868e-01
3.696312464342528248e+00
-3.208597092615934621e+00
1.872061839078805079e+00
-2.063074903408081529e+00
3.789605166758973631e+00
-5.017656901561416305e+00
3.851076163636843130e+00
-3.419780467977604488e-01
-3.650021720709453632e+00
6.135860392619465031e+00
-6.448323875125828941e+00
5.195932802951051421e+00
-3.114473396194339383e+00
2.874273328303900144e-01
3.369015479629332344e+00
-7.016260261614986504e+00
8.702013705266555377e+00
-6.726919170413923510e+00
1.479581673839969191e+00
4.185721926024174699e+00
-6.838863135525371284e+00
5.260124842384022337e+00
-1.600248593122200802e+00
-4.173796071905513383e-01
-1.084635446801032632e+00
4.159588588632463058e+00
-4.559347343301636712e+00
-2.648854753775020665e-01
8.177829750507843443e+00
-1.335580804319411286e+01
1.088159826896933247e+01
-1.210624410395797490e+00
-9.501181709096027106e+00
1.391004599496571359e+01
-9.329666744658453581e+00
-1.658095436991402494e-02
6.441579140860328678e+00
-5.218104453679809573e+00
-1.436331962846012722e+00
6.327928932096011039e+00
-3.680073594192122322e+00
-5.485838061111249608e+00
1.374286626023823743e+01
-1.334336956067295787e+01
2.971791448435755711e+00
1.062544689729446823e+01
-1.772901103338047335e+01
1.337494868528692926e+01
-1.318531281258013443e+00
-9.096563796166835303e+00
1.056819512537207473e+01
-3.601103430793013427e+00
-4.359663105710887443e+00
5.581603454912394291e+00
1.226662517042350409e+00
-9.821008479453348983e+00
1.184042656435605778e+01
-4.090364142165756611e+00
-8.495943531366853207e+00
1.670460029535182755e+01
-1.444384792274174956e+01
3.538283777800348862e+00
7.949813597684419975e+00
-1.228438541050438459e+01
7.964292354398232909e+00
-2.288425321623114850e-01
-3.899108014279462076e+00
1.588303574248264738e+00
3.820817109234901476e+00
-6.206453044478900338e+00
2.229475482997115066e+00
5.748231299344905842e+00
-1.169894720932895105e+01
1.094438579986712767e+01
-3.832920016238933414e+00
-4.818922701707399447e+00
9.706138495969325319e+00
-8.911269075107224324e+00
4.623360125314181168e+00
-5.965384484468527759e-01
-1.069749441187063610e+00
1.073274675272984702e+00
-1.410571792738437136e+00
3.045367559887169229e+00
-4.998775864819854142e+00
5.478843817355786072e+00
-3.686414818609268451e+00
4.833901102773925373e-01
2.555424964970147705e+00
-4.534399144991027697e+00
5.594572749681668178e+00
-6.015849845577726285e+00
5.283398521283912075e+00
-2.411966893467173634e+00
-2.596519775094352944e+00
7.735797153011318983e+00
-9.869875150296913091e+00
7.175357850001015336e+00
-1.053085687639810253e+00
-4.503808779095452408e+00
5.957510576019365622e+00
-3.209077533930809523e+00
-2.444957853995770591e-01
4.227881030852472799e-01
3.323762471212308611e+00
-7.296513494540023181e+00
6.488178267734662441e+00
6.989345555062143056e-01
-1.023969990036943756e+01
1.510775993151442620e+01
-1.091841585400894310e+01
-9.348559463016492543e-02
1.037070404353267961e+01
-1.286762158133573308e+01
6.700938022819928008e+00
2.190502337635841013e+00
-6.095832060514250195e+00
2.122912941427697042e+00
5.301567895600740599e+00
-8.287365700354740738e+00
2.517436898971900039e+00
8.566271328094583026e+00
-1.618460900162546423e+01
1.342041116505956921e+01
-1.200310576825732944e+00
-1.206341182733540585e+01
1.703080800709124532e+01
-1.082209153145455716e+01
-8.783249693956176607e-01
8.705952773612553486e+00
-7.348384688099573125e+00
-3.491779704329098788e-01
6.246695570286469490e+00
-4.171064009521495031e+00
-4.657424701799378397e+00
1.261794614314759855e+01
-1.219033358120840127e+01
2.416097136633426956e+00
1.011322846610940296e+01
-1.649845152382425795e+01
1.256497709977968569e+01
-1.891888374984904253e+00
-7.451391735764489432e+00
9.489828391227161930e+00
-4.716777238240738690e+00
-1.128410041164331634e+00
2.438170140521225271e+00
1.505561292238861704e+00
-6.313867112216222210e+00
6.663063938884306481e+00
-1.039468431977214280e+00
-6.972799063339427228e+00
1.171305756698646761e+01
-9.979415202068452118e+00
3.266904615863591932e+00
3.857236873611575412e+00
-7.483793500045632818e+00
6.943463861602697129e+00
-4.385682013723649852e+00
2.271914487947718886e+00
-1.298712110145267218e+00
4.479480899277925587e-01
1.335590266022148365e+00
-3.755959738974530282e+00
5.410327386089681667e+00
-5.216371131178258125e+00
3.422221893134643977e+00
-1.175750324800835855e+00
-1.329925738976871941e+01
-2.355392565157360174e+00
2.085810311174277842e+01
-2.851648030608682660e+01
1.864919379888917206e+01
2.352276761000482885e+00
-1.955055900452409290e+01
2.126915231833567077e+01
-8.454519070958898652e+00
-6.397631651439001033e+00
1.004080640804823332e+01
7.426145244572737725e-02
-1.354353698939871009e+01
1.607679067934086348e+01
-2.282004521430168964e+00
-1.883883862423794042e+01
3.067975446646180870e+01
-2.267149833860747066e+01
-6.377830575152502179e-01
2.281018676889556929e+01
-2.851642697605557686e+01
1.555858292125098075e+01
3.990338370435114079e+00
-1.427020969412111739e+01
8.775943353455957663e+00
4.850682924088558501e+00
-1.214125016090424225e+01
4.717782311170771514e+00
1.228345909337560826e+01
-2.449236927177057765e+01
2.048857829155318555e+01
-1.508566269029965490e+00
-1.939384463847929396e+01
2.779996693523298035e+01
-1.912740057894424694e+01
1.458246971414158821e+00
1.180980884256887364e+01
-1.285549821175365892e+01
4.770752660656699007e+00
2.525338165156085779e+00
-1.574027065708767381e+00
-6.346067946354626343e+00
1.298555721766213011e+01
-1.080195401906305364e+01
-3.995405023447133885e-01
1.338515027163479942e+01
-1.953273036631118487e+01
1.548790181474149819e+01
-4.977619658774393940e+00
-5.047187584752245826e+00
9.976167496815643077e+00
-1.002356684381065932e+01
8.236723060119953033e+00
-6.749705261490623442e+00
5.075615038935834988e+00
-1.656603806807526169e+00
-3.499083376719232419e+00
8.127997909918324382e+00
-9.705934656635214708e+00
7.917454568636482115e+00
-4.862258687561769044e+00
2.678727296746385989e+00
-1.121847940760392959e+00
-2.103250032722685958e+00
8.241386394320862507e+00
-1.474753955459697607e+01
1.621605497925266093e+01
-8.950071131021772430e+00
-4.726322752224342949e+00
1.683426759401051243e+01
-1.939382396426539756e+01
1.099449589160982654e+01
1.569829702031983132e+00
-8.614958886509846536e+00
5.713269508652932593e+00
2.391282155369506057e+00
-5.919444658500097489e+00
-9.311852723171005763e-01
1.394110077850352170e+01
-2.155806267644964080e+01
1.465079829266680633e+01
4.825110085135356996e+00
-2.406114351354213099e+01
2.904671110493574560e+01
-1.594977652848547400e+01
-5.400220792818936744e+00
1.922111017673725186e+01
-1.652050522296848811e+01
2.230062490721591573e+00
9.377547046105577877e+00
-7.200828274300918430e+00
-6.895797935887971519e+00
1.949083903716843480e+01
-1.720547809846701881e+01
-1.313342857916979245e+00
2.335473594724233948e+01
-3.205987804027820687e+01
2.015549122710825358e+01
3.963548014992600788e+00
-2.291264370449275845e+01
2.419190640485564359e+01
-9.739668171747759118e+00
-6.585642598565923045e+00
1.114003672627281283e+01
-1.835179112985692917e+00
-1.076668516812060439e+01
1.318042230715188978e+01
-9.934219263062740168e-01
-1.710676940976456351e+01
2.652178179518362100e+01
-1.888041809994179232e+01
-1.105188526317452791e+00
1.956533787887730114e+01
-2.455161312136549157e+01
1.493331481772540315e+01
-9.346509944261649494e-02
-8.607928493026513195e+00
6.970060120597509012e+00
-1.869458591128152491e-01
-2.960516489391851636e+00
-1.702254687894281915e+00
1.031521896131643423e+01
-1.481268118512669218e+01
1.014017343774227875e+01
1.529911388117646709e+00
-1.284448474761145320e+01
1.725333165069345043e+01
-1.358400580176904171e+01
5.732123735842765910e+00
1.408145103947935572e+00
-5.655108071935092795e+00
7.838959542759633692e+00
-9.290920149270712969e+00
9.674097709159372727e+00
-7.457713894304299984e+00
2.247922305871167481e+00
3.860011923772646902e+00
-7.676722241850802320e+00
7.804416205192350020e+00
-5.957504483242990645e+00
5.074451533297184014e+00
-5.917411947644018788e+00
5.739503653033592556e+00
-8.809194341216279867e-01
-8.784594096612224234e+00
1.798674790187186900e+01
-1.936338154504900544e+01
9.758871432664603773e+00
5.994764275894064909e+00
-1.780109319013949687e+01
1.799184528027726770e+01
-7.696726904577447570e+00
-3.870051574477706424e+00
7.122763591743495937e+00
-4.560540234942465077e-01
-8.157314136381170755e+00
8.169815894453421379e+00
3.682422974119416104e+00
-1.936770393620047770e+01
2.546612023854774165e+01
-1.451447284148765959e+01
-7.808105901547434335e+00
2.621345524545129280e+01
-2.767420114760818706e+01
1.194373917485637016e+01
8.196777531818995044e+00
-1.741763876512805709e+01
1.039212348542684694e+01
4.146713213003065057e+00
-1.131795009424522291e+01
3.266719705911191873e+00
1.368365580351376209e+01
-2.414981392409751493e+01
1.687574247560996099e+01
5.182611757615573467e+00
-2.654787275904519461e+01
3.145847473219063417e+01
-1.651799146279578068e+01
-6.732548344125442341e+00
2.133906009220000044e+01
-1.849517238053014268e+01
3.897376625859820809e+00
8.065095475232366695e+00
-6.969627777744570096e+00
-4.983867970564388905e+00
1.543892675721821206e+01
-1.299267698941922689e+01
-2.726265016044596479e+00
2.050741485772674011e+01
-2.675460095627760992e+01
1.649630570532963247e+01
2.914635225894713244e+00
-1.807993119269999482e+01
2.014635179510146656e+01
-1.088546316591902752e+01
-2.149873255016480078e-01
4.597524113258202760e+00
-1.353636319362287566e+00
-3.308392258828581234e+00
2.583126056318728381e+00
-1.062375557026378203e+00
-7.178229446816297710e+00
1.183933118424107356e+01
-9.984832229801526182e+00
3.365019235438974743e+00
3.456897521800727624e+00
-6.824507543851740188e+00
6.332055774533345449e+00
-4.166192473776272998e+00
2.570446863550897909e+00
-1.953437318964945213e+00
1.156872231716467248e+00
8.047500866785185503e-01
-3.475097486294564497e+00
5.359089781891150039e+00
-5.391209899439024511e+00
3.848803420912931816e+00
-1.813771312424506732e+00
-9.922552795553407634e-02
2.242641282887585241e+00
-5.034137659761898753e+00
7.658011088944765454e+00
-8.022230266671753540e+00
4.471276268265741649e+00
2.165586229196053480e+00
-8.343931095033051193e+00
1.013397578254283538e+01
-6.419506992357940867e+00
1.168795877186621368e-01
3.995253625183535551e+00
-3.261837030151041095e+00
-4.855296304453720069e-01
2.488681859741817881e+00
5.422418445103810436e-01
-7.000278122842401807e+00
1.119187812114138225e+01
-8.086303883199180476e+00
-1.911195607134388741e+00
1.246326026529441222e+01
-1.594073175934025244e+01
9.591190457350851517e+00
1.965530251179395282e+00
-1.025109514763787288e+01
9.733157448922021615e+00
-2.266764023293682317e+00
-4.648045069163223353e+00
4.418407413762005298e+00
2.823009929023254649e+00
-1.017979143715866819e+01
9.913682793895922885e+00
-3.610523088555537274e-01
-1.211459147599128627e+01
1.798592547991772150e+01
-1.231193251588283744e+01
-1.088553285575160068e+00
1.258329010349508437e+01
-1.439196908249500595e+01
6.625076352437112348e+00
3.253044178574408640e+00
-6.944785233947089687e+00
2.248855601533072956e+00
5.403324145178900473e+00
-7.951336803832189659e+00
1.863045524985218471e+00
8.669038011992116211e+00
-1.514701815717884337e+01
1.183776579279132868e+01
-5.308359975239138606e-01
-1.090724049653353411e+01
1.482010365090435045e+01
-9.593489964007494208e+00
3.514755297856151373e-01
5.709121993361352843e+00
-5.175090351956728618e+00
6.092521180848780027e-01
2.394365071951569668e+00
-3.968411689592672431e-01
-4.991585593022191958e+00
8.767832078984572064e+00
-7.006452717842627465e+00
1.848519653706377497e-01
7.316151751064386310e+00
-1.080309031370207329e+01
8.740059784707041146e+00
-3.345081561574867024e+00
-1.735210287131839335e+00
4.316433736736552618e+00
-4.696160234908526299e+00
4.385140940528010844e+00
-4.202188556092336214e+00
3.643192453553106169e+00
-1.880726981819156762e+00
-9.299468798265039249e-01
3.526568121879930295e+00
-4.701432893720454587e+00
4.434018055638444977e+00
-3.712023519725535792e+00
3.202471373080078898e+00
-2.270792303268861279e+00
-3.869645385973174978e-01
4.919083270373486805e+00
-9.190481741853862019e+00
9.886245217634511917e+00
-5.309118998502524889e+00
-2.559045627917095000e+00
8.921739603096380478e+00
-9.701272266094344232e+00
4.917180252125317175e+00
1.151435987287335649e+00
-3.486977265135393633e+00
6.998891991253484157e-01
3.621629079046203792e+00
-4.030635204771211733e+00
-1.676955180524275280e+00
9.870041432074359022e+00
-1.359527848640748182e+01
8.410525017559443484e+00
3.359426838323693154e+00
-1.382513838065970546e+01
1.556317383559271939e+01
-7.614448925646501998e+00
-3.637678124964992321e+00
9.631137307386532953e+00
-6.626536061443984771e+00
-1.339128022883964597e+00
6.104586694575644401e+00
-2.594210610360789371e+00
-6.572332293401014880e+00
1.310835689563576523e+01
-1.013191495969958922e+01
-1.682037898796932218e+00
1.416909682940371340e+01
-1.806374880715697628e+01
1.045966832752408848e+01
2.858078775452648657e+00
-1.213478252151680437e+01
1.146193023645617259e+01
-3.203429866900702194e+00
-4.515390181803118352e+00
4.946597522237297540e+00
1.626149029742182339e+00
-8.418066463663882004e+00
8.231381294089029410e+00
1.901128794228661434e-01
-1.092270535147357613e+01
1.568981000734531506e+01
-1.060465449492134837e+01
-7.871437140495287643e-01
1.051798171758534117e+01
-1.253818533538240843e+01
7.084796491497471038e+00
2.811020769490885085e-01
-3.738117961579782378e+00
1.880013400252099842e+00
1.786961065358941614e+00
-2.521296893698816710e+00
-1.286078986606825403e+00
6.807245532718586567e+00
-9.381305031861950638e+00
6.509373034431321869e+00
2.100949619217571396e-01
-6.593494467394124925e+00
9.206900564994725755e+00
-7.601189675452110883e+00
3.859376174893149880e+00
-3.661325329826254915e-01
-1.955886804911346477e+00
3.555028032011416705e+00
-4.893724612619667624e+00
5.524760046976073369e+00
-4.580418190294547998e+00
2.000747822411185872e+00
1.000000257985623087e+00
-2.891578806263309431e+00
3.271924295819299111e+00
-3.204886371056597127e+00
3.921835738263016680e+00
-5.130303285460333207e+00
4.817228005197403462e+00
-1.122417123405422990e+00
-5.287623842213168501e+00
1.077831868089303491e+01
-1.117938530093102756e+01
5.342530874087062287e+00
3.326241066820505576e+00
-9.092580953429434842e+00
8.371300858978594661e+00
-2.722506458926661210e+00
-2.404078263378454761e+00
2.372845703128769301e+00
2.443187915946925415e+00
-6.769173962927970578e+00
5.039019323020265340e+00
3.318263233075842145e+00
-1.263096455799022877e+01
1.523267999559390162e+01
-7.896934624580841167e+00
-4.996179318058532104e+00
1.450632451694428937e+01
-1.413241585354379204e+01
4.602469485093347856e+00
-1.284899215905702086e+01
1.523872910046083007e+01
-9.225586543727054334e+00
-1.594140416203403632e+00
1.081896535194412223e+01
-1.423372083565622503e+01
1.210346616953443721e+01
-7.440437771352924834e+00
2.676247693502467939e+00
1.852141304290950252e+00
-6.584849397449953123e+00
1.065858453294209696e+01
-1.177395128318992334e+01
8.398773079783975248e+00
-1.926370019500941666e+00
-3.841528112858650701e+00
5.852896134034146769e+00
-4.641134528323259900e+00
3.785398290095917773e+00
-6.090351834523162644e+00
1.005060035706565458e+01
-1.041457831340262175e+01
3.033274089606247337e+00
1.016746979962584163e+01
-2.108444118787543431e+01
2.125034817246638852e+01
-9.106642070045980475e+00
-7.715632418765370204e+00
1.777822413220126307e+01
-1.491095059915048182e+01
3.339453019182741400e+00
5.871719741885326194e+00
-4.427155908839866427e+00
-5.703656428473763640e+00
1.367547721954142226e+01
-9.309359383987619196e+00
-7.242313181519211440e+00
2.433549344271678194e+01
-2.781153983325393497e+01
1.293357183170390456e+01
1.087404717286204558e+01
-2.692027763242094096e+01
2.442004290261796484e+01
-7.058513893929803551e+00
-1.030291704819632415e+01
1.411477189960261924e+01
-3.339808178662822424e+00
-1.010176130754323687e+01
1.200816573386076058e+01
1.430260677145248849e+00
-1.984659429178481460e+01
2.716439076516679307e+01
-1.524201881406868964e+01
-8.840194773878380374e+00
2.806532971095541029e+01
-2.898272682624202901e+01
1.222254888225413616e+01
8.564912035733438955e+00
-1.817063888610816136e+01
1.193764276916377121e+01
1.447917457483161030e+00
-8.343834463355218389e+00
2.186518586693598110e+00
1.109955523690024393e+01
-1.861044037248197469e+01
1.182833763163721841e+01
5.946855336555187499e+00
-2.220942987959596593e+01
2.537683408032946630e+01
-1.379347977477649323e+01
-3.637782304411576906e+00
1.512389933952441012e+01
-1.510727247596311962e+01
7.398655488812845071e+00
-4.742638778888830231e-01
-2.714551602087151849e-01
-3.476351158395598162e+00
5.592904543339829004e+00
-1.730865200984537999e+00
-6.663580378665521664e+00
1.378336200181254689e+01
-1.452942798025356375e+01
8.479047549557710894e+00
4.387155015351815734e-01
-7.601284212554576314e+00
1.097780303751999043e+01
-1.131823955070435694e+01
9.888232280422545983e+00
-6.670907064348490678e+00
1.019211189783106875e+00
6.223298266328712636e+00
-1.191947622561147035e+01
1.264342343957987325e+01
-7.868922488670341053e+00
1.039102789767246904e+00
3.073624398158885551e+00
-2.643198542556415731e+00
6.099068632430064696e-01
-1.867382503702707863e+00
8.024928340336364485e+00
-1.471259437555785077e+01
1.459004450748633452e+01
-4.064019870948105684e+00
-1.218713956552640809e+01
2.354827892089592822e+01
-2.154044299731603829e+01
7.099058034127807559e+00
9.468540129237055680e+00
-1.645101066354282437e+01
1.026775285914390068e+01
1.603300999200335752e+00
-7.160247076800509092e+00
5.621005668330907312e-01
1.227614890586138863e+01
-1.839307398194656429e+01
9.176327380744432105e+00
1.126305977989550300e+01
-2.830522630639932657e+01
2.833370088474417869e+01
-1.013092006486071739e+01
-1.355445834048369136e+01
2.592719807664685305e+01
-1.950490363369473101e+01
1.809669214734584308e+00
1.137424566723983688e+01
-9.474464891564160496e+00
-4.070308188593378063e+00
1.512469433037578170e+01
-1.141305082734826648e+01
-6.435915029047854397e+00
2.484090067513582412e+01
-2.836033775320813177e+01
1.261539906589857196e+01
1.181002605243262238e+01
-2.772615846926521854e+01
2.492786943824619783e+01
-7.776933284642101540e+00
-9.212989143216866239e+00
1.367525159848840310e+01
-5.105389025887601129e+00
-5.875406025244176433e+00
7.514406927112505130e+00
2.693237650911290970e+00
-1.601651139750498487e+01
2.021201230140646388e+01
-1.005929655093607344e+01
-8.230539821751715834e+00
2.212709766934135658e+01
-2.273588585181418864e+01
1.122493506818893039e+01
3.153214577865630641e+00
-1.105504743599554018e+01
9.989321324681245784e+00
-4.758116425001494676e+00
1.936162588209553892e+00
-3.831045767176913586e+00
7.122773392546893234e+00
-6.724692799874085303e+00
8.178739099258791612e-01
7.524079757470685692e+00
-1.315000346971715040e+01
1.307242028203319606e+01
-8.266327238748527151e+00
1.910290432774200298e+00
3.628112630433609542e+00
-7.973734081143051711e+00
1.134679136844053815e+01
-1.271618182500421490e+01
1.004115555436847629e+01
-2.694119143769855285e+00
-6.553898139340215145e+00
1.262785547761527205e+01
-1.201842047804603730e+01
6.027991854784355397e+00
-7.209096419836136249e-03
-1.290799018925871344e+00
-1.776592911962058707e+00
3.787893541138100062e+00
6.056398480828876218e-01
-1.082287020452454307e+01
1.942150826927576901e+01
-1.775615697503621249e+01
3.852887665829484831e+00
1.450431278974948412e+01
-2.491189329944578645e+01
2.007078972900882974e+01
-4.015131562039933044e+00
-1.081061427850330503e+01
1.365237039286349763e+01
-4.367065156510778756e+00
-6.591595511043300881e+00
7.429158526251971928e+00
4.260540296054930565e+00
-1.868920953295808474e+01
2.184694121511181564e+01
-7.789046349439644246e+00
-1.529280926524505446e+01
3.081078629157312321e+01
-2.696528388226745676e+01
