-4.842507214462332676e+00
-4.976484108071951518e+00
-5.355903320082968655e+00
-5.928031233042503345e+00
-6.601292478477017056e+00
-7.252815766340459547e+00
-7.739612601209634235e+00
-7.912481504471081450e+00
-7.631448298919024431e+00
-6.781369418142055849e+00
-5.286258499239987252e+00
-3.120955329177538484e+00
-3.189384761554885372e-01
3.024624106586554007e+00
6.755111093918646503e+00
1.066605626331859114e+01
1.451175501030984449e+01
1.802405139316691418e+01
2.093210033615768495e+01
2.298360119738094198e+01
2.396581732609607940e+01
2.372464968719171807e+01
2.218012841296981819e+01
1.933691985649137024e+01
1.528880243741072320e+01
1.021651595320056316e+01
4.378901330951393334e+00
-1.902219411685103445e+00
-8.262462826534495264e+00
-1.431919699668126889e+01
-1.969799698001984467e+01
-2.405927887515665731e+01
-2.712308675905152455e+01
-2.869010381629657402e+01
-2.865721014911431297e+01
-2.702629770292047695e+01
-2.390554891491769851e+01
-1.950295246996920540e+01
-1.411242314567335931e+01
-8.093466644823536171e+00
-1.845839022974727683e+00
4.218947071918412561e+00
9.707153566335234629e+00
1.427116751914745052e+01
1.763452190008034748e+01
1.961167366155483194e+01
2.012101288760139539e+01
1.919008503617787653e+01
1.695259929070891047e+01
1.363742424141505794e+01
9.550388722161311961e+00
5.050262429263887576e+00
5.207441562977885852e-01
-3.659400794669137369e+00
-7.145763334043484960e+00
-9.655010522080470281e+00
-1.098684297532773613e+01
-1.103949328911898142e+01
-9.817564585229650476e+00
-7.431597836985277539e+00
-4.089394426042005648e+00
-7.975687524322250255e-02
4.250103642211534805e+00
8.521755173636346825e+00
1.235523561058806052e+01
1.539896064006232734e+01
1.735754762972182874e+01
1.801541592540870340e+01
1.725435086494155712e+01
1.506368484905206628e+01
1.154231751041610110e+01
6.892423933084044663e+00
1.405336158909575417e+00
-4.559320497038096498e+00
-1.059964453745418211e+01
-1.630065183081451963e+01
-2.126443769072524148e+01
-2.513903964746122810e+01
-2.764384762758738390e+01
-2.858968703682496226e+01
-2.789212025232780690e+01
-2.557703943750389541e+01
-2.177821646682190249e+01
-1.672708744068582121e+01
-1.073563213207030742e+01
-4.173717856458010189e+00
2.557325900566696397e+00
9.052880553237633521e+00
1.493284189584817945e+01
1.986700549658483794e+01
2.359621087499863279e+01
2.594778308993803506e+01
2.684427785723017834e+01
2.630507100042706981e+01
2.444089166131480084e+01
2.144193681999150058e+01
1.756068024355163715e+01
1.309086566572583088e+01
8.344424018789876385e+00
3.628160771647427119e+00
-7.779833787652630228e-01
-4.639480211989848613e+00
-7.781260820609184670e+00
-1.009635741069528692e+01
-1.154870197104259688e+01
-1.217013137701361813e+01
-1.205211739365239332e+01
-1.133315219786671157e+01
-1.018304292426125457e+01
-8.785577873804578886e+00
-7.321107864966501566e+00
-5.950535184172005998e+00
-4.802027223897425756e+00
-3.961489973574238821e+00
-3.467474455594347305e+00
-3.310779636421710581e+00
-3.438594355130581093e+00
-3.762624765360009782e+00
-4.170316263789485944e+00
-4.538027862725876105e+00
-4.744872535386441825e+00
-4.685909785827478302e+00
-4.283466841900853694e+00
-3.495562518712086231e+00
-2.320693814054961557e+00
-7.985930744905340717e-01
9.930585764264165949e-01
2.945601905411379118e+00
4.929357937241014120e+00
6.805607795742444566e+00
8.439448460136109276e+00
9.712305469909230382e+00
1.053292207580111572e+01
1.084579067630464522e+01
1.063623303871189840e+01
9.931648870961149456e+00
8.798809461850657598e+00
7.337442097877397096e+00
5.670698462828263509e+00
3.933394741321314392e+00
2.259125806153845950e+00
7.674707928096906606e-01
-4.474885539523425493e-01
-1.326223450670100945e+00
-1.849485829162128780e+00
-2.040103691931040686e+00
-1.960596511356254013e+00
-1.706748722320535094e+00
-1.397659357595122387e+00
-1.163126136160748558e+00
-1.129491745344339826e+00
-1.405253352386615973e+00
-2.067796293152527998e+00
-3.152551830202186434e+00
-4.645699715232774807e+00
-6.481252248894129764e+00
-8.542990183387910719e+00
-1.067130229981922440e+01
-1.267454504190197184e+01
-1.434412358150382438e+01
-1.547213750337995108e+01
-1.587016517519375824e+01
-1.538760612755913471e+01
-1.392797651974401774e+01
-1.146166440075332815e+01
-8.033893021591683947e+00
-3.766994883271358674e+00
1.143460336171208347e+00
6.438648946112527582e+00
1.181204875823425127e+01
1.692955407042861182e+01
2.145273245795817374e+01
2.506350515574013826e+01
2.748836347194892582e+01
2.852021229594122431e+01
2.803606333944030382e+01
2.600907790180657386e+01
2.251386234760105509e+01
1.772441923625727256e+01
1.190471496998979362e+01
5.392397435101106140e+00
-1.423260957043035013e+00
-8.127651762266602020e+00
-1.430945236033212353e+01
-1.958947030459092531e+01
-2.364754788041820888e+01
-2.624548076876791924e+01
-2.724418155316488921e+01
-2.661373655875694411e+01
-2.443553204180760829e+01
-2.089622292241669754e+01
-1.627393804308587733e+01
-1.091771202459025147e+01
-5.221658392712100749e+00
4.041897683428059551e-01
5.564179768796836179e+00
9.906190068674691318e+00
1.314742043956042572e+01
1.509485976453749956e+01
1.565887197212371085e+01
0.000000000000000000e+00
2.150231905014489797e+01
-1.703871317952281572e+01
6.736912471865813323e+00
-1.398491328232235276e+01
1.950161814113674552e+01
-2.825379131688626089e+00
-1.228931584147172096e+01
4.533803750269669308e-01
1.701134355870181381e+01
-1.269184545032690892e+01
3.114158250050363286e+00
-1.120262936629547568e+01
1.753791467342648502e+01
1.693506669421050992e+00
-2.472787832990352541e+01
2.209221433591502404e+01
-9.604443379762123811e+00
1.395886612658453529e+01
-2.016300590011162441e+01
4.522852638237203848e+00
1.348088050599944054e+01
-5.107654867643129037e+00
-1.298003656685747842e+01
1.042854781130959019e+01
7.655375509399444667e-01
5.205611553881491105e+00
-1.343022167985191473e+01
-2.862972290381553542e+00
2.668460759247643921e+01
-2.584952603159112172e+01
1.136170964545070738e+01
-1.245319619080178164e+01
1.893024118220804652e+01
-4.657130498803942587e+00
-1.565434887918219076e+01
1.073049354488488660e+01
7.877458360964952888e+00
-7.676240315691782001e+00
-4.331781643371650503e+00
3.045490579901635186e-01
9.756099193555686000e+00
3.065453318305998209e+00
-2.698415962889576036e+01
2.797165133917368962e+01
-1.184655769665037006e+01
9.524977741854478097e+00
-1.597079588264560179e+01
3.461095776026203552e+00
1.842132766325326543e+01
-1.676516457367959489e+01
-2.289841313737435158e+00
4.973757198436862481e+00
7.024556680771475214e+00
-4.739695891259801286e+00
-6.993205130219315890e+00
-2.008479021891587557e+00
2.543685390599890894e+01
-2.833616558337793379e+01
1.111085194676059906e+01
-5.446891332935422270e+00
1.166302401251847876e+01
-1.343084287205957850e+00
-2.127211804477276758e+01
2.257815154940671931e+01
-3.161033782783712276e+00
-2.834960406205292660e+00
-8.376296886282103671e+00
7.648952370847981186e+00
5.454657401703081554e+00
-4.023452431564638054e-01
-2.208150838088421963e+01
2.704879086087845863e+01
-9.410139209329855703e+00
6.741657113997172601e-01
-6.545349540248915687e+00
-1.176951539043260553e+00
2.365141083430647484e+01
-2.754354852854365276e+01
7.902810713823368971e+00
1.670207609649348779e+00
8.081808499421148539e+00
-8.777371797899220951e+00
-5.248072791854354158e+00
4.044449880805336406e+00
1.718375039672962146e+01
-2.442310937136095816e+01
7.163403146974156144e+00
4.215032418502440592e+00
1.243631986219539964e+00
3.546530210737264710e+00
-2.504139259905092985e+01
3.112701971674494672e+01
-1.148959785193007477e+01
-1.723204176404675714e+00
-6.045990807949221946e+00
8.097413376357540216e+00
6.264701122082025897e+00
-8.590972009641783202e+00
-1.120293627722604413e+01
2.093145551570225393e+01
-4.888745392519942001e+00
-8.597437669230370005e+00
3.613080527750434090e+00
-5.263585082072046895e+00
2.504032458381197301e+01
-3.295753284754914603e+01
1.366024658829959293e+01
3.032361500971582302e+00
2.402443779660439205e+00
-5.808909552023390432e+00
-8.200067500969192125e+00
1.355332138674878451e+01
4.732247442438479723e+00
-1.713410319208185584e+01
3.124277519952723736e+00
1.188981717064227794e+01
-7.476574052121539360e+00
5.951343944526477969e+00
-2.342527635416618637e+01
3.287679042569237708e+01
-1.436973021134634543e+01
-5.422275803905188596e+00
2.499834583198136784e+00
2.307645536579414625e+00
1.060303363978351143e+01
-1.834770160921304694e+01
1.579676414266307116e+00
1.359692539714747461e+01
-2.345631417630716697e+00
-1.362939384594934467e+01
9.951482496108235765e+00
-5.414396674118316710e+00
2.018992977498579577e+01
-3.095942715064285267e+01
1.378932861802070420e+01
8.526631453449686759e+00
-8.139938811341643543e+00
1.872893003638353093e+00
-1.294613115046826124e+01
2.237621258071251162e+01
-7.114597967063382100e+00
-1.080931368087625444e+01
2.891992307318476563e+00
1.353820229624369809e+01
-1.084523000644364643e+01
3.667907486456670973e+00
-1.555189912788487305e+01
2.750116871973339983e+01
-1.227577332514086095e+01
-1.183933466195362172e+01
1.389273278648474097e+01
-6.138263404327139128e+00
1.470698293183443006e+01
-2.511105628194508910e+01
1.136601356415670061e+01
9.114077070977938178e+00
-4.911357570192247834e+00
-1.156227114005591439e+01
1.018898799811250022e+01
-9.357782907449232468e-01
9.928338354939084454e+00
-2.297667092731163763e+01
1.031392905250686809e+01
1.478663753200804543e+01
-1.911127981611118543e+01
9.917362840226569887e+00
-1.544904534439310950e+01
2.616989436229258104e+01
-1.400458209769298534e+01
-8.659304346148026355e+00
8.332996146511646884e+00
7.880072425609517595e+00
-8.226858547786346065e+00
-2.381982997314274542e+00
-3.883111883922875762e+00
1.797303625160168394e+01
-8.441353711901879109e+00
-1.680999507859321795e+01
2.321249730235751230e+01
-1.274229965912203433e+01
1.488999921334680998e+01
-2.537163125359756322e+01
1.491853986010304922e+01
9.379017748145690447e+00
-1.287121535356993896e+01
-2.879015620264082642e+00
5.375012428951078114e+00
5.768023838777686763e+00
-1.947149263788446660e+00
-1.310843060833812679e+01
7.165652463324962085e+00
1.744783902316794766e+01
-2.575404524180418875e+01
1.431252223351047448e+01
-1.294787826294705368e+01
2.276464715963050267e+01
-1.422354124135328846e+01
-1.100532005707911054e+01
1.806008449145465988e+01
1.657390586395919740e+01
9.986308881362154111e+00
3.127676067066265553e+00
-3.574401983045866427e+00
-9.717978921488922950e+00
-1.495389008305597223e+01
-1.900836980484530869e+01
-2.169956925827412419e+01
-2.294688732973411049e+01
-2.277259451328456663e+01
-2.129582749303716227e+01
-1.871961306111800738e+01
-1.531209914388202975e+01
-1.138358838854848365e+01
-7.261254955680652934e+00
-3.263557758409680876e+00
3.236643362696953741e-01
3.267612757968487713e+00
5.403983105978106494e+00
6.646401326732398473e+00
6.989294771715367283e+00
6.504186362738943572e+00
5.329924042237937698e+00
3.657828180439734567e+00
1.713119939940325409e+00
-2.657450069720006525e-01
-2.048089169811853516e+00
-3.430644924069666146e+00
-4.254238472066416143e+00
-4.416243834560808601e+00
-3.877906938735311115e+00
-2.666086556909413652e+00
-8.694317889697940061e-01
1.370524603264483332e+00
3.872469136763051267e+00
6.431394222710007824e+00
8.836240170722929221e+00
1.088757329809964602e+01
1.241381948353116904e+01
1.328473472532306587e+01
1.342106377645652415e+01
1.279968967304877481e+01
1.145397937898072804e+01
9.469448521558003762e+00
6.975265275256989028e+00
4.132456217137428389e+00
1.119936986223027731e+00
-1.880353048047890496e+00
-4.697891788899100973e+00
-7.186346393742654826e+00
-9.233615240158625781e+00
-1.076835269574893061e+01
-1.176252783993931850e+01
-1.222994018292290619e+01
-1.222098733549718830e+01
-1.181431828018421015e+01
-1.110628138703785339e+01
-1.019926444975759239e+01
-9.190108552196342373e+00
-8.159751586050241201e+00
-7.165123689880905644e+00
-6.234088335060087971e+00
-5.363920298784234042e+00
-4.523463018473028008e+00
-3.658744686963737891e+00
-2.701488180650522875e+00
-1.579656222530605003e+00
-2.289574245276028708e-01
1.395878408379992219e+00
3.311254183112285254e+00
5.497381401201173468e+00
7.894360420809720225e+00
1.040224979735440414e+01
1.288534971013963215e+01
1.518053403067459506e+01
1.710907882964278315e+01
1.849108676298703102e+01
1.916132876828092080e+01
1.898514320520538945e+01
1.787296640434235329e+01
1.579212629832435688e+01
1.277471057799149179e+01
8.920610234635066860e+00
4.395216307645399390e+00
-5.783179303735579424e-01
-5.731880885530978631e+00
-1.076946438277787266e+01
-1.538728926511148387e+01
-1.929550318914485274e+01
-2.223977648045773137e+01
-2.402107277904147509e+01
-2.451196276665194063e+01
-2.366807731090148792e+01
-2.153364525866135182e+01
-1.824050492764366638e+01
-1.400048281060105282e+01
-9.091558212716115861e+00
-3.838736138999065517e+00
1.409008614492021749e+00
6.304012475168811136e+00
1.052551412989812007e+01
1.380357787444824424e+01
1.593946539828114339e+01
1.682081755790150623e+01
1.643038755804288087e+01
1.484755300527371347e+01
1.224238932013670222e+01
8.862667732979153001e+00
5.014701644695696459e+00
1.039460629126052638e+00
-2.714238446182509534e+00
-5.917401110251455876e+00
-8.287230442554605503e+00
-9.610127647547235696e+00
-9.759477846157558645e+00
-8.706768095039370436e+00
-6.525090211269159113e+00
-3.384666223798614926e+00
4.593461360717776554e-01
4.685904985501708531e+00
8.932586246697585608e+00
1.282369064390371172e+01
1.599981185795374650e+01
1.814658806966329507e+01
1.902040148684529441e+01
1.846900689230210446e+01
1.644544491795939223e+01
1.301410029674633151e+01
8.348361115617732864e+00
2.719976140555713684e+00
-3.519156042289665276e+00
-9.961449477449916046e+00
-1.617254463237377848e+01
-2.172252651323546502e+01
-2.621711728141274378e+01
-2.932650901094889662e+01
-3.080967637552471672e+01
-3.053234838606564239e+01
-2.847729647041007794e+01
-2.474617608510087052e+01
-1.955279573446293995e+01
-1.320833151084616119e+01
-6.099607410263709895e+00
1.337924458541335682e+00
8.650483165118574291e+00
1.539728701538734867e+01
2.118060253243151436e+01
2.567232550317908490e+01
2.863518967601824272e+01
2.993712514648253276e+01
2.955782262005676841e+01
2.758715919775191239e+01
2.421575901232582240e+01
1.971854993486844165e+01
1.443269051124795865e+01
8.731640501361980000e+00
2.997404489645277614e+00
-2.406926774562114346e+00
-7.162283269264525742e+00
-1.101454500533310821e+01
-1.378983321785026739e+01
-1.540317423298184352e+01
-1.586008517617541358e+01
-1.525119244903574156e+01
-1.374053422004418401e+01
-1.154867466522136610e+01
-8.932133782810764089e+00
-6.160884373848051432e+00
-3.495770086222063533e+00
-1.167650115684606860e+00
6.401156792039883747e-01
1.804544320537626589e+00
2.270386490438446536e+00
2.051553668318236490e+00
1.226702397007299439e+00
-7.046169974658234025e-02
-1.665179976788323302e+00
-3.358630472905947073e+00
-4.946394706720889545e+00
-6.236805807413256630e+00
-7.067637619962517270e+00
-7.319776847239401363e+00
-6.926811742258074389e+00
-5.879844579715149067e+00
-4.227257962493441212e+00
-2.069600287139047090e+00
4.498336491625742894e-01
3.157799179033419890e+00
5.866083607995934202e+00
8.387325848491460789e+00
1.055029021349537643e+01
1.221329498738928621e+01
1.327469143546587560e+01
1.367957580431606424e+01
1.342226901274544382e+01
1.254448427835947300e+01
1.112948754574898302e+01
9.292905480282541930e+00
7.171120613165759217e+00
4.908388659574201895e+00
-2.896724991473262456e+00
-2.156775296393532493e+00
-8.664125422470689841e+00
6.937774592529491358e+00
8.947309559874529583e+00
-6.886557713050164509e+00
-1.640457445058991937e+01
2.649169507088673470e+01
-1.453415820249999513e+01
9.758198917121813309e+00
-1.862339125104093185e+01
1.224070164942431482e+01
1.311022804846535195e+01
-2.331435154417274447e+01
8.819715399604188377e+00
-8.769368377789827917e-01
1.055443574248244332e+01
-1.055968682895909438e+01
-5.924215253719413710e+00
7.833981282092606691e+00
1.359689238503889008e+01
-2.540918637363871113e+01
1.352907110886361508e+01
-5.659493722245891867e+00
1.341371508450600558e+01
-9.446124382546576825e+00
-1.517113571868684474e+01
2.800804844586629372e+01
-1.426376041042754572e+01
3.230365812532980385e+00
-1.104350691815686147e+01
1.245020023805807519e+01
4.286859344946680750e+00
-1.003099536039817430e+01
-9.170689771079723940e+00
2.271647154355893505e+01
-1.161247363683422051e+01
1.149163102746769027e+00
-7.731744994684473404e+00
6.399227216441861543e+00
1.665046538731123604e+01
-3.155974414902426162e+01
1.868751842218346582e+01
-4.536945288849714153e+00
9.917900632270729488e+00
-1.246104709390828269e+01
-4.066441104438207610e+00
1.328713137872393446e+01
3.486044261943598954e+00
-1.881671973738787429e+01
9.242430169843146359e+00
3.184195443479202581e+00
2.224832462003952571e+00
-3.660174215167100620e+00
-1.707802594774340577e+01
3.351243434251352227e+01
-2.170550177556355465e+01
4.613987274580563458e+00
-7.182441671575144682e+00
1.067690650477491410e+01
5.079257824528863097e+00
-1.722304849782452862e+01
2.927785607960795122e+00
1.424686632043086831e+01
-6.948596631996046824e+00
-6.742449466587151718e+00
2.494347921893484532e+00
1.708239355731652420e+00
1.612419566846053698e+01
-3.359679083788813614e+01
2.313654185820338327e+01
-3.490167739183589468e+00
3.065788690007792194e+00
-7.401874744143190910e+00
-6.959200482763266749e+00
2.132313353825876945e+01
-9.441116427830898772e+00
-9.600225548250595153e+00
5.250511103453302297e+00
9.002034164406920169e+00
-5.928521584777868725e+00
-8.727655222934957990e-01
-1.365333968452685554e+01
3.176882882008863263e+01
-2.302301344970708286e+01
1.401856542403189465e+00
2.005656388072857510e+00
3.115843141602455901e+00
9.216326587844015705e+00
-2.500859112020213360e+01
1.540676467660734517e+01
5.442202765490202765e+00
-4.577242459152408571e+00
-9.588565613906542495e+00
7.760070510844073510e+00
1.286559355055264531e+00
9.749676203587988255e+00
-2.821665522172360951e+01
2.161827607266457107e+01
1.241200720446356875e+00
-7.461981979188435865e+00
1.593004298251013751e+00
-1.131299025646365664e+01
2.772063665775279873e+01
-2.024554150232122751e+01
-2.231090765338284321e+00
5.200013644706059424e+00
8.331351199900698390e+00
-7.889878466797563661e+00
-2.868339493867464451e+00
-4.711721999924543880e+00
2.333532479169657137e+01
-1.934430923975664740e+01
-3.915950727419634347e+00
1.266462281768510856e+01
-6.109998832214987630e+00
1.274651475075704354e+01
-2.900193551577262241e+01
2.352235096626096578e+01
2.551792636777316936e-01
-7.187568206399753024e+00
-5.290009428936876645e+00
6.445429342200007738e+00
5.336692161327506234e+00
-9.840798682838816092e-01
-1.767333255652187773e+01
1.672575090128741948e+01
6.063258442111062685e+00
-1.699137906394006947e+01
9.878523909433596373e+00
-1.312646962516386040e+01
2.856464897433382433e+01
-2.500225330119267753e+01
4.049448866537481706e-01
1.039080618622710794e+01
7.493453486462886559e-01
-3.757185290281903178e+00
-8.253476748419860343e+00
6.745555056428055529e+00
1.185827313407126837e+01
-1.430989247655812946e+01
-7.171228793400961088e+00
1.991968245438486917e+01
-1.247534708261705205e+01
1.223539432648926883e+01
-2.633532169670841938e+01
2.467869012604692358e+01
1.163591782791333351e-01
-1.445903977316275402e+01
4.816888197794884086e+00
3.067667637607645048e-01
1.109040746077494077e+01
-1.194413349166599048e+01
-6.512130677383537680e+00
1.258416444103511189e+01
6.852666515579187489e+00
-2.109642577054057710e+01
1.366614974776283731e+01
-1.006418133115294822e+01
2.247011058847481024e+01
-2.277000848655842447e+01
-1.493908118405954166e+00
1.888570430888141161e+01
-1.080831595764628261e+01
3.345553653240427749e+00
-1.330921555686966684e+01
1.600018598803431757e+01
2.168111873393398170e+00
-1.190298240400239926e+01
-4.905524900825316337e+00
2.038456094998352341e+01
-1.343349783096416061e+01
6.816957015587214563e+00
-1.733804781669722672e+01
1.968490538799103717e+01
3.263606101814362948e+00
-2.307714887549127525e+01
1.657763863724536435e+01
-6.643614229144926497e+00
1.444384330588142262e+01
-1.846234480156906343e+01
7.993068219032846145e-01
1.243446779203011943e+01
1.347591725114162031e+00
-1.787994892303817096e+01
1.197343564712038599e+01
-2.884661351089595982e+00
1.147455587142850320e+01
-1.596180714439587689e+01
-4.894600806839880747e+00
2.643482222511950752e+01
-2.151653906230087898e+01
9.116523454278944172e+00
-1.417281391887524933e+01
1.906961863293419412e+01
-2.221342720662073944e+00
-1.413470316299016538e+01
3.579692899750149593e+00
1.389614543147846959e+01
-9.661362406234658806e+00
0.000000000000000000e+00
7.636524092606935099e+00
1.480689490625413640e+01
2.107705552797160919e+01
2.607478589578273542e+01
2.951491066008393815e+01
3.121814203218957573e+01
3.112220805141850022e+01
2.928450052686749672e+01
2.587611651325317652e+01
2.116781313319622626e+01
1.550899811306194387e+01
9.301391387459226223e+00
2.969377564213830034e+00
-3.070703848603602903e+00
-8.440030129011402593e+00
-1.282335160705338239e+01
-1.598974354148428745e+01
-1.780659452539313037e+01
-1.824590904621018694e+01
-1.738260260966325532e+01
-1.538508534019480933e+01
-1.249901598786099122e+01
-9.025617561155241830e+00
-5.296339628881103323e+00
-1.645901457586823602e+00
1.614162939910038785e+00
4.219416602933840466e+00
5.972084925058299021e+00
6.754846032646721454e+00
6.537898141230913396e+00
5.378902010198422623e+00
3.415964530121179621e+00
8.543738005636090094e-01
-2.051725953930857216e+00
-5.021156440999392956e+00
-7.769217466897828217e+00
-1.003098692957859583e+01
-1.158256413653787043e+01
-1.225861549613200374e+01
-1.196491192691288674e+01
-1.068497545869962373e+01
-8.480442149640404992e+00
-5.485258959751656782e+00
-1.894321973353282118e+00
2.052406850158789098e+00
6.088931007619772018e+00
9.943808207234528851e+00
1.336062273344458973e+01
1.611672246099956851e+01
1.803878690455415423e+01
1.901409040680509577e+01
1.899670759558069832e+01
1.800834297248241711e+01
1.613391567980055541e+01
1.351245639248381814e+01
1.032424084004123976e+01
6.775364194521953820e+00
3.081130942843541831e+00
-5.503159755926727570e-01
-3.932776405189937208e+00
-6.914021125551189861e+00
-9.384185205741728097e+00
-1.127999499245781578e+01
-1.258468381546549075e+01
-1.332384013612598572e+01
-1.355778835164403517e+01
-1.337139596933778307e+01
-1.286240649995362517e+01
-1.212949835032990009e+01
-1.126125882016720325e+01
-1.032714161855389001e+01
-9.371258398582206439e+00
-8.409560497846035432e+00
-7.430623874808087059e+00
-6.399889872215680064e+00
-5.266870055392804062e+00
-3.974526585455620875e+00
-2.469817708639948872e+00
-7.142715659592537847e-01
1.306567303478914255e+00
3.575883266451696407e+00
6.041397595236083440e+00
8.614830686854549668e+00
1.117526948493422978e+01
1.357631966842979487e+01
1.565655327098664351e+01
1.725242959201379733e+01
1.821260136797771878e+01
1.841234450140736101e+01
1.776678572556579283e+01
1.624165653551190758e+01
1.386047142286607681e+01
1.070730159933769343e+01
6.924670400323769570e+00
2.706504304230653801e+00
-1.713500272456341733e+00
-6.077326065667358890e+00
-1.012077716120508697e+01
-1.359292260997411717e+01
-1.627529150020507842e+01
-1.799923807355801131e+01
-1.865999656701337273e+01
-1.822617372092947363e+01
-1.674376608790765530e+01
-1.433421352083045974e+01
-1.118647597958512030e+01
-7.543609579139245014e+00
-3.684779283247992865e+00
9.595899154933285047e-02
3.512478920244705982e+00
6.309210429134994413e+00
8.281750364755694704e+00
9.293757459299108348e+00
9.288695119391928046e+00
8.295370859995731649e+00
6.426699461856214768e+00
3.871650983396076384e+00
8.808922890048034304e-01
-2.252852323526404632e+00
-5.218251797389359403e+00
-7.710826618629035956e+00
-9.458415639434777589e+00
-1.024461346297298547e+01
-9.928263732306833234e+00
-8.457371742960637206e+00
-5.876212747104002432e+00
-2.324929167244955242e+00
1.968508985291848035e+00
6.703506177914327679e+00
1.152815999017023962e+01
1.606515280696005021e+01
1.994028974861838321e+01
2.281151857178885223e+01
2.439619607565989767e+01
2.449446801077257163e+01
2.300689938328990181e+01
1.994490988904391315e+01
1.543310370103009177e+01
9.703193260110449359e+00
3.079856116341147310e+00
-4.040517308530567675e+00
-1.121667714954304529e+01
-1.799302272644199263e+01
-2.393152875644799238e+01
-2.864272966762101902e+01
-3.181346052378843581e+01
-3.322928705070211208e+01
-3.278994961457549095e+01
-3.051666678610375527e+01
-2.655075333756118638e+01
-2.114365828314183915e+01
-1.463917077672754807e+01
-7.449125925644219492e+00
-2.442403761036869569e-02
7.176481256233271822e+00
1.371929397377357773e+01
1.922345545126457367e+01
2.338744113249438428e+01
2.600796412397970769e+01
2.699175144937851911e+01
2.635913260483260601e+01
2.423930605131904770e+01
2.085777890625980646e+01
1.651705963540585032e+01
1.157217823640506715e+01
6.402975894584757910e+00
1.385319315033501475e+00
-3.136560837346154429e+00
-6.874534070412567033e+00
-9.616047877559928736e+00
-1.123724876459977473e+01
-1.170889389082271137e+01
-1.109477606934140859e+01
-9.542971738695539941e+00
-7.270773644611844055e+00
-4.544644469692262767e+00
-1.656888376571340693e+00
1.099042215466068839e+00
3.452622379303688316e+00
5.177823689974583310e+00
6.110527945633073443e+00
6.160503700775271874e+00
5.317124773722308184e+00
3.648526777195246318e+00
1.294428004377454755e+00
-1.546658112129216889e+00
-4.634659960951490021e+00
-7.708145858406052042e+00
-1.050579282887958854e+01
-1.278737425837241304e+01
-1.435259626165276892e+01
-1.505632762757847942e+01
-1.481909630871040484e+01
-1.363213741238183019e+01
-1.155673800150970365e+01
-8.718093882282907714e+00
-5.294334047519599906e+00
-1.501743831200942125e+00
2.422501536029216140e+00
-1.208992910717578084e+00
-5.511647078196479477e+00
1.219087459263532836e+01
5.871245142332701228e+00
-2.843923545390353880e+01
2.513576202917995772e+01
-1.044661343671467968e+01
1.237130552510411441e+01
-1.778752858728925546e+01
2.152387237920191154e+00
1.675323645378320947e+01
-9.439014510909462530e+00
-8.919335164729654153e+00
6.992229169127797128e+00
4.881542426209309227e+00
9.454511125676923200e-02
-8.929764094684108144e+00
-5.773022659420861125e+00
2.872379848899561239e+01
-2.712817060309722095e+01
1.051449457284470590e+01
-9.135335398814834917e+00
1.481315335462415383e+01
-8.557080170947646280e-01
-1.986907304086303583e+01
1.565279947926775606e+01
3.539838617502015339e+00
-4.503750603704332889e+00
-7.575264079008201534e+00
4.203607836657678121e+00
6.625129431652458045e+00
4.340880475352486556e+00
-2.712803450734024580e+01
2.740600500360238811e+01
-9.414807425629469151e+00
4.774424087439383513e+00
-1.054835967331292323e+01
-1.240402476913722296e+00
2.295202665675233078e+01
-2.157895116533553193e+01
1.630085811555930242e+00
2.693740600539728192e+00
8.838242485736870435e+00
-6.957021234254723296e+00
-5.551000543916195795e+00
-1.520348144532331247e+00
2.372257574040060746e+01
-2.610723547528436939e+01
7.440466936317636559e+00
2.264056354394003989e-01
5.544985069937677480e+00
3.609609492392200636e+00
-2.544066197002427998e+01
2.659612473211777584e+01
-6.040505774823881069e+00
-1.943510345762310187e+00
-8.391434518813410293e+00
7.941985075985922293e+00
5.772743297392089801e+00
-2.524870838810231444e+00
-1.880232446109602051e+01
2.357028660574629342e+01
-5.037705767267531165e+00
-5.270070815649127383e+00
-4.296963442803682920e-01
-5.707948205843969447e+00
2.682567126402222613e+01
-3.018659139155728965e+01
9.278243522728544690e+00
2.458394046709497793e+00
6.172111477309551120e+00
-7.163447293053218701e+00
-7.141636765822264366e+00
7.430936944991552551e+00
1.284865929009568752e+01
-2.028089403285225956e+01
2.738405295151711272e+00
9.727455465575445714e+00
-4.180892337244761947e+00
7.056069754226823143e+00
-2.672672593771536498e+01
3.200506979548768527e+01
-1.112099470265887824e+01
-4.234015682507576983e+00
-2.347390040163526592e+00
4.849815106886975258e+00
9.320723300783894771e+00
-1.268112881848453455e+01
-6.465940868372659800e+00
1.679879829366384314e+01
-1.079459087920996652e+00
-1.302278953015096441e+01
7.762899405698106214e+00
-7.311484347570808673e+00
2.495174534742780281e+01
-3.192387703996347526e+01
1.156357630887439925e+01
7.053229007850592147e+00
-2.704208876477061096e+00
-1.416852080137331882e+00
-1.183811568160089500e+01
1.767572420114371567e+01
3.012013203472889700e-01
-1.367482450070657940e+01
5.207808113465333122e-01
1.471236193380502577e+01
-9.954047405493849254e+00
6.320411057580698433e+00
-2.153000335296792400e+01
3.004809415436341880e+01
-1.081272706843911635e+01
-1.051427660184246804e+01
8.440709189194963713e+00
-2.594088872757723152e+00
1.416002132407419012e+01
-2.181467463363763315e+01
5.041726708078303254e+00
1.137023689543461202e+01
-1.373780258724325520e+00
-1.454547067580970676e+01
1.059910126526142804e+01
-4.141771060393251602e+00
1.671419516334114874e+01
-2.669867647580706915e+01
9.251371924511786915e+00
1.408624645296155542e+01
-1.422749315134617021e+01
6.594635983712578309e+00
-1.577292445952376276e+01
2.458139272804525177e+01
-9.081609905157010942e+00
-1.018990432649445133e+01
3.750656913549644145e+00
1.249900869319141350e+01
-9.765593805377498882e+00
1.039852130620298354e+00
-1.095098781131319932e+01
2.236596655647340626e+01
-7.377615961413606982e+00
-1.718399242811299388e+01
1.942109595646096309e+01
-1.003355397689352735e+01
1.626305466281328904e+01
-2.561578126176221559e+01
1.152164123944893603e+01
1.023881739314365369e+01
-7.541909346047155793e+00
-8.780801027873739173e+00
7.727791767061490624e+00
2.553341316315974829e+00
4.824051473290529302e+00
-1.764024340459279117e+01
5.727332724339293968e+00
1.925188514608580803e+01
-2.345425807911390237e+01
1.247450399074520000e+01
-1.538165103993787142e+01
2.476613040135698895e+01
-1.228509491964810785e+01
-1.140814501503559342e+01
1.242545015528102503e+01
3.801219174815965829e+00
-4.921373893697999158e+00
-6.100695213358490854e+00
1.022520017078644372e+00
1.312917407671516123e+01
-4.791545415575463096e+00
-1.984447131050125890e+01
2.591033323613019945e+01
-1.365637004625116013e+01
1.308655176307417456e+01
-2.211248112352994255e+01
1.151993004316003955e+01
1.339278524695511408e+01
-1.790621996629473500e+01
1.882923771932142998e+00
1.875453779840960511e+00
9.038611192243314107e+00
-5.969698793910827916e+00
-9.373863311423100697e+00
4.940535078437660488e+00
1.869252662438094958e+01
-2.657665778198071749e+01
1.352762518472748354e+01
-9.554011173745827534e+00
1.795807778521036724e+01
-9.571871534898006573e+00
-1.573785508139504508e+01
2.338084954117628556e+01
-7.644284124432639160e+00
8.682072413039385594e-01
-1.086040241370447035e+01
9.505945692636677435e+00
6.775364829737720918e+00
-6.365643152961177442e+00
-1.574503308451445527e+01
2.546946772606342080e+01
-1.224993246018254389e+01
5.158891650507697157e+00
-1.279003947211084835e+01
-1.765122929124470375e+01
-1.446645307647298750e+01
-1.049175427879090527e+01
-6.063236720993980811e+00
-1.546479449665060457e+00
2.691682215635816888e+00
6.311598115518083141e+00
9.027268217145246965e+00
1.062876598543196671e+01
1.099885146366431421e+01
1.012244253323302345e+01
8.088157550533342288e+00
5.081752946376226099e+00
1.371908044935657323e+00
-2.710592810090774130e+00
-6.798710741818984715e+00
-1.051806434394408285e+01
-1.351668207172620662e+01
-1.549329512979538137e+01
-1.622197042053590366e+01
-1.557115377339182949e+01
-1.351561507995112343e+01
-1.014032678971800649e+01
-5.635923805346696014e+00
-2.860383949561260408e-01
5.552571784345745165e+00
1.147562958234357211e+01
1.706076301599953382e+01
2.189853833570592201e+01
2.562276572583049017e+01
2.793779578895302151e+01
2.864075376865626410e+01
2.763704408832947479e+01
2.494796998948773847e+01
2.070991184982165123e+01
1.516514656819935070e+01
8.645019733059106315e+00
1.546753641957365311e+00
-5.694356097955556528e+00
-1.263527020507898335e+01
-1.885580575251558244e+01
-2.398725368396746305e+01
-2.773693560585059004e+01
-2.990695289550757607e+01
-3.040584168641527896e+01
-2.925239997806469461e+01
-2.657155405675614190e+01
-2.258273340861497758e+01
-1.758177963933525589e+01
-1.191788303024826590e+01
-5.967385182673549338e+00
-1.064828296407318575e-01
5.315096553029516002e+00
9.997502208809752489e+00
1.370957932606028606e+01
1.630182656288864251e+01
1.771270654863322846e+01
1.796806213027094756e+01
1.717393553687017160e+01
1.550359497908928574e+01
1.318000385352024750e+01
1.045528893237817059e+01
7.588952352567123860e+00
4.826615693795665685e+00
2.380982735152531227e+00
4.164721708063923722e-01
-9.613751348207029146e-01
-1.711036989090323424e+00
-1.854492320415033646e+00
-1.471313555063041179e+00
-6.880767284318967114e-01
3.358342681538282193e-01
1.424684196848692963e+00
2.403609932714960706e+00
3.115098099709703305e+00
3.433313550705626049e+00
3.275101129532822952e+00
2.606803600933961018e+00
1.446424503351696700e+00
-1.389183081229368177e-01
-2.039890831740525101e+00
-4.115463823974808477e+00
-6.206027750857684211e+00
-8.147869631058876294e+00
-9.787688305996143256e+00
-1.099585151564684615e+01
-1.167723884162037962e+01
-1.177875496543382106e+01
-1.129291514668547336e+01
-1.025727026485769855e+01
-8.749819227438711877e+00
-6.880918083884562719e+00
-4.782505838329107917e+00
-2.595699513863749530e+00
-4.579453751928870275e-01
1.509061930208751789e+00
3.209566726951701199e+00
4.581109439863411126e+00
5.598390874609576073e+00
6.273315361277719049e+00
6.651248665657846004e+00
6.803887578663386115e+00
6.819463081529397286e+00
6.791258237422677091e+00
6.805591506224595300e+00
6.930479925884646342e+00
7.206147798423880424e+00
7.638388403098632651e+00
8.195531857690726341e+00
8.809443304994424295e+00
9.380600749695499729e+00
9.786914195296724017e+00
9.895581918224809925e+00
9.576969042873360038e+00
8.719266992109094616e+00
7.242571918872734216e+00
5.111018992637473168e+00
2.341730349996895999e+00
-9.904300420379019698e-01
-4.752969180470675070e+00
-8.761017621932042587e+00
-1.278755445048171069e+01
-1.657799745597937147e+01
-1.986814925103055884e+01
-2.240416094698587557e+01
-2.396294884171692274e+01
-2.437139821114669047e+01
-2.352272355469217047e+01
-2.138852710830469306e+01
-1.802539622159361343e+01
-1.357528364705709478e+01
-8.259392110370523454e+00
-2.365798173352115619e+00
3.768440935625847032e+00
9.779491871371076783e+00
1.530167883877771473e+01
1.999330529905134313e+01
2.356140503636095929e+01
2.578349986993823961e+01
2.652463093357986068e+01
2.574826142850567123e+01
2.352009714764044901e+01
2.000440309563762398e+01
1.545296917851598906e+01
1.018745017864394953e+01
4.576329593118420469e+00
-9.918088626583845269e-01
-6.136709810773657736e+00
-1.051442585857061829e+01
-1.384270872159484611e+01
-1.592184882322231942e+01
-1.664933221957859644e+01
-1.602714630448384625e+01
-1.416112405059553936e+01
-1.125232758225346075e+01
-7.581088153301470456e+00
-3.484892817268549159e+00
6.682070482837536574e-01
4.508632304536335234e+00
7.694522617596752490e+00
9.938928595850315517e+00
1.103283171148440189e+01
1.086218635687266776e+01
9.417632461432832613e+00
6.796088302169094320e+00
3.194058131161948921e+00
-1.106870490028711629e+00
-5.761259068415283124e+00
-1.038617585028575441e+01
-1.459067334677183858e+01
-1.800613350841260996e+01
-2.031515522855035627e+01
-2.127676523835138411e+01
-2.074601115635661230e+01
-1.868642291411469358e+01
-1.517437276117705736e+01
-1.039498226855671170e+01
-4.629869191822788110e+00
1.762352222841523819e+00
8.371354862591008583e+00
1.476426852281302082e+01
2.051654996734598768e+01
2.524224795488974493e+01
2.862141541161872027e+01
3.042264986695575857e+01
3.051912480341672307e+01
2.889697809568180631e+01
2.565550933699439895e+01
2.099925959672081888e+01
1.522265662244392637e+01
8.688458698454276430e+00
1.801679397159023477e+00
-5.019010244995746994e+00
-1.137024867306626064e+01
-1.689117693005642806e+01
-2.128688972585011641e+01
-2.434649915298035339e+01
-2.595460935707176020e+01
-2.609552818857475387e+01
-2.485011099453897998e+01
6.929966544409207785e+00
1.790741898427167911e+01
-2.821834431558402656e+01
1.287000550731533011e+01
-2.837144499398334574e+00
1.119250409070799535e+01
-1.129501041547018581e+01
-5.542001170667999688e+00
9.047204460762271694e+00
1.118100578996555328e+01
-2.282697893365019581e+01
1.017057880910397216e+01
-4.258909348215880186e-01
7.214728339934604051e+00
-4.152510535869524233e+00
-1.936556624020862927e+01
3.184546929669027548e+01
-1.704387672784468322e+01
3.699493331462582635e+00
-9.852537844221817664e+00
1.121961304440629448e+01
5.664854003595051424e+00
-1.275331112189227767e+01
-5.389355617943516918e+00
1.907175200186204478e+01
-7.767796575920310254e+00
-4.041394622700988037e+00
-1.876866173604312849e+00
1.784006422428668692e+00
1.965816718205908842e+01
-3.382482130205917059e+01
1.981409294270979871e+01
-3.314389235540524226e+00
6.880826110725871025e+00
-9.394916378094180232e+00
-6.924758948752550047e+00
1.706969986144690665e+01
-1.080502904510387552e+00
-1.474780572064466710e+01
5.576903715359452285e+00
7.643593640279673807e+00
-2.626259476878970212e+00
-2.750691828235652947e-01
-1.848352184677304422e+01
3.391458889167942203e+01
-2.103714981078106661e+01
1.754201687535474008e+00
-2.540709151678978373e+00
6.149966575597332508e+00
8.929641415274993221e+00
-2.145660210419816849e+01
7.590446932575011019e+00
1.044150523751036630e+01
-4.107937651970825499e+00
-9.869131475572444856e+00
5.823475986887783229e+00
-8.325938574655794566e-02
1.574167869423922994e+01
-3.210157473624916236e+01
2.079180838675767262e+01
7.046269650942837970e-01
-2.712560749468140742e+00
-1.979803996450831605e+00
-1.117670284697813976e+01
2.532453215990755879e+01
-1.349781913171253933e+01
-6.697527377697110929e+00
3.766678809952495932e+00
1.036641688134422878e+01
-7.430291768603891178e+00
-7.985987413892818854e-01
-1.155522380366404356e+01
2.860282539562678750e+01
-1.936133328008840948e+01
-3.620870518166981356e+00
8.290113921412594067e+00
-2.524915489549163894e+00
1.313042568821931155e+01
-2.811826398325380794e+01
1.824020216014746154e+01
3.941873268781416861e+00
-4.790483979975632245e+00
-8.994396635661342287e+00
7.382927361499329599e+00
2.796630601810524031e+00
6.258392922553179361e+00
-2.383564440499610271e+01
1.718672141529985353e+01
6.452352320284170162e+00
-1.354684984666222292e+01
6.760783568271801158e+00
-1.430511406255313389e+01
2.939704982473543282e+01
-2.140893187061923086e+01
-2.422863492414326636e+00
7.208244442169751132e+00
5.844274096274300945e+00
-5.841163661517933647e+00
-5.592572298008099629e+00
-3.558638889422454099e-01
1.836022712903920961e+01
-1.479776153206465850e+01
-8.635216873837482154e+00
1.786710136675858251e+01
-1.019523942577762377e+01
1.434004576419548727e+01
-2.889963575964995357e+01
2.280108416182264719e+01
2.178461555702460029e+00
-1.083034843744362874e+01
-1.229255269241324555e+00
3.159787287706317116e+00
8.721913711611405162e+00
-5.543095322328841057e+00
-1.280301650091249854e+01
1.273190920880092136e+01
9.667306386293779141e+00
-2.074657705340262837e+01
1.243908604269564577e+01
-1.305637078904854675e+01
2.658475922243876965e+01
-2.244272130997196157e+01
-3.034496679074420555e+00
1.527025077783142137e+01
-4.356299003553207427e+00
1.671332400505409765e-01
-1.164365882620436388e+01
1.080593148083880095e+01
7.771589527919335438e+00
-1.145268177956509525e+01
-9.183695237792667498e+00
2.185909783099430470e+01
-1.329770803896396458e+01
1.048750134781038490e+01
-2.264127033490270691e+01
2.058025504069651745e+01
4.633934378497556850e+00
-1.999474252341354230e+01
1.030261480241939509e+01
-3.581060242375714964e+00
1.382181098426265464e+01
-1.486215810531068726e+01
-3.773060783374553750e+00
1.127932791789911171e+01
7.013522941807019961e+00
-2.109878744723265953e+01
1.279383157123931625e+01
-6.878526622586756289e+00
1.746631137770577169e+01
-1.764129710467981837e+01
-6.492902752674048372e+00
2.439591243020798572e+01
-1.596592683846755101e+01
6.542115199767986056e+00
-1.480686029286531635e+01
1.728075162988580971e+01
1.147464575384718799e+00
-1.233790124252362652e+01
-3.209901354525923622e+00
1.859184359660347141e+01
-1.115873644572084444e+01
2.654613240452693645e+00
-1.161450765366046234e+01
1.417068252518396854e+01
8.075355920598854098e+00
-2.787468302895424443e+01
2.075415822830932910e+01
-8.608592058382757983e+00
1.430552912222340112e+01
-1.782869435549215709e+01
-2.542738832966584539e-02
1.454079782564560475e+01
-1.951519346076865169e+00
-1.467631509294040093e+01
8.793335293561234778e+00
1.637210705405504285e+00
5.725226375739783435e+00
-1.075085325196614328e+01
-8.875588413337235139e+00
2.992413048489957106e+01
-2.420484802644750033e+01
9.501467306070479069e+00
-1.222868485090520352e+01
1.650241869438733744e+01
3.159728428639780873e-01
-1.759774115966068564e+01
8.005300011021390105e+00
9.852830045826960870e+00
-6.204833302196670175e+00
-5.404675908426067821e+00
-4.380651801457275951e-01
7.917983479167077121e+00
8.496685327480536287e+00
-3.020079761434239174e+01
2.604443041322039676e+01
-9.144682651383790883e+00
8.710422120073852525e+00
-1.352772918617328557e+01
-1.726006566908546702e+00
2.105669541522882326e+01
1.405249449121249583e+01
1.381750309521395437e+01
1.301294365790302088e+01
1.180247031119239232e+01
1.035744311344572921e+01
8.840940213968679018e+00
7.393675490209412615e+00
6.122969268589849356e+00
5.095608283510136616e+00
4.335056019009996930e+00
3.823069818831556166e+00
3.505382390273705795e+00
3.300747175832937863e+00
3.112360051594441401e+00
2.840477811208899084e+00
2.394972166661656132e+00
1.706591963936689993e+00
7.358511988761495815e-01
-5.212982263381604753e-01
-2.031535027011308614e+00
-3.726144700836964141e+00
-5.506698170279111793e+00
-7.253877916542867510e+00
-8.838599932622813071e+00
-1.013436282929161258e+01
-1.102963749730977305e+01
-1.143910236422746785e+01
-1.131263121338722222e+01
-1.064114365494527803e+01
-9.458714522515107248e+00
-7.840682137776989080e+00
-5.897865752746858092e+00
-3.767366241737800436e+00
-1.600748370880620719e+00
4.493418826800346100e-01
2.242909145786997627e+00
3.665419892191909224e+00
4.638484156361418975e+00
5.127370247786908308e+00
5.144583479537089943e+00
4.749082934239876153e+00
4.041098490014078948e+00
3.152909999491006587e+00
2.236326436787466676e+00
1.447921318075492181e+00
9.333125575272633867e-01
8.118980032582605588e-01
1.163459145183477705e+00
2.017922169631992446e+00
3.349325648379228859e+00
5.074705889142760995e+00
7.058201343281609752e+00
9.120230109977999433e+00
1.105114702699140139e+01
1.262837739242604940e+01
1.363568884922161217e+01
1.388303167806523675e+01
1.322527279695472480e+01
1.157818208854528663e+01
8.930201847354014788e+00
5.348830139127982441e+00
9.808547991748328698e-01
-3.953844469854502108e+00
-9.174690857211629691e+00
-1.435825432409777846e+01
-1.916033121523275184e+01
-2.324066669716068390e+01
-2.628846652888527657e+01
-2.804672670181566474e+01
-2.833344666386759059e+01
-2.705798433275482395e+01
-2.423114651522501362e+01
-1.996806255845890377e+01
-1.448342799703211448e+01
-8.079287223570519316e+00
-1.126104312607460578e+00
5.961596909666902810e+00
1.275330140521635691e+01
1.883224389437984314e+01
2.382462553433017405e+01
2.742611715511380766e+01
2.942363707204669510e+01
2.971072635656834393e+01
2.829531253543609992e+01
2.529921879886831704e+01
2.094939670203362070e+01
1.556148814664152624e+01
9.516908329413029222e+00
3.235139487802747738e+00
-2.856703604189623213e+00
-8.354760874317260999e+00
-1.290745083606131516e+01
-1.624045234027054718e+01
-1.817577060206962258e+01
-1.864346380092141686e+01
-1.768516659626151011e+01
-1.544917385898804696e+01
-1.217749324179268910e+01
-8.185888852059722609e+00
-3.838472637991344083e+00
4.811862803664013200e-01
4.400203203323106216e+00
7.585451100080113029e+00
9.769337404056905427e+00
1.077031920691629985e+01
1.050660557529517014e+01
9.002027866782821519e+00
6.383667580871226654e+00
2.871468837898686566e+00
-1.239320646797366088e+00
-5.601488076105660241e+00
-9.843144274338921917e+00
-1.359684022778863266e+01
-1.652826216366890577e+01
-1.836230378429964105e+01
-1.890453206291791588e+01
-1.805643241957003653e+01
-1.582331014356485355e+01
-1.231429833859781908e+01
-7.734533043085479953e+00
-2.370155636547221611e+00
3.432655390869337353e+00
9.292978350470786353e+00
1.482281258095660625e+01
1.965500227265223998e+01
2.346931903434531463e+01
2.601477443082615082e+01
2.712655230006732410e+01
2.673638866296287731e+01
2.487574833404358543e+01
2.167170972700638387e+01
1.733602799445567300e+01
1.214835770117561253e+01
6.435040333167433957e+00
5.451672822061404133e-01
-5.174206287465196397e+00
-1.040180728675639443e+01
-1.486309558294455613e+01
-1.834693473321567581e+01
-2.071687714517524270e+01
-2.191641531169660340e+01
-2.196804661115800172e+01
-2.096649285686625319e+01
-1.906686740283987902e+01
-1.646895650063348171e+01
-1.339904919112791859e+01
-1.009089207503661001e+01
-6.767353360717550004e+00
-3.624257432256235312e+00
-8.176104525787906141e-01
1.544897625763145710e+00
3.407628242456397949e+00
4.765907688106878481e+00
5.660478908910818063e+00
6.168226660991110499e+00
6.390210791750480013e+00
6.438242940116147395e+00
6.421328061387050923e+00
6.433258873471246808e+00
6.542503975491369417e+00
6.785284200105833996e+00
7.162410295694733087e+00
7.640088103133184205e+00
8.154518395465535363e+00
8.619761545764326627e+00
8.938033926992627443e+00
9.011380118787045035e+00
8.753541942109718477e+00
8.100832414428593253e+00
7.020920418534183582e+00
5.518630864498916822e+00
3.638147063612413135e+00
1.461341236978377367e+00
-8.976752232908014051e-01
-3.301331082645077686e+00
-5.599933744988859097e+00
-7.644545119148431489e+00
-9.300213424652696403e+00
-1.045832660662701663e+01
-1.104691266731266985e+01
-1.103788013413434754e+01
-1.045045416468293631e+01
-9.350398024362906568e+00
-7.844986842727150744e+00
-6.074087518176575884e+00
-4.198060995280895824e+00
-2.383508213706000411e+00
-7.881007515840403599e-01
4.541494153831664438e-01
1.245831514338469281e+00
1.536064414433603087e+00
1.326423860687841128e+00
6.722099289836744873e-01
-3.212082750704539080e-01
-1.506804995805007152e+00
-2.708476414666728616e+00
-3.736809738440752149e+00
-4.406756730370211983e+00
-4.555718158900158521e+00
-4.060461223566372624e+00
-1.435580836983420028e+01
-4.713318773757996460e+00
3.928162980848923347e+00
8.094435582968669607e+00
-3.691602670826751975e+00
-6.085801365130993901e+00
-6.713563597338922939e+00
2.857388445980679137e+01
-2.622062749699107442e+01
7.675453257203579405e+00
-4.095410399048980743e+00
9.328228303818649536e+00
3.808518987174310588e+00
-2.436889984807613985e+01
2.035537950235670479e+01
-1.421286743476755099e-01
-2.443556553645091611e+00
-9.271806538649926210e+00
6.265209937382017813e+00
5.487934730620651180e+00
3.511448930007709635e+00
-2.514531343489662873e+01
2.490354147364366355e+01
-5.423149321519934674e+00
-1.103885237708471578e+00
-4.466717473233530633e+00
-6.032461453769005999e+00
2.696875463153384800e+01
-2.539011793542277928e+01
4.188476283472410522e+00
2.102165446221948564e+00
8.684717497859042012e+00
-7.091572536555704076e+00
-6.146941740859947600e+00
9.058704479360035755e-01
2.023777464002554538e+01
-2.245547767975607911e+01
2.859799727513025580e+00
6.274213118982382653e+00
-4.321451056183205353e-01
7.864175766497686126e+00
-2.835714450395829900e+01
2.896132474395068357e+01
-7.047254928478022151e+00
-3.070484271357540429e+00
-6.302708214211881099e+00
6.208450871990663700e+00
7.874361707456562165e+00
-6.139365343814978004e+00
-1.435237829917223351e+01
1.937396588787347795e+01
-5.293325788764597917e-01
-1.078342067016259875e+01
4.767014122608342674e+00
-8.848626164892706925e+00
2.817626720324655309e+01
-3.075114261703672014e+01
8.536296127114878729e+00
5.301649764214049654e+00
2.325340401046162242e+00
-3.872195751146138676e+00
-1.030168089366795670e+01
1.164651032361757110e+01
8.101833427794456810e+00
-1.621624261433330361e+01
-1.034280363101803601e+00
1.406573233063976147e+01
-8.040854132498761686e+00
8.678727736317148000e+00
-2.626521346859940564e+01
3.066323832818848416e+01
-8.690732828621889894e+00
-8.537845704190772267e+00
2.841296521970615885e+00
5.170983589971029915e-01
1.293768578305783379e+01
-1.681423860950702576e+01
-2.128525390508598125e+00
1.351607304006266652e+01
1.388204846284152083e+00
-1.569843213286821459e+01
9.926382228448209943e+00
-7.242779109279821270e+00
2.268825749716665641e+01
-2.883286936625728814e+01
7.752422993854356292e+00
1.234359943250438185e+01
-8.636789036056818247e+00
3.309651764746481817e+00
-1.524390126982717852e+01
2.104285462293894682e+01
-2.981010328164700240e+00
-1.170485604192485418e+01
-2.495543988975974514e-01
1.545916068441568392e+01
-1.030680769002568553e+01
4.643145909648117353e+00
-1.773167625493020338e+01
2.560500875299065626e+01
-6.129461583942772407e+00
-1.616533687411997988e+01
1.442005397772570063e+01
-7.028055428774343305e+00
1.671722107942214564e+01
-2.382906633576700273e+01
6.773226471511998525e+00
1.104831909800565803e+01
-2.458125203619843546e+00
-1.335576449329882465e+01
9.286248986784737980e+00
-1.183457753579372884e+00
1.186937479782453408e+01
-2.148371477935570439e+01
4.331714851160905155e+00
1.940880005072360603e+01
-1.955414988173307478e+01
1.010898412139645686e+01
-1.696780126409599632e+01
2.483639471084468653e+01
-8.985528539349033395e+00
-1.160786281519430041e+01
6.587490115702005156e+00
9.624507589544036179e+00
-7.168531560207049402e+00
-2.673910586347550300e+00
-5.702019259322868905e+00
1.705998974564866444e+01
-2.891730181031975100e+00
-2.152335982543287685e+01
2.349037419755012479e+01
-1.214951791563684402e+01
1.578095261648481085e+01
-2.394298042063591225e+01
9.577013545498230584e+00
1.323207791812630596e+01
-1.178181077368368790e+01
-4.696921578510230511e+00
4.407571769538792594e+00
6.374045639998189294e+00
-1.218593775193461681e-01
-1.292839780987206311e+01
2.282458688443550265e+00
2.208124356974231262e+01
-2.583988066564940667e+01
1.292922580078067618e+01
-1.315404000330819301e+01
2.125998900632322020e+01
-8.727804328999869909e+00
-1.557963457692192932e+01
1.751930489771545751e+01
-8.600034643944090007e-01
-1.536592974277337653e+00
-9.349960172594318664e+00
4.991763850552450421e+00
9.604277435878760372e+00
-2.843679880179700525e+00
-2.084038758999819763e+01
2.642282371517246631e+01
-1.243941583469223389e+01
9.302952958759998836e+00
-1.711796335600438113e+01
6.807262525333587888e+00
1.817025056744387257e+01
-2.318127503683573565e+01
6.421826867305331810e+00
-9.135755919176562490e-01
1.110582764199596895e+01
-8.416103147533215534e+00
-7.453267079093186531e+00
4.727773709266436697e+00
1.778192033378818238e+01
-2.528822461448046255e+01
1.088125777122565196e+01
-4.637046654163353487e+00
1.202299805733485982e+01
-4.315779290135399293e+00
-2.045642080909604843e+01
2.813454007862269179e+01
-1.139184729959545272e+01
2.495324797873898159e+00
-1.129107241149846530e+01
1.008671391608266532e+01
6.643081219257982895e+00
-7.872722336800615395e+00
-1.311685907629842696e+01
2.270190422017378751e+01
-8.633136848580164724e+00
-2.940510095042228045e-01
-6.588871265025330715e+00
1.808585434159343919e+00
2.190560938658023815e+01
-3.181660271692817687e+01
1.528146597259928896e+01
-2.912564256465674184e+00
9.754673425908805484e+00
-9.918014134463502884e+00
-7.124281858913052545e+00
1.200633510077341626e+01
7.260952306555663149e+00
-1.910434981944601063e+01
