-4.772665017264226428e+00
-5.276685493324875686e+00
-5.415952230499373243e+00
-5.207709723356906295e+00
-4.691820418724776509e+00
-3.927060056957752288e+00
-2.986209439674116339e+00
-1.950312663362220533e+00
-9.025238434818896316e-01
7.801370719243116980e-02
9.218212411549711049e-01
1.573876401571078887e+00
1.997215290055727177e+00
2.175106422677656415e+00
2.111663638421452216e+00
1.830878860429824062e+00
1.374169781705813165e+00
7.966439893176268106e-01
1.623722715601583211e-01
-4.609665094164339116e-01
-1.007663386342802614e+00
-1.419360676015540612e+00
-1.649833797060536789e+00
-1.668815946022701890e+00
-1.464579166460165283e+00
-1.045077015500723849e+00
-4.375597012870047209e-01
3.133153170376163921e-01
1.148743710534731788e+00
2.000170968518939940e+00
2.794506275628354075e+00
3.459772745986730236e+00
3.930778652793301298e+00
4.154389486922046792e+00
4.094006043573005016e+00
3.732907587080502410e+00
3.076197780537689219e+00
2.151189028896656641e+00
1.006171330508915052e+00
-2.923730834699171943e-01
-1.663936230781098535e+00
-3.019258360194955415e+00
-4.266353719004220224e+00
-5.316874626569170204e+00
-6.092371160991151058e+00
-6.530005348373387974e+00
-6.587311228991385548e+00
-6.245653513823389957e+00
-5.512123669643985480e+00
-4.419717366833805450e+00
-3.025754127876830069e+00
-1.408620705442172660e+00
3.369641287572531230e-01
2.105862144962530991e+00
3.789220589744726198e+00
5.281526496993511621e+00
6.487539227599195435e+00
7.328633923829141139e+00
7.748124309463998216e+00
7.715198656475031669e+00
7.227193462541744218e+00
6.310039375275984241e+00
5.016835748973379694e+00
3.424635678863962251e+00
1.629643900856395877e+00
-2.588626462676044682e-01
-2.125494871092121318e+00
-3.856134990238546223e+00
-5.345256354452030401e+00
-6.502695490798536149e+00
-7.259427725509441487e+00
-7.571963542288023596e+00
-7.425074491470841309e+00
-6.832668823883814468e+00
-5.836760560227798322e+00
-4.504603068169689806e+00
-2.924180785419949302e+00
-1.198362201000174654e+00
5.618938193449869445e-01
2.244823817628802232e+00
3.745151354416076384e+00
4.970899264169502452e+00
5.849271196194075095e+00
6.331215281381227911e+00
6.394372931115876568e+00
6.044225736578014541e+00
5.313375684113118780e+00
4.259020100850003487e+00
2.958804305898468101e+00
1.505343611235181900e+00
-2.052649337811462971e-04
-1.455081099725455962e+00
-2.761889262877463835e+00
-3.835133476462411206e+00
-4.606867567989708867e+00
-5.031089328725723675e+00
-5.086586882977698565e+00
-4.778055642376884293e+00
-4.135423512873646956e+00
-3.211445296203960353e+00
-2.077745708956099335e+00
-8.195960126720408523e-01
4.702052988549143553e-01
1.697917774900858712e+00
2.775450650181291667e+00
3.626503489573618566e+00
4.191832275103285710e+00
4.433280304693157703e+00
4.336300875808525745e+00
3.910804863240682216e+00
3.190283564510484560e+00
2.229277425608332752e+00
1.099376137079628224e+00
-1.159628384685099101e-01
-1.327408984579180551e+00
-2.446142998960028514e+00
-3.390181203524909925e+00
-4.090196345902413988e+00
-4.494427596821482851e+00
-4.572337386621957656e+00
-4.316761274993823783e+00
-3.744403101254328181e+00
-2.894643803571017138e+00
-1.826750421317547390e+00
-6.156836763274253777e-01
6.531996170932480306e-01
1.890176034891791534e+00
3.007492778751361673e+00
3.925567346015927050e+00
4.578614268130051457e+00
4.919303915142895001e+00
4.922126302945204479e+00
4.585223601771983404e+00
3.930562290008922766e+00
3.002432142395992987e+00
1.864376377816674868e+00
5.947671498008909596e-01
-7.186645192887648470e-01
-1.984961903826804264e+00
-3.116309712240016516e+00
-4.034189346123888242e+00
-4.674890840238872691e+00
-4.993994597142814129e+00
-4.969507646114788457e+00
-4.603432862969755845e+00
-3.921658873814323876e+00
-2.972175630370058830e+00
-1.821737723489536442e+00
-5.512062356707905231e-01
7.501072650601444680e-01
1.990700607269000333e+00
3.083307770228931766e+00
3.951042885423695417e+00
4.532830573533915164e+00
4.787740506844146537e+00
4.697919640445580747e+00
4.269912658487903911e+00
3.534273125396108384e+00
2.543486864424331362e+00
1.368346947750034515e+00
9.302817860897794056e-02
-1.190799485518516221e+00
-2.390410883272957143e+00
-3.418571184272904073e+00
-4.199730109842477965e+00
-4.675430545783909153e+00
-4.808550097657265709e+00
-4.586073650467207941e+00
-4.020195746264127123e+00
-3.147666674770215778e+00
-2.027417664893899296e+00
-7.366200863770551166e-01
6.345571474207771789e-01
1.989136325416244855e+00
3.230042919523897105e+00
4.266879539025737245e+00
5.022293906118937556e+00
5.437498430594208010e+00
5.476555061941920322e+00
5.129122007313585918e+00
4.411463009884501574e+00
3.365638099204702360e+00
2.056918981207358055e+00
5.695940248058088962e-01
-9.985612317977425878e-01
-2.542779621476465302e+00
-3.958327830752330634e+00
-5.147587584187428789e+00
-6.026712371384851608e+00
-6.531406338021414015e+00
-6.621429689060272850e+00
-6.283519753465031776e+00
-5.532523008202279158e+00
-4.410653662593797542e+00
-2.984920695249268618e+00
-1.342888931363426686e+00
4.129475652912523165e-01
2.171807501969703402e+00
3.821838550861548001e+00
5.257427344025194849e+00
1.213668766895291640e+01
-1.299028833310286402e+01
2.167446821481108454e+00
8.540778185951097612e+00
-8.247209729958862923e+00
-4.418029625729817944e-01
5.233443829543247716e+00
5.416175165177654627e-01
-9.753462215115659362e+00
1.022278881416566421e+01
3.289924913204588242e-01
-1.122741025548494420e+01
1.130952515634402644e+01
-1.860674716014226959e+00
-5.399705389250199161e+00
2.586524023680869533e+00
5.139222479229295537e+00
-6.349969896234365585e+00
-2.341743476949549319e+00
1.184740612690833927e+01
-1.132934683757493488e+01
1.080871440575161824e+00
7.884027787388333763e+00
-6.856140871834300654e+00
-6.618658791322635793e-01
3.868858768365392997e+00
1.862947857085335723e+00
-9.344127978493022013e+00
8.426486607855643740e+00
1.513200920349974554e+00
-1.054615134180864189e+01
9.750256186371077050e+00
-1.409799790100199957e+00
-4.212484647673971239e+00
1.339468639998451227e+00
4.720834170894406157e+00
-4.561139420426640001e+00
-3.487049354614573105e+00
1.104017551720926704e+01
-9.553182919355126756e+00
4.139466802178173310e-01
6.793420314457705445e+00
-5.550145995957835865e+00
-3.864513636580859668e-01
2.214157075147945797e+00
2.903468360058393927e+00
-8.418311867628919032e+00
6.504810261121818371e+00
2.280639854755238005e+00
-9.415047499756969529e+00
8.253048346074525199e+00
-1.446969784151551863e+00
-2.719988614935525462e+00
3.520971403259858246e-01
3.792744479580193229e+00
-2.638901548702585309e+00
-4.220442735053591576e+00
9.772400993753414866e+00
-7.822771204114271626e+00
2.339455060004591580e-01
5.377531291843176575e+00
-4.479972392437319151e+00
3.919717010243988220e-01
4.145631743819562232e-01
3.543294916788679139e+00
-7.028721675998559348e+00
4.618759026421469294e+00
2.559080568924962051e+00
-7.938806621105852557e+00
6.970747960177151370e+00
-1.985500454033057416e+00
-1.064686958394185368e+00
-2.524271161777276173e-01
2.402650878995224115e+00
-7.437784601616779234e-01
-4.465127296040925842e+00
8.145030836240975347e+00
-6.292983283233914982e+00
5.598994882766268333e-01
3.776116943346619070e+00
-3.772231006926733077e+00
1.631103829787929893e+00
-1.370328790683339015e+00
3.701286788573263209e+00
-5.272408500011329657e+00
2.924885642132163177e+00
2.324070295013541454e+00
-6.254632360398169055e+00
6.033564413579072472e+00
-2.988733126995550826e+00
5.949741894885347548e-01
-3.885804434519575246e-01
6.433343496356043190e-01
9.664961633396194074e-01
-4.191559226425883189e+00
6.292776387451643139e+00
-5.097563415932954811e+00
1.360762900457871627e+00
2.146510160020504543e+00
-3.517044213497705574e+00
3.242870321862137750e+00
-2.982043062833559688e+00
3.342965322486956214e+00
-3.281400239609129521e+00
1.560135449152835641e+00
1.601287787945214314e+00
-4.518885368514588663e+00
5.536403000600051527e+00
-4.373580663302908178e+00
2.099980549331076585e+00
-1.684444851678001953e-02
-1.356282431618852424e+00
2.352256818224079726e+00
-3.420319114136640692e+00
4.371053068535605490e+00
-4.336160521004446267e+00
2.558445429949833372e+00
6.483088187742888087e-01
-3.759242002420088991e+00
5.101927580922874128e+00
-4.278602970910250214e+00
2.483898647829028139e+00
-1.209937169993761330e+00
6.285925291544838256e-01
4.640266360821305724e-01
-2.891884751548785104e+00
5.529632183362550357e+00
-6.018588312089026893e+00
3.306214055944434183e+00
8.523999520054359458e-01
-3.443589992933805632e+00
3.305430246369936764e+00
-2.220113431761431055e+00
2.540911613348056264e+00
-4.064676742070957083e+00
4.035418697835712720e+00
-5.721553515096079456e-01
-4.493962313848018475e+00
7.057793742061610587e+00
-5.148309421042884360e+00
1.188223334346636850e+00
7.804499775896953651e-01
1.914208779801035709e-01
-9.739490207132610600e-01
-1.522326916245630990e+00
6.014182601403464723e+00
-7.775726042109464942e+00
4.098470253109695705e+00
2.159828686556959365e+00
-5.457049722191336549e+00
3.759989596286344327e+00
-7.010998656426892239e-01
9.534239862402920096e-01
-4.289870530148792938e+00
5.646157256346191033e+00
-1.396057831891088119e+00
-5.667083209685545242e+00
8.949424731550102763e+00
-5.520578088411473239e+00
-4.375533756126652740e-01
2.536569306472965302e+00
2.609781033211884260e-01
-2.569481953311618216e+00
-5.328361447613945145e-01
6.941454169493072257e+00
-9.484766264318542639e+00
4.401666339624066282e+00
3.802888038569653073e+00
-7.241820133352527833e+00
3.698322745362522035e+00
9.958147977819340468e-01
-2.649585585873444060e-01
-4.968738689515921791e+00
7.231302061030783435e+00
-1.743648160950276971e+00
-7.180444969959874690e+00
1.062081921117084704e+01
-5.372782077156122327e+00
-2.254868475298790198e+00
3.928385550931356107e+00
7.996736104997325123e-01
-4.163955812544644530e+00
-8.051245294261377694e-03
8.218040300767047057e+00
-1.098884958605530748e+01
4.188150519849537901e+00
5.645710332471465698e+00
-8.664733181824995967e+00
3.152895946788779380e+00
2.712664094847018426e+00
-1.024652304690141236e+00
-6.012737364791560069e+00
8.633169817157188675e+00
-1.582018331298077563e+00
-8.901354667409322019e+00
1.193613585767721474e+01
-4.732435036935618733e+00
-4.106532818257562667e+00
4.861586383457495941e+00
1.723682126460143849e+00
-5.598731312083641498e+00
1.359385817961467069e-02
9.714810114073600289e+00
-1.214972576774483493e+01
3.480402220286410664e+00
7.532268210482717663e+00
-9.627165232341189594e+00
2.203051205224628717e+00
4.289768152960847125e+00
-1.281602600123481928e+00
-7.296431650032738858e+00
9.711100793192393610e+00
-9.283176677561479906e-01
-1.067544955944131679e+01
1.279285381846043279e+01
-3.674502577368583545e+00
-5.831970322027244080e+00
5.286676060178442604e+00
2.911151525229868309e+00
-6.730584334291214610e+00
-4.564032511681159754e-01
1.127946592972809725e+01
-1.286118861449621775e+01
2.348860689092371334e+00
9.301489158499792964e+00
-1.007455189733139278e+01
9.672487309716424342e-01
5.581245316849763327e+00
-1.041518352301901817e+00
-8.669733082338995089e+00
1.035515339099877785e+01
1.518983263658997274e-01
-1.234166919161711817e+01
1.313169736107481178e+01
-2.314103293747901802e+00
-7.282785744509054027e+00
5.203712738329325127e+00
4.214107120349971147e+00
-7.445645482902001788e+00
-1.357741841208401024e+00
1.275135559147700093e+01
-1.305939905958978997e+01
9.050929612624321052e-01
1.080286142342758460e+01
-1.000162214039131392e+01
-4.084914920034101726e-01
6.469181577821139228e+00
-3.592680236312832953e-01
-9.972535574654967760e+00
1.049681443750374754e+01
1.551024741494138270e+00
-1.374788115810533817e+01
1.294236021382368662e+01
-7.953087928637638804e-01
-8.337148095409187221e+00
4.662229188488524301e+00
5.472895333023735986e+00
-7.670486251049212001e+00
-2.587191708339227958e+00
1.397710000168664024e+01
-1.272909312537986182e+01
-7.090348667787955694e-01
1.191101470509055993e+01
-9.452843077199254651e+00
-1.764825587214642333e+00
6.875080701486873558e+00
6.665040857335418067e-01
-1.105032723606491984e+01
1.011568419971878363e+01
3.129851902514452888e+00
-1.476564193125401303e+01
1.226447331307719324e+01
7.228687616503250979e-01
-8.911591854531977219e+00
3.756344746958304892e+00
6.531762844811742852e+00
-7.379274292635285448e+00
-4.008641314533884170e+00
1.482551702065823918e+01
-1.190507138691505951e+01
-2.335130676565004837e+00
1.253785864496407143e+01
-8.518032370999190306e+00
-2.944615463466271343e+00
6.767482239222062823e+00
1.903017941589079776e+00
-1.176926067804299159e+01
9.241486336064070883e+00
4.731082829713608717e+00
-1.530265822887999150e+01
1.118372195616725762e+01
2.081939726587526351e+00
-8.969089131590321173e+00
2.615543713388971625e+00
7.254056986981079369e+00
-6.596302327117710362e+00
-5.466343807746321559e+00
1.520039126026844656e+01
-1.066882514496204770e+01
-3.813655150640847147e+00
1.264109948736029132e+01
-7.323564773384443782e+00
-3.808242897213125033e+00
6.165007051859579867e+00
3.196317261016308198e+00
-1.202921703028368761e+01
7.951207360357466669e+00
6.194609824856470048e+00
-1.531173786500350786e+01
9.823489777648333643e+00
3.139347840352110452e+00
-8.522608327601442824e+00
1.392016573571371429e+00
7.535569930266065697e+00
-5.393644841990105299e+00
-6.800073545410670661e+00
1.504984865140194117e+01
-9.140627168755250054e+00
-4.999411785574347178e+00
1.222830728868289363e+01
-6.020027558437277548e+00
-4.247219584266303194e+00
5.134534373318023093e+00
4.386288762942517572e+00
-1.177359387544475133e+01
6.361643551398039165e+00
7.373065516980419787e+00
-1.479536020799657514e+01
8.332841704661300142e+00
3.782331107968846862e+00
-7.633813522093231718e+00
2.457944835396714267e-01
7.314729641565755891e+00
-3.884170284146976737e+00
-7.860720055916324611e+00
1.437142463719968788e+01
-7.467855658299626498e+00
-5.775642695904760870e+00
1.135613848590067754e+01
-4.767524723232523520e+00
-4.194770342333723256e+00
3.784687606280889405e+00
5.322281376997883839e+00
-1.099486570766917026e+01
4.618079585976860635e+00
8.146137025321728231e+00
-1.380542209056649661e+01
6.872013852489122776e+00
3.938885594240358223e+00
-6.407031080008929180e+00
-6.708780779231739988e-01
6.578647034330081134e+00
-2.210587829314799801e+00
-8.524803854011214099e+00
1.321233337042180978e+01
-5.810686161210896650e+00
-6.065360312647326779e+00
1.012478947890528680e+01
-3.720058337873967780e+00
-3.632360826152986277e+00
2.255261985299513938e+00
5.877807290734631707e+00
-9.735376380846970434e+00
2.880199126227484641e+00
8.432252105453645896e+00
-1.243818390347218639e+01
5.596820613582480064e+00
3.584766578561962014e+00
-4.979069947739617419e+00
-1.228413539662348120e+00
5.364431472906760590e+00
-5.315932167518724327e-01
-8.706503305175480989e+00
1.166491169700732300e+01
-4.326541980609933447e+00
-5.838813721529282574e+00
8.668220371775078092e+00
-3.010505115050214897e+00
-2.591535269666416674e+00
7.036216520816287456e-01
5.962895946924767543e+00
-8.083286407808509821e+00
1.306596615158289065e+00
8.196501556028939817e+00
-1.082490708855040396e+01
4.643494424317840874e+00
2.745846653628487566e+00
-3.505885084743503910e+00
-1.332548986525762480e+00
3.755646656372413350e+00
9.935399218960023759e-01
-8.366023627963688369e+00
9.857680659927961386e+00
-3.154814267372212822e+00
-5.116364057243856678e+00
7.141099109191736183e+00
-2.737648415911484445e+00
-1.150885587667006327e+00
-7.106117690701614364e-01
5.532900206956767875e+00
-6.164068864193078312e+00
3.939548099317047303e-02
7.454027954696067937e+00
-9.119092989444464337e+00
4.115431636344030863e+00
1.495601607839022407e+00
-2.147380290621956789e+00
-9.335801187320313943e-01
1.874251210625460295e+00
2.220425727006557715e+00
-7.513494622715192861e+00
7.942893180621485527e+00
-2.403336775484818943e+00
-3.966489559858502822e+00
5.703734982715921831e+00
-2.956526138573527085e+00
5.715536482178160682e-01
-1.841090956941246581e+00
4.592898703793948378e+00
-4.128380275018951551e+00
-8.095323912709717629e-01
6.268551411584637023e+00
-7.481563323238392904e+00
4.073132660874582811e+00
-5.203153924867187641e-02
-1.051827518503310355e+00
-3.126384276197446965e-02
-1.311928439499987498e-01
3.033585714138884448e+00
-6.208018269034903724e+00
6.081778074678957147e+00
-2.137929721266095040e+00
-2.499114243147040781e+00
4.506465889419910553e+00
-3.673032663332727488e+00
2.429745285237126406e+00
-2.568985481717104502e+00
3.197266407255271226e+00
-2.137485171656883676e+00
-1.169406688339631906e+00
4.746175653937412697e+00
-6.064832300895645290e+00
4.528314100042104329e+00
-1.753730199740869855e+00
-3.414170393195961051e-01
1.325087122916605686e+00
-2.099897858507087101e+00
3.357659799823264457e+00
-4.551958709432103234e+00
4.428914444031592623e+00
-2.376028900119870890e+00
-8.549086182955386581e-01
3.675016811009634399e+00
-4.843299576040804411e+00
4.263812913820459904e+00
-2.814550930143377538e+00
1.444455018529116064e+00
-3.476507612177064388e-01
-1.017384748790346460e+00
3.025076452157655194e+00
-4.998289262276947476e+00
5.442765102049170522e+00
-3.450719114179455982e+00
-1.003429153626829162e-01
3.041326958914014611e+00
-3.874417309004092314e+00
3.164719193735397340e+00
-2.681029519800372629e+00
3.117255000324145708e+00
-3.085019168542714851e+00
8.083976117045112986e-01
3.298252585859606345e+00
-6.377915441053333190e+00
5.915550963159128983e+00
-2.544900130109734260e+00
-5.325096394460540061e-01
1.104971757570386126e+00
-3.807484142178756414e-01
1.262074585123781123e+00
-4.375631912241266797e+00
6.732059084338598787e+00
-4.984206323048667286e+00
-3.665818372918346890e-01
4.987557912299651619e+00
-5.315888731400150391e+00
2.476970453823583718e+00
-7.511416205866217055e-01
2.245253800074598960e+00
-4.185434182908064571e+00
2.331360568274631007e+00
3.419515343287797826e+00
-8.150574587312030772e+00
7.243774194994672122e+00
-1.777221148701338738e+00
-2.578889810234173741e+00
2.117509996115575888e+00
6.657808037228227782e-01
-3.826016723519405360e-01
-4.245771504396769203e+00
8.273760074599550762e+00
-6.210821968250037628e+00
-1.128164423957399576e+00
7.010687463518870288e+00
-6.317471502485345169e+00
1.364587926214347213e+00
1.076709991716816361e+00
1.867349341340446056e+00
-5.558711336466666708e+00
3.568333494613069590e+00
4.032388575349507676e+00
-1.001031441409572587e+01
8.138014826889779840e+00
-5.771292586550558212e-01
-4.533207632884805882e+00
2.630298151090571857e+00
2.007337221896914325e+00
-1.760883602247878876e+00
-4.608093877626711077e+00
9.919326085943193760e+00
-7.016559401980616784e+00
-2.324301465846867476e+00
8.949241204647524484e+00
-6.814673568507144452e+00
-6.111474389501925231e-02
2.652051912291132574e+00
1.988727862467537300e+00
-7.058748117480023510e+00
4.401636744763713693e+00
5.081299596505282068e+00
-1.179615195262281802e+01
8.529236104159931386e+00
9.476870094975953229e-01
-6.242871641538505934e+00
2.632605018694001764e+00
3.500108026046791831e+00
-2.751245674723569401e+00
-5.412536903214098416e+00
1.150855262560983761e+01
-7.327863636839067496e+00
-3.851255744929221070e+00
1.064899190780191418e+01
-6.791563580922762355e+00
-1.658510356209041525e+00
3.849513762902956771e+00
2.564875690104179817e+00
-8.526136652111690140e+00
4.753009236346148469e+00
6.466901898614068500e+00
-1.335269723257369634e+01
8.396521103624944971e+00
2.657908251587311366e+00
-7.578939340063178598e+00
2.163605685252349531e+00
4.985343543074153061e+00
-3.270507816171806859e+00
-6.564476791892810859e+00
1.288515255771964263e+01
-7.118789415587114533e+00
-5.572388844732451219e+00
1.197788593490790277e+01
-6.282264788775631104e+00
-3.269428994005318501e+00
4.580968310220214335e+00
3.505964036120921890e+00
-9.803692902813999410e+00
4.591228351779827577e+00
8.055714350746541186e+00
-1.454522606204847079e+01
7.769086711288589520e+00
4.396100183402802841e+00
-8.448581221378004713e+00
1.308502594305225974e+00
6.304819021296193426e+00
-3.281909256149879717e+00
-7.933948335573749233e+00
1.391195809376103476e+01
-6.413533166380009476e+00
-7.331406600151439079e+00
1.283881642757089026e+01
-5.367585595374337437e+00
-4.734535569774529051e+00
4.804050457049322986e+00
4.685639977807339207e+00
-1.075177116403795630e+01
3.935157659035258604e+00
9.693080469760564810e+00
-1.527274736259142252e+01
6.723427053345746529e+00
6.001989698008734386e+00
-8.804034996326825180e+00
1.901731177979550935e-01
7.316245125479237998e+00
-2.798669261111572659e+00
-9.368302941421404739e+00
1.448426740405880508e+01
-5.284092714518997980e+00
-8.967515962297712306e+00
1.317900198191446748e+01
-4.167114346301039163e+00
-5.908819539192323944e+00
4.526227233638199010e+00
5.953369118961914452e+00
-1.126187536174202641e+01
2.851926190066584432e+00
1.121818830816972223e+01
-1.547779510216972731e+01
5.375864019254191994e+00
7.328016384248281057e+00
-8.647179910797339275e+00
-1.042844466257478508e+00
7.907129339435963189e+00
-1.882688692074444781e+00
-1.070707419425690254e+01
1.454003866051990634e+01
-3.843282148268219789e+00
-1.033102028367655301e+01
1.299505941916935647e+01
-2.827546739045721846e+00
-6.675691346675272086e+00
3.804023313988473820e+00
7.149130241302314559e+00
-1.126724419300017210e+01
1.450416175988661127e+00
1.247969123141828796e+01
-1.515199319607209993e+01
3.871228891414536299e+00
8.253648134084745180e+00
-8.029286709506333608e+00
-2.230858821090540900e+00
8.005741025582498338e+00
-6.385185861773923222e-01
-1.179760612970126132e+01
1.406594071076820285e+01
-2.233780662333751721e+00
-1.129783741748859249e+01
1.233327774576572367e+01
-1.508380388539885875e+00
-6.958315579639346105e+00
2.737477415457901131e+00
8.119033664395693961e+00
-1.074938124982509535e+01
-1.293078937272702511e-01
1.335041145157588716e+01
-1.433685256065714952e+01
2.368775105569589812e+00
8.697069585166575578e+00
-7.045967679299232067e+00
-3.218617083074121421e+00
7.588114385517017446e+00
7.968180404274147755e-01
-1.250992526751802458e+01
1.309867226860477274e+01
-6.142796546467682584e-01
-1.178152971360855616e+01
1.128506678429734222e+01
-3.663669624003684788e-01
-6.727079373623036318e+00
1.460368449285119663e+00
8.730345254701934010e+00
-9.739895372852354072e+00
-1.729601559997188787e+00
1.373969732529969079e+01
-1.311972288118665730e+01
1.026691265370522466e+00
8.623107478439106188e+00
-5.827817704168621660e+00
-3.870464616640920674e+00
6.680408640523308961e+00
2.267161945311928051e+00
-1.274941094704570688e+01
1.172142134913767642e+01
8.559256316732944958e-01
-1.174167680795635249e+01
9.978022921653137089e+00
4.597669539253654847e-01
-6.002470225137727766e+00
1.271614266475813437e-01
8.884455785662378702e+00
-8.317472273339602040e+00
-3.190552086849189006e+00
1.360223344688714775e+01
-1.162529255736397005e+01
-1.328042983711297254e-02
8.046622742525116223e+00
-4.527656050336289262e+00
-4.083599495812486602e+00
5.356395980385412869e+00
3.612414861069886740e+00
-1.246603248183524215e+01
1.005580898682067570e+01
2.032402457765991599e+00
-1.118777754004059410e+01
8.563480384146146207e+00
8.628452239275725688e-01
-4.853083527799156194e+00
-1.102058068290152626e+00
8.526535037438165432e+00
-6.600271648247336032e+00
-4.365511476907260047e+00
1.294244731130387827e+01
-1.000346295219960169e+01
-6.396254344631753241e-01
7.031039702559820803e+00
-3.305608970586197515e+00
-3.798133389259001902e+00
3.730321358951667499e+00
4.684121121730566273e+00
-1.165925531269589044e+01
8.250100148285858026e+00
2.799601831570233124e+00
-1.017830185062723203e+01
7.201758013145191484e+00
7.776991719828725280e-01
-3.388953488159494043e+00
-2.077196534754709223e+00
7.650932229287396247e+00
-4.734488604108096688e+00
-5.135341215584027452e+00
1.181408428167897284e+01
-8.414775441570711223e+00
-7.818984116115137439e-01
5.682155430369911997e+00
-2.313483064953979707e+00
-3.002980910129454006e+00
1.945828023157087472e+00
5.359919324592712364e+00
-1.037813925867476073e+01
6.464827534900841499e+00
3.082071995061166803e+00
-8.814984877492159754e+00
6.046535481860180639e+00
1.875398688770131272e-01
-1.750855597275021047e+00
-2.672794860039450437e+00
6.301797785249990014e+00
-2.880190991972041203e+00
-5.419984353643348740e+00
1.031499217804638846e+01
-7.014807596329971418e+00
-4.175714324574650860e-01
4.137830972449147993e+00
-1.679948264161539750e+00
-1.737004921487596665e+00
1.620250325264249724e-01
5.555459454111113970e+00
-8.716619235786048137e+00
4.857225404468091590e+00
2.851774391842844203e+00
-7.232917870532116211e+00
5.229877497577568590e+00
-8.743736853010868337e-01
-9.662035801481039243e-02
-2.800277096458622772e+00
4.568865865896192702e+00
-1.195809006712296174e+00
-5.186240288487560690e+00
8.577622370884654401e+00
-5.939055011652470739e+00
4.257767267687468937e-01
2.554566429302250974e+00
-1.497970614211141083e+00
-8.530635962249766280e-02
-1.461949203749919768e+00
5.232627219512807848e+00
-6.804427019390655751e+00
3.565986190248731535e+00
2.130791147711693867e+00
-5.587399047385856576e+00
4.849361551373952750e+00
-2.327932665166857706e+00
1.414211555515310526e+00
-2.416615156917762519e+00
2.578807417708071537e+00
1.772156110324765166e-01
-4.450986657826499382e+00
6.756170566032662528e+00
-5.289768092322912452e+00
1.673142938621154707e+00
1.092264715723160862e+00
-1.815716382796970008e+00
1.828980960263696165e+00
-2.782367171599681832e+00
4.403276252293959026e+00
-4.794536263986937996e+00
2.697821319220039094e+00
9.891609920445050275e-01
-4.038822405804038951e+00
4.958560330133986227e+00
-4.053932040434930606e+00
2.635901332202084557e+00
-1.528567206992506033e+00
4.829939873755033086e-01
1.128128943539208340e+00
-3.279535247480102278e+00
5.011607047205163923e+00
-5.126023096138949242e+00
3.209393002469749234e+00
-1.013351275107139404e-01
-2.631811631582255728e+00
3.856593222233485108e+00
-3.684855707427968419e+00
3.128105392585544653e+00
-2.848350890749881792e+00
2.317132279186286503e+00
-4.619459895615863898e-01
-2.737073194543576005e+00
5.561803863652185598e+00
-5.905626190979349488e+00
3.450683625015448897e+00
-1.920777177647590150e-01
-1.557138618401926244e+00
1.587581509419553338e+00
-1.779281732515382242e+00
3.496051258157996777e+00
-5.457992396989789441e+00
4.890456985054751016e+00
-9.050420840805977196e-01
-3.895418092601174109e+00
5.836580460506581858e+00
-4.095487561195609416e+00
1.510790133575524052e+00
-1.120076268313632495e+00
2.439795698652043043e+00
-2.081051366087634413e+00
-1.806946688378153976e+00
6.613730530624473580e+00
-7.722963477642760921e+00
3.780220364679736100e+00
1.493102624389311961e+00
-3.385704479252138466e+00
1.534320686300617798e+00
-8.926645573877722839e-02
2.338009323875844370e+00
-6.245970804785208053e+00
6.557338520359895284e+00
-1.236016717769770734e+00
-5.511118092387684797e+00
7.611887713939692546e+00
-3.987943133771560511e+00
-3.120614667057335367e-01
2.582079684208604675e-01
3.031666363071571446e+00
-3.710137191130360890e+00
-1.336007455051486659e+00
8.023670616818046497e+00
-9.348116359447836032e+00
3.593223567666843810e+00
3.393054378579607899e+00
-4.867442133612156496e+00
9.972086139646312297e-01
1.633339153141105449e+00
1.629909236360386871e+00
-7.404252536818887620e+00
8.051576476078604827e+00
-1.057846882169259484e+00
-7.348133877952152559e+00
9.044559277994309809e+00
-3.386046387693873783e+00
-2.184152284674566680e+00
1.189322812479961744e+00
4.011943556100219688e+00
-5.190022406686561673e+00
-1.366069108998743342e+00
9.664436441684744139e+00
-1.064079773005572349e+01
2.908506249310736980e+00
5.352647639661467061e+00
-5.900784638439709795e+00
5.236956035285755817e-02
3.228507123709041693e+00
1.419145117037903692e+00
-8.809481998918704093e+00
9.230656236327739350e+00
-3.841106395390582184e-01
-9.252985439214519658e+00
1.002908847520558311e+01
-2.361428506785518522e+00
-3.944651975971470215e+00
1.620371025786684793e+00
5.261073449707462046e+00
-6.375852336820680755e+00
-1.889122670945140303e+00
1.138466479344641868e+01
-1.149187491807842143e+01
1.793164888070229335e+00
7.210561869478563146e+00
-6.427654993675194994e+00
-1.184255905529316699e+00
4.548903919040149901e+00
1.703500918475487680e+00
-1.031266672362182746e+01
9.981872743671120318e+00
7.229199618716973808e-01
-1.106435673507968254e+01
1.050261559654139276e+01
-1.026546405922657890e+00
-5.443792244489687349e+00
1.547812899923352248e+00
6.632419410017894812e+00
-7.151195796736693922e+00
-2.848109292593945074e+00
1.302351216102760745e+01
-1.183395823914089995e+01
3.560700441900066515e-01
8.814907622029231504e+00
-6.439035067476326368e+00
-2.568226183021968811e+00
5.474206438176604017e+00
2.431398289038847693e+00
-1.175368488524273047e+01
1.023329791237390651e+01
2.158308346490727114e+00
-1.262872559405302830e+01
1.045098298506878542e+01
4.762653536792882392e-01
-6.557385910786168282e+00
1.017743449239750575e+00
7.966565883137734616e+00
-7.439379667903618376e+00
-4.142462282017704389e+00
1.442627457900734100e+01
-1.164793502287417937e+01
-1.262702270445909214e+00
1.003793201834411875e+01
-5.975766926944271695e+00
-3.940683534894092066e+00
5.922791676402172634e+00
3.506944462810745122e+00
-1.297687736050227691e+01
9.960786445225878083e+00
3.784630181016080286e+00
-1.381523833587098693e+01
9.910058869584833730e+00
1.988645182223050867e+00
-7.198858753029490742e+00
1.213442201844276980e-01
9.106865567878299927e+00
-7.210959278592964594e+00
-5.637879837183020548e+00
1.545941403313128504e+01
-1.096481408811434832e+01
-2.905471362536445223e+00
1.078837887649716443e+01
-5.124508836145154511e+00
-5.143839615977256585e+00
5.859663927894079194e+00
4.799289521927623703e+00
-1.384620889196748017e+01
9.190339107001761931e+00
5.445308455510645906e+00
-1.452838356130792441e+01
8.962201376849334267e+00
3.351611460232038375e+00
-7.327624828106861443e+00
-1.014048121725863894e+00
9.914718746461101517e+00
-6.486598487588311812e+00
-7.179378712123074990e+00
1.602353104336124190e+01
-9.862701407471670123e+00
-4.412262970345611990e+00
1.102030234386021590e+01
-4.009239095186352131e+00
-6.036356518887833644e+00
5.299849088512840645e+00
6.155383549270845300e+00
-1.425852478459884942e+01
7.995593709444738018e+00
6.979810921963624182e+00
-1.471723344996606109e+01
7.728206467924017886e+00
4.421028506924379542e+00
-6.952991357206611767e+00
-2.237388261818838764e+00
1.028309967375604117e+01
-5.335079496467784566e+00
-8.606360164791379219e+00
1.606302264421363901e+01
-8.459200892392185978e+00
-5.636342697654903589e+00
1.073747755903313816e+01
-2.779133593866655705e+00
-6.507128377178283074e+00
4.306926168389902720e+00
7.414893752182921460e+00
-1.415361465376346572e+01
6.490687593014088819e+00
8.239232934010523479e+00
-1.438035450201514465e+01
6.355522452374082754e+00
5.081628379046051691e+00
-6.133213740331911801e+00
-3.388673970115875456e+00
1.014701529092795695e+01
-3.866635754164571281e+00
-9.768223959261474576e+00
1.557148711862125978e+01
-6.899978852695062947e+00
-6.458462141884380614e+00
9.992979790741614465e+00
-1.593995386705735928e+00
-6.486124016789608149e+00
2.986838737250963050e+00
8.425831707326654652e+00
-1.352010505769305837e+01
4.819185228194398540e+00
9.100751273080302184e+00
-1.356591053779308176e+01
5.003876576731905779e+00
5.258225722366811183e+00
-4.969792621249267128e+00
-4.314569257435397986e+00
9.489879672474383909e+00
-2.222255863066081805e+00
-1.053901292531371325e+01
1.459235020417228235e+01
-5.344603528493898636e+00
-6.798433203329984131e+00
8.883973071216654915e+00
-6.086525109113760656e-01
-5.951236783150086751e+00
1.477587768074256402e+00
9.059371855648414851e+00
-1.239660822912522775e+01
3.140146984075943504e+00
9.479544272020717699e+00
-1.236694802433362739e+01
3.829710696766281508e+00
4.923035706182684379e+00
-3.597567347505343349e+00
-4.883380417310100086e+00
8.345184560648901240e+00
-5.599979721756978002e-01
-1.082966479269231641e+01
1.321465190462016182e+01
-3.951035920338864749e+00
-6.622905735743300326e+00
7.542214925078146059e+00
4.215945795573716737e-02
-4.930475732678983647e+00
-6.419236892719215604e-02
9.222420973267592359e+00
-1.086801517135484119e+01
1.612692957311126163e+00
9.337019793346881258e+00
-1.091232201785381939e+01
2.970938781679772767e+00
4.098383812601775311e+00
-2.171568716798291998e+00
-4.997929308038273177e+00
6.793303509277396124e+00
9.603553076535180644e-01
-1.059668055911550866e+01
1.156440336927144941e+01
-2.860279217536370489e+00
-5.948592693699699119e+00
6.121200141941095296e+00
2.569607316745243786e-01
-3.499285148654953659e+00
-1.478470082697724841e+00
8.866716919909389816e+00
-9.057293294014989726e+00
3.805620162185815447e-01
8.684551453075803451e+00
-9.354144690515219907e+00
2.533507714543854483e+00
2.854544117345788834e+00
-8.519088650728630085e-01
-4.605072592786831009e+00
4.953740118297245587e+00
2.192810146303854513e+00
-9.846366919909225857e+00
9.792353837352735013e+00
-2.182678705828490440e+00
-4.840629386872405071e+00
4.781193187457987825e+00
-2.254294286226077304e-02
-1.773252817862745800e+00
-2.617384102050125172e+00
7.993572277991034980e+00
-7.113585668976955212e+00
-4.418333216946381814e-01
7.582360027977886219e+00
-7.852976371175538262e+00
2.581067587320545531e+00
1.302916159614696312e+00
2.118230779730203572e-01
-3.700941630676513938e+00
2.973573624667421811e+00
3.019335229539635179e+00
-8.634240434698764233e+00
8.059356540354164267e+00
-1.987203622174755324e+00
-3.406226364247472382e+00
3.673604046937390954e+00
-8.057293016072963887e-01
1.030843304624120549e-01
-3.359629366181191124e+00
6.653801760046214042e+00
-5.197768424865236270e+00
-7.805009406105356540e-01
6.133648816527076164e+00
-6.562198427312099014e+00
3.128755474284357074e+00
-4.147964595577300351e-01
8.951429044824976700e-01
-2.331393616688752779e+00
1.013224690503743641e+00
3.361318504795092199e+00
-7.059651327897134010e+00
6.520755804144792833e+00
-2.294752607238413233e+00
-1.784232859787374670e+00
2.926226104618408819e+00
-2.052084457542053375e+00
1.970249324919991274e+00
-3.622263090298347699e+00
4.942840342867594217e+00
-3.466869835574435843e+00
-6.090339616286629676e-01
4.474562984692824763e+00
-5.613086825789855183e+00
4.141696877228140394e+00
-2.140354019393794438e+00
1.110813520862782955e+00
-5.876299816585178748e-01
-7.690753228934501529e-01
3.187193514811434092e+00
-5.256149413761506572e+00
5.311312714912017618e+00
-3.076133351941202854e+00
-1.316251806411616876e-01
2.630770879004960427e+00
-3.675078559016553115e+00
3.669287527865011000e+00
-3.368783558841754733e+00
2.991526491286100597e+00
-2.058865285693914249e+00
4.884990393785515472e-02
2.760948787814981653e+00
-5.102037106191012583e+00
5.538370524025243213e+00
-3.714357055748787939e+00
8.173672357444807801e-01
1.402592247276302384e+00
-2.232602298953007214e+00
2.515494168034786870e+00
-3.378528450712142028e+00
4.532134364428940465e+00
-4.254912749649301773e+00
1.391766718380507362e+00
2.833911202881891356e+00
-5.550515655154655725e+00
5.057179577177036478e+00
-2.612696445437171278e+00
9.534461364914794679e-01
-1.079325761060606403e+00
1.121641202483494526e+00
1.153199573715074644e+00
-5.081182400854285852e+00
7.198509531774104353e+00
-4.991736739878371409e+00
2.317977593923270518e-02
3.487302109576189135e+00
-3.267755910835217659e+00
1.413041097985755723e+00
-1.587808044909328142e+00
4.240876958081969406e+00
-5.714860501299973805e+00
2.638810000885674967e+00
3.532703451375839965e+00
-7.528546363437453870e+00
6.020706984996941458e+00
-1.416222018144742467e+00
-1.009932673003956616e+00
-5.912173671593987656e-01
2.497016981355247189e+00
-1.993385870901880352e-01
-5.553316362945190932e+00
8.974771055103939688e+00
-5.855853744659373028e+00
-1.214300014790840709e+00
5.505010066178260608e+00
-3.806651507006264090e+00
-1.156408278624088126e-02
-3.561266555208586482e-02
4.446174879472596153e+00
-7.311262683485952429e+00
3.489385627499919984e+00
4.674833823005425160e+00
-9.448175946065289210e+00
6.487422865511443426e+00
1.157311619768046640e-01
-2.744889810562714416e+00
-6.088431298544715320e-01
4.032786139533316216e+00
-1.172886002138209705e+00
-6.471614467977751417e+00
1.070704027885452803e+01
-6.229835319500029556e+00
-2.794090025748383610e+00
7.300328961399527472e+00
-3.829658039275830372e+00
-1.618504309990377976e+00
1.150534076227754277e+00
5.106837083001222410e+00
-8.885005667381687289e+00
3.862079458476833871e+00
6.163664830317214793e+00
-1.115285787083610458e+01
6.432661609662908120e+00
1.845740399335709547e+00
-4.120328847486796953e+00
-1.096515745794507835e+00
5.570738038230795830e+00
-1.681262054512512094e+00
-7.744180798865027526e+00
1.223797857918842880e+01
-6.084048707946061896e+00
-4.581445962183348541e+00
8.739002547244629326e+00
-3.367246733943148662e+00
-3.250345488718853204e+00
1.879570691649635528e+00
6.135888847929660272e+00
-1.027806152480506086e+01
3.722111469174591125e+00
7.867591625434204872e+00
-1.250565743050946921e+01
5.881906291725469416e+00
3.617202106557497299e+00
-5.040452921702751610e+00
-1.972090150888584859e+00
6.952048358828231578e+00
-1.684262017662442545e+00
-9.242978434288296796e+00
1.342830475182494609e+01
-5.438984543840811980e+00
-6.420914116317081088e+00
9.720881102881234526e+00
-2.496970949397761430e+00
-4.747346159860168946e+00
2.105713288827860907e+00
7.409066005876194794e+00
-1.134886984476910321e+01
3.084732381490375985e+00
9.632798913605896018e+00
-1.340251177536218918e+01
4.908283766170306706e+00
5.269528333487496496e+00
-5.454008864500528020e+00
-3.115012452185005554e+00
8.032744848360229284e+00
-1.191563823471666339e+00
-1.081627551581133062e+01
1.417032414312802047e+01
-4.363269958641561530e+00
-8.151397337605777338e+00
1.018958320048638377e+01
-1.335870856747678914e+00
-5.962990452048487100e+00
1.832868541262476114e+00
8.776936016620274117e+00
-1.198612094813483964e+01
2.013757532228078517e+00
1.129817870391478074e+01
-1.378229771641797186e+01
3.625430944197797434e+00
6.653729696394771409e+00
-5.359201281064279954e+00
-4.378102825390445041e+00
8.697729772574373186e+00
-2.617850628857039119e-01
-1.230339737751409146e+01
1.439839079873500438e+01
-2.967004468227655067e+00
-9.621770052442807142e+00
1.013790473732986896e+01
-2.904123500943978087e-02
-6.778234661672604133e+00
1.114215314123673473e+00
1.007946777180623066e+01
-1.211960085116756680e+01
6.153804073042277167e-01
1.271095913272358757e+01
-1.363272890139188576e+01
2.176425605860252688e+00
7.646870270422382987e+00
-4.803799115850636348e+00
-5.601927078241799585e+00
8.871996169547269773e+00
1.003218153500691656e+00
-1.355035099164733836e+01
1.409528581562712191e+01
-1.391066279248061477e+00
-1.070552482167386010e+01
9.608449671112646584e+00
1.264526426854402974e+00
-7.113082827882130310e+00
4.699567020667938522e-02
1.116163401161895230e+01
-1.172704389137141945e+01
-9.721329639866190808e-01
1.374152548267718288e+01
-1.299150929932342535e+01
7.198575833491074327e-01
8.163989643788704953e+00
-3.880424473750028191e+00
-6.630359988621859380e+00
8.527947729158722012e+00
2.468256404508544222e+00
-1.442480319800655408e+01
1.329389197811410028e+01
2.065717166620588685e-01
-1.131302704763686151e+01
8.689421291435808214e+00
2.387451423918280913e+00
-6.934366265214111813e+00
-1.236978422304227720e+00
1.188852987584904675e+01
-1.083632693755507503e+01
-2.591867224258947999e+00
1.429599302537645933e+01
-1.194263095918471862e+01
-5.856059286104953188e-01
8.166333499097738979e+00
-2.717481701704160812e+00
-7.325827697698073848e+00
7.688110809710192228e+00
3.977953573095067696e+00
-1.482895698363282833e+01
1.207400190219540548e+01
1.666186369378179766e+00
-1.140018690340241747e+01
7.505983200752741169e+00
3.199313664997150308e+00
-6.258970953539623849e+00
-2.584179966690277830e+00
1.215853813237350778e+01
-9.522791850095723376e+00
-4.083493983693575302e+00
1.432530980943632670e+01
-1.060817592557520683e+01
-1.596660829214383348e+00
7.665092860326296886e+00
-1.466608455899038210e+00
-7.582747630034339714e+00
6.422974937758651137e+00
5.371857169527030962e+00
-1.470907435961677834e+01
1.055456987677581004e+01
2.841817853999827115e+00
-1.097270576263367481e+01
6.208029750988916184e+00
3.590353904078778413e+00
-5.152199106700538600e+00
-3.834333972475290064e+00
1.191326146330445290e+01
-7.901956335569935597e+00
-5.298840454518682463e+00
1.383000476216303198e+01
-9.136419135443262007e+00
-2.199311672787256811e+00
6.720288654884569723e+00
-2.878685058462133739e-01
-7.337859592649815355e+00
4.844171596549511349e+00
6.500043810838298519e+00
-1.406072028968677046e+01
8.882160407435051752e+00
3.615444710346229940e+00
-1.008548451744464636e+01
4.955554640659726395e+00
3.492192765670132815e+00
-3.721424149158960581e+00
-4.836041938374780358e+00
1.114325639101170395e+01
-6.118321534981363996e+00
-6.116277381273134139e+00
1.286011969599320715e+01
-7.687388618176314026e+00
-2.319966964342319748e+00
5.434910064571006671e+00
6.658744938983377493e-01
-6.576443848081471977e+00
3.093654177282491702e+00
7.237703176225180002e+00
-1.292921798582867154e+01
7.216716101821173623e+00
3.908442730652452290e+00
-8.837251381612205137e+00
3.903039806535237410e+00
2.884526700056886384e+00
-2.105655762492285810e+00
-5.461545173051129964e+00
9.889011456923064713e+00
-4.331364037350211582e+00
-6.452527973953458229e+00
1.151033187753993481e+01
-6.417286437602539806e+00
-1.932605837989950892e+00
3.944876421008432388e+00
1.263883431880026498e+00
-5.333821697613722712e+00
1.329930612044932126e+00
7.497283034852475936e+00
-1.140527128281355829e+01
5.716028061013320283e+00
3.689214070429492232e+00
-7.360931388540977061e+00
3.184381957010890218e+00
1.797150006571307301e+00
-4.620291634303361761e-01
-5.619192035078279801e+00
8.237074468562436635e+00
-2.700073651427833621e+00
-6.270750199617011411e+00
9.910741236501735330e+00
-5.463284531872750982e+00
-1.061319589622934600e+00
2.405798308830231935e+00
1.410323547769037011e+00
-3.691992599522759377e+00
-2.873133437506965038e-01
7.237014975335846145e+00
-9.616179504403039147e+00
4.520418038164173424e+00
2.976245171322692507e+00
-5.810693652210614957e+00
2.899821837745622410e+00
3.071063215323519557e-01
1.049468290490983335e+00
-5.262397323484464984e+00
6.311705083986905329e+00
-1.367539602994311654e+00
-5.584106974814517343e+00
8.214217636011380108e+00
-4.930173165170993244e+00
2.220189470590274716e-01
9.778246234905445533e-01
1.053645816637338584e+00
-1.771734523080330526e+00
-1.612705798431117721e+00
6.464992217844866218e+00
-7.713498589428292362e+00
3.739121039186980244e+00
1.836296356119880624e+00
-4.346935342268544389e+00
3.106146672533616204e+00
-1.468753665812550846e+00
2.281548755752845992e+00
-4.394222971479824658e+00
4.262863887648079775e+00
-4.470831170080181716e-01
-4.454477325712637992e+00
6.581537944851131527e+00
-4.880159645433733040e+00
1.804731667508880033e+00
-1.899516435399828396e-01
1.916658124498747950e-01
2.790648360998035926e-01
-2.529289823798169135e+00
5.238403174496280457e+00
-5.858347624818878607e+00
3.439691770854593766e+00
3.778991056560494499e-01
-3.120661850958815986e+00
3.811118101412088954e+00
-3.385085037660744867e+00
3.113942358921936382e+00
-3.067134753861125773e+00
2.251705161342424155e+00
-1.128405112375208130e-02
-2.986433825422158073e+00
5.165757453643724517e+00
-5.326808784700741484e+00
3.544279082840001482e+00
-9.740132311516198627e-01
-1.128155693650121805e+00
2.299712033890650709e+00
-2.959863558197279865e+00
3.657995227375457237e+00
-4.205788767332263589e+00
3.641464452132162410e+00
-1.259206929352620907e+00
-2.258781310655669117e+00
4.972667261546972028e+00
-5.282132602448005976e+00
3.465090844790646329e+00
-1.377958554039590666e+00
4.349831645568635885e-01
-8.496797570057079696e-02
-1.317071681418257478e+00
4.097334584880451658e+00
-6.233714040593772765e+00
5.282108189204161697e+00
-1.288452803109375600e+00
-2.813257805417242352e+00
4.132256989751025955e+00
-2.874457239833277278e+00
1.858306759963299637e+00
-2.889798586609985787e+00
4.313701557274900011e+00
-2.917670514112525648e+00
-1.851742753301673705e+00
6.502935337872698618e+00
-7.001217242239015981e+00
3.300079906667520824e+00
5.414737160988849496e-01
-1.050112669195623738e+00
-6.428351827058469414e-01
3.973219821675715302e-01
3.471454629165787509e+00
-7.518028500674532211e+00
6.859058443814493700e+00
-1.093351842299798982e+00
-4.734908645748295619e+00
5.636776159213559012e+00
-2.293220542713553023e+00
-5.383247176206751305e-03
-2.010291377009520097e+00
5.378611341984123939e+00
-4.437837512080186286e+00
-1.944719423759964982e+00
8.276766978942607267e+00
-8.400119613243942851e+00
2.634039244399934532e+00
2.537079534559886884e+00
-2.099219901734133753e+00
-1.611961960463894394e+00
1.996463006939690477e+00
3.338784513059137815e+00
-9.058512541803256823e+00
8.130828536614369995e+00
-3.986898306325643571e-01
-6.740650890072115153e+00
6.704904537414842380e+00
-1.284439653233644396e+00
-1.772119733131949815e+00
-1.623455551225320370e+00
6.718940807164267781e+00
-5.673283765044055293e+00
-2.533194206081862632e+00
1.014383119890453600e+01
-9.366866131740472667e+00
1.530679879733508830e+00
4.447442946620066451e+00
-2.650873824245447263e+00
-2.878930940072907063e+00
3.331652433226126142e+00
3.700557139575952004e+00
-1.070731601896789442e+01
8.982000733884127897e+00
7.365962928864620007e-01
-8.669054249912964139e+00
7.270301456478151181e+00
4.212314157687391258e-02
-3.290886116935929806e+00
-1.736342228341446248e+00
8.189406068266023908e+00
-6.505062481814475106e+00
-3.563376281182530914e+00
1.194319182930510514e+01
-9.830577453165460611e+00
9.611086064022300590e-02
6.119443825126672287e+00
-2.692408129368288883e+00
-4.300897423931871799e+00
4.280231626135242884e+00
4.508463049556544533e+00
-1.230434987651484136e+01
9.337259754386733945e+00
2.210311064205171316e+00
-1.036534125562407738e+01
7.315033138939194046e+00
1.545919985436155386e+00
-4.435251378471221528e+00
-2.306231857116165962e+00
9.630849140463531910e+00
-6.853281381592110755e+00
-4.937408588353049410e+00
1.351891150975517242e+01
-9.768325141057996319e+00
-1.531463725142677923e+00
7.423080333030796396e+00
-2.261112180582265374e+00
-5.719516072583815003e+00
4.757505382720822240e+00
5.669359927404771682e+00
-1.369285040502231254e+01
9.168715795716169126e+00
3.886904021437894041e+00
-1.169636781026179762e+01
6.871251813229401151e+00
3.069299054670122651e+00
-5.115626169686195546e+00
-3.244840337608188019e+00
1.088574516826649941e+01
-6.684884356323225418e+00
-6.522860045726828204e+00
0.000000000000000000e+00
3.637149418786794097e+00
7.092159839716019931e+00
1.019282680532847962e+01
1.278623025173671302e+01
1.474695147062627321e+01
1.598367957318102484e+01
1.644382997864993712e+01
1.611592062461340902e+01
1.502958985208082865e+01
1.325328434717101445e+01
1.088978685750340958e+01
8.069882637604630204e+00
4.944572555538529812e+00
1.676322738234391707e+00
-1.570109406154894582e+00
-4.636717788508360805e+00
-7.380624005204161620e+00
-9.681306249872395853e+00
-1.144628268193711662e+01
-1.261495790506063130e+01
-1.316046419050706540e+01
-1.308945996126860400e+01
-1.243997808872676814e+01
-1.127753719073140815e+01
-9.689832568429546100e+00
-7.780403170230451693e+00
-5.661722222290901385e+00
-3.448179123782872502e+00
-1.249408254582478506e+00
8.356219463734193553e-01
2.723415280168477004e+00
4.349395439891163839e+00
5.669845865963857534e+00
6.662304415155125170e+00
7.324486091543029431e+00
7.671908816394668484e+00
7.734483008958264350e+00
7.552389834787565093e+00
7.171611216457874249e+00
6.639484872541939531e+00
6.000639585924718133e+00
5.293621476754432287e+00
4.548455033172833950e+00
3.785298402197772916e+00
3.014257535653032338e+00
2.236325515266794461e+00
1.445319230010336131e+00
6.306026767300130231e-01
-2.196792385030390538e-01
-1.115175469299985789e+00
-2.060048484850907968e+00
-3.050165330644461825e+00
-4.071050440007716098e+00
-5.096830636840065765e+00
-6.090323549337819387e+00
-7.004328001480980781e+00
-7.784075787723072182e+00
-8.370706034152266994e+00
-8.705533577756181529e+00
-8.734808387265264429e+00
-8.414609892048758866e+00
-7.715492586864898250e+00
-6.626500034092781988e+00
-5.158193966835265876e+00
-3.344402098970852499e+00
-1.242468965963638539e+00
1.068106625805523180e+00
3.488652871761520835e+00
5.905815026656913602e+00
8.197332961500077175e+00
1.023878547189453059e+01
1.191090028784890364e+01
1.310697366020317034e+01
1.373991796962076606e+01
1.374846246284999651e+01
1.310207123841857957e+01
1.180421203261821894e+01
9.893705136640420506e+00
7.443997986825452884e+00
4.560340213832449585e+00
1.374967823492821317e+00
-1.959465109962660989e+00
-5.277851990344036182e+00
-8.411545125342394513e+00
-1.119769294052300523e+01
-1.348844642172949726e+01
-1.515947681373392442e+01
-1.611728074901185437e+01
-1.630481684584519186e+01
-1.570511532570715296e+01
-1.434262330518266637e+01
-1.228218548107442842e+01
-9.625704226121396090e+00
-6.506665411646269881e+00
-3.082847434296015710e+00
4.723574896493978326e-01
3.979495863221123919e+00
7.262912737075025049e+00
1.016033517454029678e+01
1.253161515748511157e+01
1.426612240788063701e+01
1.528836384587980390e+01
1.556151854558185121e+01
1.508870774333880505e+01
1.391196019018816443e+01
1.210897480789314784e+01
9.787916099332390374e+00
7.080594577658744448e+00
4.134477279977151198e+00
1.104036529983865034e+00
-1.858025170403166726e+00
-4.609141350343561427e+00
-7.024345173778351104e+00
-9.002406641801378839e+00
-1.047031524512074796e+01
-1.138589454967206116e+01
-1.173846089317616048e+01
-1.154756658418977189e+01
-1.085999014563803122e+01
-9.745244193161953561e+00
-8.289958529194988657e+00
-6.591556554551605274e+00
-4.751673632864978458e+00
-2.869765183542710929e+00
-1.037320801836661310e+00
6.669585133771906982e-01
2.180745150812238187e+00
3.460255746881853334e+00
4.480940464363129649e+00
5.236732836316747353e+00
5.738005756206623786e+00
6.008468978743634281e+00
6.081313421683169018e+00
5.994952928585533414e+00
5.788732096539930261e+00
5.498958437121375553e+00
5.155579729284758272e+00
4.779766102856045862e+00
4.382576040705492559e+00
3.964792341331151437e+00
3.517915274125678948e+00
3.026203198333100808e+00
2.469563148593604041e+00
1.827021961769771830e+00
1.080457898777103631e+00
2.182472928790857303e-01
-7.615174356034888348e-01
-1.848552996971731588e+00
-3.018913961844102545e+00
-4.234709579475827823e+00
-5.445101655233403726e+00
-6.588575647673732050e+00
-7.596374571805015741e+00
-8.396888606484111506e+00
-8.920709808412594199e+00
-9.105997470625817769e+00
-8.903760527112192236e+00
-8.282652375901580655e+00
-7.232891971393780040e+00
-5.768972324630626147e+00
-3.930890876646639498e+00
-1.783730903765782028e+00
5.844670889005794123e-01
3.066487562348455320e+00
5.541202262858682559e+00
7.880030786896144335e+00
9.954225457332084304e+00
1.164253760068783627e+01
1.283878165102243152e+01
1.345880451681712842e+01
1.344639157312812827e+01
1.277769649052940792e+01
1.146386670395125051e+01
9.551644481903036166e+00
7.121848439639977713e+00
4.285773893128056677e+00
1.179683937905993574e+00
-2.042312274188025967e+00
-5.216590230022589481e+00
-8.179063034035841895e+00
-1.077441733283467684e+01
-1.286497415662445931e+01
-1.433863345036139414e+01
-1.511541256049801341e+01
-1.515217203249930300e+01
-1.444523156737973935e+01
-1.303070792933166899e+01
-1.098254673414311533e+01
-8.408362363767690084e+00
-5.443335568546745939e+00
-2.242537904547656780e+00
1.027851695083173533e+00
4.199906366170475636e+00
7.113322202554591023e+00
9.624239111281937653e+00
1.161298872648441360e+01
1.299031784223637942e+01
1.370173517987296563e+01
1.372975002673006273e+01
