-1.241804405338537975e-01
-2.659151101292267505e-01
-3.473926435818894820e-01
-4.153613411729399907e-01
-5.169743158452817511e-01
-6.945043131715973317e-01
-9.805019259073297633e-01
-1.393808231927639696e+00
-1.936766175136353851e+00
-2.593881690107122218e+00
-3.332072549539375927e+00
-4.102518557620713935e+00
-4.844000248040170931e+00
-5.487494089349814530e+00
-5.961689278195190234e+00
-6.199012299098297873e+00
-6.141696627245076812e+00
-5.747420172907885316e+00
-4.994053788501931379e+00
-3.883119288544341519e+00
-2.441641369677008733e+00
-7.221886998074200648e-01
1.198972448286355963e+00
3.225552351577934296e+00
5.246545354920288062e+00
7.142852818337108722e+00
8.794800311734297438e+00
1.009005255945676183e+01
1.093138802252795472e+01
1.124379053934073269e+01
1.098034898690292138e+01
1.012652566859787484e+01
8.702455713972492291e+00
6.763066550073238759e+00
4.395950004264777888e+00
1.717070108725931021e+00
-1.135463099491385908e+00
-4.009189715186921354e+00
-6.746190970156875188e+00
-9.192519641352106419e+00
-1.120757038990774745e+01
-1.267278627310915340e+01
-1.349913373789429372e+01
-1.363285269827062507e+01
-1.305909607199060929e+01
-1.180320734831414597e+01
-9.929536491182636482e+00
-7.537853634854799978e+00
-4.757575947730488863e+00
-1.740165260173902384e+00
1.349826984665840390e+00
4.344503188907412827e+00
7.082536631421138651e+00
9.418637186984497589e+00
1.123197194588471248e+01
1.243301704098637828e+01
1.296842129066676641e+01
1.282359368153870705e+01
1.202287633591477523e+01
1.062732232451086389e+01
8.730252876126616712e+00
6.450910804457770986e+00
3.926646850569574632e+00
1.304165236699248442e+00
-1.269591738161929495e+00
-3.656326042578683211e+00
-5.734464912886702237e+00
-7.405935723460333797e+00
-8.601226475675218808e+00
-9.282446270551961476e+00
-9.444240141412439726e+00
-9.112560222632584583e+00
-8.341440179701283597e+00
-7.208052166688355911e+00
-5.806436324196275756e+00
-4.240374589111673309e+00
-2.615928057483414726e+00
-1.034167474614166693e+00
4.154005952289185899e-01
1.660271332634687624e+00
2.648894433607742460e+00
3.352908785779323164e+00
3.767555636421011656e+00
3.910301920398947306e+00
3.817835941300428360e+00
3.541714225161389784e+00
3.143032823676728871e+00
2.686562018131130714e+00
2.234815771152916852e+00
1.842524325239805805e+00
1.551940555891520468e+00
1.389341074142693699e+00
1.362986952925260731e+00
1.462693542584474926e+00
1.661032740731893664e+00
1.916063644632460150e+00
2.175368175352462519e+00
2.381065856470527820e+00
2.475404052956422074e+00
2.406472437938351749e+00
2.133576859314577412e+00
1.631829257110875453e+00
8.955654126756140698e-01
-5.971279044012955950e-02
-1.197065315087425752e+00
-2.459582374189469789e+00
-3.773532204542970447e+00
-5.052998515620823028e+00
-6.205701471207786923e+00
-7.139600409255435487e+00
-7.769808844006258042e+00
-8.025317862166589933e+00
-7.855025714655086588e+00
-7.232609544060384366e+00
-6.159847496253454402e+00
-4.668101202477358491e+00
-2.817792904779470753e+00
-6.958497845197397780e-01
1.588769281116197973e+00
3.911212289296484457e+00
6.138164107542509740e+00
8.136096434058023519e+00
9.779799915251670583e+00
1.096063048184229238e+01
1.159391056192272806e+01
1.162497299218758684e+01
1.103341833206615519e+01
9.835269544160992083e+00
8.082844149180095528e+00
5.862313870428550899e+00
3.289075316851153730e+00
5.012019654776727062e-01
-2.348622447990933004e+00
-5.102184977121100751e+00
-7.605263772020750324e+00
-9.716979447786105339e+00
-1.131837671408598034e+01
-1.231968294020887456e+01
-1.266577480550476764e+01
-1.233950005848512532e+01
-1.136264092764700351e+01
-9.794459523689670988e+00
-7.727923299554550596e+00
-5.283859677192737081e+00
-2.603423153601970519e+00
1.606334353925669145e-01
2.853316514205605170e+00
5.326773976896501672e+00
7.449100870946388397e+00
9.112010530321926538e+00
1.023689311948628955e+01
1.077889479320828059e+01
1.072878545063218070e+01
1.011253207229597706e+01
8.988647659850844462e+00
7.443532419959209889e+00
5.585154121662468718e+00
3.535519774043680119e+00
1.422463967519069339e+00
-6.286842961378464878e-01
-2.502996817148735786e+00
-4.102884605017019126e+00
-5.353636286310381465e+00
-6.207218384006015555e+00
-6.644126184919402434e+00
-6.673213457046187180e+00
-6.329571633116628071e+00
-5.670664237609978287e+00
-4.771040889500572035e+00
-3.716048997568281109e+00
-2.595023929271468521e+00
-1.494465879324143209e+00
-4.917023187807618712e-01
3.505101779654600236e-01
9.880681653339502546e-01
1.398014586818863592e+00
1.579292168888700498e+00
1.551737819594087409e+00
1.353430684259970596e+00
1.036628745470566493e+00
6.626327147390194128e-01
2.959939834643510181e-01
-1.469990872963844453e-03
-1.763775749838583096e-01
-1.887503874699323347e-01
-1.585173223804581255e-02
3.454118687350877792e-01
8.777242762397508002e-01
1.544302021158336480e+00
2.291488279445741405e+00
3.052814685066975287e+00
3.754233303498538010e+00
4.320128685585083339e+00
4.679655819159527219e+00
4.772918845956299450e+00
4.556510088547917725e+00
4.007969148462961151e+00
3.128794939275663989e+00
1.945744469141180044e+00
5.102739132780795828e-01
-2.230528938374710002e+00
2.978991615949540428e+00
-4.938185730562828724e+00
3.361013025025597400e+00
2.848554862088922945e+00
-9.024181572211565694e+00
9.664205425668580318e+00
-4.660559237216034489e+00
-6.528769064369015496e-01
1.762894007920536410e+00
-4.309490703963048119e-02
5.156350679884402766e-01
-5.072470076180867871e+00
9.532235207546662537e+00
-8.334971018042171664e+00
1.340213901244867278e+00
5.552955090260695670e+00
-6.910689699482754911e+00
3.704633332458314054e+00
-1.585345972726128316e+00
3.626278806117024356e+00
-6.417328931223615029e+00
4.360884260793087108e+00
3.004251009832923369e+00
-9.674666685230656427e+00
9.727115943389600616e+00
-4.024859308716469464e+00
-9.780235079574799428e-01
9.344719556367675484e-01
1.476493389534575318e+00
-3.575036368156485622e-01
-5.547034339929631130e+00
1.064434125725992075e+01
-8.857844102514317086e+00
9.998990250763668541e-01
5.824067074108304709e+00
-6.232973384283349461e+00
2.459000595414038148e+00
-1.058575413710374669e+00
4.495098908316156106e+00
-7.909321240496900884e+00
5.125650377908588240e+00
3.355860116253295722e+00
-1.021903280529820535e+01
9.470289913733061837e+00
-3.197498558247059641e+00
-1.177703703017717984e+00
-1.523343877642646671e-01
3.062070429053980192e+00
-1.037694247877664289e+00
-6.202954359906337700e+00
1.165724259861077172e+01
-9.073608066536115402e+00
4.818786067750924218e-01
5.944650543704688594e+00
-5.255039553842479449e+00
1.102763342701130966e+00
-7.027308010499266899e-01
5.558500188270718567e+00
-9.338383458790552538e+00
5.619512779660000845e+00
3.859833220573498203e+00
-1.059154088572974217e+01
8.888726220576941728e+00
-2.240967053226838424e+00
-1.199782015910817456e+00
-1.472316906241627699e+00
4.637590982747962443e+00
-1.486706973223293371e+00
-6.997150593693006293e+00
1.250061334937474911e+01
-8.969936121230979609e+00
-1.557435520639196547e-01
5.861141274728612238e+00
-3.997708126948012364e+00
-2.905434601837049158e-01
-5.564415056633631451e-01
6.773156712857591799e+00
-1.063022270251984835e+01
5.824420729243557915e+00
4.460259619945775356e+00
-1.073473366269956841e+01
7.996538022489435349e+00
-1.224734746970562504e+00
-1.005431901221375490e+00
-2.983203350414046273e+00
6.127148647971780271e+00
-1.683404524340322617e+00
-7.873632039493537960e+00
1.311153721532683392e+01
-8.553571115810914449e+00
-8.471084763110527938e-01
5.532830222878372339e+00
-2.499565768836926161e+00
-1.646222942738177153e+00
-6.418027612157368722e-01
8.082103254077521726e+00
-1.171682632138423763e+01
5.741095822901032264e+00
5.092828808302387600e+00
-1.060351079150354892e+01
6.826139140834042607e+00
-2.205350046787053486e-01
-5.719838336422125025e-01
-4.628181240850267386e+00
7.459821505185231238e+00
-1.625024045873737943e+00
-8.767316477508686035e+00
1.343874822258993618e+01
-7.849808037201542632e+00
-1.523227032679455029e+00
4.934915173640058050e+00
-8.146807716815567257e-01
-2.893277917532376620e+00
-9.628568141869182639e-01
9.418410445838325984e+00
-1.254085359326596461e+01
5.388801219413203114e+00
5.689367674038709133e+00
-1.016839548009375349e+01
5.426223692890377315e+00
7.024855657753663607e-01
1.053262520923583523e-01
-6.339408916650334902e+00
8.574185250587627038e+00
-1.327213470213765678e+00
-9.608485792015667215e+00
1.344611734292995209e+01
-6.900751390538323093e+00
-2.116807043754712403e+00
4.060486235126585797e+00
9.907136953973276761e-01
-3.969010466760052314e+00
-1.505307150582764208e+00
1.070955452617181791e+01
-1.305933194212266812e+01
4.803872849883096485e+00
6.182646569479478771e+00
-9.417771660441331960e+00
3.858673593407746516e+00
1.482425156400456245e+00
1.012827078763735678e+00
-8.042280277800308852e+00
9.422192951581601861e+00
-8.228213237136217106e-01
-1.032757651451368019e+01
1.311515080326763538e+01
-5.762465048205168472e+00
-2.566956902574871080e+00
2.921309586296226168e+00
2.842347614850833093e+00
-4.823052184469990067e+00
-2.237484826018449446e+00
1.188218918979196737e+01
-1.324641095027727111e+01
4.037112866648707055e+00
6.511129760346241468e+00
-8.358939688377031274e+00
2.194600331057694032e+00
2.068779913123562686e+00
2.119137686822615052e+00
-9.660159091937316589e+00
9.972163064564240287e+00
-1.595227591608636697e-01
-1.085998305451166246e+01
1.244633199324850992e+01
-4.501206315365706701e+00
-2.823448472407407372e+00
1.547354562026307612e+00
4.662578680076364890e+00
-5.420556058043485947e+00
-3.112501719900455655e+00
1.286699989097820840e+01
-1.309499050944568843e+01
3.150221881915655775e+00
6.623349452076199739e+00
-7.017917728316863446e+00
5.097853650237826884e-01
2.425813490462561006e+00
3.377101207370971192e+00
-1.111926711091611786e+01
1.021067716954936522e+01
6.035572318140500769e-01
-1.115055006502458035e+01
1.145921629037608547e+01
-3.188997246878951142e+00
-2.850251740446914539e+00
-1.490647113940912760e-02
6.375282663462153110e+00
-5.744337340959047467e+00
-4.071445706458023395e+00
1.360331520081958701e+01
-1.261711484350468737e+01
2.211510975745395680e+00
6.481607823961138770e+00
-5.438000048679335841e+00
-1.120176305507481374e+00
2.534917051599760107e+00
4.726798077364320783e+00
-1.235339979319191528e+01
1.014326199934789585e+01
1.399995109489929224e+00
-1.115745109465908591e+01
1.019127161783315927e+01
-1.898830552359245694e+00
-2.628102686552475475e+00
-1.705313581832878178e+00
7.910643731872101903e+00
-5.795821395819141131e+00
-5.047402644252376724e+00
1.404316592218813042e+01
-1.184310678177977394e+01
1.291182696307826561e+00
6.064756588900924505e+00
-3.677166785643514402e+00
-2.624705067167649730e+00
2.395801676839788286e+00
6.099437413076247871e+00
-1.330815485662079212e+01
9.793811865666373961e+00
2.160714237498924106e+00
-1.085519171877069766e+01
8.695541533584146165e+00
-6.998317713725503708e-01
-2.155930839714184089e+00
-3.453763294511497328e+00
9.209525560599747251e+00
-5.594736631138350624e+00
-5.970034436559721769e+00
1.415451952167236982e+01
-1.081950101978945433e+01
4.564990954574579263e-01
5.369865509910001222e+00
-1.804516735473371103e+00
-3.942715757295717882e+00
2.026443664760082974e+00
7.421866146698500089e+00
-1.394439142713493851e+01
9.202792039644524635e+00
2.818810955830724829e+00
-1.023653396538747096e+01
7.037286486043706546e+00
3.472978432880848843e-01
-1.451049661769602039e+00
-5.184631972474281980e+00
1.022713220966680581e+01
-5.177574938312272224e+00
-6.770404943907321282e+00
1.392347257816547845e+01
-9.605915514687193735e+00
-2.328376930080651164e-01
4.412665889302626709e+00
1.040397583696817119e-01
-5.026448108251065250e+00
1.461787063822338695e+00
8.621393890243339797e+00
-1.424068901892665195e+01
8.424345362645055957e+00
3.314235597272885858e+00
-9.313211124225635018e+00
5.289827271991891067e+00
1.194252312816509232e+00
-5.480960734296562720e-01
-6.821583677387983435e+00
1.093571535345876988e+01
-4.594924799581873387e+00
-7.385728752818174314e+00
1.335525367392099128e+01
-8.271071230305096833e+00
-7.287812171019583118e-01
3.226737297090903844e+00
1.970541143315150734e+00
-5.844393444464879295e+00
7.512913289323650545e-01
9.630610116857017289e+00
-1.419464252852416308e+01
7.522497861056966606e+00
3.598012502083530961e+00
-8.115383099680997248e+00
3.529868107488665530e+00
1.808239880275270828e+00
5.032104612636585372e-01
-8.292441700473446531e+00
1.132614839982854171e+01
-3.907857928769358224e+00
-7.763722848646875008e+00
1.247396878775399109e+01
-6.888227403643224278e+00
-9.982369782892321908e-01
1.861490200963132224e+00
3.719871148754020140e+00
-6.383123245871561657e+00
-4.451035156908922374e-02
1.039187057803756886e+01
-1.382290735675367621e+01
6.566719484852869826e+00
3.635714037742080240e+00
-6.689866901050208092e+00
1.832611491533669312e+00
2.174041362647908926e+00
1.641339494815612809e+00
-9.533798557662228390e+00
1.140826400694859366e+01
-3.183613843906595520e+00
-7.866267767821729429e+00
1.132110544890838177e+01
-5.530338530114930151e+00
-1.025337178360347323e+00
3.790780371903759161e-01
5.284465226827661510e+00
-6.647898961737486623e+00
-8.582099800392573030e-01
1.086115188567234213e+01
-1.315999246046721538e+01
5.627139234266049783e+00
3.409953724208008907e+00
-5.097258989734958945e+00
2.669908728420811173e-01
2.294870695330520682e+00
2.797032670796106846e+00
-1.049505665050721959e+01
1.120993440733200330e+01
-2.490873890644296651e+00
-7.672131036500439372e+00
9.952895024676646329e+00
-4.265257741093728683e+00
-8.125406188533643714e-01
-1.149555808673709656e+00
6.608513482406647377e+00
-6.662024308029208086e+00
-1.620197897863787206e+00
1.101101540441645987e+01
-1.225588296511073949e+01
4.769736988349371209e+00
2.921729438133016998e+00
-3.408140512737205530e+00
-1.108660904609404696e+00
2.191981003979122100e+00
3.897924553863506336e+00
-1.114162984953788538e+01
1.077495821549831057e+01
-1.894943774736983055e+00
-7.178568536765666863e+00
8.436708968669055508e+00
-3.151307936228051609e+00
-3.804834361731526116e-01
-2.649232488373963967e+00
7.651380393302425809e+00
-6.464985715785071640e+00
-2.263495187280588627e+00
1.083248119129538800e+01
-1.117265231530912573e+01
4.051835756948657163e+00
2.190524900957443677e+00
-1.698617957693484115e+00
-2.250218761563004488e+00
1.903043880337770055e+00
4.873391197467926261e+00
-1.145709240415125407e+01
1.015989737433464413e+01
-1.453169773196012482e+00
-6.401694662041670369e+00
6.846729520036442196e+00
-2.233517158023044402e+00
2.334096461012880042e-01
-4.045389546791058777e+00
8.390014136573501702e+00
-6.109507950507502727e+00
-2.728419561786552094e+00
1.033568568736350812e+01
-9.980291547386620721e+00
3.518197751002930751e+00
1.253161061775617924e+00
-4.549633961882859623e-02
-3.130408247090496587e+00
1.479412013814876747e+00
5.659300978126211135e+00
-1.144413205636043074e+01
9.430078218704682769e+00
-1.210898066577859478e+00
-5.375594682674651459e+00
5.259183878728775241e+00
-1.540769928481179551e+00
9.774605141474532743e-01
-5.268905970321256405e+00
8.820186080940008111e+00
-5.657724733527626171e+00
-2.966770060746013016e+00
9.549278315594637689e+00
-8.752035599369976993e+00
3.197986970102481230e+00
1.614729685592672936e-01
1.478593318019779002e+00
-3.740309001679660739e+00
9.824504029802483274e-01
6.202348615948994670e+00
-1.112424430652394136e+01
8.655026584667698586e+00
-1.198250125347261275e+00
-4.150237100604159401e+00
3.747460031769266120e+00
-1.084064612866408428e+00
1.789249165751120252e+00
-6.260577917253010938e+00
8.956479432878845515e+00
-5.176723579034832490e+00
-2.945248076531147063e+00
8.518596604856039534e+00
-7.559500120272247159e+00
3.102802673668499267e+00
-1.021033356400416814e+00
2.809787369603203633e+00
-4.089620247977149958e+00
4.791840014933610448e-01
6.463681108315016743e+00
-1.053618907540331229e+01
7.903644715196928239e+00
-1.427932241907217126e+00
-2.788324267832511971e+00
2.377430215582747586e+00
-8.559924732577606221e-01
2.599865679969375343e+00
-6.974945920007774802e+00
8.831029872228127076e+00
-4.733766029819246768e+00
-2.647883425945288582e+00
7.302741274692861495e+00
-6.467954751393742541e+00
3.225916048991242846e+00
-2.223320956427484063e+00
3.896997670624494869e+00
-4.205672867541120574e+00
3.755563699434061320e-02
6.421571662616423204e+00
-9.733313872695351421e+00
7.239454871330141650e+00
-1.894227807558574561e+00
-1.361290774777915269e+00
1.203293946169809114e+00
-8.314719189129711197e-01
3.338616952633319812e+00
-7.383217721139644141e+00
8.491104655815405522e+00
-4.391506214066365210e+00
-2.077300897860733464e+00
5.970746390209345833e+00
-5.532049490112161294e+00
3.542761452677203327e+00
-3.371482210959612313e+00
4.705067543400791585e+00
-4.131256770800851186e+00
-2.783857078627502979e-01
6.072961447671863411e+00
-8.779923457929974973e+00
6.716229900909125305e+00
-2.573241455016878731e+00
5.528369822707457359e-02
2.642175767625087879e-01
-9.696870665897927566e-01
3.937871806870442359e+00
-7.475091439325655784e+00
7.995684491984498266e+00
-4.203530696520117793e+00
-1.254740488126818043e+00
4.597100287305401878e+00
-4.792280140842840375e+00
4.012649215211327558e+00
-4.393607606075481620e+00
5.216865822206147030e+00
-3.921411787039581043e+00
-4.130414081083393363e-01
5.433764815933187720e+00
-7.746939774670000389e+00
6.374304859631168441e+00
-3.424380056705764730e+00
1.386541068595747994e+00
-4.180062011362934427e-01
-1.217098756887978306e+00
4.337718635833637038e+00
-7.259357396832718301e+00
7.411279273364480780e+00
-4.210520956422893590e+00
-2.188281520816754977e-01
3.256916410789444605e+00
-4.272429064283249645e+00
4.581584825941170891e+00
-5.224537140476391173e+00
5.434180407989640749e+00
-3.639399855263017347e+00
-3.232567196323030689e-01
4.537916491915595429e+00
-6.707143373436046829e+00
6.237817877636456565e+00
-4.392972433858676418e+00
2.563166296067829197e+00
-8.401240183869970179e-01
-1.511324067196874399e+00
4.490122155517063618e+00
-6.763238735902921128e+00
6.807260018666504209e+00
-4.437297945404642618e+00
9.768222477880712518e-01
2.021076586806751507e+00
-3.978151797611439555e+00
5.186004874219028338e+00
-5.810176229787529678e+00
5.377353240551358660e+00
-3.352131216990090756e+00
1.851873825298916421e-02
3.435223517948160499e+00
-5.730315430964838086e+00
6.313065901467679097e+00
-5.413853071815108109e+00
3.525841798984270525e+00
-1.017336654782410088e+00
-1.785621958232672668e+00
4.362299306636861829e+00
-6.030515420012260819e+00
6.251021677715754343e+00
-4.890948871445840673e+00
2.267016672995665783e+00
9.516709985638011071e-01
-3.896803041663370770e+00
5.757178408932728253e+00
-6.111087043626294957e+00
5.083682958283432640e+00
-3.125353913152141949e+00
6.221177203461936145e-01
2.188164840112527543e+00
-4.878605952749463626e+00
6.588085916091920957e+00
-6.415670292006879549e+00
4.229037634117831068e+00
-9.819710181787750791e-01
-1.973681909916321864e+00
3.939086601779884234e+00
-5.118557689735140137e+00
5.803302630525016603e+00
-5.560163601905946607e+00
3.579171407948317896e+00
9.803913389971996573e-02
-3.998512170226672158e+00
6.225977536551293490e+00
-6.105114675838700045e+00
4.604704101296610119e+00
-3.018931713128238492e+00
1.478733230719035507e+00
8.678519312007797470e-01
-4.202438379111837818e+00
7.033489801453113088e+00
-7.325630553797292777e+00
4.643884740818544188e+00
-7.810006913854152799e-01
-2.014391981059241665e+00
3.224138761536293973e+00
-4.094468055646731663e+00
5.513976012480261701e+00
-6.415826762127470495e+00
4.838006843700509485e+00
-5.063244319965729545e-01
-4.238434405860200371e+00
6.527696117801824016e+00
-5.788872157420115627e+00
4.002526981660719407e+00
-3.082529592724755574e+00
2.561251515892974062e+00
-4.505799476705731887e-01
-3.737224635007744933e+00
7.604496637523578073e+00
-8.074361124471067797e+00
4.759940004038376138e+00
-4.725837383661688484e-01
-1.856264037290728197e+00
2.239876789120215594e+00
-3.030590563682449279e+00
5.418596142841455077e+00
-7.412827185200024260e+00
5.970431232862912552e+00
-8.457936538050109254e-01
-4.560024765236958544e+00
6.606592021878669563e+00
-5.177984739272202042e+00
3.345485244359363897e+00
-3.351998434116577386e+00
3.825819908881884945e+00
-1.692842120776500980e+00
-3.501110099744054072e+00
8.244025702921032206e+00
-8.600565239923723126e+00
4.585726166185337682e+00
-1.218523986992550157e-01
-1.461216845593529490e+00
1.026187443018570900e+00
-1.999688359809272065e+00
5.535932462227428630e+00
-8.492964509303678966e+00
6.910288283744812077e+00
-9.234301597298797404e-01
-4.899113110566611695e+00
6.419846784219076952e+00
-4.306076971019312083e+00
2.703384454163152206e+00
-3.846703586177300682e+00
5.214546352802832629e+00
-2.790299294610054215e+00
-3.493898688133114216e+00
8.886642023487350883e+00
-8.855157628078668353e+00
4.148011730983877321e+00
2.037605266753663713e-01
-8.074607916113465400e-01
-3.620402422761688221e-01
-1.070112673884394905e+00
5.866656912035265847e+00
-9.588758916905904428e+00
7.602651516240212182e+00
-7.605449082354214241e-01
-5.188504768286332336e+00
5.940675456792709141e+00
-3.222570307181089611e+00
2.142671660248776533e+00
-4.567978456370725304e+00
6.659151435988695411e+00
-3.684391890570009043e+00
-3.697228880304336052e+00
9.463088911262985903e+00
-8.804602960293784975e+00
3.489880443410094291e+00
4.393427520124069119e-01
1.087117518292710638e-01
-1.858377781866093592e+00
-3.012867557805440910e-01
6.393273077457182652e+00
-1.062790921899106067e+01
8.007378622640928256e+00
-3.950337459272512675e-01
-5.362795808064420910e+00
5.160376326173252259e+00
-1.989438633322659467e+00
1.721851027074626117e+00
-5.498808665103765314e+00
8.085329781884183831e+00
-4.330378871569646293e+00
-4.075987440158618469e+00
9.905102345988144208e+00
-8.433233106302079563e+00
2.667721032915707724e+00
5.271453692156766735e-01
1.272352934335175378e+00
-3.389088817287345456e+00
2.601929959999882414e-01
7.081291876125828999e+00
-1.153810078862197663e+01
8.101688629080065596e+00
1.213994663871651447e-01
-5.363077588875741597e+00
4.089181187967454001e+00
-6.771388776262323717e-01
1.487453933360542990e+00
-6.604769558047306255e+00
9.417529951123217558e+00
-4.700151651508337025e+00
-4.580864367284819494e+00
1.015018294866115589e+01
-7.744387419198409006e+00
1.747340230240958192e+00
4.207338623345426853e-01
2.650543661922214245e+00
-4.877847320939586950e+00
5.835780418084595134e-01
7.881574714260162651e+00
-1.225184117571521369e+01
7.881590112992484798e+00
7.269438578485005742e-01
-5.141212547088958473e+00
2.755847241799859848e+00
6.400109234268205327e-01
1.470834552322593858e+00
-7.836155594704545813e+00
1.058383383078769313e+01
-4.783932030401340185e+00
-5.151875918322500247e+00
1.014600396360340362e+01
-6.760299083044175816e+00
7.994607590823230581e-01
8.836674642943798119e-02
4.194291959320365137e+00
-6.250627694538162693e+00
6.559092267780131102e-01
8.733686481379445254e+00
-1.271099917890492037e+01
7.362065707003864645e+00
1.354056399057931959e+00
-4.663391930238736549e+00
1.206016015704948208e+00
1.888696806608499479e+00
1.686006346230631614e+00
-9.131159969763427142e+00
1.152060969929070922e+01
-4.590741989950770652e+00
-5.722617460347066753e+00
9.854157923854010903e+00
-5.520734529524597534e+00
-1.050928752569166846e-01
-4.846267494350664506e-01
5.841520330531460026e+00
-7.440440524757030438e+00
4.827497819274286783e-01
9.570032785946745335e+00
-1.287074285046973365e+01
6.576001444805347873e+00
1.934215148550375574e+00
-3.912734341446626907e+00
-5.005526169916534318e-01
3.001391832069039367e+00
2.128664868332396320e+00
-1.041989215865783081e+01
1.217662822066916206e+01
-4.147615588470951131e+00
-6.224958848464154038e+00
9.252988898226391257e+00
-4.080476437526621147e+00
-9.001971853397243706e-01
-1.294631234329345126e+00
7.520943833842236970e+00
-8.391598134047276503e+00
8.766198057392227128e-02
1.032050301096955280e+01
-1.270261204583892933e+01
5.571933589305739787e+00
2.402730115890525653e+00
-2.890748321813790600e+00
-2.293687847577687400e+00
3.920736978426499153e+00
2.776462467353716157e+00
-1.162896465393932033e+01
1.251636652898756630e+01
-3.497607580265618576e+00
-6.593865246579316164e+00
8.339318440150272238e+00
-2.505818267855608905e+00
-1.528898404008074863e+00
-2.319775084495740547e+00
9.156580724181203834e+00
-9.063225621511673324e+00
-4.895359490105026801e-01
1.091730663709548388e+01
-1.219651900817346402e+01
4.410764785524963649e+00
2.703287179036272470e+00
-1.617558441653377255e+00
-4.097210167911859102e+00
4.603227268368066838e+00
3.590516290692595369e+00
-1.268634176291785209e+01
1.252227990390959533e+01
-2.696734089745764340e+00
-6.772017832747119215e+00
7.128947470837802669e+00
-8.703044586917272341e-01
-1.947246992768231877e+00
-3.521205162653946008e+00
1.067259496090713355e+01
-9.431783709315942232e+00
-1.195614102903572729e+00
1.129967713295568643e+01
-1.136154221829446165e+01
3.161670386679855227e+00
2.791918505005400952e+00
-1.308773795231412684e-01
-5.833735244482730842e+00
5.021957153109605443e+00
4.518048034513801881e+00
-1.352612554773326536e+01
1.219588966577165756e+01
-1.810052278911697510e+00
-6.713922217938867121e+00
5.655898359836946554e+00
7.499991234880498681e-01
-2.127240588646239772e+00
-4.845522041584235495e+00
1.199814748927719421e+01
-9.492435997517050694e+00
-1.967683839183621330e+00
1.141812643224503887e+01
-1.022545952764958166e+01
1.897469981251622251e+00
2.640131520037227730e+00
1.516209330380951847e+00
-7.429559314515628898e+00
5.168242422835559680e+00
5.495977760204966422e+00
-1.409295800198297854e+01
1.155761519540138238e+01
-9.071436533729815288e-01
-6.389226761278735900e+00
3.970445910214066565e+00
2.281388504002592743e+00
-2.058678023735793339e+00
-6.228213394369466194e+00
1.307193248283816089e+01
-9.259170735910361216e+00
-2.737605794833435802e+00
1.123796302047607654e+01
-8.833051006936111449e+00
6.897748678461761429e-01
2.236985067178936859e+00
3.258499458076654864e+00
-8.819300526080926517e+00
5.052011399681941128e+00
6.455229897634218617e+00
-1.434574410572287917e+01
1.064536209083192020e+01
-5.730558416891184947e-02
-5.785025980527077394e+00
2.136067146998337218e+00
3.657232533589381163e+00
-1.749800297231235646e+00
-7.597856049130763623e+00
1.384609573087818468e+01
-8.763670744359426834e+00
-3.436755389507637037e+00
1.074183592872783422e+01
-7.243284321783532320e+00
-3.957629134147309102e-01
1.589972176345918697e+00
5.022754786782182457e+00
-9.949987014415500042e+00
4.700940843208952558e+00
7.325461596293987299e+00
-1.426044576973360201e+01
9.511961767182430805e+00
6.752248981372988013e-01
-4.906992375663431716e+00
2.255122983430808414e-01
4.822196971149054434e+00
-1.226675952549577175e+00
-8.880805437693219062e+00
1.428927366188960946e+01
-8.053009048050444818e+00
-4.000824197966166729e+00
9.931132171819404775e+00
-5.525570262337854643e+00
-1.303781374480553090e+00
7.246491029436965547e-01
6.732334582881778218e+00
-1.078431961086751301e+01
4.158396306591902736e+00
8.039895085314467948e+00
-1.383175882761257292e+01
8.221634698458181845e+00
1.235693261386836994e+00
-3.779258634294801134e+00
-1.683741715981729392e+00
5.735700035887576931e+00
-5.313727357761948156e-01
-1.000605827081585808e+01
1.438855033991600330e+01
-7.186326509036792487e+00
-4.374333146548003981e+00
8.826131996216185271e+00
-3.755338286223228295e+00
-1.992828952009930710e+00
-3.169654197217521840e-01
8.312072833699716057e+00
-1.130289242889913837e+01
3.480316966081293373e+00
8.539928576995627907e+00
-1.307355999095663179e+01
6.845714832264256700e+00
1.582597692318133298e+00
-2.443056091599304924e+00
-3.514352568113703335e+00
6.374369423863655904e+00
2.809609803031092312e-01
-1.090996245702240408e+01
1.415020220759566172e+01
-6.230715948063048515e+00
-4.514552825438022055e+00
7.464909563873623810e+00
-2.009227408895224443e+00
-2.438032061842368314e+00
-1.479114079681979277e+00
9.693073777055612794e+00
-1.150522444911579356e+01
2.731255818635753396e+00
8.779214974327491205e+00
-1.201809303341296342e+01
5.457922097019069163e+00
1.690553378111555816e+00
-9.541988432536800957e-01
-5.193964749093023414e+00
6.733337880115046303e+00
1.145908208624837776e+00
-1.154045834170164397e+01
1.359918151767680783e+01
-5.256590384315792619e+00
-4.394566009604160328e+00
5.901050805098906338e+00
-3.602134414544031493e-01
-2.632631550862280179e+00
-2.695965863897553660e+00
1.081710559351442846e+01
-1.140953494348572583e+01
1.979842845955868125e+00
8.726933235228022667e+00
-1.071394788834617628e+01
4.129500053677586102e+00
1.552057790264939285e+00
6.204195484815766548e-01
-6.659729517240315033e+00
6.826292431643894432e+00
1.994231900424566994e+00
-1.186056660481467873e+01
1.277737384805385012e+01
-4.332847509919929507e+00
-4.005265076397057200e+00
4.200339482228705457e+00
1.127002288171147892e+00
-2.588285834170250155e+00
-3.895976423494797558e+00
1.164029895090039091e+01
-1.105127978803361799e+01
1.293977472001278661e+00
8.370031315462407306e+00
-9.222967168444156982e+00
2.924544598959145425e+00
1.178037819190166147e+00
2.207083462787539307e+00
-7.862191626169741099e+00
6.684276081904039657e+00
2.756660293277120477e+00
-1.185088852248424374e+01
1.174074716752801351e+01
-3.522156047805398593e+00
-3.356148530722575352e+00
2.436631694769859635e+00
2.400035265011331020e+00
-2.334121430940048647e+00
-5.006651590790117012e+00
1.213590358262597135e+01
-1.048054876271622504e+01
7.360747961930727001e-01
7.714288532235801021e+00
-7.616286420969833770e+00
1.895836612414342426e+00
5.971415171583807080e-01
3.729982739253411061e+00
-8.768284349437397651e+00
6.353324527287268708e+00
3.368686588099620849e+00
-1.151095039132685827e+01
1.055558410411538972e+01
-2.876681308276283655e+00
-2.474861499651736629e+00
6.871934825428187565e-01
3.422021992384252087e+00
-1.914595824395907364e+00
-5.959394484320421626e+00
1.229591912756271910e+01
-9.758500254269904417e+00
3.586864476078046593e-01
6.784124335684241558e+00
-5.969772401871521694e+00
1.081457429967897177e+00
-1.461783787599166828e-01
5.116094641247014074e+00
-9.363234107344478474e+00
5.891098658221046946e+00
3.775059419450193410e+00
-1.085930130061840870e+01
9.294050387809450697e+00
-2.434537622240939392e+00
-1.405509423857028040e+00
-9.721878061674376070e-01
4.173773236347111393e+00
-1.386317416910946232e+00
-6.694110856491535699e+00
1.213149183009029564e+01
-8.953074241593089511e+00
2.007917205988700715e-01
5.621164535475878132e+00
-4.359163896456893283e+00
5.024133058773081473e-01
-9.946607206362196862e-01
6.299894106142454930e+00
-9.651249107112167991e+00
5.362741003909542670e+00
3.933661239252286723e+00
-9.932356923828834283e+00
8.029396781494060775e+00
-2.217206377402624273e+00
-2.058565909510488012e-01
-2.471992535830016102e+00
4.654734079349971410e+00
-8.140374709941999853e-01
-7.163263392195745816e+00
1.167205133735434686e+01
-8.134272728430236299e+00
2.850096102107175788e-01
4.281659363364382465e+00
-2.855239434291348299e+00
1.614271329674332733e-01
-1.882110962168583868e+00
7.227577511737656835e+00
-9.654947925259044439e+00
4.836236347062775387e+00
3.818512729817176599e+00
-8.782065986800883906e+00
6.831116202978504859e+00
-2.228093404808775269e+00
1.056403906264142378e+00
-3.753339020629743228e+00
4.882688687843925734e+00
-2.660846135515111399e-01
-7.335102480257951640e+00
1.096324619266396283e+01
-7.369325655685957877e+00
6.159204895070193864e-01
2.832924767977903713e+00
-1.519334311961926698e+00
4.297718526178151421e-02
-2.737894708827741219e+00
7.860517689719848988e+00
-9.413568420275730375e+00
4.377589978848146046e+00
3.421699946830756289e+00
-7.472554919030015341e+00
5.760380542642739243e+00
-2.452322818623445144e+00
2.308059775312949036e+00
-4.771643878705784658e+00
4.892231983263481077e+00
1.904500037024661196e-01
-7.195856083389877256e+00
1.006381704863727578e+01
-6.718067839006708120e+00
1.179611613916939028e+00
1.349043866389315838e+00
-3.995057805003900953e-01
1.145787977557355397e-01
-3.491747925257361107e+00
8.177719353406230240e+00
-8.980079097339942251e+00
4.046149254178978971e+00
2.754093135893177280e+00
-6.075974617656564547e+00
4.866062708550500382e+00
-2.857781247598713215e+00
3.475173954254836772e+00
-5.499328999275520324e+00
4.732113183196315020e+00
4.944519689186408495e-01
-6.750731029719246656e+00
9.041617715819427303e+00
-6.228838133903627394e+00
1.944478403878602712e+00
-9.388487871352912961e-02
4.723983439034704634e-01
3.292213333294289335e-01
-4.078580501632183442e+00
8.177111027233069152e+00
-8.417388570426059147e+00
3.890384425296470106e+00
1.844807219147228672e+00
-4.667826659107149112e+00
4.181609958888223844e+00
-3.397342294662782702e+00
4.487943169753860317e+00
-5.927395538148164889e+00
4.461631894978942192e+00
5.951273754492951706e-01
-6.023657664070352524e+00
7.969051152168974639e+00
-5.935176794327829519e+00
2.863229066378034204e+00
-1.422635759497078212e+00
1.082573100051336557e+00
6.287951165728138392e-01
-4.442950163389699725e+00
7.875587480301058818e+00
-7.793909147771985069e+00
3.944413827675508077e+00
7.394383728448530313e-01
-3.322081098616386896e+00
3.722977260650076392e+00
-4.012121667334628938e+00
5.285295482023925295e+00
-6.065761313105961783e+00
4.146331014979643292e+00
4.556576426239611344e-01
-5.055793987580305071e+00
6.918226563000500207e+00
-5.853543227333389609e+00
3.875959232609328176e+00
-2.571554034480032946e+00
1.435871039047416753e+00
9.482764514793069477e-01
-4.542905674121285209e+00
7.307800347575325262e+00
-7.178773752662040764e+00
4.225508441307578522e+00
-5.028067542462075767e-01
-2.106411867851029740e+00
3.487758092215369921e+00
-4.635544065950972126e+00
5.818919044233815896e+00
-5.942340866239184116e+00
3.853277848199101019e+00
5.591813511170394546e-02
-3.902888531776551595e+00
5.956162299783732017e+00
-5.982207666365432885e+00
4.914091342411464503e+00
-3.486750788505517118e+00
1.555159166727703157e+00
1.220387853427147506e+00
-4.352940456983618311e+00
6.523778456116607671e+00
-6.637028486584343412e+00
4.732745011930557411e+00
-1.812898308172611106e+00
-1.077867785606575257e+00
3.455569573212280421e+00
-5.197948254834489745e+00
6.056452321029936137e+00
-5.600931732971636379e+00
3.646252448927357115e+00
-6.059238781062774581e-01
-2.631677680080473536e+00
5.140355977991822201e+00
-6.301391298884474246e+00
5.904915325419951344e+00
-4.129514704440589767e+00
1.479463657445614366e+00
1.380418637778387803e+00
-3.865857316457065984e+00
5.585537734822118239e+00
-6.225124596626995910e+00
5.446899710072805156e+00
-3.116434581016997996e+00
-2.792678735004341384e-01
3.589664464535096133e+00
-5.631420443780872809e+00
5.983622126398032037e+00
-5.098050452591873061e+00
3.581168343451690994e+00
-1.513041190898628541e+00
-1.315557835807098730e+00
4.515018400094344742e+00
-6.774645393513210934e+00
6.776426620392124178e+00
-4.478713494475142554e+00
1.261029193126114167e+00
1.370880165617048174e+00
-3.093417883905789534e+00
4.562908217307208858e+00
-5.987013327816384844e+00
6.331590913373450036e+00
-4.338460438902205674e+00
2.634390136568727780e-01
3.839660095333363277e+00
-5.874530610554637100e+00
5.605186290310503416e+00
-4.498932204801987744e+00
3.702035117198884784e+00
-2.630835276410362411e+00
-2.982140029569957385e-02
4.108223137787031298e+00
-7.351376615519463087e+00
7.462137457019780484e+00
-4.532025460584136134e+00
9.614926184018750543e-01
1.145681079664917501e+00
-2.065731843244170030e+00
3.528858011503118064e+00
-5.951106486178428412e+00
7.335595717045058528e+00
-5.408331132242431671e+00
5.426750072533139679e-01
4.145199179614937890e+00
-5.876652741474829078e+00
4.944617820159635357e+00
-3.872963941421005085e+00
4.037735883954990612e+00
-3.909023923379431942e+00
1.153225290233410583e+00
3.930162000985347959e+00
-7.970348593278991700e+00
7.905538950840170109e+00
-4.305920068475677098e+00
6.474300200129081695e-01
6.735400306898819967e-01
-8.294254530624516342e-01
2.554627693206063199e+00
-6.128307239673249640e+00
8.396185845621495503e+00
-6.264296680913255422e+00
5.694957765412616002e-01
4.440294823336179419e+00
-5.601577731448911024e+00
4.042551715421513592e+00
-3.288858745340372369e+00
4.599837852071010147e+00
-5.284789761656932150e+00
2.168936073146589205e+00
3.972622237278350177e+00
-8.563924079760010244e+00
8.063914823159784362e+00
-3.834390265433358813e+00
3.855783496869769067e-01
-5.959546182897745847e-02
5.552892984076160943e-01
1.705001132219689630e+00
-6.511243655820564413e+00
9.443260055019557342e+00
-6.857500698590447641e+00
3.725992220712637248e-01
4.658065999325358142e+00
-5.030175005560538537e+00
2.954098466809356616e+00
-2.809896351017968641e+00
5.381584740328690053e+00
-6.686780299039174480e+00
2.964479133729941207e+00
4.209719157652608956e+00
-9.062762154151158711e+00
7.911250895031165520e+00
-3.166522923741954543e+00
2.380544949519904918e-01
-1.049288683516238718e+00
2.018449879370954214e+00
1.034029437344357039e+00
-7.074756552155041511e+00
1.040399648107885255e+01
-7.155126723629605223e+00
-3.851122953163699236e-03
4.735543472618113370e+00
-4.161922626525600855e+00
1.745204164098776545e+00
-2.489550148382506212e+00
6.358140337210572923e+00
-8.039692879855985908e+00
3.502194204792435261e+00
4.599833486594608445e+00
-9.400654179842831581e+00
7.440045010013506044e+00
-2.363071635041245955e+00
2.578948004804866301e-01
-2.272598845521662358e+00
3.484827100263349742e+00
5.814941380181166686e-01
-7.777608851275936708e+00
1.120771331032657869e+01
-7.142482228833763713e+00
-5.034398785838676282e-01
4.618221356655397791e+00
-3.015201462519841780e+00
4.883009579321413440e-01
-2.367794876678416038e+00
7.488068375583145198e+00
-9.269138639904223709e+00
3.761929267226713947e+00
5.088621752101770035e+00
-9.519172739681323492e+00
6.661895655576223874e+00
-1.492262893980040417e+00
4.852164475818430134e-01
-3.689314956657645528e+00
4.878758585230726474e+00
3.703459577142105275e-01
-8.565301450570856900e+00
1.179061197602690036e+01
-6.823881657361004827e+00
-1.061533103525591049e+00
4.264046495590513963e+00
-1.626331820711658604e+00
-7.424609115062086317e-01
-2.468343349987725421e+00
8.715950756426508406e+00
-1.030646071294841448e+01
3.742201729290608014e+00
5.612895899859442039e+00
-9.371820146476919078e+00
5.606829338733097856e+00
-6.251180090118744204e-01
9.442602612704957821e-01
-5.244357906057949492e+00
6.129009301133848453e+00
4.052899191168211068e-01
-9.373806154875740759e+00
1.210008477058266152e+01
-6.222270301405471216e+00
-1.609858434866460186e+00
3.646575557316309890e+00
-4.741524621069848067e-02
-1.876080376320953036e+00
-2.796998021672993939e+00
9.975969581560676147e+00
-1.109318490409749103e+01
3.460107952312975410e+00
6.105109877310754385e+00
-8.927396546823789691e+00
4.321411240395696574e+00
1.693945771988092375e-01
1.641515241594965424e+00
-6.871191756371117343e+00
7.173334831976219128e+00
6.726104574456248653e-01
-1.013396447700636038e+01
1.209829779939763128e+01
-5.377615204629906387e+00
-2.081322792687744005e+00
2.757085556645812119e+00
1.656875712869086525e+00
-2.849346431689534498e+00
-3.341228189224846989e+00
1.119621358641147779e+01
-1.158480558790795456e+01
2.949988974880819459e+00
6.498150109994351276e+00
-8.172359857982323561e+00
2.865765157773090266e+00
8.290506549601168729e-01
2.565052387842374326e+00
-8.496017442973963441e+00
7.962443052068687521e+00
1.141246879378127632e+00
-1.077625623138775346e+01
1.176480863449510395e+01
-4.344171868349265608e+00
-2.414742487745725974e+00
1.605493762077660591e+00
3.413346440616737087e+00
-3.610942322543997385e+00
-4.071001198748460226e+00
1.230342075443604344e+01
-1.175365406746439589e+01
2.260943729061226204e+00
6.730106325341736806e+00
-7.112017296772909170e+00
1.309701777561216307e+00
1.302590055172489159e+00
3.685114082009321557e+00
-1.004246947441490789e+01
8.463090225741140671e+00
1.765045484671201370e+00
-1.123561684353387413e+01
1.109804260969813683e+01
-3.186810832495751811e+00
-2.559166534718507968e+00
2.200228583941914451e-01
5.144898323146631647e+00
-4.124738838590529255e+00
-4.940811664470010633e+00
1.322783942233814969e+01
-1.159065806074184479e+01
1.453358342241398482e+00
6.748700441524967175e+00
-5.770466547113919376e+00
-2.717859949364402894e-01
1.553181465374784409e+00
4.955920879851604788e+00
-1.143650236473643389e+01
8.660105635466234020e+00
2.486035605533843729e+00
-1.145597885189883414e+01
1.011552810010701720e+01
-1.976651134283465616e+00
-2.477501373085039482e+00
-1.354368522139377529e+00
6.775408229631930901e+00
-4.372057066501026767e+00
-5.892772134423296393e+00
1.390788202883026337e+01
-1.110587524148748173e+01
5.946860889387464155e-01
6.515074146765297947e+00
-4.189288414364114033e+00
-1.803359598876653536e+00
1.560899660083729046e+00
6.318575689964528230e+00
-1.261114067282775508e+01
8.557210716903094649e+00
3.238508020942737264e+00
-1.139423142159507840e+01
8.852874221382396769e+00
-7.862939981911356568e-01
-2.149192193298163467e+00
-3.058686878761366579e+00
8.234544158469839559e+00
-4.352750213566915605e+00
-6.860557219144549634e+00
1.429425936857069246e+01
-1.032776587031885995e+01
-2.452372283829227229e-01
6.006678810979947158e+00
-2.425076508522539420e+00
-3.214180088826476656e+00
1.324048999024859619e+00
7.704871499465541618e+00
-1.351077554077417275e+01
8.176579534164890362e+00
3.953620288885715262e+00
-1.102333059175629515e+01
7.361558593684627283e+00
3.150232296252655217e-01
-1.571779502325073352e+00
-4.823557498435400603e+00
9.462196089807992649e+00
-4.085033462898882917e+00
-7.773935749305627141e+00
1.435331786840800561e+01
-9.301253999033637143e+00
-9.990266011594055584e-01
5.219071609540829826e+00
-5.459674672771032133e-01
-4.442438475850464030e+00
8.592446432199709605e-01
9.041747984773492064e+00
-1.409472090867329186e+01
7.557171836562971201e+00
4.564218125245860236e+00
-1.033434983002491592e+01
5.705672491561365689e+00
1.266027707626974141e+00
-7.612251814704729114e-01
-6.573587643116976409e+00
1.041222689613082864e+01
-3.604074920360416101e+00
-8.563585898003442054e+00
1.406935568121602742e+01
-8.084707851335592110e+00
-1.606404092374727810e+00
4.166495155468529887e+00
1.372597757515681360e+00
-5.439268755684596002e+00
2.002464753488837346e-01
1.025609861046596727e+01
-1.433979210606782573e+01
6.751952234380405038e+00
5.009547423274958611e+00
-9.337331455033922367e+00
3.957840498211674163e+00
2.017457734605952346e+00
2.490149850154006472e-01
-8.232148503718718757e+00
1.105529376332787095e+01
-2.959443922954478445e+00
-9.165869054830389828e+00
1.344576171917171870e+01
-6.746042333239468114e+00
-2.018364318136290692e+00
2.881199605258119245e+00
3.252599466988345789e+00
-6.171782776212968002e+00
-6.043754207123539501e-01
1.127960610539212283e+01
-1.424173495740870621e+01
5.824183693563846909e+00
5.239538826259325432e+00
-8.060879847115749897e+00
2.194587018350903307e+00
2.535284193062516955e+00
1.410111053141867465e+00
-9.726256936647086349e+00
1.138055290577282364e+01
-2.211589712565984023e+00
-9.527240858181725613e+00
1.250490053968207782e+01
-5.358205352561757451e+00
-2.200568443245315642e+00
1.411550642069925310e+00
5.018336906742087322e+00
-6.625025123956602258e+00
-1.494586295309066504e+00
1.205328210556482205e+01
-1.381541050089571243e+01
4.843045567485615877e+00
5.218375447751151697e+00
-6.550521707138930338e+00
4.914589720308546461e-01
2.802891146628780916e+00
2.661029501764175187e+00
-1.099123117201286703e+01
1.139613523787555494e+01
-1.427588587991291957e+00
-9.608002004592632872e+00
1.128674996675213649e+01
-3.994350789506675881e+00
-2.135737910041036969e+00
-1.809517175803208033e-01
6.601171811309482607e+00
-6.802718767109192655e+00
-2.403017858450168021e+00
1.253140641074789130e+01
-1.309372374286337504e+01
3.878871597239044622e+00
4.927102453742080002e+00
-4.865941283447987153e+00
-1.081769787175502096e+00
2.822069954907363787e+00
3.932542532789933709e+00
-1.197480970848613246e+01
1.112836306597479208e+01
-6.764467613508935440e-01
-9.385135635986660674e+00
9.846381844865916833e+00
-2.723021798006858507e+00
-1.824886391719878098e+00
-1.825545374980376501e+00
7.943801865924820405e+00
-6.726753409931561123e+00
-3.259606708065514447e+00
1.268460139804199471e+01
-1.212536896298663436e+01
2.998328686142543997e+00
4.365101549739307529e+00
-3.077273921085551756e+00
-2.465492399674328539e+00
2.612761054881811873e+00
5.151807509442653199e+00
-1.264045848015116746e+01
1.061976225930818529e+01
-2.427596689313116229e-02
-8.854039292775654602e+00
8.250453778047116771e+00
-1.603667233872184461e+00
-1.287306579573158416e+00
-3.446711448371610587e+00
9.003779670885965203e+00
-6.435452939688889096e+00
-3.996427596888880274e+00
1.250183498207828237e+01
-1.097154330707129688e+01
2.259861088192860024e+00
3.550329635164449105e+00
-1.260704433409238989e+00
-3.613968413597461904e+00
2.211561756735376250e+00
6.247209516614216085e+00
-1.296964569054437888e+01
9.926005083916709992e+00
4.703326010317829819e-01
-8.029033507644973255e+00
6.572945906686912920e+00
-6.827914610873815349e-01
-5.593121347461176285e-01
-4.969012019840206129e+00
9.756043384176212641e+00
-5.980740315795079809e+00
-4.552395877154420845e+00
1.199121722663878664e+01
-9.701849438925744806e+00
1.709706687129114222e+00
2.518303882906383961e+00
5.063365836902551376e-01
-4.498082535026254547e+00
1.669101361373707348e+00
7.153142193869868493e+00
-1.296293281394669172e+01
9.111990521658203335e+00
7.604237807402478566e-01
-6.942611130272800857e+00
4.890427277993287802e+00
9.004903095698679749e-03
3.081811611258045147e-01
-6.321937300185920705e+00
1.019429148308375943e+01
-5.424392260210220584e+00
-4.877522132646276987e+00
1.117953648570117053e+01
-8.389662239051657977e+00
1.378753489901214380e+00
1.319899702120400420e+00
2.150058408324192705e+00
-5.106979778046886409e+00
1.046461058545821388e+00
7.814405958681315489e+00
-1.263980952808743474e+01
8.247326641459588714e+00
8.140054336019364456e-01
-5.643475913362953733e+00
3.277167784047765764e+00
4.588957143296514829e-01
1.253072954284589535e+00
-7.444438418855280126e+00
1.033111157862552076e+01
-4.833637191681646073e+00
-4.936431963529209099e+00
1.011056536325874688e+01
-7.107270299191665863e+00
1.280447903906915208e+00
1.810779631846681781e-02
3.604952231239058946e+00
-5.448469552258326409e+00
4.108802965434348309e-01
8.189928241049852176e+00
-1.203728444759848415e+01
7.401519567404074351e+00
0.000000000000000000e+00
3.597897669098242268e+00
7.008911578693824751e+00
1.005677521175302758e+01
1.258580651118697347e+01
1.446961704905522694e+01
1.561803631733434194e+01
1.598183926601232585e+01
1.555500625689385075e+01
1.437440233108792498e+01
1.251692662211664242e+01
1.009434203292797960e+01
7.246139449235593055e+00
4.130910375859672357e+00
9.167892596328606203e-01
-2.228423571567697437e+00
-5.146838359499904314e+00
-7.699163425855179099e+00
-9.771985179344261141e+00
-1.128322474863039027e+01
-1.218548362931664109e+01
-1.246713554558059656e+01
-1.215117305523338942e+01
-1.129196490986080903e+01
-9.970213851921219117e+00
-8.286515499634059978e+00
-6.354000033503478306e+00
-4.290584518068953912e+00
-2.211372327743850619e+00
-2.217074031184935734e-01
1.588672336148391651e+00
3.150031038246917436e+00
4.415344400588978147e+00
5.361215719963113635e+00
5.987025129279452962e+00
6.312466786073421154e+00
6.373742436145636958e+00
6.218770947198898114e+00
5.901835812137397497e+00
5.478122133759653956e+00
4.998589529673689746e+00
4.505588584291341014e+00
4.029559229669479770e+00
3.587055270470166590e+00
3.180227486107782831e+00
2.797776905495473088e+00
2.417269143341567617e+00
2.008589252918296708e+00
1.538222817248071639e+00
9.739800698945775270e-01
2.897409633315346511e-01
-5.302066881350340211e-01
-1.487636002267312740e+00
-2.567997186790832664e+00
-3.739434477741382601e+00
-4.953349193545247608e+00
-6.146533048807587996e+00
-7.244770561847458268e+00
-8.167689334381767807e+00
-8.834531254763470898e+00
-9.170434391825777354e+00
-9.112761062299249204e+00
-8.616986784693029477e+00
-7.661679702631137623e+00
-6.252150134759247635e+00
-4.422432195487995266e+00
-2.235368575186942319e+00
2.193017906770169390e-01
2.828814156739753116e+00
5.463027331134698628e+00
7.981541674522516061e+00
1.024186282281153915e+01
1.210810236988766064e+01
1.345965416521293356e+01
1.419926982988977926e+01
1.425998127016336348e+01
1.361038035876816821e+01
1.225786288917862343e+01
1.024956928147321555e+01
7.670900197403684118e+00
4.641641588653657280e+00
1.309890306525566928e+00
-2.155882324635576275e+00
-5.576165584766417993e+00
-8.770582674023636116e+00
-1.156828055429155633e+01
-1.381789342686092681e+01
-1.539645762113053884e+01
-1.621671707799969653e+01
-1.623235692025392041e+01
-1.544083146933028239e+01
-1.388360407920917439e+01
-1.164377939339943424e+01
-8.841273333909860810e+00
-5.625821438153558063e+00
-2.168261835958607886e+00
1.349363708964514741e+00
4.744275669641072390e+00
7.843343043421986849e+00
1.049275411084768805e+01
1.256638736245428944e+01
1.397238734792001580e+01
1.465757050806515949e+01
1.460942937803187291e+01
1.385566018220599105e+01
1.246129823925579316e+01
1.052369712104318822e+01
8.165721150694649211e+00
5.527627876930242046e+00
2.758190808929029014e+00
5.648466321654943556e-03
-2.590938149822032521e+00
-4.909380335187398359e+00
-6.850647443519233271e+00
-8.343389797841073374e+00
-9.346473855025681843e+00
-9.849445919836393060e+00
-9.870984179912914769e+00
-9.455534594596272768e+00
-8.668444897004180305e+00
-7.590004661358497273e+00
-6.308861917856245505e+00
-4.915314320701068773e+00
-3.494964079394931034e+00
-2.123182038343960798e+00
-8.607512095893685711e-01
2.490403042050202131e-01
1.181704998867535661e+00
1.931234887295427249e+00
2.508254126443057341e+00
2.936861660843332444e+00
3.250477526708961395e+00
3.487078267186639824e+00
3.684248076627025803e+00
3.874479997529455488e+00
4.081135398927564495e+00
4.315412229275695566e+00
4.574587655110079254e+00
4.841695165998914696e+00
5.086678069317939865e+00
5.268939476871560501e+00
5.341092645300583364e+00
5.253613728243290204e+00
4.960019445582486419e+00
4.422141075468513094e+00
3.615047657356617261e+00
2.531187105268605020e+00
1.183363293625582457e+00
-3.937531636055195960e-01
-2.143778282788664669e+00
-3.990508248453917162e+00
-5.841498674109229405e+00
-7.593145514992707845e+00
-9.136964306613617026e+00
-1.036666442062060156e+01
-1.118554194547430214e+01
-1.151367440402675690e+01
-1.129439633717560554e+01
-1.049956779564974063e+01
-9.133216338415097724e+00
-7.233233038831626160e+00
-4.870927777456756758e+00
-2.148390442094500585e+00
8.062470234318728224e-01
3.845407678504512372e+00
6.810153930705201475e+00
9.539278191294213727e+00
1.187884018573915590e+01
1.369154888961893590e+01
1.486538438941527573e+01
1.532089270762733335e+01
1.501666272985418260e+01
1.395260413700386337e+01
1.217078165360304176e+01
9.753715081446868496e+00
6.820216336045738181e+00
3.518993300470166563e+00
2.039516642643757205e-02
-3.493204672022429236e+00
-6.837802350241856786e+00
-9.838296031197623748e+00
-1.233850855470159225e+01
-1.421008294449351439e+01
-1.535970485493726301e+01
-1.573421275475437220e+01
-1.532329162146428203e+01
-1.415960019061750153e+01
-1.231634512562007799e+01
-9.902477024307541953e+00
-7.055832290254998362e+00
-3.934671781593706896e+00
-7.081635592734847329e-01
2.453583164318254184e+00
5.389306278598400723e+00
7.955596330809943773e+00
1.003457550825080169e+01
1.153980200397291611e+01
1.242007554063918384e+01
1.266096296821952194e+01
1.228401543012278019e+01
