-6.772888719230177657e+00
-5.545807072624164391e+00
-4.062683906985316007e+00
-2.433086280338359941e+00
-7.714076572910282259e-01
8.110901964268757425e-01
2.213806294611293080e+00
3.353385701113385853e+00
4.168919960722729634e+00
4.625425446510280203e+00
4.715388660389817410e+00
4.458307234808978947e+00
3.898298574844664355e+00
3.099984619103913541e+00
2.142981484071942333e+00
1.115418394978101801e+00
1.069746944016638501e-01
-7.980474939856549987e-01
-1.527105987681016686e+00
-2.024792854694384747e+00
-2.256814754402066026e+00
-2.212299283305838582e+00
-1.904272395557117470e+00
-1.368287548188955149e+00
-6.593234848565319162e-01
1.528052970349713657e-01
9.891724870156501925e-01
1.768162607429027755e+00
2.412105856046335983e+00
2.853623432983337871e+00
3.041203092481296721e+00
2.943581193816099173e+00
2.552595046849942761e+00
1.884281539807958872e+00
9.781268108742091627e-01
-1.054922026099101018e-01
-1.289499949512466603e+00
-2.485652409634155902e+00
-3.601008993879156961e+00
-4.544877833181327098e+00
-5.235727491780496123e+00
-5.607556017843743135e+00
-5.615242906029832781e+00
-5.238478673198653901e+00
-4.483965551756060819e+00
-3.385704362351442231e+00
-2.003318368332515753e+00
-4.185052246945413224e-01
1.270156963279778672e+00
2.953703596406725307e+00
4.520135467415564712e+00
5.862120897462862246e+00
6.884510297699661052e+00
7.511132971753243126e+00
7.690391086667824005e+00
7.399245356706541266e+00
6.645295695176268502e+00
5.466790409964980668e+00
3.930540412191647626e+00
2.127860416202692395e+00
1.687970509731262503e-01
-1.824975513638711799e+00
-3.728116916078109355e+00
-5.419901033660046608e+00
-6.792252230924530565e+00
-7.756987727487014261e+00
-8.251768093209712163e+00
-8.244344266178300629e+00
-7.734804669359533591e+00
-6.755662062883629915e+00
-5.369767324044465440e+00
-3.666186188012723779e+00
-1.754314790167355254e+00
2.433690832399604265e-01
2.199428226745959947e+00
3.989910724772537165e+00
5.502543852894207888e+00
6.644121097274778620e+00
7.346581753746523447e+00
7.571372595763044444e+00
7.311799389530249549e+00
6.593214388251892544e+00
5.471034763709377913e+00
4.026735913541046763e+00
2.362102390129275697e+00
5.921382175185685437e-01
-1.162870635987276025e+00
-2.785592156686550247e+00
-4.169614558087578970e+00
-5.226595807586123854e+00
-5.892108045640053859e+00
-6.129781014318695931e+00
-5.933468306845286477e+00
-5.327298768710353016e+00
-4.363623031984239731e+00
-3.119011633841669795e+00
-1.688596244059991536e+00
-1.791598039425270628e-01
1.298533069843152754e+00
2.637623146668321983e+00
3.742706031827682356e+00
4.536515032330824759e+00
4.965271557395942281e+00
5.002332740094005636e+00
4.649887232340024212e+00
3.938588521979279555e+00
2.925160894920731280e+00
1.688156063665126494e+00
3.221684724759577012e-01
-1.069074741376581983e+00
-2.380254749838396577e+00
-3.512095245234773344e+00
-4.378546747233071912e+00
-4.913010860616174647e+00
-5.073163249487313564e+00
-4.844034037268873050e+00
-4.239128232610841707e+00
-3.299507856661859861e+00
-2.090901886401122844e+00
-6.990497447595911407e-01
7.763909756170769283e-01
2.228940366398658668e+00
3.552892534105483779e+00
4.650873956184947922e+00
5.440828090342497703e+00
5.861930957032547518e+00
5.879017842802744198e+00
5.485206299261039753e+00
4.702527821348181369e+00
3.580521004381382433e+00
2.192882702299432829e+00
6.324106127812518796e-01
-9.954088426223153263e-01
-2.579717970232139113e+00
-4.011997363574183240e+00
-5.193626632553598022e+00
-6.042765726122559578e+00
-6.500073963536753041e+00
-6.532865537941557221e+00
-6.137410099755752135e+00
-5.339217321630808755e+00
-4.191285911154340127e+00
-2.770440402532337032e+00
-1.172013168426819130e+00
4.967549860478887025e-01
2.124132701472019491e+00
3.601614510818383241e+00
4.831395606329909498e+00
5.733082352421214445e+00
6.249170390419405585e+00
6.348909485030539201e+00
6.030288273804342403e+00
5.320004743945988324e+00
4.271430209655608934e+00
2.960715782304994992e+00
1.481320856608721925e+00
-6.264622095813576763e-02
-1.563802171605241931e+00
-2.919054912245188316e+00
-4.036826744147237633e+00
-4.843424920617374063e+00
-5.288111295352202923e+00
-5.346515791553459351e+00
-5.022156528175069745e+00
-4.345964226581922496e+00
-3.373850452073307249e+00
-2.182498268757784299e+00
-8.636801564689787769e-01
4.824873914284761867e-01
1.754867713926825168e+00
2.858680409830256508e+00
3.712400887389646797e+00
4.253687644030732073e+00
4.443911225266203857e+00
4.270958537452578696e+00
3.750109253915113960e+00
2.922918753244442502e+00
1.854184610878356843e+00
6.272110201999443468e-01
-6.622921078909209669e-01
-1.913239938473987323e+00
-3.026630034110050271e+00
-3.912890533975661000e+00
-4.498589224751116333e+00
-4.732016948241242638e+00
-4.587236939276143843e+00
-4.066299144246759312e+00
-3.199447823565853000e+00
-2.043292720986919608e+00
-6.770587981030709024e-01
8.028332272814699966e-01
2.289483247207860117e+00
3.673058406105548901e+00
4.848641516492392611e+00
5.723827810680871764e+00
6.225530496571418659e+00
6.305507505202904817e+00
5.944208256517988787e+00
5.152654301456819574e+00
3.972203375646881973e+00
-2.420862067957667119e+00
1.290072704862721409e+01
-1.326047641141002487e+01
1.155098907009355802e+00
1.171822127564814409e+01
-1.300319108827646986e+01
3.659369940019664202e+00
3.897025106980509968e+00
-9.503629546333804967e-01
-7.279199190161103061e+00
8.387755422711199671e+00
1.797622318543517395e+00
-1.368698252210824151e+01
1.486797467027130537e+01
-4.458920169391971555e+00
-6.100799406696264526e+00
6.542099810173936270e+00
6.108310749744174650e-01
-3.913478672575092965e+00
-2.621932031371830618e+00
1.201358793550301129e+01
-1.257757949587411339e+01
1.970841023101824074e+00
9.759886654376600745e+00
-1.165410649861911097e+01
4.140288567156076738e+00
2.264599055499902924e+00
6.230379147171305476e-02
-6.860446685587717752e+00
7.571950841119841513e+00
1.461864527414995951e+00
-1.210843951168699206e+01
1.365638886879372649e+01
-5.096022056877313133e+00
-4.033937804298096452e+00
4.969424800845171575e+00
4.047372111678462225e-01
-2.680669957730776432e+00
-3.083197856185381891e+00
1.106439117170152819e+01
-1.153345374382060129e+01
2.515813419818597296e+00
7.675757362283846419e+00
-9.915001818550264190e+00
4.383877625312576853e+00
4.951207447960763730e-01
1.368183932407055714e+00
-6.504390821502282094e+00
6.496406782560419479e+00
1.395560631481142178e+00
-1.046178697894391263e+01
1.207081971420435096e+01
-5.435809699818534568e+00
-1.890432532525089027e+00
3.068854140861818180e+00
3.888737984535945991e-01
-1.302355363533635568e+00
-3.808750591254288942e+00
1.013332412354107959e+01
-1.018847601875494746e+01
2.755453855397351770e+00
5.560403425315302961e+00
-7.834896312803506291e+00
4.339936817369703270e+00
-1.322446406875195990e+00
2.943027550610836762e+00
-6.276780082286055773e+00
5.234838885833283051e+00
1.609119820011188917e+00
-8.834250402335495522e+00
1.017580409984234535e+01
-5.444426778920367305e+00
2.345266164182744362e-01
8.897456231755991318e-01
6.123286884038783295e-01
1.365315544654226443e-01
-4.781148366046679143e+00
9.292338745863315097e+00
-8.618225391405950120e+00
2.676382084160520591e+00
3.505900469004274989e+00
-5.482018368952356724e+00
3.977008449507575705e+00
-3.095966906059704371e+00
4.741769041932101914e+00
-6.229738106830389199e+00
3.870719146792261256e+00
2.091273982421009592e+00
-7.305115799907009766e+00
8.051412175112204750e+00
-5.109345112036066894e+00
2.248384247644175993e+00
-1.499749304468884548e+00
1.106088878920250540e+00
1.547437821630328170e+00
-5.962255771407360072e+00
8.600382105361621399e+00
-6.908708608055745160e+00
2.287254370066338804e+00
1.596296384924993150e+00
-2.940028013268328966e+00
3.284744308407629987e+00
-4.735850040631563118e+00
6.700895555481340971e+00
-6.398033196411821777e+00
2.491863880380197127e+00
2.809773754083704667e+00
-5.940845222199098608e+00
5.788477457508312440e+00
-4.440295759876881299e+00
4.066780164914161944e+00
-4.016396606492924626e+00
1.880600780316225240e+00
2.843872297813853312e+00
-7.295467980306773015e+00
8.099537827401558587e+00
-5.150950247579340058e+00
1.618177326599163468e+00
-9.736256069936333191e-02
-3.032615362435859829e-01
2.274900596260069463e+00
-6.160604044669462098e+00
8.742047419673600217e+00
-6.796526117916411813e+00
1.184762712255638561e+00
3.713477535115016437e+00
-4.791084622338825483e+00
3.483169009088421753e+00
-3.468758082106406793e+00
5.618569196972464042e+00
-6.566581182955954610e+00
2.924690127257785210e+00
3.946950402094153709e+00
-8.709178029878309246e+00
7.812328670288873234e+00
-3.435296209204135032e+00
7.187192000859132790e-01
-1.521128624288511144e+00
2.328700265119003188e+00
9.808933891246827130e-01
-7.301870387699839426e+00
1.077662240082277734e+01
-7.418964295869457715e+00
2.901551894160681044e-02
4.735698309682697449e+00
-3.885819591093245151e+00
1.231252689811636714e+00
-2.246038639310259377e+00
6.849979300581254371e+00
-9.051701075575333988e+00
4.205915307262637626e+00
4.790443941747901668e+00
-1.012126474836975731e+01
7.740354591068468793e+00
-1.845797367541454292e+00
-3.453523445724755447e-01
-2.641112057105132305e+00
4.856795071270957997e+00
-5.440596329542022325e-01
-8.108614627021637489e+00
1.271109024402434606e+01
-8.238202764649098953e+00
-9.077629667880198205e-01
5.798591326485230013e+00
-3.233859560419189982e+00
-8.775916979468973977e-01
-8.400631608573094766e-01
7.727643047705585744e+00
-1.137391153968586366e+01
5.672334746269580563e+00
5.325009747534477533e+00
-1.144431225954628673e+01
7.864353541213422893e+00
-4.550346959653390755e-01
-1.496394292360655243e+00
-3.445116656922079912e+00
7.188206726754745368e+00
-2.230093790804037024e+00
-8.550204809154848817e+00
1.445267751038154991e+01
-9.207839304996806362e+00
-1.574241653850324774e+00
6.818297980969423300e+00
-2.822744536077845368e+00
-2.765034459909557540e+00
6.689118427598854666e-01
8.240310568144973757e+00
-1.344185325563209332e+01
7.255577081564924313e+00
5.521324004344527303e+00
-1.259122414563642600e+01
8.145679465996190416e+00
6.802817441368667062e-01
-2.649993678869538627e+00
-3.942850864396473920e+00
9.241693405220868129e+00
-3.994946880092536290e+00
-8.618180347399986729e+00
1.591505826049166927e+01
-1.026515903957952958e+01
-1.938597255958398158e+00
7.710511953760917692e+00
-2.620075826363056581e+00
-4.368605689120121482e+00
2.193391249202043092e+00
8.399137366629409129e+00
-1.517599966155345115e+01
8.875018115939061758e+00
5.371920027591633229e+00
-1.348086930083382384e+01
8.529099589955281502e+00
1.522657948308538955e+00
-3.720523088915054011e+00
-4.164706287426872322e+00
1.095217784476570699e+01
-5.749030992927458783e+00
-8.326598980250114579e+00
1.702368523003773859e+01
-1.133519838252318124e+01
-1.990456427357976565e+00
8.396106002083286057e+00
-2.576179589353857935e+00
-5.645164029646797310e+00
3.644208601412412207e+00
8.236532639653290744e+00
-1.651328267357165913e+01
1.044279647430332503e+01
4.891611183732504919e+00
-1.404339395181762562e+01
8.946727040285466614e+00
2.055891873950517201e+00
-4.626785757229589180e+00
-4.159188427089212325e+00
1.227430890786726181e+01
-7.401000728515526816e+00
-7.710941348715379284e+00
1.772041886294513802e+01
-1.233566516098196075e+01
-1.741431359831557835e+00
8.806453564931397082e+00
-2.627925327461862803e+00
-6.573105501340629431e+00
4.936208988036777434e+00
7.803646813042746544e+00
-1.741070235049229709e+01
1.186934514491681369e+01
4.116472252724315162e+00
-1.422485543009236864e+01
9.322830765979077228e+00
2.285749139708620703e+00
-5.297383860301229319e+00
-3.989171726027874065e+00
1.318477014379507750e+01
-8.863459477833831812e+00
-6.825645968744885828e+00
1.796715644528941169e+01
-1.318239568963862496e+01
-1.224215559065256365e+00
8.888098806147656461e+00
-2.703446332308403921e+00
-7.153175009545510221e+00
5.993680457703615794e+00
7.166664980168910404e+00
-1.784769136535388867e+01
1.306908223045881101e+01
3.101445851046075397e+00
-1.399087669144515722e+01
9.579207355570630966e+00
2.239198407801100466e+00
-5.675461403961242546e+00
-3.727227208552431836e+00
1.368319191797360190e+01
-1.005843628785688715e+01
-5.740435882839874715e+00
1.774822771899309615e+01
-1.379499421567782314e+01
-4.902998884492086873e-01
8.606470624749768206e+00
-2.727450391841142352e+00
-7.407833650618368182e+00
6.755183089450240708e+00
6.402150049577956636e+00
-1.782708524218743662e+01
1.396589345529206128e+01
1.916729534260459111e+00
-1.332908348480555816e+01
9.640762459229161863e+00
1.962259753258852157e+00
-5.722513505154974034e+00
-3.450331000767620893e+00
1.379161378757175527e+01
-1.092228040558459057e+01
-4.535676324172165153e+00
1.707140260204191407e+01
-1.410228775717804339e+01
3.935415674983779866e-01
7.948397798818992221e+00
-2.626770618176125893e+00
-7.379228392371636858e+00
7.177463742452681039e+00
5.591740717802153426e+00
-1.737463902267874261e+01
1.449805197723471828e+01
6.431781164051599831e-01
-1.225016440837760534e+01
9.440935475152013368e+00
1.516609251682623949e+00
-5.421014224314905761e+00
-3.234302023537551474e+00
1.355253731452302723e+01
-1.140965802838625898e+01
-3.297065265389456545e+00
1.596744587660379722e+01
-1.404724074015106083e+01
1.349766502838351201e+00
6.923259810057506236e+00
-2.335790530397213516e+00
-7.125901107256568778e+00
7.238203600833696960e+00
4.816550901234149862e+00
-1.653712454162599954e+01
1.462225699760042552e+01
-6.329805296685413474e-01
-1.078748278820049045e+01
8.926610879917214803e+00
9.751636335828672841e-01
-4.775691520129679901e+00
-3.148334551368703327e+00
1.302570036540140030e+01
-1.149639362478465010e+01
-2.110001706294911905e+00
1.448824715686626163e+01
-1.359100826738581347e+01
2.295286035288383708e+00
5.562696013213909829e+00
-1.801385551325178636e+00
-6.718455413516673858e+00
6.937421089000353369e+00
4.151636304515315068e+00
-1.537913376377475849e+01
1.431652922973695397e+01
-1.825773516579770828e+00
-8.995262635188190359e+00
8.062192442327084763e+00
4.169349387296072962e-01
-3.813365424908053747e+00
-3.249985001463789214e+00
1.228378627370868159e+01
-1.118097269695409501e+01
-1.053997198516129163e+00
1.270364607066694163e+01
-1.271586210188613641e+01
3.147052945196392226e+00
3.918888965501092336e+00
-9.870543328473728728e-01
-6.234467062148760341e+00
6.297439675488954336e+00
3.660889141913313605e+00
-1.397879676440059526e+01
1.358177481636301565e+01
-2.855089938254581128e+00
-6.945462844046754292e+00
6.832570436586438589e+00
-7.850762076058170891e-02
-2.581358510167985898e+00
-3.580942670480258272e+00
1.140734970861425346e+01
-1.048460921234204513e+01
-1.974930770956550841e-01
1.069715645692764205e+01
-1.142679594720896219e+01
3.827652658519850259e+00
2.061529886707718973e+00
1.240342125297067000e-01
-5.752972341257401645e+00
5.361422880878015107e+00
3.392693967025901980e+00
-1.242269254626112307e+01
1.244191502371644020e+01
-3.651903334987228078e+00
-4.723538344601299954e+00
5.244783378492852144e+00
-4.366059753739235383e-01
-1.144580110095253289e+00
-4.163863093696365425e+00
1.047929127693944906e+01
-9.449873548703738635e+00
4.065806334017658674e-01
8.560864071039599565e+00
-9.751701667296547527e+00
4.270532901784815039e+00
7.365941651498264520e-02
1.527282022002546480e+00
-5.348896001480916595e+00
4.190571451569814698e+00
3.376627925228650184e+00
-1.080028247590977841e+01
1.094257143967197443e+01
-4.162771094018556717e+00
-2.423358633381198057e+00
3.328260127054211370e+00
-5.930471884979402475e-01
4.185283864824222988e-01
-5.000473569560138110e+00
9.579241538485723240e+00
-8.137969681790680809e+00
7.242169288305573271e-01
6.389825231430679153e+00
-7.740100206711203690e+00
4.424531326034600198e+00
-1.953350442970378964e+00
3.196311447927186133e+00
-5.087783789341098206e+00
2.860164159029991104e+00
3.621420739500069708e+00
-9.198226359146492115e+00
9.148389485909460106e+00
-4.353319122395977736e+00
-1.416083608370541924e-01
1.133619966626381981e+00
-4.983203669238358557e-01
2.020926134294210197e+00
-6.071077650980530649e+00
8.778220389008415836e+00
-6.624837487109314971e+00
7.424933297207270133e-01
4.276325610850771675e+00
-5.460504188613542809e+00
4.257405844193805855e+00
-3.925351771395697131e+00
5.084052205547818559e+00
-5.021184580983852896e+00
1.454698434700647969e+00
4.114307780313557927e+00
-7.694948107557030959e+00
7.139170798704800092e+00
-4.210485886108442877e+00
2.027972081632534618e+00
-1.269898428767948229e+00
-1.212977115178635046e-01
3.572465433598021267e+00
-7.335494413454012985e+00
8.133919324437094645e+00
-4.996331787901789667e+00
4.703435420864572336e-01
2.304366923629896924e+00
-2.996577450719030367e+00
3.758137009563482067e+00
-5.751157369314590539e+00
7.125201311171327490e+00
-5.182984641265219850e+00
6.244521599844887749e-02
4.821818963894909160e+00
-6.355801133201670616e+00
5.005061762307099649e+00
-3.743380295968005811e+00
4.000137892021150776e+00
-3.798219485871392020e+00
5.483957173678111197e-01
4.985590170257901299e+00
-8.735374964247633045e+00
7.686913144168638468e+00
-3.342789259109033573e+00
-6.211014043416840380e-02
5.447340368004789379e-01
-4.423344161400901697e-01
2.937851301056303654e+00
-7.348090663722995686e+00
9.239902411216137423e+00
-5.586934445917863812e+00
-1.230229806076447607e+00
5.691952840520060342e+00
-5.229144141537902968e+00
2.841106229242737591e+00
-2.982697730876098241e+00
5.703128668115803990e+00
-6.357186524317054221e+00
1.499380314711080242e+00
6.180872563853713864e+00
-1.019774900400368267e+01
7.458046837969281917e+00
-1.753333643301970834e+00
-8.056196912565107837e-01
-9.490429711562919923e-01
2.103315837264489563e+00
1.829303523275729759e+00
-8.646993001097776244e+00
1.133841158452893438e+01
-6.225530821691785732e+00
-2.344411329132761956e+00
6.657595125355011412e+00
-4.343578434785502651e+00
7.415113035011673404e-01
-1.978731908270173534e+00
7.082776805310546209e+00
-8.847989561034008688e+00
2.698956307142124089e+00
7.092031109412522127e+00
-1.163957410123499159e+01
7.447166673516081303e+00
-3.102864052854954480e-01
-1.695134898813296154e+00
-2.143575600845640583e+00
4.542333658887960368e+00
4.849498919452530643e-01
-9.596367505595498670e+00
1.332645241064199837e+01
-7.070328914504205642e+00
-3.213687513282251551e+00
7.640959926577759020e+00
-3.706522051155105135e+00
-1.206006645450635517e+00
-7.981112905851155404e-01
8.105474665820956659e+00
-1.117292014350430485e+01
4.094948927458816890e+00
7.670106120713370501e+00
-1.297299488523919564e+01
7.633276833504826442e+00
9.159571298230098080e-01
-2.654171203480334640e+00
-3.027171226111024627e+00
6.783254038408136566e+00
-1.026265287759402511e+00
-1.016539447438388777e+01
1.511091800174779820e+01
-8.073665406930262023e+00
-3.788384479828744933e+00
8.558765287162202640e+00
-3.304208961610664907e+00
-2.925434009363613086e+00
4.805286353036422042e-01
8.759813615634492123e+00
-1.324108680741614918e+01
5.618847487989171441e+00
7.886523741941961596e+00
-1.411097284674789343e+01
7.976110024517350183e+00
1.871256483524174286e+00
-3.599937599872957250e+00
-3.609960091008936445e+00
8.746469761414843447e+00
-2.623203045025950253e+00
-1.034562620297669966e+01
1.660555471978541320e+01
-9.171682505347352077e+00
-4.038708810596901344e+00
9.327806696206613069e+00
-3.103108769924386223e+00
-4.356897096434234840e+00
1.771656902944619638e+00
9.056793988428010422e+00
-1.497372699532243523e+01
7.190037361511741665e+00
7.734851165091401803e+00
-1.497292287507171693e+01
8.419008316711066087e+00
2.520981600616267748e+00
-4.448890975901110600e+00
-3.922592835220875429e+00
1.036875660513802799e+01
-4.217626907087247190e+00
-1.015125446121130892e+01
1.773626293488808159e+01
-1.028845745871022999e+01
-3.956595400368682292e+00
9.870566052162148551e+00
-3.052669924894106046e+00
-5.460041828479767823e+00
2.988411315284730030e+00
9.028597483592241346e+00
-1.630877703415405833e+01
8.720852778095650848e+00
7.231130420726822550e+00
-1.548999165103058218e+01
8.892925046637980557e+00
2.851986990455790405e+00
-5.122355469872652556e+00
-4.013599082699306209e+00
1.160675364529969578e+01
-5.719775260200565370e+00
-9.617936052343843301e+00
1.844567439159003897e+01
-1.134097024804160547e+01
-3.556141902608553451e+00
1.012049087201972064e+01
-3.089203344867173406e+00
-6.216141968949748353e+00
4.048254898902844623e+00
8.726006454158691028e+00
-1.720440938635144690e+01
1.012212484360172127e+01
6.412770021243721530e+00
-1.560963562748879951e+01
9.321285461526034766e+00
2.873179259467271152e+00
-5.551841052550195776e+00
-3.945584416478222778e+00
1.243917923689131655e+01
-7.044049441632523667e+00
-8.800255015780358292e+00
1.869671197283626540e+01
-1.224458727244137535e+01
-2.872602575648121714e+00
1.002659951563272323e+01
-3.140649153018141959e+00
-6.628804255027772818e+00
4.878358027761860782e+00
8.214641973105489825e+00
-1.764131278337151443e+01
1.130886674864246011e+01
5.336066979464885840e+00
-1.529920110544607326e+01
9.625387643637242974e+00
2.614644071214826226e+00
-5.683714867381437053e+00
-3.790518309917829676e+00
1.286764487356913733e+01
-8.114450433201987778e+00
-7.767988050748960482e+00
1.847490290231205634e+01
-1.291870490839897556e+01
-1.960007654244956043e+00
9.557111478313697006e+00
-3.131911734467143216e+00
-6.723229666340348132e+00
5.420357377100469165e+00
7.570268824433533439e+00
-1.762357172730756361e+01
1.220572886846001204e+01
4.072520265436915032e+00
-1.454827295992906144e+01
9.729989767926474187e+00
2.125391951738695440e+00
-5.482920639433821464e+00
-3.624424419149137044e+00
1.291601963891613458e+01
-8.869413121699761149e+00
-6.601416948380063765e+00
1.778929648451992307e+01
-1.329218593689248529e+01
-8.875633977585959400e-01
8.701864598842186993e+00
-2.990411278396591044e+00
-6.544083514292601933e+00
5.634183152837276332e+00
6.873475713530730502e+00
-1.717809197532936238e+01
1.275187095894744971e+01
2.704174870099606220e+00
-1.336963774534814675e+01
9.568717216890251009e+00
1.469871864091756741e+00
-4.935502988344034669e+00
-3.521823254246341683e+00
1.262839148103851628e+01
-9.265725904473161023e+00
-5.385993226127581579e+00
1.667192717253140799e+01
-1.330823472718046929e+01
2.649330627263433158e-01
7.473359272074718618e+00
-2.651485760559333382e+00
-6.152117030085003435e+00
5.500706307295885722e+00
6.204079137945706535e+00
-1.635261217269564682e+01
1.290493599597901841e+01
1.318298260364256791e+00
-1.179879609394110140e+01
9.088934319566744691e+00
7.234813117069593957e-01
-4.049770770828046373e+00
-3.550293138444478913e+00
1.206576201829755846e+01
-9.281282438290435977e+00
-4.206701789700337812e+00
1.517585727494774694e+01
-1.292839290745788716e+01
1.412366153273953984e+00
5.906358382529922402e+00
-2.063286875740606430e+00
-5.619763840280516121e+00
5.023033797576831105e+00
5.635616908694672134e+00
-1.521243272234773158e+01
1.264386797120817363e+01
1.734083779006301285e-03
-9.892052744431966360e+00
8.255759772315371947e+00
-3.263327383346670274e-02
-2.856021630986233184e+00
-3.765507508390735225e+00
1.130169316472127150e+01
-8.916487737645873324e+00
-3.142489609998184275e+00
1.337192491802758454e+01
-1.213539372479223388e+01
2.469919133151898816e+00
4.056064952667436607e+00
-1.190846128626108946e+00
-5.026000922515544644e+00
4.226367426020360085e+00
5.230291130584332038e+00
-1.383607539186328239e+01
1.197039041101265511e+01
-1.164701274567671696e+00
-7.723304157786562207e+00
7.054959921800873168e+00
-7.171461570423911525e-01
-1.404843051725687353e+00
-4.207075513875313533e+00
1.041719127078424734e+01
-8.194227744425420568e+00
-2.261120859948146933e+00
1.134440606118673500e+01
-1.093468674868012869e+01
3.358671465985592519e+00
1.994991390297913725e+00
-1.904101852911388448e-02
-4.450811045889845552e+00
3.156434759659755951e+00
5.034690941535331810e+00
-1.231015573272592434e+01
1.090904871018489786e+01
-2.111416607049126259e+00
-5.379727565595238126e+00
5.494526478974598227e+00
-1.254128305647792097e+00
2.359026497722487292e-01
-4.895460558815716290e+00
9.495163349538373154e+00
-7.158404289661767450e+00
-1.614792004341422782e+00
9.185869045084967155e+00
-9.354530252591768402e+00
4.010812835790685149e+00
-1.912812235152783202e-01
1.445737469380506734e+00
-3.969609253362822443e+00
1.876593039942138219e+00
5.076574390085386135e+00
-1.072380068873710357e+01
9.505811982857737874e+00
-2.784502000970657143e+00
-2.956646027465702709e+00
3.604830203358121210e+00
-1.578265797088344691e+00
1.985216721321299893e+00
-5.830181276110514510e+00
8.614807139765357391e+00
-5.871130043896744866e+00
-1.236790789082700792e+00
6.991551825948695509e+00
-7.444640973263333628e+00
4.374135200872151685e+00
-2.409183614499331050e+00
3.175330642208061160e+00
-3.647997985321252301e+00
4.637928821961678771e-01
5.362919797581242598e+00
-9.162972550157387985e+00
7.825323038177253387e+00
-3.149155064593860409e+00
-5.518970715709374808e-01
1.437334149943516604e+00
-1.639379879903089421e+00
3.753960338531396879e+00
-6.989415992552784118e+00
7.846300492299026708e+00
-4.408764607372697597e+00
-1.139415144796306123e+00
4.853622378175256102e+00
-5.273484021495833396e+00
4.415511053773176542e+00
-4.562754071869618677e+00
5.120994029359161814e+00
-3.537193844774852991e+00
-9.963376334755746910e-01
5.879374281273783254e+00
-7.705065810592100384e+00
5.946972275660349361e+00
-3.191855991603237186e+00
1.739935671011981100e+00
-9.380567513677897651e-01
-1.405953272579678170e+00
5.450387890099186450e+00
-8.331040421782157424e+00
7.246135616545278602e+00
-2.857047723414566143e+00
-1.313286105375308432e+00
2.855689771311750835e+00
-2.924373478358353484e+00
4.123131734319493980e+00
-6.559391656337685284e+00
7.215945110662680406e+00
-3.670425167072401518e+00
-2.414970940195030114e+00
6.591136162862883729e+00
-6.414125161769235639e+00
3.960047123659191204e+00
-2.921151338381569040e+00
3.833059809893569980e+00
-3.436844743615948605e+00
-8.674317616941324971e-01
6.985861295295474171e+00
-9.795035039876621497e+00
6.853401388335667477e+00
-1.305643864719160607e+00
-1.728098250961225046e+00
1.067916698101397444e+00
-4.906309779273443361e-01
3.507359972592214881e+00
-8.315398822984930050e+00
9.379117747881565492e+00
-4.060536322120164243e+00
-3.705766103428099534e+00
7.445214647526492868e+00
-5.336992009408918491e+00
1.958268207838663066e+00
-2.366996598839264276e+00
5.655427645830301664e+00
-5.964744229478979420e+00
-3.514961680710282366e-02
8.280377631948567796e+00
-1.130710939351169486e+01
6.687254944311293414e+00
1.575496272128962261e-01
-2.334757785768640126e+00
-4.569551651259209368e-01
1.929889615967713024e+00
2.600140618101215217e+00
-9.760958995914336356e+00
1.151988572767333707e+01
-4.698956142251105916e+00
-4.790395671460945692e+00
8.373920478641785792e+00
-4.500626162632154426e+00
3.406288119009648341e-02
-1.578701096012625094e+00
7.152790805478305813e+00
-8.423138009413142058e+00
1.058183374140063693e+00
9.267554306415727083e+00
-1.278331124503959870e+01
6.745746190056241431e+00
1.451963528757548971e+00
-3.068768203630095392e+00
-1.686415090508449843e+00
4.240562420887341588e+00
1.453006927377387569e+00
-1.084423111104134918e+01
1.354345465620388111e+01
-5.556099122983791716e+00
-5.603556144036488718e+00
9.299361064369556118e+00
-3.910772677031491895e+00
-1.727056478045244425e+00
-6.216093178012327414e-01
8.291599419269452653e+00
-1.071483774933797761e+01
2.360402110830686961e+00
9.898750962464205827e+00
-1.413532411452421833e+01
7.006070658936520701e+00
2.509428154500915831e+00
-3.854642418567807205e+00
-2.609652408648964084e+00
6.351667249370825274e+00
1.338107860797315141e-01
-1.153430016807591585e+01
1.535657770080183049e+01
-6.583174836168940836e+00
-6.097138354998856258e+00
1.013864803159359340e+01
-3.552056187715317837e+00
-3.251648973198922654e+00
4.272652610999552181e-01
9.060564041883285569e+00
-1.274978172838167190e+01
3.803091151778989598e+00
1.014606304090442457e+01
-1.527611160727919781e+01
7.426233091098774608e+00
3.278428355367025482e+00
-4.611053495778984157e+00
-3.237595788688289566e+00
8.185622803684616144e+00
-1.277612059133724109e+00
-1.182279671235700746e+01
1.687322918867669586e+01
-7.715289364483224333e+00
-6.243288423189886416e+00
1.080947853881947651e+01
-3.389492132411340730e+00
-4.482706352459912225e+00
1.484369912449469808e+00
9.470785068357445269e+00
-1.445030668876094992e+01
5.305868548858930112e+00
1.000399476148788303e+01
-1.612554384681967434e+01
7.948012188742765716e+00
3.727268221469500986e+00
-5.256388034002934084e+00
-3.601526491286220377e+00
9.681442079011354451e+00
-2.694561644074060069e+00
-1.172408411998704381e+01
1.801987224326715165e+01
-8.875638449488175041e+00
-6.036161714945268209e+00
1.123572699545931108e+01
-3.371312058094630970e+00
-5.382940297919948769e+00
2.465172463678380055e+00
9.554447062532805290e+00
-1.575565783943483389e+01
6.781472532953233490e+00
9.489704587016934312e+00
-1.661564186693617629e+01
8.501032200375117753e+00
3.845942314230289760e+00
-5.714339939050585571e+00
-3.750361900674015647e+00
1.079812697396302212e+01
-4.029047281696685801e+00
-1.127400502363569856e+01
1.873998232954218679e+01
-9.980520892919775733e+00
-5.492256833859799237e+00
1.135268269358704174e+01
-3.432914701701976767e+00
-5.936786922414157175e+00
3.289789786217093948e+00
9.362168189481339553e+00
-1.662544999300843429e+01
8.141322785703311027e+00
8.641808427710543583e+00
-1.669509992421182432e+01
9.007674789309685792e+00
3.646594086413613489e+00
-5.919179495935167346e+00
-3.746791847742222625e+00
1.151678764873943805e+01
-5.197454401742451324e+00
-1.052727120701423402e+01
1.899753613341672320e+01
-1.094484717355667058e+01
-4.649308534126035397e+00
1.111159133801892551e+01
-3.501681275843260721e+00
-6.151002656954831060e+00
3.888319059745300343e+00
8.959181824817775919e+00
-1.704186027776933443e+01
9.301197022228079092e+00
7.517818984378084046e+00
-1.633279181901254162e+01
9.388509729214819188e+00
3.162533691306517625e+00
-5.820353479420043108e+00
-3.662524561871567830e+00
1.184135454584579605e+01
-6.125938083908550880e+00
-9.553668796341300506e+00
1.877924154433472737e+01
-1.168778571324292770e+01
-3.563811694822387466e+00
1.048320311030322216e+01
-3.502337120762780920e+00
-6.053816919536524566e+00
4.205525106408648739e+00
8.420602778303820202e+00
-1.701041450017760681e+01
1.018665585296634646e+01
6.190387684142635294e+00
-1.552003247848763934e+01
9.567888902342016166e+00
2.445880705866661842e+00
-5.386115192660787976e+00
-3.572956722613597869e+00
1.179784186529445655e+01
-6.755194224066951136e+00
-8.433326924931630941e+00
1.809536535519578138e+01
-1.213817985557287393e+01
-2.307337058034004684e+00
9.460093835512282112e+00
-3.362506249963030491e+00
-5.692700366476429963e+00
4.204578747536606542e+00
7.826089540022424629e+00
-1.655931975764387687e+01
1.073786489431222257e+01
4.742592933962452406e+00
-1.427144604637405578e+01
9.479337064017947512e+00
1.563986354977461524e+00
-4.605945999388796785e+00
-3.551619292138665340e+00
1.143221478423352444e+01
-7.044299461480401092e+00
-7.251358303129523009e+00
1.697910541233556714e+01
-1.223938302107915099e+01
-9.618775904013858735e-01
8.057604901970108813e+00
-3.018092628476658046e+00
-5.130897093041157930e+00
3.869602558660921510e+00
7.254252719511664615e+00
-1.573738946094688629e+01
1.091350182444637085e+01
3.262579904568721822e+00
-1.262438136844290248e+01
9.070385597471551264e+00
5.948688587041948139e-01
-3.491608060055910734e+00
-3.664765187250125233e+00
1.080700277959680911e+01
-6.973371181366866622e+00
-6.092220392423945086e+00
1.548454751233173354e+01
-1.195319674429883605e+01
3.854729836454016123e-01
6.313336696992809749e+00
-2.418133103169830989e+00
-4.442949072923643605e+00
3.206857610017761040e+00
6.777175895385522786e+00
-1.461069746870475505e+01
1.069349502841194521e+01
1.837898782652541696e+00
-1.063690926108422197e+01
8.306531193407405311e+00
-3.780405852658264010e-01
-2.076756538522018580e+00
-3.966455466265820906e+00
9.996882223798344569e+00
-6.544875194842989963e+00
-5.034163556882138124e+00
1.368333830092361048e+01
-1.126265397533954982e+01
1.648164765895569595e+00
4.285223700056161711e+00
-1.528801037457838463e+00
-3.709506233081053317e+00
2.244492780794505649e+00
6.455407389883407454e+00
-1.325817970657175238e+01
1.008041583139626951e+01
5.499076928705086686e-01
-8.384527255862568751e+00
7.174057740800673599e+00
-1.271499062272026137e+00
-4.151327805634839052e-01
-4.494468170571428445e+00
9.083517749229676141e+00
-5.783496150029542093e+00
-4.144126506483534200e+00
1.166028790000016890e+01
-1.017346440989375722e+01
2.745793831292615117e+00
2.048310975729523697e+00
-3.362946795198435979e-01
-3.011761637567238026e+00
1.030871328557841693e+00
6.333750532196415151e+00
-1.176646915973766916e+01
9.099433205719694939e+00
-5.313979503013888106e-01
-5.955780718541324070e+00
5.681533063235320924e+00
-2.008035881610123585e+00
1.422548157062282215e+00
-5.267300381941119269e+00
8.149999427578983102e+00
-4.734578682931226190e+00
-3.473409952145096735e+00
9.508184638465635885e+00
-8.714024886007550208e+00
3.609299208264859615e+00
-3.095642958694559965e-01
1.151583445847360831e+00
-2.425875320160573612e+00
-3.684184464523174718e-01
6.438127784548896670e+00
-1.022429912382642136e+01
7.796832632645449124e+00
-1.351795758817720294e+00
-3.447078964970968329e+00
3.859877732909052117e+00
-2.521155814760747127e+00
3.352817676297382476e+00
-6.282462906788997437e+00
7.275238510168179573e+00
-3.461239757606333178e+00
-3.054408568112640054e+00
7.322154653475762665e+00
-6.933990470719557209e+00
4.185418272234531223e+00
-2.692911853202134331e+00
2.905264964995034838e+00
-2.017750804619900862e+00
-1.874676346223396628e+00
6.773724059496033512e+00
-8.716836910409822892e+00
6.237193499851442446e+00
-1.876201920581075377e+00
-9.570367282712077817e-01
1.760995501945568531e+00
-2.759822971661311186e+00
5.284511764670246414e+00
-7.516182887138516122e+00
6.528686666759745627e+00
-2.040338588221128902e+00
-2.898612398940803914e+00
5.193928003852319897e+00
-4.901494763967962243e+00
4.440112221652032787e+00
-5.004220509057964783e+00
4.874688769431001489e+00
-1.838505253357946900e+00
-3.401062298625574964e+00
7.324531195474076384e+00
-7.320314067168348870e+00
4.499406019958954062e+00
-2.090775419736417007e+00
1.419298273218984496e+00
-5.449520665754461479e-01
-2.691933321835384696e+00
7.124342976636704350e+00
-8.924538014828117483e+00
5.965722204954171382e+00
-5.575644177717329342e-01
-2.996006224063428203e+00
3.206378433339263534e+00
-2.699195158789306603e+00
4.360740061557602409e+00
-7.149724088300270175e+00
6.991932552525627287e+00
-1.920928988264914761e+00
-4.858106633337393454e+00
8.054324282533389834e+00
-6.097299345093204259e+00
2.671783560713770544e+00
-2.003626245852927923e+00
3.595963824721617019e+00
-2.973456430806517226e+00
-2.306549453469902478e+00
8.782628755425877287e+00
-1.044595282674119829e+01
5.624003044908636006e+00
8.980405331708141148e-01
-3.315904456329561434e+00
1.428685687601617182e+00
-4.193946718901955251e-01
3.956840618722107017e+00
-9.044933124558429682e+00
9.175038253441417879e+00
-2.277165760177694676e+00
-6.159403031759302038e+00
8.909007256014103149e+00
-5.092918415909589491e+00
8.465846354199282331e-01
-1.644083495890007907e+00
5.500996582878142860e+00
-5.430511242726253407e+00
-1.614751422735454689e+00
1.017880828468954135e+01
-1.200489882330181146e+01
5.521023098927389405e+00
2.239769131009691883e+00
-3.809165793595473026e+00
-8.757148911019685400e-02
1.841448413286880026e+00
3.259472303643704993e+00
-1.061957938474817098e+01
1.133278923556490980e+01
-2.897765776548048677e+00
-7.227116629934089431e+00
9.820175946946459788e+00
-4.332262451913582169e+00
-8.857031625485536352e-01
-1.060572697151934030e+00
7.080428487401271731e+00
-7.818091893418305460e+00
-6.490472803089670784e-01
1.124639354517259804e+01
-1.351656163031345059e+01
5.653030254878848027e+00
3.388780985493117015e+00
-4.411642112302553542e+00
-1.311144229533628192e+00
3.988472326688635050e+00
2.319153778067461147e+00
-1.182165818134555479e+01
1.337013499528845273e+01
-3.752174271547885631e+00
-7.996951593080929399e+00
1.070966737645770195e+01
-3.819150140314081732e+00
-2.441949746417870770e+00
-3.172418917494796986e-01
8.301113851727070170e+00
-1.003991649906614647e+01
5.386197385340025789e-01
1.193703664902248640e+01
-1.489217520468528200e+01
5.995375470245424054e+00
4.279120449639412627e+00
-5.048635802631279645e+00
-2.232493488005381721e+00
5.934057392196551817e+00
1.202539332040887921e+00
-1.262031167045455504e+01
1.519391681141905437e+01
-4.790625099550174681e+00
-8.422257337860965976e+00
1.149479965375847357e+01
-3.536319540521928317e+00
-3.751480627469920393e+00
5.104428183938800601e-01
9.152210515766995513e+00
-1.200712096610972779e+01
1.880139358387649340e+00
1.222345247904246612e+01
-1.604467926643221531e+01
6.504269297418034057e+00
4.861897007905445989e+00
-5.640074097276017717e+00
-2.863737897569035518e+00
7.603004681771054152e+00
-1.195524765102629061e-02
-1.300737115006981703e+01
1.671852775430050286e+01
-5.947317494988523912e+00
-8.477008197826421565e+00
1.209396155987857213e+01
-3.447033118552613296e+00
-4.760359230645900830e+00
1.340844718505167954e+00
9.645225564393456352e+00
-1.364348607378209799e+01
3.295567003054335586e+00
1.210100948732625703e+01
-1.689433456561462421e+01
7.119830518560378074e+00
5.108358353649022021e+00
-6.106062194611892480e+00
-3.237179353799497061e+00
8.936917220289434027e+00
-1.239292533297940757e+00
-1.299746292590712571e+01
1.787114417600890448e+01
-7.144670687116706276e+00
-8.157464109579175116e+00
1.243218770906972281e+01
-3.497987338501891585e+00
-5.434579050580392590e+00
2.091711162905945720e+00
9.812628968360300519e+00
-1.488988320126958875e+01
4.698241288338814492e+00
1.158788743005575306e+01
-1.737393266624433252e+01
7.770227408047333917e+00
5.011658164081021383e+00
-6.372452151315567193e+00
-3.402508413064332160e+00
9.897504774818839834e+00
-2.393385628102659091e+00
-1.262667500074742932e+01
1.859619296446872738e+01
-8.298380892574446221e+00
-7.482405131345199578e+00
1.244635558347871651e+01
-3.623333314483948797e+00
-5.761961897439586977e+00
2.685773286741144794e+00
9.705131079403749084e+00
-1.570765555048302886e+01
6.000355436856386504e+00
1.072379327356043888e+01
-1.743326252211359417e+01
8.376640915852666680e+00
4.587205096487516620e+00
-6.376063229961126844e+00
-3.422877193403466300e+00
1.046860283453048801e+01
-3.392741213809559397e+00
-1.194987466948540700e+01
1.885876771200895519e+01
-9.322952879247612401e+00
-6.491924775265561998e+00
1.208966471313626911e+01
-3.749542726535549431e+00
-5.752642277759579592e+00
3.056025568629060274e+00
9.387806215950991628e+00
-1.608072022585540140e+01
7.118622207692892445e+00
9.567319517329483602e+00
-1.704254358103953848e+01
8.858725391757261036e+00
3.871571381313732907e+00
-6.069211719690505547e+00
-3.370100850400960635e+00
1.065677947235349166e+01
-4.165807409069881118e+00
-1.103685405974959366e+01
1.864677436487517070e+01
-1.013734719249472249e+01
-5.244860274206505579e+00
1.133510427515390440e+01
-3.800798165166059839e+00
-5.438109488817245207e+00
3.150340759309166572e+00
8.935319024774665664e+00
-1.601625889833766792e+01
7.979665689463259604e+00
8.192116725007121403e+00
-1.619460141797490138e+01
9.140209827653091423e+00
2.920032629871730734e+00
-5.423252759323049510e+00
-3.319305116928186639e+00
1.049049499990361234e+01
-4.655679455788773069e+00
-9.967556120727865121e+00
1.797166852618836685e+01
-1.067037627721317072e+01
-3.815025984936577963e+00
1.017768043982496273e+01
-3.704552857581955294e+00
-4.868872350078113698e+00
2.935118713628856568e+00
8.426568079578188986e+00
-1.554395567354522179e+01
8.524790798373624412e+00
6.682128469364653434e+00
-1.490564267991523195e+01
9.154273100505303518e+00
1.802899070027471851e+00
-4.430900502302581145e+00
-3.343373191773291175e+00
1.001787277896455919e+01
-4.823857804893771473e+00
-8.826692649495637255e+00
1.686773710350540867e+01
-1.086549862826128532e+01
-2.286493451132037613e+00
8.635254689296218089e+00
-3.396893561716742838e+00
-4.110900609003250494e+00
2.397730228529203700e+00
7.939098542215226928e+00
-1.471383432410587133e+01
8.713821422136717842e+00
5.126197238503590548e+00
-1.321457620262554222e+01
8.848340970651069171e+00
6.008766370249132294e-01
-3.107171942284628230e+00
-3.507558121203222967e+00
9.303229188384133153e+00
-4.652814509190075221e+00
-7.698104833243696099e+00
1.538997056977806288e+01
-1.068469873183990870e+01
-7.482232079118951162e-01
6.747933908137145664e+00
-2.827353016812290676e+00
-3.241076172303119840e+00
1.547595047625557108e+00
7.543650250732529372e+00
-1.359283718271280961e+01
8.527758262952014334e+00
3.612390214541865152e+00
-1.118092070507123559e+01
8.187989707899317793e+00
-6.002408848081497439e-01
-1.488888754668127312e+00
-3.864615908204747541e+00
8.422590764178544021e+00
-4.147200978353376755e+00
-6.659232964259393484e+00
1.361066269099522152e+01
-1.011119942364536151e+01
7.116047797037605704e-01
4.576046498607521329e+00
-1.962853896811111332e+00
-2.341951306585190018e+00
4.158216893179718099e-01
7.299198373190737499e+00
-1.226036889485906656e+01
7.970083666997091143e+00
2.222411613560023369e+00
-8.881430431292884009e+00
7.159698782076872270e+00
-1.715204213572964598e+00
3.672351604858636875e-01
-4.450780614593656814e+00
7.458491755510215704e+00
-3.333618115143092364e+00
-5.776054409948812918e+00
1.161495630714237848e+01
-9.150828578372024680e+00
2.011195793937927245e+00
2.196830059436835736e+00
-7.905224240086636822e-01
-1.496155682463802261e+00
-9.465700396145599882e-01
7.248811378936712124e+00
-1.080309466651409167e+01
7.066628151074228370e+00
1.026462318652473504e+00
-6.405652607530741172e+00
5.772269340306817043e+00
-2.664900007025918782e+00
2.387801166993940960e+00
-5.282847893133356898e+00
6.494391550586676054e+00
-2.258962937718107078e+00
-5.098818087158954349e+00
9.495621349762377150e+00
-7.831948887836178486e+00
3.080318252491117015e+00
-2.999606218734167662e-01
6.808169738278940786e-01
-7.808167089343585054e-01
-2.471731104532386425e+00
7.416597631352553677e+00
-9.309330316444876630e+00
5.864006290668646315e+00
7.887823601503551885e-02
-3.850699278365819822e+00
4.056811393705917368e+00
-3.381538690805106384e+00
4.487025241272823095e+00
-6.356561252899297187e+00
5.609075636487840910e+00
-9.874579738911304361e-01
-4.658851600386254788e+00
7.347400369545503018e+00
-6.203952262051988242e+00
3.864720671330593049e+00
-2.817246762237807012e+00
2.420569080524183292e+00
-2.623565607875977257e-01
-4.079172534433931574e+00
7.805940863256597417e+00
-7.863387274655525339e+00
4.426722101327646541e+00
-5.851719427364616699e-01
-1.315566536566173728e+00
2.065295172083690733e+00
-3.813102183825000324e+00
6.571855216131359256e+00
-7.646410595042294034e+00
4.871404401673704143e+00
4.034449787532355947e-01
-4.466647234151370327e+00
5.261284258481705223e+00
-4.334413094934101096e+00
4.329502955474657355e+00
-5.256289683965839288e+00
4.377728264281102177e+00
7.995290022256629214e-03
-5.680792753334353407e+00
8.399140763119985920e+00
-6.540237991007003870e+00
2.833130042104718527e+00
-9.517177916570251917e-01
1.104636894977809591e+00
-1.322450131085362024e-01
-3.926763018785144332e+00
8.547578855026946698e+00
-9.106860649721539858e+00
4.335751132097519722e+00
1.828022220968968492e+00
-4.511349675911756840e+00
3.319084814381998427e+00
-2.305081273711644840e+00
4.461225084856884848e+00
-7.522465094654216422e+00
6.483589687626734488e+00
-2.318226748087570677e-03
-7.186419319713220233e+00
9.158483323000909948e+00
-5.400845886646369998e+00
1.170511729352424091e+00
-1.028617829635649628e+00
3.324184205057935770e+00
-2.451678842306563855e+00
-3.711053030772602845e+00
1.032356372631369368e+01
-1.067493385302631026e+01
4.038425481812936368e+00
3.197776347306580114e+00
-4.761677086259092917e+00
1.588651059644733188e+00
-2.069707718744178138e-01
4.268618108022907975e+00
-9.530779662611855940e+00
8.655641495496402271e+00
-3.049366332903022947e-01
-8.509507935561831715e+00
1.002867241229157713e+01
-4.488460382193331100e+00
-4.704144153177640675e-01
-8.447515792512070298e-01
5.271598804760723844e+00
-4.799668540784313819e+00
-3.176640827477849705e+00
1.181876108588667051e+01
-1.227398395713031576e+01
3.995314439051677269e+00
4.427119902368238158e+00
-5.168213840926901170e+00
1.200340738822958109e-01
1.865141902650313988e+00
3.781852934136807676e+00
-1.121077860975694662e+01
1.080239132396564017e+01
-8.897179136782937814e-01
-9.572631184809207383e+00
1.094046528409728225e+01
-3.826114498912822626e+00
-2.001196745734948657e+00
-4.478281458838395679e-01
6.893587777683579887e+00
-7.079166779280253508e+00
-2.355667413251679498e+00
1.296662098966114129e+01
-1.381841898601098961e+01
4.200893523639635418e+00
5.438877066037399288e+00
-5.666923989040382637e+00
-1.057156735268242276e+00
3.818457010795025752e+00
3.050415858566302596e+00
-1.251053233490603844e+01
1.282881959203078637e+01
-1.725312602116889638e+00
-1.031240283976293703e+01
1.181527614551270489e+01
-3.415484138664405034e+00
-3.341199641694425182e+00
9.904375030198675489e-02
8.157792484372231812e+00
-9.195173207620976896e+00
-1.299682777806121070e+00
1.371910367508497153e+01
-1.521907006795449036e+01
4.628671778732110553e+00
6.169247652520560621e+00
-6.183654988701219324e+00
-1.935040509489160510e+00
5.567760900031623272e+00
2.139730018692009850e+00
-1.339944951444258336e+01
1.464211102149678823e+01
-2.761139495929924692e+00
-1.068351986953506660e+01
1.257044862249780692e+01
-3.237179485647157851e+00
-4.422640927957318446e+00
7.217989767772312604e-01
9.054184970149384171e+00
-1.106038197920260835e+01
-7.631692918954779969e-02
1.404953042770890370e+01
-1.638886021958159489e+01
5.233040837102374887e+00
6.571912448645601756e+00
-6.639336744725285122e+00
-2.527317716170646378e+00
7.040546026233624133e+00
1.126743210055884958e+00
-1.386973985851200553e+01
1.615729733554915626e+01
-3.930635517935744616e+00
-1.066166114904033613e+01
1.312485402861201322e+01
-3.252445782813847330e+00
-5.194793145452509364e+00
1.340581350837063646e+00
9.595026488857044455e+00
-1.260035945009813574e+01
1.235099122164612151e+00
1.395409192164865431e+01
-1.724840707947574003e+01
5.952406992486583448e+00
6.621014433110923747e+00
-6.955535566356114252e+00
-2.867704681911016351e+00
8.181314021577687612e+00
9.476943915344637759e-02
0.000000000000000000e+00
3.905719059988078889e+00
7.608733544758052858e+00
1.091774290668949732e+01
1.366356578670759703e+01
1.570852138995777736e+01
1.695391714219356061e+01
1.734520308875169547e+01
1.687450134752931064e+01
1.558038447988509745e+01
1.354494901496176418e+01
1.088839827155335271e+01
7.761501147031547809e+00
4.336420858966004488e+00
7.965016552451542609e-01
-2.674343541553317216e+00
-5.901988857048139359e+00
-8.731568629115425750e+00
-1.103551180740035065e+01
-1.271968584661175683e+01
-1.372733008621825590e+01
-1.404060840140756028e+01
-1.367976845486526827e+01
-1.270004949274757955e+01
-1.118662198535810681e+01
-9.247961249395347139e+00
-7.008145926254356617e+00
-4.598625439735203990e+00
-2.150015459758352954e+00
2.155432018195169164e-01
2.390986425036159435e+00
4.289504102152280396e+00
5.848022241398687981e+00
7.028849015475379325e+00
7.819479554402149368e+00
8.230685902047255809e+00
8.293136820987554003e+00
8.052888821392709673e+00
7.566158376412872144e+00
6.893821377338774425e+00
6.096087514609796365e+00
5.227765028342543197e+00
4.334468213243137136e+00
3.450031475876786935e+00
2.595286739434267353e+00
1.778243973254605592e+00
9.955966557187256871e-01
2.353641170139534333e-01
-5.196106639326458776e-01
-1.287659022272489739e+00
-2.084172462789617430e+00
-2.917777501247257987e+00
-3.787176916670402349e+00
-4.678980344103069733e+00
-5.566765951547365532e+00
-6.411513240237304068e+00
-7.163432537303787484e+00
-7.765098280050580115e+00
-8.155679855125960387e+00
-8.275964381269460546e+00
-8.073788277578740846e+00
-7.509445058122620864e+00
-6.560619828722499491e+00
-5.226418362113053995e+00
-3.530109796764935748e+00
-1.520283836913484343e+00
7.297695885736494859e-01
3.124525280732754595e+00
5.550465340121029101e+00
7.881898785383104844e+00
9.988034324101306538e+00
1.174087845371472838e+01
1.302345448629461977e+01
1.373779497089567059e+01
1.381215417945558954e+01
1.320692009818380797e+01
1.191877529678281888e+01
9.982759068470762998e+00
7.472012897388591313e+00
4.495139208041029732e+00
1.191259677214722590e+00
-2.276986396501263776e+00
-5.732121614778323604e+00
-8.991686772581109821e+00
-1.187868463753446946e+01
-1.423197109156300577e+01
-1.591594395347342328e+01
-1.682891272870753596e+01
-1.690960628684397449e+01
-1.614138562014424849e+01
-1.455386846982243298e+01
-1.222183276718325295e+01
-9.261436129929936811e+00
-5.823957940928330856e+00
-2.087427684173099873e+00
1.753362154969638098e+00
5.497857116007965672e+00
8.951089284251093403e+00
1.193468454983418425e+01
1.429686161422602453e+01
1.592082017581337716e+01
1.673101853941098938e+01
1.669697529200826835e+01
1.583438678176311853e+01
1.420352156425485468e+01
1.190502359785285691e+01
9.073416613239082551e+00
5.868742312942997863e+00
2.466875865014399594e+00
-9.508634422887869420e-01
-4.208155017515443852e+00
-7.143531012954395187e+00
-9.619049965109558897e+00
-1.152728656242686256e+01
-1.279625341339605171e+01
-1.339201277845772431e+01
-1.331889122140383819e+01
-1.261736743711414377e+01
-1.135985251763003312e+01
-9.644712738148710329e+00
-7.588989075909926996e+00
-5.320338572418388701e+00
-2.968756153366011397e+00
-6.586301170376716030e-01
1.498358604362031166e+00
3.409060309077297735e+00
5.003075205059873021e+00
6.235163215956534444e+00
7.085776460963820966e+00
7.559781986210871274e+00
7.683569437711346595e+00
7.500847639200902250e+00
7.067517969933033939e+00
6.446065463683782859e+00
5.699927422563840551e+00
4.888283334237243594e+00
4.061660826698582305e+00
3.258674513542711537e+00
2.504114164473980608e+00
1.808483562996355154e+00
1.168970574015389285e+00
5.717115761301243548e-01
-4.891574812048493648e-03
-5.861285655385661819e-01
-1.196596150025973859e+00
-1.855883689084230959e+00
-2.574734180411644147e+00
-3.352047676068012905e+00
-4.173025788094935074e+00
-5.008663328604694875e+00
-5.816683032833624978e+00
-6.543890129222811325e+00
-7.129804336195215697e+00
-7.511316830399416666e+00
-7.628027384165033453e+00
-7.427849505973628474e+00
-6.872434544274190316e+00
-5.941962633894729784e+00
-4.638879912020634322e+00
-2.990225895000291345e+00
-1.048288127856240592e+00
1.110563134811132890e+00
3.388877448384381985e+00
5.672845990273506445e+00
7.838494234198856603e+00
9.758980719874534415e+00
1.131254370008515586e+01
1.239057408017657735e+01
1.290526494874617569e+01
1.279629787547711217e+01
1.203607411803705673e+01
1.063308234489530335e+01
8.633108320665071389e+00
6.118128887612947153e+00
3.202883468830898916e+00
2.927107074741108761e-02
-3.241131176256640600e+00
-6.436000759604661781e+00
-9.382121603364387497e+00
-1.191555136230520340e+01
-1.389146812184725199e+01
-1.519306959761247633e+01
-1.573894861781645815e+01
-1.548845796374238759e+01
-1.444469997394101135e+01
-1.265492384496037204e+01
-1.020827668718524706e+01
-7.231022408031274828e+00
-3.879504295946195391e+00
-3.312720296534581443e-01
3.225087907532971698e+00
6.600795664655064066e+00
9.617728903001580676e+00
1.211861408098341641e+01
1.397593357375648004e+01
1.509900680575992382e+01
1.543882109836722627e+01
1.499033241520195858e+01
1.379211802235391815e+01
1.192343153760137042e+01
