3.075498851246312171e+00
2.315238243956342146e+00
1.380284719483812150e+00
2.661581543862716615e-01
-1.015738376492245187e+00
-2.436334064099213492e+00
-3.948583704563444208e+00
-5.488751538161474208e+00
-6.979273056562870892e+00
-8.333054972109351866e+00
-9.458953781517754678e+00
-1.026807029974050067e+01
-1.068041925736043041e+01
-1.063148589235417241e+01
-1.007816956451302559e+01
-9.003639388424439005e+00
-7.420687655063639809e+00
-5.373259703717017999e+00
-2.935957839017365956e+00
-2.114538110796857495e-01
2.674110178956524475e+00
5.577508243684086153e+00
8.346249855469677570e+00
1.082736541294248411e+01
1.287661197747047481e+01
1.436750811097803648e+01
1.519960165089223736e+01
1.530540980941939111e+01
1.465554538200326107e+01
1.326165156804162848e+01
1.117690398784163364e+01
8.493992998598887567e+00
5.340662083358403756e+00
1.873037969017888216e+00
-1.732865620420232400e+00
-5.290966044074504104e+00
-8.615656574497961628e+00
-1.153243072760535526e+01
-1.388792879161613492e+01
-1.555878220670638967e+01
-1.645870537104504194e+01
-1.654339453014354078e+01
-1.581293237232877757e+01
-1.431155556883826918e+01
-1.212481019768336132e+01
-9.374285605365217933e+00
-6.210269779005122004e+00
-2.802798626642537982e+00
6.683307979644581565e-01
4.023953450171674717e+00
7.095688219241029771e+00
9.735225642893679421e+00
1.182219358756242578e+01
1.327014397810503965e+01
1.403033315180914542e+01
1.409311743371713987e+01
1.348694378561223850e+01
1.227507204669750251e+01
1.055030976592031067e+01
8.428163291210189811e+00
6.038901618735098786e+00
3.519086669341434437e+00
1.003141854848997205e+00
-1.384490514534366667e+00
-3.536111021332151161e+00
-5.366043233030163506e+00
-6.814147711894372073e+00
-7.847418809455225741e+00
-8.459653328865513799e+00
-8.669317198276862868e+00
-8.515860455639243654e+00
-8.054833421970075236e+00
-7.352230938238921709e+00
-6.478532129074100254e+00
-5.502907996633497945e+00
-4.488038541117982838e+00
-3.485917944159224291e+00
-2.534935890590214846e+00
-1.658412552232744197e+00
-8.646427374145857492e-01
-1.483806162086311886e-01
5.064202664803308940e-01
1.122897433219952168e+00
1.726962754440252379e+00
2.342788028237376530e+00
2.988516342182320429e+00
3.672602669823985977e+00
4.391134652956274032e+00
5.126403581669195297e+00
5.846892398244714073e+00
6.508730007712138388e+00
7.058538283568909222e+00
7.437479369061853696e+00
7.586205400454459458e+00
7.450328893260064866e+00
6.985976458029477421e+00
6.164965912371735079e+00
4.979159475761870013e+00
3.443593216453948891e+00
1.598062311049565309e+00
-4.930523808348477033e-01
-2.742805822817331318e+00
-5.045512427506744224e+00
-7.282190009765800554e+00
-9.327315931325568243e+00
-1.105647985919242338e+01
-1.235443720823867686e+01
-1.312302042900170918e+01
-1.328835587876803537e+01
-1.280686349657560896e+01
-1.166958355576321793e+01
-9.904475367619919979e+00
-7.576460502337116765e+00
-4.785129426363722516e+00
-1.660185554906089767e+00
1.645146027658144661e+00
4.962377130475270626e+00
8.117195782602212972e+00
1.093951208599854219e+01
1.327348577969444676e+01
1.498690114644843163e+01
1.597928746252661725e+01
1.618825609816434152e+01
1.559363405988765194e+01
1.421911118991066658e+01
1.213127536464046941e+01
9.436076439652625325e+00
6.272924274429335867e+00
2.806777926377019394e+00
-7.812881356783643039e-01
-4.304457805335329290e+00
-7.580845066820162792e+00
-1.044380461135003202e+01
-1.275124830395254882e+01
-1.439340169050162466e+01
-1.529853851390536690e+01
-1.543636443248931656e+01
-1.481887473165035018e+01
-1.349867438631587291e+01
-1.156491134698124768e+01
-9.137124512864644998e+00
-6.357436542406613711e+00
-3.381620030033506197e+00
-3.696273898078930031e-01
2.523803665698374221e+00
5.157876778043634758e+00
7.413262292345785376e+00
9.197981312422527367e+00
1.045132956664956936e+01
1.114566215778327241e+01
1.128600913324293131e+01
1.090763910735047659e+01
1.007182368393952920e+01
8.860169926298832266e+00
7.367973972922733594e+00
5.697100608006640421e+00
3.948908172959876062e+00
2.217715345996695397e+00
5.852483996136772504e-01
-8.835805669184537692e-01
-2.143325258976136904e+00
-3.168973521622916678e+00
-3.955250371719123414e+00
-4.514400260143970556e+00
-4.872705711736357692e+00
-5.066089999798840893e+00
-5.135213454581883497e+00
-5.120502099334246715e+00
-5.057541750776008094e+00
-4.973231308077846968e+00
-4.883019005705421023e+00
-4.789450510175996989e+00
-4.682145336156651183e+00
-4.539196873114494934e+00
-4.329870722725896570e+00
-4.018365369651819563e+00
-3.568307020111668226e+00
-2.947583938608313137e+00
-2.133090070325983412e+00
-1.114946118298141720e+00
1.002010276889313545e-01
1.487134700531488996e+00
3.001522392259167837e+00
4.580995522239895479e+00
6.147857408292343173e+00
7.613292685405269822e+00
8.882828796907583424e+00
9.862693401864506271e+00
1.046662887779937634e+01
1.062267315728352557e+01
1.027939936039211233e+01
9.411127000067860848e+00
8.021674194043441730e+00
6.146309914332597657e+00
3.851682009701300480e+00
1.233632675913354682e+00
-1.587041143818285427e+00
-4.470679476235063454e+00
-7.266365396002777644e+00
-9.820593277534614529e+00
-1.427234153221730750e+00
6.636218589690920489e+00
-3.446173566019648415e+00
-1.747966495134208209e+00
6.684239105195963759e-01
6.404910177525596104e+00
-1.077857365878640117e+01
5.893205226687236120e+00
4.491538855848292044e+00
-1.038176023036404771e+01
7.028616008006103755e+00
-7.663913613091377641e-02
-1.652170616304873718e+00
-3.105234441226993436e+00
6.761576215706133652e+00
-2.485881694856691304e+00
-7.017916648916108002e+00
1.224892846092883758e+01
-7.929378515382648374e+00
-9.006688911091349503e-01
4.962866719788213921e+00
-1.613153007733178157e+00
-2.531372918135042394e+00
2.000939498164822083e-01
7.253253018848575095e+00
-1.119024841172052120e+01
6.043592369603968173e+00
3.808600852174472084e+00
-8.941922670849729471e+00
5.687090346134811902e+00
6.678969441532345286e-02
-4.627197264718478920e-01
-4.648579937431529530e+00
7.648318054853443293e+00
-2.696462972013007331e+00
-6.737741091431393770e+00
1.152415662911286276e+01
-7.370664871036073151e+00
-3.798445880779333095e-01
3.306831873756642448e+00
1.552209360239387992e-01
-3.326118274496425276e+00
-5.903125097992845127e-02
7.753226700266559135e+00
-1.132697654948259114e+01
6.149185560340322709e+00
2.988424867622922143e+00
-7.353114969559049641e+00
4.269648356779024212e+00
2.940487303358487736e-01
5.270610494249536870e-01
-5.920922657880455020e+00
8.380815013224019339e+00
-3.005118128083025919e+00
-6.176472296341714241e+00
1.053623087566918670e+01
-6.687655027280137610e+00
9.596563517813372357e-02
1.735103674415876096e+00
1.806379594445607140e+00
-4.115970056542082034e+00
-1.040376979570170057e-01
7.904501102615515862e+00
-1.119346808505171786e+01
6.194400441346050279e+00
2.082675160647491364e+00
-5.682143055948931654e+00
2.816394406247933802e+00
6.127259964018518801e-01
1.280803032387598961e+00
-6.890667356871249538e+00
8.942140434701519425e+00
-3.390438038414276711e+00
-5.375719619469595756e+00
9.330526851276536249e+00
-5.893034786575380934e+00
4.902712752026525678e-01
3.096245752014334940e-01
3.292758421346376529e+00
-4.883476076005707434e+00
6.002475091016412634e-02
7.720330510643572453e+00
-1.080348518584120399e+01
6.164964637758546750e+00
1.145614785166128691e+00
-3.997364683565050925e+00
1.368289111836089367e+00
1.025536686894814586e+00
1.773043670971129249e+00
-7.538197837295269821e+00
9.320596456232401295e+00
-3.826754959612109097e+00
-4.386003882581759328e+00
7.959376656861610222e+00
-5.003161628030982300e+00
7.708820223777248515e-01
-9.150558799296999446e-01
4.573525196973594831e+00
-5.610640616212923426e+00
4.184857515644009318e-01
7.226900058850945108e+00
-1.017933761455923403e+01
6.048642724128147741e+00
2.318699694999262206e-01
-2.366071160417852148e+00
-3.431800470691137583e-02
1.530182589309628582e+00
1.990107101211285645e+00
-7.856520350543688025e+00
9.510199315717240864e+00
-4.285309641579251760e+00
-3.264658549448569591e+00
6.480067171125979186e+00
-4.037569173862261884e+00
9.112322851527761003e-01
-1.893830093594442765e+00
5.616060979464720049e+00
-6.279641121055825614e+00
9.477745630564788915e-01
6.462182129035332068e+00
-9.351052451604513038e+00
5.835868418895223897e+00
-6.057975407214941654e-01
-8.519168811718600409e-01
-1.353149499681914003e+00
2.119429656816534280e+00
1.930520082340787980e+00
-7.851428022477195512e+00
9.510952366747567055e+00
-4.735530936313560701e+00
-2.073482801106585338e+00
4.952649191929829442e+00
-3.018329676606909651e+00
8.914630889896875132e-01
-2.592707825738219007e+00
6.397135557488928370e+00
-6.873553097312036897e+00
1.616484811906975905e+00
5.474346861997603675e+00
-8.355246597036723344e+00
5.520256658382688641e+00
-1.318624488232092329e+00
4.875057879645705583e-01
-2.553397518933702592e+00
2.781396971513156569e+00
1.604950497979453772e+00
-7.541178992814113968e+00
9.328891695771103443e+00
-5.146374631892744134e+00
-8.762372534254638801e-01
3.437639891126233582e+00
-1.969298666598542358e+00
6.992219042657770167e-01
-2.990055386995390307e+00
6.903730379594395394e+00
-7.377050362916218518e+00
2.386738934567133263e+00
4.319787841263478256e+00
-7.233742431102287540e+00
5.098973816718324947e+00
-1.863805050341591940e+00
1.602854073404849089e+00
-3.605002359915264076e+00
3.500041674841539940e+00
1.035673873718329752e+00
-6.955699422227079154e+00
8.975898277057261510e+00
-5.487666718653861686e+00
2.639213232397086273e-01
1.993705649370553168e+00
-9.152714536427104530e-01
3.301524908710411488e-01
-3.077352706155855877e+00
7.133475077712463808e+00
-7.777048705534546080e+00
3.215796216397703855e+00
3.060838591406840337e+00
-6.031977459926970653e+00
4.572950835909732170e+00
-2.206200673651041555e+00
2.454901476448307029e+00
-4.483760473402215396e+00
4.255816557981752624e+00
2.555913135246221657e-01
-6.135340643466822286e+00
8.469280050865265252e+00
-5.731396980916226624e+00
1.286967983244076574e+00
6.754136011861571198e-01
1.189144713196481629e-01
-2.119406804719634607e-01
-2.859440759616451722e+00
7.094678271753116938e+00
-8.063263384873010864e+00
4.057839534193601772e+00
1.763267252917064098e+00
-4.797267360288305582e+00
3.946931120699503470e+00
-2.319736873208877448e+00
3.016012295929951570e+00
-5.172216278034207804e+00
5.026470217508064664e+00
-6.931607826110561810e-01
-5.129236816609020089e+00
7.831136785865547623e+00
-5.852911641551566291e+00
2.138403784009319519e+00
-4.688618898187604245e-01
1.109294143748051908e+00
-9.152559575730938590e-01
-2.354251260275563418e+00
6.805948787831979985e+00
-8.228654617234557378e+00
4.865869687337632143e+00
4.936452024847364228e-01
-3.576988205757499095e+00
3.229352422422683944e+00
-2.188435563640518389e+00
3.271167501960964508e+00
-5.660300052646811686e+00
5.787954254179134672e+00
-1.760953529115245386e+00
-3.993324837291278406e+00
7.087529696532478773e+00
-5.831958623288763022e+00
2.771425120894311256e+00
-1.398797031530273571e+00
2.033668559438063461e+00
-1.760475671317087487e+00
-1.592030187845605571e+00
6.295419155241566145e+00
-8.269740061647958385e+00
5.593632784136742586e+00
-6.833098380133635352e-01
-2.416747530432576507e+00
2.432069262242461782e+00
-1.807045848899535123e+00
3.218502438758789275e+00
-5.945683682177848262e+00
6.515398130157036505e+00
-2.892692080852860670e+00
-2.788101345662142627e+00
6.267486147994136836e+00
-5.653545606649290178e+00
3.148786070516832236e+00
-2.083668440422536960e+00
2.872438694446123542e+00
-2.721542347393724803e+00
-6.140859543106742535e-01
5.599598660375465720e+00
-8.186759171350704634e+00
6.197505638012064111e+00
-1.707314701833937853e+00
-1.358615085367776087e+00
1.569929408800715187e+00
-1.181251860201551374e+00
2.869335340233706955e+00
-6.033836805966918071e+00
7.184110138520293454e+00
-4.030046634361143632e+00
-1.576201982891559661e+00
5.401877037948951354e+00
-5.308579168527365333e+00
3.244283576593343099e+00
-2.503534151790840045e+00
3.609343859587821779e+00
-3.766696147944259110e+00
5.288889912576359986e-01
4.761897730679205409e+00
-7.983680827381788525e+00
6.638266512884621662e+00
-2.524927079394089890e+00
-4.394825892224849540e-01
6.602242284424859609e-01
-3.274525889731050299e-01
2.247684985360902665e+00
-5.937777539699348850e+00
7.770562543239189601e+00
-5.113801311885425527e+00
-4.198951364379884810e-01
4.522210281369375195e+00
-4.794262530780914133e+00
3.043809915801681143e+00
-2.649998718117509977e+00
4.232071615751237914e+00
-4.859729965363820625e+00
1.778858187091273191e+00
3.830878429765482984e+00
-7.668052645561128422e+00
6.882683716722096889e+00
-3.091685253085865170e+00
3.103825019023749299e-01
-2.779619009845532007e-01
7.278749183294828118e-01
1.389295267220072017e+00
-5.677523962320517370e+00
8.253320307761342178e+00
-6.086230322397929271e+00
6.214139794734068190e-01
3.659387976405302112e+00
-4.114239446970856307e+00
2.545933541424539648e+00
-2.526530978272264694e+00
4.732711416146509364e+00
-5.961410662008510997e+00
3.072764245916190795e+00
2.858296850262057820e+00
-7.250697437630716280e+00
6.904862248587603446e+00
-3.373899427651403826e+00
8.685310429940913401e-01
-1.224473706374253901e+00
1.949201782633053437e+00
3.402032602616720247e-01
-5.279264503039921230e+00
8.613875863071530858e+00
-6.893410252620705947e+00
1.493573097276866601e+00
2.842477102056966132e+00
-3.278482094989295881e+00
1.761987479071492224e+00
-2.148320047988206305e+00
5.108030353128850010e+00
-7.031009139663191299e+00
4.345045809276109061e+00
1.897011751362442045e+00
-6.745269198850946779e+00
6.687298633710275553e+00
-3.350026059304670234e+00
1.221225113580863386e+00
-2.158846376143764179e+00
3.293321025474957864e+00
-8.450951722090489504e-01
-4.774276754109607168e+00
8.837356920166588026e+00
-7.487380272689843075e+00
2.149874402685102215e+00
2.097543867275281748e+00
-2.302931103171310667e+00
7.156632492521968203e-01
-1.541672707113945773e+00
5.359556623500623118e+00
-8.027878431119761515e+00
5.530251948078369395e+00
9.988395515821566484e-01
-6.167687382017751574e+00
6.221605826263305161e+00
-3.011572433442617047e+00
1.363992063876753313e+00
-3.061072433538170934e+00
4.711013942188368553e+00
-2.105812751047140718e+00
-4.197634611298202145e+00
8.913080194235963205e+00
-7.828068313549294999e+00
2.552962872198593303e+00
1.446600054775509125e+00
-1.208905606369871100e+00
-5.578729010575065317e-01
-7.429729697007427802e-01
5.493464293327200210e+00
-8.913017939436933545e+00
6.565654035200794603e+00
2.124385079533566145e-01
-5.535473816510603662e+00
5.508883147581613571e+00
-2.363496592015799536e+00
1.301814778220694357e+00
-3.912340469182010949e+00
6.148943483372781849e+00
-3.377288829797965963e+00
-3.586752579226262672e+00
8.834930813619999768e+00
-7.884910627610767442e+00
2.676387024366413847e+00
9.067059220992681468e-01
-2.231012061947046377e-02
-2.013306576269454418e+00
2.027584563757725000e-01
5.520261312762377415e+00
-9.650563317978459565e+00
7.393755362936456521e+00
-4.186955398750531465e-01
-4.867021187915343106e+00
4.559720138651480070e+00
-1.424086889454241778e+00
1.048947169512670641e+00
-4.695713630545225392e+00
7.551700849394460846e+00
-4.593566092394108402e+00
-2.979823198349700775e+00
8.601554830660324669e+00
-7.638104205925511536e+00
2.505731032434859173e+00
4.892685606540210230e-01
1.227327304373957428e+00
-3.596893031418132658e+00
1.243651535567373845e+00
5.454291153103991263e+00
-1.020914519975950441e+01
7.964602808354900532e+00
-8.580431171272175916e-01
-4.180825300757980756e+00
3.393837393231567301e+00
-2.243252321779212188e-01
6.283584277198546175e-01
-5.396718731693289861e+00
8.863926227504695277e+00
-5.690027632539593760e+00
-2.414208547196782462e+00
8.216360301652635201e+00
-7.079445817923650353e+00
2.039282891393146002e+00
1.995672730496931280e-01
2.507945037156432910e+00
-5.248499920471328295e+00
2.323054181803057006e+00
5.313066555388261669e+00
-1.056306587039414424e+01
8.237812502985038421e+00
-1.077612712400496164e+00
-3.494715248435722010e+00
2.039381350626193079e+00
1.193242319946928642e+00
7.082407493413178656e-02
-6.003821084479566750e+00
1.003242239195309793e+01
-6.605993630069053602e+00
-1.924849420781797660e+00
7.687330514287998184e+00
-6.212727405666870872e+00
1.288210867031869711e+00
3.652878346241372753e-02
3.786120881802326199e+00
-6.903896609426130482e+00
3.381801383325019117e+00
5.116461343533025286e+00
-1.069325077405354918e+01
8.184232441528173752e+00
-1.059167523806213040e+00
-2.825116015882762177e+00
5.319031299056453665e-01
2.776085186331874954e+00
-5.863041377758007044e-01
-6.508765468846078761e+00
1.100818080283759670e+01
-7.287178148557034163e+00
-1.542755948036097280e+00
7.026660769822232311e+00
-5.053674584637020573e+00
2.762391162348203366e-01
-7.234720133934224862e-03
5.028280589168408810e+00
-8.497202579615143136e+00
4.360599886759667143e+00
4.885792739340955926e+00
-1.058794111360409218e+01
7.787178844145374867e+00
-7.950768756061963316e-01
-2.186376911236377563e+00
-1.086936717180612355e+00
4.463658611907261431e+00
-1.300604571544354382e+00
-6.906769815365373155e+00
1.174824381719282584e+01
-7.687911670729944191e+00
-1.293641048443260999e+00
6.250237346866537536e+00
-3.629432422245649992e+00
-9.611675510839043923e-01
5.487778412552835050e-02
6.201893720081113948e+00
-9.963401711129185045e+00
5.202437182027567886e+00
4.642831832435549977e+00
-1.024310436377334987e+01
7.043199335014233675e+00
-2.887558997606740618e-01
-1.590196599231977537e+00
-2.770885611084259903e+00
6.189690347503797874e+00
-2.026312085457543599e+00
-7.196564892402616209e+00
1.221733348701014954e+01
-7.773043676441751870e+00
-1.196753301555256943e+00
5.376983586387154901e+00
-1.977619817375958489e+00
-2.378081023181568998e+00
2.040165725066662716e-01
7.276610101568050659e+00
-1.124082705918620206e+01
5.854922024031896655e+00
4.408783565836478680e+00
-9.662550827538749942e+00
5.962333994659397618e+00
4.453273331102653998e-01
-1.045171492690500692e+00
-4.470778655101248944e+00
7.884697247687142863e+00
-2.716199067968974479e+00
-7.380280273913805367e+00
1.238918687504951066e+01
-7.519451527662104340e+00
-1.263958671906489251e+00
4.428103188240386956e+00
-1.449900373944944532e-01
-3.919802854130231662e+00
4.166797589635002907e-01
8.225293367004546496e+00
-1.227352218485399682e+01
6.272465762957487811e+00
4.203279617544728453e+00
-8.857755974558878975e+00
4.567864398124134695e+00
1.382081528887590061e+00
-5.564890121534871170e-01
-6.136315271463280041e+00
9.478636609552491876e+00
-3.323538957208264755e+00
-7.463183802316838644e+00
1.224754948486628159e+01
-6.917096706973726583e+00
-1.499111348576112057e+00
3.426254594614980942e+00
1.814250329145922880e+00
-5.524910303027309233e+00
6.657211393909623354e-01
9.024913025430890912e+00
-1.301339010518365669e+01
6.418219274217203285e+00
4.043427779037239489e+00
-7.847399744358485307e+00
2.895560140039463271e+00
2.486646206627805000e+00
-1.257809652838624004e-01
-7.717864440668211756e+00
1.090359192434396540e+01
-3.804076071698492711e+00
-7.453288346815869048e+00
1.178679180936031301e+01
-5.969586502637370451e+00
-1.897743059909569041e+00
2.394692612789031561e+00
3.840399125404863057e+00
-7.127579172753265802e+00
9.215293920678866435e-01
9.657262935035054952e+00
-1.342204928032555244e+01
6.265689089915754906e+00
3.942959815617418151e+00
-6.656644826896726208e+00
9.924513347209571457e-01
3.715641057344979181e+00
2.488547090903887593e-01
-9.168229949527560763e+00
1.209639136450348396e+01
-4.117924471646843720e+00
-7.360845599927376526e+00
1.101212862241679247e+01
-4.694217900440589730e+00
-2.447088018767876072e+00
1.356414120942478263e+00
5.870418133658034776e+00
-8.660096300665713898e+00
1.153333117567751476e+00
1.010948167504569994e+01
-1.347232742421443064e+01
5.799968117037052728e+00
3.911516379672886234e+00
-5.316185730447331004e+00
-1.084826554633900209e+00
5.018766133269949137e+00
5.726630440053561699e-01
-1.044430942940334006e+01
1.300105983067646065e+01
-4.231320462438212360e+00
-7.197751691421369280e+00
9.939435899026715759e+00
-3.121500023216058572e+00
-3.126447607410849372e+00
3.333437981102598258e-01
7.840212228084764590e+00
-1.005546695383553057e+01
1.330580309495196678e+00
1.037435878817656132e+01
-1.314933786523572046e+01
5.018530648682528295e+00
3.954102451301559462e+00
-3.861108839031373030e+00
-3.272053133201004105e+00
6.340694470262302040e+00
8.538787914491301478e-01
-1.150858586600862488e+01
1.357101163918854425e+01
-4.118158193175554871e+00
-6.976893306737816047e+00
8.594675559621034466e+00
-1.294171210763578550e+00
-3.907885528068921310e+00
-6.544066182000856102e-01
9.686942072490829503e+00
-1.125001835715077725e+01
1.424336939396267709e+00
1.045041984152627457e+01
-1.245109915227165409e+01
3.931557699917662685e+00
4.070740187293736767e+00
-2.329610338199611164e+00
-5.499732643908833651e+00
7.623186973983655079e+00
1.103224994631355038e+00
-1.233039746508658396e+01
1.377090070078189399e+01
-3.761245435026129957e+00
-6.711465603447884121e+00
7.012953006341763995e+00
7.342539936284180335e-01
-4.757230948903854895e+00
-1.589175891262293305e+00
1.135128356741788380e+01
-1.218590029911590022e+01
1.408647603009863358e+00
1.034179235131066577e+01
-1.138867598357770916e+01
2.561776415387238881e+00
4.256338221463379590e+00
-7.616236098073132510e-01
-7.695605836589949789e+00
8.807350231031835008e+00
1.333284424934662926e+00
-1.288694095587247546e+01
1.357805795286745010e+01
-3.153226778579751421e+00
-6.414294408650770052e+00
5.237246091636325040e+00
2.901354817572975975e+00
-5.635354687931550366e+00
-2.456263080942313159e+00
1.277954985511453145e+01
-1.281338723956835501e+01
1.261801712895403993e+00
1.005786346005621112e+01
-9.985837664116882451e+00
9.438157324069518239e-01
4.500787683276252338e+00
8.025896936322047814e-01
-9.787269837984322152e+00
9.835951711381847318e+00
1.557770950451005554e+00
-1.316397422432967090e+01
1.298346136804013895e+01
-2.297133796871182021e+00
-6.097194898909892302e+00
3.316856218691153657e+00
5.138022182461545739e+00
-6.499672200055547577e+00
-3.244291063695462274e+00
1.392559747025732797e+01
-1.309289346557764588e+01
9.674515472579843234e-01
9.612748484519682890e+00
-8.278248479296863138e+00
-8.769010599897120173e-01
4.789285838723012390e+00
2.323830257770199026e+00
-1.170480786125286166e+01
1.065570386824213500e+01
1.790732826166176794e+00
-1.315619615010522736e+01
1.199220147911861645e+01
-1.206535724912199292e+00
-5.770397223062763814e+00
1.305642272724262920e+00
7.370942273689310653e+00
-7.305817523502598831e+00
-3.945412050814603777e+00
1.475244693540484420e+01
-1.299662334625151061e+01
5.155334967199909357e-01
9.024596738778171812e+00
-6.312221918827443545e+00
-2.845688453182474653e+00
5.102878687144224656e+00
3.765280500665487473e+00
-1.338333045067929561e+01
1.121942905324949535e+01
2.045723486786431788e+00
-1.286729419394557183e+01
1.062342436567082160e+01
9.472061880565263436e-02
-5.442066402589200713e+00
-7.398943414028664733e-01
9.525253265760788679e+00
-8.009424799979262488e+00
-4.555350580613488631e+00
1.523355938839200263e+01
-1.250979223473569490e+01
-9.704907930245365577e-02
8.314767094624034627e+00
-4.143086931207298207e+00
-4.900500723246764778e+00
5.419204464711196323e+00
5.093703657169853294e+00
-1.476533352746178096e+01
1.148802095738491857e+01
2.334977507660151552e+00
-1.230966314403218576e+01
8.909753717489390823e+00
1.573177175228107849e+00
-5.117939469838295174e+00
-2.762600391791574239e+00
1.152727600553092202e+01
-8.567948829564830504e+00
-5.073286759562098069e+00
1.535372424435189842e+01
-1.163136955186974930e+01
-8.660141202893703039e-01
7.506910339425386880e+00
-1.833228727114112111e+00
-6.974134581295174051e+00
5.713411201781786630e+00
6.280479139570502412e+00
-1.580278563878773568e+01
1.143212533969015254e+01
2.668629866304871534e+00
-1.150381097688176091e+01
6.896213180859593450e+00
3.186817001556020656e+00
-4.801097373047498174e+00
-4.706662039503337169e+00
1.330721649606182311e+01
-8.942453588107808216e+00
-5.501589604385317855e+00
1.510952790930167922e+01
-1.037431346007283395e+01
-1.779582679857367289e+00
6.625998363615805964e+00
5.501214548474320232e-01
-8.996651395007770446e+00
5.959213631508449183e+00
7.302438063977280791e+00
-1.645886723216444736e+01
1.103347286924524084e+01
3.054015443593224077e+00
-1.047747953675910537e+01
4.638688961831803681e+00
4.886467255745323257e+00
-4.491882926910768070e+00
-6.519522239869013802e+00
1.480173892129359281e+01
-9.099297852773132078e+00
-5.845416885098805082e+00
1.450938959027628528e+01
-8.765285624156913258e+00
-2.818665336614853523e+00
5.697341458597480646e+00
2.937264191701724148e+00
-1.089792907998608129e+01
6.130048191326813445e+00
8.142471439480074125e+00
-1.670929807431745928e+01
1.028580961626832035e+01
3.495082876892865897e+00
-9.264518239500345587e+00
2.201989897768198201e+00
6.617503499370119613e+00
-4.187969293857478625e+00
-8.153653668276627187e+00
1.595631267627856253e+01
-9.011650075149269412e+00
-6.112203605782086768e+00
1.357316666914731229e+01
-6.843854136097729857e+00
-3.957352248414085061e+00
4.745634507536907520e+00
5.258488091976702528e+00
-1.261024830606380931e+01
6.200279889367521946e+00
8.789893062938404000e+00
-1.654320459478350358e+01
9.195385616485948432e+00
3.991952515363471399e+00
-7.903557869772823707e+00
-3.424227364941533347e-01
8.321793848381798142e+00
-3.884576444395313466e+00
-9.568122861983434646e+00
1.672724524179360373e+01
-8.660770326996255264e+00
-6.311065941376644339e+00
1.233134829411732269e+01
-4.661212011152933599e+00
-5.163693742224230832e+00
3.794070655565566774e+00
7.446512745641005182e+00
-1.407081580621036210e+01
6.146411655450227052e+00
9.240549248496970236e+00
-1.596349635668037692e+01
7.780978443465983219e+00
4.540642494487813430e+00
-6.436538441521934217e+00
-2.918951114266410407e+00
9.939811588202040582e+00
-3.574826077321231033e+00
-1.072989000356520961e+01
1.708332444994540467e+01
-8.037005330269874293e+00
-6.452150877765713055e+00
1.082387117868287874e+01
-2.278457008580180521e+00
-6.400746503995193848e+00
2.863557271714066488e+00
9.438827847030347939e+00
-1.522412940137140325e+01
5.948245621240971559e+00
9.496677733532401078e+00
-1.498673937436844561e+01
6.073446235370205670e+00
5.132980068065193358e+00
-4.907149787692718590e+00
-5.450528763066202487e+00
1.141283760788178903e+01
-3.250218893218471905e+00
-1.161479952799473381e+01
1.700700828660450625e+01
-7.140452980987706866e+00
-6.545963838188148642e+00
9.098605504823554568e+00
2.355048066174918464e-01
-7.627849408936311804e+00
1.972063846692545752e+00
1.117984242272574136e+01
-1.602409480991686763e+01
5.589946657380048478e+00
9.566528028717744547e+00
-1.364253290423910947e+01
4.114822471299225626e+00
5.756707588073695092e+00
-3.359245884876920663e+00
-7.861341269321329150e+00
1.268516970178260195e+01
-2.901212203454165195e+00
-1.220822907674065405e+01
1.649511731450034091e+01
-5.981265004308297328e+00
-6.602707142009340835e+00
7.209570787014953019e+00
2.806355000089030050e+00
-8.802083262906389649e+00
1.134125148230033631e+00
1.262276581316167423e+01
-1.643581320321377959e+01
5.060961434896674049e+00
9.463764724508374471e+00
-1.197241491281385350e+01
1.956982297898916201e+00
6.395784224165351972e+00
-1.835293843438885908e+00
-1.007949876040398607e+01
1.370625462876553691e+01
-2.517870890223271818e+00
-1.250537775461360646e+01
1.555900343674775854e+01
-4.579569980813432473e+00
-6.631661217403396869e+00
5.214951126777627621e+00
5.356969965189025018e+00
-9.879860616637511583e+00
3.605157643423293479e-01
1.373115268358627716e+01
-1.643697047541919432e+01
4.356751187959173599e+00
9.206683466983339059e+00
-1.002833897348992664e+01
-3.400733028727245255e-01
7.030876009868931575e+00
-3.749160422260278125e-01
-1.203956115406533378e+01
1.443266088080019927e+01
-2.090560939630866422e+00
-1.251118863747148069e+01
1.422418834859034220e+01
-2.965013446245171380e+00
-6.640638128065107004e+00
3.174986129978214056e+00
7.810142974898703905e+00
-1.081858571197715335e+01
-3.418955772703595741e-01
1.448005745403425237e+01
-1.601877387149047394e+01
3.479303066994985372e+00
8.817276159457245299e+00
-7.870781199422496321e+00
-2.710254375500778412e+00
7.640018451598010074e+00
9.864208097174005374e-01
-1.368482290321686534e+01
1.482981534350692954e+01
-1.610652328194757343e+00
-1.223991448478646404e+01
1.252948490238156154e+01
-1.175926535343678747e+00
-6.635533288748708181e+00
1.149817634526010046e+00
1.009132013912851278e+01
-1.157832079355329036e+01
-9.701114813717333085e-01
1.485675862419675397e+01
-1.518639841543185653e+01
2.437393241312276970e+00
8.320187177407046164e+00
-5.566549391831677518e+00
-5.083666143618799538e+00
8.199428096413083011e+00
2.218522626061484981e+00
-1.496927320281343654e+01
1.487343525667764155e+01
-1.071197074841491403e+00
-1.171434908923129115e+01
1.052563398467742850e+01
7.418508565131443078e-01
-6.619996405656433325e+00
-8.026268162208731738e-01
1.213124857715898663e+01
-1.212339365411542857e+01
-1.524798544346321005e+00
1.486102994085888618e+01
-1.395892387026738390e+01
1.246584427494480174e+00
7.741605818353970214e+00
-3.186377366827348290e+00
-7.389056829984577135e+00
8.684432466645453985e+00
3.297352308586686931e+00
-1.585916000705762485e+01
1.455059781170747080e+01
-4.675488330070085574e-01
-1.096475913151512138e+01
8.273507642010708096e+00
2.736452749602315215e+00
-6.595236906208755023e+00
-2.628635119663036868e+00
1.386843821158027268e+01
-1.242388246513798400e+01
-2.009921963266049438e+00
1.450495257693565776e+01
-1.236876205268002593e+01
-7.104908217110939006e-02
7.108141736081660333e+00
-8.023950241489217206e-01
-9.556338752801377012e+00
9.070481943953241810e+00
4.205652752043929077e+00
-1.633410125274751579e+01
1.386040295788289889e+01
2.021075178224238655e-01
-1.002756233448816303e+01
5.841945407541774493e+00
4.751723652154269395e+00
-6.559972679182867417e+00
-4.280523016866901287e+00
1.525134541256662501e+01
-1.245691766497759545e+01
-2.432243456478327737e+00
1.381227980204556616e+01
-1.046059349618473178e+01
-1.487464946186487502e+00
6.445729699839416682e+00
1.514431134926956357e+00
-1.151908893444478821e+01
9.334202788213383783e+00
4.933290508641917427e+00
-1.638770382211676591e+01
1.281420004060107765e+01
9.363442896709956997e-01
-8.943806721973114549e+00
3.305304462028101131e+00
6.729146654557570884e+00
-6.510524120319354680e+00
-5.718192400874179349e+00
1.624019701655855386e+01
-1.220774682259209420e+01
-2.800709415129808644e+00
1.281738236587850999e+01
-8.289850979004302900e+00
-2.969449999208997326e+00
5.778607723745197156e+00
3.696791785656070584e+00
-1.321693562780694009e+01
9.454447717264850226e+00
5.477313448257032036e+00
-1.602766935113217883e+01
1.143536519850798427e+01
1.730220581063608876e+00
-7.757512559852290934e+00
7.408148937391680899e-01
8.609892529370885228e+00
-6.441048576062405218e+00
-6.910380597213308107e+00
1.680838662562437946e+01
-1.167051675573237191e+01
-3.125760497587620534e+00
1.156381835470418196e+01
-5.920804601091171904e+00
-4.479645809828739722e+00
5.128408555339088792e+00
5.683370650320918038e+00
-1.459774089025673938e+01
9.413299496386077436e+00
5.841727133522694793e+00
-1.527538529037108006e+01
9.758633387341816956e+00
2.575170266130097474e+00
-6.513942855567421475e+00
-1.774161496908939650e+00
1.033691380945294647e+01
-6.343903608103959257e+00
-7.835558084319212746e+00
1.694339106002571782e+01
-1.084873745978113746e+01
-3.418596737713035516e+00
1.010258503560121213e+01
-3.424318252202285251e+00
-5.977767525609815280e+00
4.513398891258806778e+00
7.420936773589335900e+00
-1.561949649277421059e+01
9.196983863014803973e+00
6.037005626522748081e+00
-1.416501892222336778e+01
7.829005830704875990e+00
3.459058779195196109e+00
-5.257869982567824785e+00
-4.164866939049161942e+00
1.185700517605281945e+01
-6.210121361926702832e+00
-8.482446009921302377e+00
1.664717278453527882e+01
-9.755404217005718692e+00
-3.690433559108670103e+00
8.490121662403247171e+00
-8.753598784891840623e-01
-7.421972516811980114e+00
3.947893759989742790e+00
8.866117230376685754e+00
-1.625186078757013064e+01
8.796650837872105555e+00
6.079362626507268885e+00
-1.274215060011530021e+01
5.700269972661534013e+00
4.366411704582917608e+00
-4.031905046263053904e+00
-6.361776452573755236e+00
1.312275185138137523e+01
-6.029970988711007784e+00
-8.850139687134081612e+00
1.593605338112394065e+01
-8.412767162473244298e+00
-3.951783832568247057e+00
6.786140963282613292e+00
1.649642556725093190e+00
-8.770328481779008811e+00
3.441865583840393761e+00
9.986786822335485425e+00
-1.647727729424850551e+01
8.208987966662743219e+00
5.989817812623717153e+00
-1.106199960214618372e+01
3.433183995016159340e+00
5.278810529114151606e+00
-2.874953089516189664e+00
-8.303022310344173817e+00
1.409429107244723056e+01
-5.793581781177066681e+00
-8.947839441998592491e+00
1.484006296865873153e+01
-6.851751089047443344e+00
-4.211799313635273379e+00
5.051372750022238733e+00
4.075501480036667346e+00
-9.982325724046621218e+00
3.000758848889799602e+00
1.076302617013319107e+01
-1.629163121577634143e+01
7.436635139951205176e+00
5.793100695392027433e+00
-9.187311039668861312e+00
1.093391079293648316e+00
6.175443332290748266e+00
-1.820851319411458391e+00
-9.936524752870131039e+00
1.474081802383646789e+01
-5.491596633798589089e+00
-8.794205145541573287e+00
1.340179012382388812e+01
-5.111041857667585120e+00
-4.477701547772002577e+00
3.345305589891462539e+00
6.330926187507746050e+00
-1.102037548218849494e+01
2.625512438774813440e+00
1.118761620546745483e+01
-1.570441728416806981e+01
6.488378126610674812e+00
5.516439892895987462e+00
-7.185984667959832706e+00
-1.250860675878681771e+00
7.033791007845893617e+00
-8.972394852812470845e-01
-1.122175073589161975e+01
1.504177661225421581e+01
-5.115823766007427054e+00
-8.416364925194654845e+00
1.167477559203198467e+01
-3.235868908999022686e+00
-4.754327789938330717e+00
1.724011692665684770e+00
8.351036528117342428e+00
-1.185123563484737019e+01
2.312782898378369367e+00
1.126605476916707005e+01
-1.473841061573212663e+01
5.379106541849158596e+00
5.188289347551191533e+00
-5.128535750987054165e+00
-3.531108855730552332e+00
7.830423148095021268e+00
-1.247016935327032172e-01
-1.213103664883651156e+01
1.498768685298620085e+01
-4.659854432357503740e+00
-7.848621376719186138e+00
9.721510182950670043e+00
-1.276525528513204666e+00
-5.043811865704793007e+00
2.381361452050425598e-01
1.007964008869343076e+01
-1.244730687239479394e+01
2.055353551055574712e+00
1.101609915113736093e+01
-1.342885093590851575e+01
4.129531316858530587e+00
4.837044475227540552e+00
-3.085483994358152682e+00
-5.681089243797861066e+00
8.541872270150298263e+00
4.837922839967618849e-01
-1.265042748752849988e+01
1.458057399109445740e+01
-4.119615601216549017e+00
-7.130909609450003295e+00
7.611112073737950290e+00
7.133207884612153826e-01
-5.345413459127267508e+00
-1.068875446115878702e+00
1.147118789680594375e+01
-1.278774648786922086e+01
1.842706837894273919e+00
1.046685627296420407e+01
-1.182216890501399220e+01
2.765666471123618742e+00
4.489800564678779082e+00
-1.124768770522691419e+00
-7.639080208712577758e+00
9.145550871816567451e+00
9.231303069903153968e-01
-1.278000326759944905e+01
1.383397930143557275e+01
-3.493829263996368617e+00
-6.307070250061387995e+00
5.416770732069616123e+00
2.678466728347159709e+00
-5.655502338746233981e+00
-2.162246673043358047e+00
1.249233560682054645e+01
-1.285935316591544364e+01
1.661730782504640125e+00
9.657459137593322751e+00
-9.974300637834879524e+00
1.318089714725551254e+00
4.171202983488621285e+00
6.907126510294157029e-01
-9.350090904518873813e+00
9.620673074969815275e+00
1.195982462042355365e+00
-1.253368282903040765e+01
1.277254824300779035e+01
-2.784354027532861764e+00
-5.423006789499217994e+00
3.213053366104419162e+00
4.564092631202604444e+00
-5.967696838395870174e+00
-3.016985356658909989e+00
1.312305186663144418e+01
-1.265718432313657971e+01
1.497525363047113256e+00
8.635383514886703082e+00
-7.948652197017393561e+00
-1.789942735799119333e-01
3.902434041148563182e+00
2.305352316639826871e+00
-1.076781057442730116e+01
9.949141485691711750e+00
1.312416183498563482e+00
-1.193851487223770391e+01
1.143120768669645138e+01
-1.996389772779002758e+00
-4.524800170111765496e+00
1.073174879764603240e+00
6.317691379655961725e+00
-6.273148811877206299e+00
-3.618605902705533950e+00
1.335723252556453389e+01
-1.218487737966711570e+01
1.334270988316966555e+00
7.454472023850836848e+00
-5.813789248520304653e+00
-1.688855526181012756e+00
3.700374930806307638e+00
3.672781291862651454e+00
-1.185624477914921471e+01
1.011636044695942260e+01
1.289223110006187278e+00
-1.103348533547695354e+01
9.853959675428999532e+00
-1.138532212003460664e+00
-3.656854171049948476e+00
-9.336664322538990035e-01
7.890933785748075913e+00
-6.560960592224507337e+00
-3.963436366252572007e+00
1.320279789809882232e+01
-1.145465745363711996e+01
1.156119353229340341e+00
6.172743323064992182e+00
-3.640937677559155983e+00
-3.173465698139185776e+00
3.576973305229763866e+00
4.757450600720038558e+00
-1.259097577923299482e+01
1.011193908472343317e+01
1.148989856965770162e+00
-9.867888343007933827e+00
8.092334003089073136e+00
-2.226708815105009620e-01
-2.860142966271286724e+00
-2.744787822291006929e+00
9.241399112240436864e+00
-6.818713498606305379e+00
-4.058503703566712417e+00
1.268126974249937078e+01
-1.048702594368668706e+01
9.480667470053001367e-01
4.850071646540440540e+00
-1.501388360846615200e+00
-4.594804606057126151e+00
3.538838079970332728e+00
5.535786485101127141e+00
-1.295999816765102253e+01
9.930251382936942761e+00
9.189544254644088639e-01
-8.499324239659488356e+00
6.203555234308556265e+00
7.362688254293754397e-01
-2.170627317435511294e+00
-4.306262402383025822e+00
1.033410370389844601e+01
-7.033082406657066521e+00
-3.921006877263546464e+00
1.182684421221840765e+01
-9.310136837581023173e+00
6.967713867872111777e-01
3.545826155589054451e+00
5.360968183121470609e-01
-5.916196657949466697e+00
3.587073377061031021e+00
5.996879493427385910e+00
-1.296409665880993423e+01
9.570825830352703179e+00
6.296977237469159050e-01
-6.991402066840707086e+00
4.248491105445332039e+00
1.720731861188329326e+00
-1.617898444711578065e+00
-5.574817463757650415e+00
1.114276768753246216e+01
-7.190507047669501439e+00
-3.577403144104585930e+00
1.068499604703008998e+01
-7.958879871940389705e+00
3.912794623787752002e-01
2.316560378586892455e+00
2.407780402683708409e+00
-7.103625249559936350e+00
3.717353529209718399e+00
6.142684785513667478e+00
-1.261675010090775473e+01
9.038543759584651838e+00
3.137253679379701232e-01
-5.411234709438933699e+00
2.289458094933136234e+00
2.711073380789350118e+00
-1.224099008256767540e+00
-6.519320469209970881e+00
1.165076908620431340e+01
-7.277888191804230189e+00
-3.062147397243633051e+00
9.310666968849393044e+00
-6.473701381272047861e+00
2.362914893486856016e-02
1.213839372907490777e+00
4.057252398502973811e+00
-8.126973079157533419e+00
3.920231167056128285e+00
5.987729686141026519e+00
-1.194356364187319564e+01
8.343633088049347890e+00
3.998359804827877895e-03
-3.826822447150457052e+00
3.879659684125731922e-01
3.686211384028716065e+00
-1.003159228833384375e+00
-7.121798066493481016e+00
1.185174614231257095e+01
-7.283275805237003908e+00
-2.416137309663187516e+00
7.766106959531427378e+00
-4.899204342654895683e+00
-4.106923410279055275e-01
2.822862890543378356e-01
5.437454111639843823e+00
-8.961138312201864409e+00
4.181661010932181455e+00
5.558343221707080950e+00
-1.098124886659820731e+01
7.501452466503834238e+00
-2.675276927569028018e-01
-2.304424501567155392e+00
-1.397513964074459825e+00
4.624365836867058377e+00
-9.603734407427464426e-01
-7.377951205627588216e+00
1.174982173443669531e+01
-7.196516691849744518e+00
-1.684927754051411153e+00
6.118450226439266615e+00
-3.282578309359803104e+00
-9.124568010442715149e-01
-4.420790030771284407e-01
6.512346328751701385e+00
-9.586980563340404160e+00
4.483713458003687258e+00
4.891440421514704262e+00
-9.776188951407222660e+00
6.532069504227555612e+00
-4.712964506284516020e-01
-9.060182454518406203e-01
-3.013672432165498183e+00
5.503853629493126398e+00
-1.092328813144904931e+00
-7.297148555984435347e+00
1.135943801177020163e+01
-7.009831012074513090e+00
-9.167861645204453680e-01
4.437117704013021857e+00
-1.671917249881660794e+00
-1.478578833834885309e+00
-9.331482878376649026e-01
7.258158673699844243e+00
-9.992056624467352322e+00
4.805444728792661380e+00
4.032910875489946534e+00
-8.382641789050595094e+00
5.459645411520234859e+00
-5.814230418291730373e-01
3.130579600376881544e-01
-4.414296710787811939e+00
6.303905693643161001e+00
-1.387184132358764588e+00
-6.901900184959570694e+00
1.070480421693214979e+01
-6.718290327219410329e+00
-1.606658668812404045e-01
2.791144510960116953e+00
-1.144884545308116897e-01
-2.102178258744114459e+00
-1.175633397019367532e+00
7.664172689904270364e+00
-1.017111354346402408e+01
5.123884494067997508e+00
3.035675784518471865e+00
-6.860648008891999439e+00
4.311646714785360324e+00
-5.767955131887987363e-01
1.306189660082246462e+00
-5.561941780585926587e+00
7.005471016170786491e+00
-1.825282948926229221e+00
-6.226833128191474387e+00
9.818975552329035850e+00
-6.320174298979414296e+00
5.358232432414906654e-01
1.246533629991144920e+00
1.344981591709253799e+00
-2.772816137712990514e+00
-1.165543287485633073e+00
7.733008765333547530e+00
-1.012631576440877268e+01
5.415097758471224765e+00
1.957489967007116638e+00
-5.273722308876191533e+00
3.117912302031407012e+00
-4.419640229805512632e-01
2.037220954858328437e+00
-6.429273422851803588e+00
7.591972234807384368e+00
-2.380072583435130174e+00
-5.317209306184839335e+00
8.742595289979153250e+00
-5.817188679388292982e+00
1.128368013419656535e+00
-1.362639122333395569e-01
2.665938282405726945e+00
-3.476891927809095950e+00
-9.102151921511043575e-01
7.480405765552999853e+00
-9.867193231323334146e+00
5.655275474263771862e+00
8.585745435265481618e-01
-3.686415076044605943e+00
1.909610616930930149e+00
-1.677853495312238152e-01
2.481774508826935843e+00
-7.000030623612522263e+00
8.049979005578904889e+00
-3.019288943000984826e+00
-4.227043510171466068e+00
7.522345567530166477e+00
-5.214533510804881367e+00
1.577754409804848823e+00
-1.304646879376804236e+00
3.813483220198390811e+00
-4.198182403950292851e+00
-4.279023897470453086e-01
6.934501462023597185e+00
-9.410308238871808229e+00
5.821807962678064108e+00
-2.008280271886770940e-01
-2.161836559356224985e+00
7.181270455825934373e-01
2.481994740201272087e-01
2.628108510258935659e+00
-7.269568858871298112e+00
8.369768341253031707e+00
-3.706357259908159119e+00
-3.016894237339616147e+00
6.209163929692497419e+00
-4.520817238911543079e+00
1.851450600725565110e+00
-2.215852604451296060e+00
4.759653040741331331e+00
-4.918497059215967582e+00
2.530619301314513958e-01
6.134640807266311668e+00
-8.778649956904084561e+00
5.894296717611707592e+00
-1.162882453147219941e+00
-7.592376539442766692e-01
-4.260748075659249179e-01
8.016656286966714617e-01
2.477479937715417968e+00
-7.244961602143634494e+00
8.545745523624379558e+00
-4.401951086269210833e+00
-1.751412433482403941e+00
4.856292198175824026e+00
-3.747819422956887525e+00
1.924911530822619454e+00
-2.838561368192491940e+00
5.484441254228968887e+00
-5.618419926469543135e+00
1.095489169707699828e+00
5.129757093261732237e+00
-8.000776516638747893e+00
5.855463466550366647e+00
-1.974479703644116846e+00
4.682604262055791722e-01
-1.494572357722477873e+00
1.481683073356774294e+00
2.044002361596910067e+00
-6.944654142147216547e+00
8.576704814536409316e+00
-5.065646443233963403e+00
-4.967422364978339999e-01
3.517231294874256342e+00
-2.910111597031449726e+00
1.782557090668345001e+00
-3.154055620662977510e+00
5.976521023071007299e+00
-6.278104364713994912e+00
2.054898073950133242e+00
3.976387347347182910e+00
-7.109734880803889823e+00
5.691920302626272132e+00
-2.589358428207402696e+00
1.475700618490566107e+00
-2.462038153640291327e+00
2.271162126664036940e+00
1.354005764381186694e+00
-6.397680886116543064e+00
8.465915801726112022e+00
-5.657605111545722210e+00
6.821267322658988164e-01
2.243679906365789289e+00
-2.024552289041444908e+00
1.418389038491637333e+00
-3.156890192222797431e+00
6.233637950811719008e+00
-6.878085448203229646e+00
3.081353051634003748e+00
2.736397345175826779e+00
-6.141798004044797032e+00
5.394771051146143748e+00
-2.969948453004458422e+00
2.228010305086923104e+00
-3.307185078703848813e+00
3.147544533221349639e+00
4.449247704091616740e-01
-5.642474098710396291e+00
8.221028541950214930e+00
-6.140220745830864857e+00
1.723954312252787613e+00
1.083536171290705896e+00
-1.109677953693346764e+00
8.362260921237285594e-01
-2.855048215159259328e+00
6.262654459304731525e+00
-7.400074251699874317e+00
4.121505319165102321e+00
1.474502813558997927e+00
-5.135066634847108347e+00
4.960021510435188574e+00
-3.088867136134507696e+00
2.701340784443107879e+00
-4.013562544254824616e+00
4.083709038995553264e+00
-6.362404822539358129e-01
-4.725307841632312211e+00
7.853798396867087028e+00
-6.479663777204354602e+00
2.573692940580684319e+00
7.903981784598901328e-02
-1.850163657428179620e-01
4.955151964050363844e-02
-2.269577020502615561e+00
6.079240703740714125e+00
-7.827699539141531382e+00
5.120756906070297987e+00
2.556813232877959141e-01
-4.127989180963225202e+00
4.388784484344945724e+00
-2.930012965791043200e+00
2.883973543944087670e+00
-4.570168994655358752e+00
5.049052438566853596e+00
-1.834830493201343504e+00
-3.698435120758526651e+00
7.379639267871443309e+00
-6.647265816248754788e+00
3.184685867329023701e+00
-7.348725825306692272e-01
7.296473640567427976e-01
-9.190174642481969691e-01
-1.433718044113116541e+00
5.707220703295561748e+00
-8.147165067346072931e+00
6.025463457014487823e+00
-8.574262758929100947e-01
-3.157857087903717108e+00
3.687274247985881104e+00
-2.489216430592200879e+00
2.776757285649913864e+00
-4.971852981601308841e+00
6.010700673977993347e+00
-3.090725483159280529e+00
-2.617988358619407041e+00
6.817021488178964361e+00
-6.620691265474258458e+00
3.520536789030010105e+00
-1.331934191703836312e+00
1.615019709121396918e+00
-2.038614720255790047e+00
-3.915640210543354094e-01
5.177595915317832365e+00
-8.347794778783068637e+00
6.785090904539382350e+00
-1.807025424202151953e+00
-2.259334973846441663e+00
0.000000000000000000e+00
3.761565263476478904e+00
7.330099355181595833e+00
1.052345179668398245e+01
1.318056843798743927e+01
1.517042012631339531e+01
1.639910588979225992e+01
1.681471012462582593e+01
1.640963795667615699e+01
1.522031458883492938e+01
1.332430222222901151e+01
1.083505087006445322e+01
7.894646291736099997e+00
4.665039728182046375e+00
1.318332280395425382e+00
-1.973263871926586255e+00
-5.047157492079322516e+00
-7.759207503822807439e+00
-9.991125960607721623e+00
-1.165603716200606854e+01
-1.270190669246574799e+01
-1.311270172088891428e+01
-1.290729729855736174e+01
-1.213629201854230111e+01
-1.087703012518326240e+01
-9.227237046528440345e+00
-7.297754224903890474e+00
-5.204902182437208147e+00
-3.063005719953057593e+00
-9.775824788549050126e-01
9.603710697149194786e-01
2.678658261921545325e+00
4.126505097773045527e+00
5.275436917816137772e+00
6.118451257069488669e+00
6.667654965520452670e+00
6.950643272840324016e+00
7.005984108673988686e+00
6.878226723616892357e+00
6.612875827312509003e+00
6.251759938341187706e+00
5.829176890276142942e+00
5.369124393006795337e+00
4.883825304831066028e+00
4.373643625809420676e+00
3.828367087880657049e+00
3.229714952431002928e+00
2.554824343093416772e+00
1.780383325954409957e+00
8.870206511126084159e-01
-1.364647926265698530e-01
-1.289444943560781098e+00
-2.556743905169664544e+00
-3.907158903275356643e+00
-5.293424058230633555e+00
-6.653705907364995120e+00
-7.914595717926736107e+00
-8.995439489230653507e+00
-9.813731664578186908e+00
-1.029120188817612025e+01
-1.036015333427095086e+01
-9.969572066989233150e+00
-9.090523150606522051e+00
-7.720381853988753207e+00
-5.885515651888392874e+00
-3.642130620367247218e+00
-1.075117759310092680e+00
1.705127593876664349e+00
4.567796384236986640e+00
7.368410034657813412e+00
9.956836377714459729e+00
1.218609352527969136e+01
1.392138703382027209e+01
1.504879160381821279e+01
1.548299425517777195e+01
1.517356179103529001e+01
1.410927893627997776e+01
1.232021968721329230e+01
9.877355678190202326e+00
6.889662472800164750e+00
3.498847135712473744e+00
-1.280227274857665964e-01
-3.807567746781983509e+00
-7.350288103835852738e+00
-1.057128148566109971e+01
-1.330083079669191903e+01
-1.539420647166324230e+01
-1.674007281889901222e+01
-1.726697253611170169e+01
-1.694748291000862750e+01
-1.579978340749158150e+01
-1.388653773167169092e+01
-1.131116312179824490e+01
-8.211724464021328274e+00
-4.752839731110646504e+00
-1.116106551340265041e+00
2.510350756301542141e+00
5.942564323070536503e+00
9.010979265454984954e+00
1.156966218915874478e+01
1.350391566862824888e+01
1.473586281422891631e+01
1.522770311047022496e+01
1.498249527350038690e+01
1.404248436153268997e+01
1.248514784047468140e+01
1.041727821397220666e+01
7.967538745301176561e+00
5.278016061237494227e+00
2.495343643845326476e+00
-2.380193785280297902e-01
-2.791799104969206358e+00
-5.054718728339001821e+00
-6.939720746823205388e+00
-8.387331096558938270e+00
-9.367034156706605330e+00
-9.876670132540043667e+00
-9.940003871711871497e+00
-9.602737046895919448e+00
-8.927335377330987143e+00
-7.987112486890950436e+00
-6.860047682305658867e+00
-5.622814501574369572e+00
-4.345461101968570716e+00
-3.087115771453106561e+00
-1.892996700280072275e+00
-7.928921526254653074e-01
1.988458542789732775e-01
1.081874864044819695e+00
1.867197566675079967e+00
2.573552224360102336e+00
3.223223031922358039e+00
3.837677905348703788e+00
4.433450404354023711e+00
5.018657983305775616e+00
5.590492547428110193e+00
6.133935788060381533e+00
6.621847473036500453e+00
7.016457855234480512e+00
7.272174701210928127e+00
7.339500514042675228e+00
7.169755327678974943e+00
6.720222926344809444e+00
5.959289782062418439e+00
4.871130567281852564e+00
3.459513496784806907e+00
1.750352095071246339e+00
-2.072861688278830883e-01
-2.341895350405352794e+00
-4.562025927873198050e+00
-6.760480805413807914e+00
-8.820002225841271581e+00
-1.062011910312199525e+01
-1.204472467418037773e+01
-1.298988318293823241e+01
-1.337132734977151216e+01
-1.313110906799459698e+01
-1.224290487263710148e+01
-1.071555327237945221e+01
-8.594508418957639506e+00
-5.961026872796405307e+00
-2.929052606276798532e+00
3.600801988185313718e-01
3.744857186555420547e+00
7.052302557158953711e+00
1.010769218217902399e+01
1.274466916292756125e+01
1.481513058902342017e+01
1.619825648801975149e+01
1.680809610628390871e+01
1.659921023069421153e+01
1.556998603404046477e+01
1.376338530981235309e+01
1.126504849208578207e+01
8.198844845737280451e+00
4.720122477755941404e+00
1.007059449180676136e+00
-2.749360633310881319e+00
-6.356136788456044684e+00
-9.629142105199456125e+00
-1.240345214245101957e+01
-1.454248139407370388e+01
-1.594537705537959660e+01
-1.655223284732254996e+01
-1.634682689176250037e+01
-1.535674706637114006e+01
-1.365093419616864345e+01
-1.133483670730280224e+01
-8.543519142195851401e+00
-5.433191437121876355e+00
-2.171718040796854599e+00
1.071279981391711544e+00
4.134103897199930877e+00
6.871840080279261187e+00
9.163877101580251150e+00
1.091964917111377709e+01
1.208230586052274091e+01
1.263015313254460636e+01
1.257586276528774327e+01
1.196359571631700902e+01
