2.436874748034487226e+00
3.026188272074861185e+00
3.325235268502082953e+00
3.329851667231762846e+00
3.059754412494097853e+00
2.556425291570476155e+00
1.879324661468077862e+00
1.100737323930051081e+00
2.996553150816088085e-01
-4.448256078290504512e-01
-1.060082823445075650e+00
-1.486006442870642985e+00
-1.680031773643134496e+00
-1.620770896274871475e+00
-1.309955489351549929e+00
-7.725308813427629318e-01
-5.488164030136211124e-02
7.786885695586600598e-01
1.650966221275913970e+00
2.477954188058726803e+00
3.175654716759796159e+00
3.666994384781017580e+00
3.888359979097548269e+00
3.795237414254682307e+00
3.366507034837768586e+00
2.607043661603883233e+00
1.548391771792680505e+00
2.474264687501981363e-01
-1.216940773935610398e+00
-2.748807028185495938e+00
-4.241736767536476549e+00
-5.586188977114434628e+00
-6.677389181315330546e+00
-7.423082623046346029e+00
-7.750604854499294483e+00
-7.612746806071611694e+00
-6.991970363579422809e+00
-5.902642210048967719e+00
-4.391090390302196944e+00
-2.533440107146392339e+00
-4.313418763410621359e-01
1.794144809312653521e+00
4.010116472248221875e+00
6.080337670802410166e+00
7.874127188103939190e+00
9.275014092348797590e+00
1.018857014730935795e+01
1.054887745971988089e+01
1.032318074816536324e+01
9.514395950353858211e+00
8.161292524913680069e+00
6.336325557153646315e+00
4.141254512351004280e+00
1.700836914521836496e+00
-8.449832610167828939e-01
-3.349870318281286785e+00
-5.670286436222164994e+00
-7.674462624856557724e+00
-9.250554813464180626e+00
-1.031344730315641556e+01
-1.080976121506997600e+01
-1.072075105611156509e+01
-1.006291915524005987e+01
-8.886335083102807175e+00
-7.270804132158618316e+00
-5.320174462931997361e+00
-3.155196446795473619e+00
-9.054414841944673498e-01
1.299155221276760308e+00
3.336546521468191528e+00
5.100062565149223737e+00
6.504643304634497802e+00
7.491417353755165820e+00
8.030354252915969937e+00
8.120858758796954291e+00
7.790324563285051518e+00
7.090810054545081620e+00
6.094129907273241109e+00
4.885764078649398989e+00
3.558062618830558410e+00
2.203265326433450078e+00
9.068571252686661310e-01
-2.582565957804687784e-01
-1.236342433491224746e+00
-1.991888623845387674e+00
-2.510924785166806839e+00
-2.800560521053858221e+00
-2.886829677550823092e+00
-2.811056846482631766e+00
-2.625074576793631209e+00
-2.385705379540848714e+00
-2.148975665728895201e+00
-1.964545373769452041e+00
-1.870816099915224129e+00
-1.891123735621011548e+00
-2.031333326882971413e+00
-2.279040852650379811e+00
-2.604457484597862749e+00
-2.962916472986708349e+00
-3.298811428194054152e+00
-3.550657483131248959e+00
-3.656872651097474058e+00
-3.561812959792088229e+00
-3.221566718305963750e+00
-2.609022997329325744e+00
-1.717776682942941946e+00
-5.645140982064464907e-01
8.103666181679640701e-01
2.344015398083903357e+00
3.954243601658666840e+00
5.544321679500288980e+00
7.009159649577804352e+00
8.242456589772967135e+00
9.144321640018102215e+00
9.628820472229875804e+00
9.630891879628949326e+00
9.112110290348159225e+00
8.064839917221252819e+00
6.514430375619724600e+00
4.519234868060314270e+00
2.168381350141041164e+00
-4.226160290742897452e-01
-3.118164605609269557e+00
-5.770440615322153910e+00
-8.228282750748878271e+00
-1.034655697676728892e+01
-1.199537543400442807e+01
-1.306855232642534403e+01
-1.349072248759943449e+01
-1.322263120426187655e+01
-1.226422135679176861e+01
-1.065528805892169473e+01
-8.473631878121828720e+00
-5.830808311685810708e+00
-2.865731964479934391e+00
2.634623159275751858e-01
3.388782214605697174e+00
6.342363659985133850e+00
8.966437341131129557e+00
1.112263625029231662e+01
1.270005009027895326e+01
1.362151803166521802e+01
1.384777093971911199e+01
1.337917942557365869e+01
1.225502476455806722e+01
1.055037468657302568e+01
8.370803857988963870e+00
5.845338688364965840e+00
3.118118387579265960e+00
3.393414488544022056e-01
-2.343896058434412843e+00
-4.796268973056804441e+00
-6.901843183068903542e+00
-8.570176147911009679e+00
-9.740541527191725280e+00
-1.038405925914169181e+01
-1.050366260349862912e+01
-1.013198554285586539e+01
-9.327396676262749153e+00
-8.168529273158830151e+00
-6.747752919744881339e+00
-5.164093726807674756e+00
-3.516133479333681144e+00
-1.895402315625792866e+00
-3.807263238435725228e-01
9.660946460295170013e-01
2.103015752159630658e+00
3.008748682480231640e+00
3.682038830692953901e+00
4.139354759049870935e+00
4.411247263823004694e+00
4.537734017367297312e+00
4.563135137738170144e+00
4.530820132139051104e+00
4.478325090131241915e+00
4.433261166891633742e+00
4.410364441247557998e+00
4.409938805257634264e+00
4.417825363246346448e+00
4.406903102060963029e+00
4.339996354238417453e+00
4.173944872917715543e+00
3.864491524854241078e+00
3.371568626941146896e+00
2.664522731294605595e+00
1.726812669515989107e+00
5.597476299379868792e-01
-8.151011068241391655e-01
-2.355084139059857584e+00
-3.997402872182845179e+00
-5.661798298420456454e+00
-7.254875952340583467e+00
-8.675811034481430539e+00
-9.823061705738050264e+00
-1.060162791322638220e+01
-1.093033504446209392e+01
-1.074860112747885132e+01
-1.002216540060734928e+01
-8.747314175411005976e+00
-6.953233449612677752e+00
8.871065507441491249e-01
-8.186104295235539396e+00
4.472204061509687634e+00
3.579699986072989226e+00
-4.154778604705280820e+00
-4.790055385868858373e+00
1.263083633636659187e+01
-8.947221115937583846e+00
-3.497287838846735664e+00
1.166104213587322391e+01
-7.670206966224212053e+00
-1.959503106301973219e+00
4.594765981797325871e+00
2.862136269651282650e+00
-1.014945910090973769e+01
6.415190399637826779e+00
6.048474678849403929e+00
-1.404801441631487791e+01
9.153374482767794973e+00
2.260295437019914644e+00
-6.861904172255423262e+00
5.315818079814871311e-01
6.908458970607410876e+00
-4.154580419376058487e+00
-7.251091043510501599e+00
1.438079263794127094e+01
-8.498954208412840217e+00
-4.244081800929416559e+00
1.009639079401851092e+01
-4.112929649606096305e+00
-4.295298245138530646e+00
3.344322185636657174e+00
6.381188898501312323e+00
-1.253082421299637872e+01
6.202330700642091799e+00
6.881024732653147957e+00
-1.294680264434155603e+01
6.518271748717489267e+00
3.357732046792272662e+00
-4.470505689359748125e+00
-3.609124962090829225e+00
9.264066017115217377e+00
-3.449320932338311607e+00
-8.811432754183151417e+00
1.416361685020349981e+01
-6.890641155195055489e+00
-4.346165558974846910e+00
7.105905074250855158e+00
-6.599576407724816463e-02
-5.904756806674936520e+00
1.584585020724661675e+00
8.954453057624437662e+00
-1.314953081451302985e+01
5.248548340328112793e+00
6.609507699158545080e+00
-1.009423962271637265e+01
3.247468039140882112e+00
3.754497919551491592e+00
-1.511073220980954979e+00
-6.994501602125286155e+00
1.022368487505770318e+01
-2.468948093836016877e+00
-8.890301461518136605e+00
1.205796597087617528e+01
-4.747701797977028626e+00
-3.522979446299547845e+00
3.285840387738439894e+00
3.530412376796098872e+00
-6.483135878732304569e+00
-1.078408259664471736e-01
9.888613118803839086e+00
-1.200552532217841417e+01
4.102975042862733623e+00
5.021500338447467904e+00
-6.090832741587044019e+00
1.788357303977496926e-01
3.322670242660877626e+00
1.276607031710697893e+00
-8.845488230882644132e+00
9.770013295910196405e+00
-1.769280321122363109e+00
-7.254377672847612146e+00
8.591675254442884935e+00
-2.759872344025803947e+00
-1.824819832477071024e+00
-5.047002001320253228e-01
5.888121463191016147e+00
-6.085605328921004364e+00
-1.086917723189352092e+00
8.867655335604350597e+00
-9.526156159604823870e+00
3.321551123640813508e+00
2.289195319493952940e+00
-1.828964685366540666e+00
-1.984063615054273200e+00
2.267930353579096003e+00
3.110397826021563450e+00
-8.756762708357001657e+00
8.262653651339149974e+00
-1.839344736715430972e+00
-4.108707457307413158e+00
4.598988390444640473e+00
-1.475626551165449385e+00
3.606285440273744314e-01
-3.360848770971802235e+00
6.564583221523518475e+00
-5.081965897618363037e+00
-8.418990448171759233e-01
6.047076814085666108e+00
-6.429857049584809303e+00
3.280572992899612572e+00
-1.047173169952690497e+00
1.731829299367410702e+00
-2.849757139643757320e+00
1.058056397485841904e+00
3.387812688215296131e+00
-6.794854635323176240e+00
6.304504695317998397e+00
-2.926188530908311769e+00
-6.810189094825092049e-02
1.000051946169946415e+00
-1.149387372995266166e+00
2.409765192637537190e+00
-4.569080372962425862e+00
5.558207490239186477e+00
-4.016392779309573946e+00
8.281602795100426739e-01
2.023543691666689792e+00
-3.517520901198304628e+00
4.051367388119809121e+00
-4.206879863299663569e+00
3.808085741715301786e+00
-2.420241758531918919e+00
2.654578623027759043e-01
1.868127602567805745e+00
-3.471020749402693895e+00
4.545463745151455903e+00
-4.931982428826790610e+00
3.986526574702555781e+00
-1.436198488825188635e+00
-1.684948100176194341e+00
3.644557275949119823e+00
-3.798897464221491660e+00
3.281932217903905435e+00
-3.416875288458364412e+00
3.723863606787851666e+00
-2.313054692390143163e+00
-1.451949443098317305e+00
5.374355990313006259e+00
-6.373951196832130073e+00
3.988129553067645716e+00
-1.056417477932431126e+00
3.720101529599002532e-01
-1.238994691251047886e+00
4.022991777945761349e-01
3.482886691673749091e+00
-7.417060143638249059e+00
7.129630336646071598e+00
-2.280859266235363059e+00
-2.689333930140939355e+00
3.541455420571641532e+00
-1.195533011603625795e+00
4.260142235685435708e-01
-3.613541986303063780e+00
7.269098177838087871e+00
-6.005471800953037231e+00
-5.877251163180954308e-01
6.740664039466619073e+00
-6.923355613883622084e+00
2.327575315240216103e+00
6.582087170734434167e-01
1.596266110541333383e+00
-5.306339464678793583e+00
3.930507524991305512e+00
3.317901880918026958e+00
-9.711158166844001016e+00
8.630450101544608899e+00
-1.535206726062467997e+00
-3.618300348186292315e+00
1.905782465807244419e+00
2.652754383491030765e+00
-2.248100782099114792e+00
-4.621970076448794984e+00
1.064623659967738689e+01
-8.271548987059116342e+00
-8.979780794626601725e-01
7.556879408761428607e+00
-5.604005772889458115e+00
-6.800483469684293070e-01
2.112194377087628361e+00
3.797129635579159057e+00
-9.437406600048856120e+00
6.370054219858980460e+00
3.909074989242385278e+00
-1.110269525181461781e+01
8.144733457936823129e+00
3.996562836848882583e-01
-3.967464712616536993e+00
-1.041651607801292290e+00
6.864500835343230634e+00
-4.122460991101362993e+00
-6.127835750638970680e+00
1.300775936352907181e+01
-8.697469378527301842e+00
-2.015559631610101210e+00
7.343168100501474171e+00
-2.625417860861995578e+00
-4.247409496245321492e+00
2.859735106897907997e+00
6.485945838741115743e+00
-1.269139264205877105e+01
7.311616694190028021e+00
4.835340378604881195e+00
-1.105197013812752083e+01
5.805796013835829328e+00
2.861153639528559722e+00
-3.449647871883385619e+00
-4.694507816235134356e+00
1.049121224583509004e+01
-4.884502895966841507e+00
-7.578690662975668957e+00
1.370624484029205092e+01
-7.330083378070909816e+00
-3.372568734954611180e+00
5.904205717589031011e+00
1.378759211437804000e+00
-7.510408685209432278e+00
2.755126102636455965e+00
8.947088895566356115e+00
-1.432415108048289198e+01
6.764292019496816799e+00
5.547274809776888027e+00
-9.365755672732808179e+00
2.189671543390664610e+00
5.128832348145643927e+00
-2.103268513149923358e+00
-8.203013368837629216e+00
1.275812259840453144e+01
-4.591473428249507549e+00
-8.356239160450483539e+00
1.247815618794066772e+01
-4.645033430653602302e+00
-4.393768002005464801e+00
3.419533984485619182e+00
5.502809989534540591e+00
-9.756758366495034807e+00
1.988572131967467183e+00
1.043478680553456428e+01
-1.397938304631150075e+01
5.120729375376687820e+00
5.559334482127024302e+00
-6.280539245458413689e+00
-1.836041475479404772e+00
6.632886056299095223e+00
-2.973171312367517416e-01
-1.069127815866957576e+01
1.325414809082628409e+01
-3.621998021683590085e+00
-7.977783644449379707e+00
9.528752254710688874e+00
-1.402167968304742107e+00
-4.684373959801244602e+00
4.230197524302932166e-01
8.796559389254632322e+00
-1.060271559553920717e+01
1.013786302764215330e+00
1.039057617775097953e+01
-1.177780646488014504e+01
3.017288650300719688e+00
4.623362596019261694e+00
-2.426953306423130119e+00
-5.337885835834961235e+00
7.107336000925205788e+00
1.370529963181970956e+00
-1.149058310880088385e+01
1.202039856864995926e+01
-2.532754731955250804e+00
-6.265817702786464771e+00
5.492506515570831027e+00
1.569105810972319048e+00
-4.155296101274777776e+00
-2.326554921862185488e+00
1.050703058004134149e+01
-1.007054638449935169e+01
3.904608218000492625e-01
8.618336981947685160e+00
-8.280266362875179809e+00
1.132900696741220070e+00
2.829117971036974488e+00
1.318412404111576564e+00
-7.554728203948565479e+00
6.645055504768493826e+00
2.253819787823855947e+00
-1.032372838360209855e+01
9.515452894196279487e+00
-1.865875189765564990e+00
-3.433033383093429425e+00
1.278008168280208467e+00
3.593147697036250143e+00
-3.048262115358604696e+00
-4.049491130211006151e+00
1.026845580679618664e+01
-8.548511121739393204e+00
5.903994148706721568e-01
5.364651304670347010e+00
-4.335690939758193529e+00
-1.312714734971986985e-02
5.991996205209373372e-01
4.055256699879875804e+00
-8.083555252313937345e+00
5.641465193315242210e+00
1.862395391477333018e+00
-7.388303998829458763e+00
6.470273369225044036e+00
-1.966653445061423700e+00
-5.399100161145042875e-02
-2.161375542401666294e+00
4.317622184671860985e+00
-1.853649772890109348e+00
-4.166740782437648782e+00
8.189194620966024019e+00
-6.649111375906114674e+00
1.827308428261481321e+00
1.278326214355090862e+00
-8.565598633295636866e-01
-2.052129345250710557e-01
-1.422764942924139575e+00
5.095548661166502846e+00
-6.963473717214560210e+00
4.646832160352101226e+00
3.112578658516773622e-02
-3.314437639388893686e+00
3.676230228875753347e+00
-2.867406157016162638e+00
3.072492182337870581e+00
-4.068973544133849707e+00
3.783482403284777362e+00
-1.146292626257178204e+00
-2.475514346550260480e+00
4.812794383341913118e+00
-5.010222681914990872e+00
3.963626799477243168e+00
-2.743061255479220861e+00
1.415852179940913613e+00
4.233684680671637723e-01
-2.559656285896944716e+00
4.148098182800948663e+00
-4.637696225970539210e+00
4.173998771900395255e+00
-2.999815152415497455e+00
9.926250422173634735e-01
1.767554790292646505e+00
-4.273066166304804625e+00
5.134027295989941564e+00
-4.072914059623231608e+00
2.379152155145931147e+00
-1.389485695553080769e+00
7.728233763585596883e-01
9.653906705139070343e-01
-4.099277025756684623e+00
6.525217843487954639e+00
-5.779512590731062716e+00
2.092254285776385281e+00
1.455221020759549067e+00
-2.309764811179046085e+00
1.400180794992081257e+00
-1.807820704709433013e+00
4.521218268799622741e+00
-6.620363183260197459e+00
4.582711866150315672e+00
1.059668676982633340e+00
-5.653301097863804969e+00
5.530069792062354495e+00
-2.270332252716031451e+00
6.963734304507358530e-01
-2.767523271709332988e+00
4.917471249039309100e+00
-2.467032821378434715e+00
-4.078484729236044437e+00
8.822800181864824509e+00
-7.126586023231501699e+00
1.214089621169599287e+00
2.341465492276715743e+00
-5.150713101419079898e-01
-2.527044822571460347e+00
7.753092998148702897e-01
5.664876384938970943e+00
-9.995675838537874114e+00
6.701110902975655037e+00
1.487393923712443389e+00
-6.413695973173058285e+00
4.048121587699561985e+00
8.137429602302894693e-01
-6.666694469925298350e-01
-5.099320762005778995e+00
9.046084732794117400e+00
-4.769181276078318987e+00
-4.769987232846639280e+00
1.014698481149253162e+01
-6.479740172877701099e+00
-7.882852681300827058e-01
2.594203644184595259e+00
2.562601323344824600e+00
-6.737637096937872272e+00
2.522959462917619522e+00
7.255711854656711424e+00
-1.228291225179776802e+01
6.973978603386944641e+00
2.657234120041721770e+00
-6.094322574415330429e+00
9.394944272707483890e-01
4.379323180790963832e+00
-1.294860736889996922e+00
-7.862195420011831359e+00
1.222435663972621711e+01
-5.571370055610170624e+00
-5.729507864910172721e+00
9.981101092945527498e+00
-4.014192101936503221e+00
-3.242195447467968172e+00
1.959001283561184970e+00
6.283358380644455288e+00
-1.029107658813776993e+01
3.161727580513056690e+00
8.720948445497439749e+00
-1.286011457583298423e+01
5.489287594387426417e+00
3.994460079018553600e+00
-4.535003452268758117e+00
-3.129037329593788108e+00
7.571891869849225465e+00
-1.081487441333794042e+00
-1.032249352596394942e+01
1.373521751746980790e+01
-4.922264965807882753e+00
-6.404456004804847780e+00
8.169364416466731171e+00
-3.382382039245412919e-01
-5.438905960419225138e+00
5.136479290593403135e-01
9.781082654479870797e+00
-1.244065922822547954e+01
2.786483696971927770e+00
9.442689591617222433e+00
-1.150291011319597345e+01
2.753306480479928098e+00
4.938359648089079457e+00
-1.955505906904450253e+00
-7.236754424992831503e+00
9.708002939433475476e+00
-2.525256312931518643e-01
-1.173787767646595981e+01
1.326240134177513674e+01
-3.242677020976368230e+00
-6.327117208546129135e+00
4.989462974636989401e+00
3.666972702679732077e+00
-6.838490342389222931e+00
-1.338475854435984047e+00
1.218562241280731229e+01
-1.281538082343100626e+01
1.800982602542349431e+00
8.959445611948746446e+00
-8.458373295515192680e+00
-4.625646262670031206e-01
5.125623939655985950e+00
1.076720735035023857e+00
-1.044091130852942584e+01
1.044354337090936014e+01
7.163204796998176027e-01
-1.157405787186668711e+01
1.096830185142167835e+01
-1.177760178693979753e+00
-5.282956294247817652e+00
1.105163666987672322e+00
7.076873283681175408e+00
-7.214128555049859060e+00
-2.980482174482935065e+00
1.285464292638528150e+01
-1.149699991453498171e+01
7.672835229323942130e-01
7.129724760270412354e+00
-4.393589213329426535e+00
-3.339509271140335578e+00
4.506242040130929993e+00
3.785838318209805209e+00
-1.201632339268197214e+01
9.839701331767907178e+00
1.263665855856549891e+00
-9.673091721340625782e+00
7.445317692140147159e+00
6.064351411952921822e-01
-3.401293450555742837e+00
-2.591466191763398985e+00
9.158989282255024733e+00
-6.695616886443209737e+00
-3.767696071259408086e+00
1.155061684536700639e+01
-8.973775524896874245e+00
2.116921474125259550e-01
4.206672142367781753e+00
-2.312884421619183506e-01
-5.231325381963531029e+00
3.357071344812284419e+00
5.396786288436849155e+00
-1.163751338616292053e+01
8.311754984334104535e+00
9.368857928250591272e-01
-6.322911549904030259e+00
3.554954306965902422e+00
1.621172098121545169e+00
-1.138590829923715297e+00
-5.206889321323351361e+00
9.550449823484669309e+00
-5.702267322326429522e+00
-3.232442077572171168e+00
8.512907813736545037e+00
-5.987061135973221759e+00
4.472154239998564762e-01
7.979945868368103490e-01
3.083511188232263667e+00
-5.825285890651826115e+00
2.189273841324379077e+00
5.355779864161619663e+00
-9.454221835055763634e+00
6.479649696828202465e+00
-4.432222098561862111e-01
-2.205021896176523555e+00
1.998733217365281090e-01
1.690037221644488774e+00
8.433957324361274210e-01
-6.080320916055889313e+00
8.330480497151315333e+00
-4.788263295374342476e+00
-1.246445159909645106e+00
4.403698637393225646e+00
-3.316596978457194478e+00
1.466980229823220405e+00
-2.281373194049415076e+00
4.822600792349764021e+00
-5.200590916773260020e+00
1.577918276867225744e+00
3.498886023587613803e+00
-6.040782264616380459e+00
4.967186092839971145e+00
-2.699333195019066878e+00
1.768374602175206256e+00
-1.907887114563189268e+00
9.825303525271047445e-01
1.870658521864164037e+00
-4.960680028226432725e+00
5.970973001967544214e+00
-4.449307680216699978e+00
1.909454949528960555e+00
1.415016939138029617e-01
-1.566574447718061869e+00
2.941408648113819524e+00
-4.224828076024531143e+00
4.654589678274248854e+00
-3.771504847036941221e+00
1.965790546309269526e+00
1.189229631088995487e-01
-2.234899621543481540e+00
4.210518434172244362e+00
-5.323950208366361458e+00
4.685021814291402187e+00
-2.419196044094895637e+00
-6.130054220080116689e-02
1.465190462602089516e+00
-2.076904511649365404e+00
3.182714420476475681e+00
-4.950545802944395390e+00
5.592477555579058013e+00
-3.332757136951345789e+00
-1.012845584156097711e+00
4.320564263040064468e+00
-4.458105613902773712e+00
2.717624938430148518e+00
-2.135834890844959588e+00
3.501816486303575893e+00
-4.091071442487310250e+00
1.088192349992147090e+00
4.332675268274936542e+00
-7.610707305882947082e+00
5.868512093656339523e+00
-1.415026277789767306e+00
-8.901246509263831541e-01
-4.933814472826898445e-01
1.918400155249259997e+00
7.038589874434624249e-01
-6.229056287344946874e+00
8.952569595661483248e+00
-5.293442534095749608e+00
-1.552692433980635611e+00
5.011222531270832725e+00
-2.808164672376184612e+00
-4.333117870783453895e-01
-8.764784108064245238e-01
5.964954188534240309e+00
-8.204971642369642382e+00
3.242985154350443988e+00
5.120275393313905354e+00
-8.854606745114056210e+00
5.054761074125167397e+00
6.466477286707208449e-01
-1.034493199280639875e+00
-3.702394509258308375e+00
6.116922964798844120e+00
-9.074971222832681761e-01
-7.901675560178986757e+00
1.115376597291598060e+01
-5.407304119886532590e+00
-2.767991993881038226e+00
4.575259587604110223e+00
4.321961367665649867e-01
-3.987715374871841245e+00
-3.765608554598784963e-01
8.799657791660518313e+00
-1.129715057171039660e+01
3.899918701570337376e+00
6.107636190866726267e+00
-8.563838296141256023e+00
2.460448280379019081e+00
3.085212981513205222e+00
-2.738951474940662933e-01
-7.489684518618449083e+00
9.588275695773646135e+00
-1.417458658992743370e+00
-9.377186257064927588e+00
1.160132934995808185e+01
-3.802869845016271011e+00
-4.079361944999855716e+00
2.888699101898743571e+00
4.564474008284371997e+00
-7.102767117848973299e+00
-7.036045534883403896e-01
1.125620865386767555e+01
-1.267929185695395233e+01
3.146531930664379750e+00
6.741185042476688594e+00
-6.620991419435302561e+00
-1.275364217902664521e+00
5.205713705375984546e+00
1.274459032452572860e+00
-1.097481950397729733e+01
1.161540077127752824e+01
-9.576918493007914313e-01
-1.004028344466703260e+01
1.011086087289426771e+01
-1.015446206792032680e+00
-4.942614406395653859e+00
2.114377368626105813e-01
8.655029328321933946e+00
-9.125343339295916678e+00
-1.596822460676480926e+00
1.259789868405447422e+01
-1.207584839455652315e+01
1.430123322221127147e+00
6.572969293183064110e+00
-3.344718146403631742e+00
-5.260100393867587876e+00
6.499469782099319914e+00
3.173891564411631894e+00
-1.329557451900226184e+01
1.186793098705280336e+01
4.467730456268670380e-02
-9.452548946272010255e+00
6.970879269865121408e+00
2.174165054658296015e+00
-5.027159544282872261e+00
-2.856712970381829031e+00
1.177071608625510635e+01
-9.751382303115455841e+00
-2.560359807237647001e+00
1.231640357184893908e+01
-9.690388942333374445e+00
-5.975265520062791325e-01
5.423194661004924200e+00
5.694188152233348177e-01
-8.580220146103876289e+00
6.779097901701631734e+00
4.790222994522316924e+00
-1.383771530564323982e+01
1.046764498586877679e+01
1.024387404919620437e+00
-7.509500076259305601e+00
2.879635310912870061e+00
4.959829034901562572e+00
-4.322195867148455939e+00
-5.524851791757907193e+00
1.321577353662851095e+01
-9.080236666718105809e+00
-3.033325816032639288e+00
1.029282973545253377e+01
-6.145323111785700121e+00
-2.285280771994746551e+00
3.460723691046066364e+00
4.215930071859347095e+00
-1.053344421615571314e+01
6.210428010062499560e+00
5.482748172327672975e+00
-1.240413545804218387e+01
7.930850519410125088e+00
1.472926824036036031e+00
-4.504570701416062306e+00
-1.228103551727621756e+00
6.726210151059918374e+00
-3.138688158616451673e+00
-7.024747299588797844e+00
1.270563818699288561e+01
-7.552486668362394795e+00
-2.584174339724874425e+00
6.856156392078045059e+00
-2.312594143083141596e+00
-3.176283710059164545e+00
1.174728381216173290e+00
6.710222609611268041e+00
-1.079753680552656903e+01
5.234865484238041766e+00
4.808102114537992300e+00
-9.275536293483666483e+00
5.007130005305597820e+00
1.110762503136150769e+00
-1.077336259801700891e+00
-4.417826050486368672e+00
7.200544311287154109e+00
-2.006704038823063474e+00
-6.829633707829419365e+00
1.043086734712264096e+01
-5.793345081603242797e+00
-1.069267540605442601e+00
2.719192972620419368e+00
9.170739224580218840e-01
-3.133500090307405728e+00
-7.568625103213122429e-01
7.420434488088081260e+00
-9.491150941829532783e+00
4.408324709458565138e+00
2.675801601602625368e+00
-5.144659861597911998e+00
2.462525152885427282e+00
-1.598146991751292489e-02
1.943175678442031096e+00
-5.991374212055040616e+00
6.499458417519164755e+00
-1.499356339111861836e+00
-4.815247145880917401e+00
6.994991787185020016e+00
-4.410530385515598617e+00
1.294392470320448574e+00
-1.193314516414815341e+00
2.862368677314432119e+00
-2.361703395621921331e+00
-1.665345986616366680e+00
6.136283370891474576e+00
-7.113182697859090631e+00
4.207429343228425545e+00
-5.928778666651570717e-01
-9.411593692557536084e-01
8.698093657545742374e-01
-1.544299402847898461e+00
3.758336000590938752e+00
-5.658401570250370938e+00
5.061300866049696978e+00
-2.037052619921303265e+00
-1.315492442442167453e+00
3.245130187569168267e+00
-3.807661395576974250e+00
3.967159863290378397e+00
-3.979025457409782085e+00
3.214749825575910602e+00
-1.321756886250123664e+00
-1.098214256994321625e+00
3.127872235401311762e+00
-4.381434418544515097e+00
4.863084594950122685e+00
-4.323771425299833382e+00
2.405430132070531357e+00
4.649741800215713150e-01
-2.906565438407752389e+00
3.821881339377837250e+00
-3.597443200817008968e+00
3.487759744271163864e+00
-3.732344658533492066e+00
2.945798316506490266e+00
4.366486079525466746e-02
-4.068439864360621883e+00
6.227571944661244530e+00
-4.991205020764779121e+00
2.093969540876215341e+00
-5.652527383387728754e-01
1.026378995795461879e+00
-9.222879780460959687e-01
-2.019325442065380116e+00
6.273065496206498892e+00
-7.653667710265230184e+00
4.200096499604802247e+00
1.108640195993473521e+00
-3.512938327127098859e+00
2.000984413412281615e+00
-3.918030480528456039e-01
2.344465070475804769e+00
-6.324383538556375584e+00
7.030822921979231310e+00
-1.955124702587010210e+00
-4.944970800650937193e+00
7.377213337937192250e+00
-4.006858552021824948e+00
-1.609284821870193838e-02
-5.412803852960577089e-01
4.365223004253802053e+00
-5.095658981522929842e+00
-5.529862183069362835e-01
8.021445009234909662e+00
-9.755659194388876188e+00
4.150687103522201937e+00
2.359850216620300145e+00
-2.948935418452944823e+00
-1.370495611970875105e+00
3.139663458341960922e+00
1.981347825789348427e+00
-9.226024760827758797e+00
1.002479563839642474e+01
-2.462172821771567932e+00
-5.952035727467168691e+00
6.950896032047368500e+00
-1.283572947333976089e+00
-2.429066336977990126e+00
-1.435350999253067972e+00
8.215265688768711883e+00
-8.474110460860332594e+00
-1.765771535760752853e-01
9.500509853252074421e+00
-1.006391183573340342e+01
2.425604270047141853e+00
3.636755580807411903e+00
-1.127730552571746703e+00
-5.563815149628669410e+00
6.167913368998570789e+00
2.426659122091487486e+00
-1.167349944322025124e+01
1.126974962129441238e+01
-1.603084481167595943e+00
-6.537269572895912262e+00
4.870406742520676069e+00
2.510406520047021584e+00
-4.465791450555814279e+00
-3.090901466830935362e+00
1.168383474054176929e+01
-1.037173101674181197e+01
-7.225712225047989934e-01
1.009973579447594361e+01
-8.434699216678145817e+00
-4.124758780132165015e-01
4.413640781209323016e+00
1.650864572917039474e+00
-9.634535347304892028e+00
8.071536565262782403e+00
3.385866263658997788e+00
-1.293791243538470503e+01
1.053142937714819105e+01
1.501028355720812613e-01
-6.274356213084836931e+00
1.495007035765770098e+00
6.473230144918596274e+00
-5.650106446039240282e+00
-5.039150802822271125e+00
1.391880178933230994e+01
-1.049923263747469981e+01
-1.742297209700298222e+00
9.405575508953340602e+00
-5.197496989157873060e+00
-3.575522985884920235e+00
4.393780777360583478e+00
4.755993408212775719e+00
-1.266125368481393032e+01
8.586827454959713890e+00
4.344865809352031150e+00
-1.253862689230782479e+01
8.053963553414458687e+00
2.141164776820306592e+00
-5.019258859825368901e+00
-2.449375580109427020e+00
9.704489035014665532e+00
-5.834225381406636934e+00
-6.630602608649800445e+00
1.433567267824488667e+01
-9.017673386687089732e+00
-2.669478234381468251e+00
7.351443494032491976e+00
-1.080188228286359520e+00
-6.272133902826809049e+00
3.605595520693888112e+00
7.383732361747884276e+00
-1.397918273312102855e+01
7.850436153288240959e+00
4.745448281018722625e+00
-1.039655977432565415e+01
4.488147932800438333e+00
3.735863283816954095e+00
-2.980245566273493907e+00
-6.045925752277788945e+00
1.153354744447006297e+01
-5.219016342752412108e+00
-7.230705559497087265e+00
1.277839826383444688e+01
-6.469701830785066221e+00
-3.015310186726215314e+00
4.270780641543336920e+00
2.972560666408816221e+00
-7.919175540302351379e+00
2.393032203616279663e+00
8.774854484043855152e+00
-1.334518177697645136e+01
6.326458793658241042e+00
4.178984192260452701e+00
-6.881317252026834197e+00
7.141980081591410290e-01
4.510437709979629339e+00
-6.779461268071420577e-01
-8.421152136979880964e+00
1.167918119186617254e+01
-4.266115937480949860e+00
-6.422166204658941169e+00
9.568466312399136697e+00
-3.610948440739979226e+00
-2.534819480675497338e+00
8.336585873809418956e-01
6.038871779042199961e+00
-8.284083988092250550e+00
1.303127829994919828e+00
8.431294507236966496e+00
-1.098994720747030840e+01
4.643188086117424618e+00
2.538356093868082475e+00
-2.735531150222678676e+00
-2.391181687860303828e+00
4.367322560743623683e+00
1.195544130785452186e+00
-8.973712384597074987e+00
1.029866818655726490e+01
-3.530980670778343100e+00
-4.153120430099766835e+00
5.427597261205779233e+00
-1.191732624403557317e+00
-1.313323860528710085e+00
-2.118870933660191191e+00
7.452141262420067136e+00
-7.519984363463510846e+00
9.048523928670176852e-01
6.269158764664859440e+00
-7.544538445353330403e+00
3.390304833345714641e+00
8.003809230110281447e-02
1.105628507844533814e+00
-4.178803075506781539e+00
3.545508484595144783e+00
1.979008158400005435e+00
-7.534698112655414448e+00
7.916160164200044314e+00
-3.469273739775434073e+00
-7.849315206597888839e-01
1.294429238440233831e+00
2.478729249170807947e-01
2.539277242197246487e-01
-3.798321842021151085e+00
6.963513899999468570e+00
-6.087484474613144236e+00
1.594430942390724137e+00
2.662955066377056035e+00
-3.863309486847175123e+00
2.937734400248959599e+00
-2.625484061961458782e+00
3.751883170701666437e+00
-4.381029631415550796e+00
2.524775654531836722e+00
1.247162916326113757e+00
-4.414764845780198677e+00
5.254285408538668989e+00
-4.276631743946476050e+00
2.978277000315050937e+00
-1.915004297544496303e+00
5.119095013786284509e-01
1.583589811506563860e+00
-3.688075600600704718e+00
4.791175462463583834e+00
-4.589960966425362443e+00
3.447142888882908096e+00
-1.634221348352416170e+00
-7.937305346170931974e-01
3.329825835526958766e+00
-4.843687284424768258e+00
4.587726745937221295e+00
-3.155531814753014697e+00
1.854786922156965723e+00
-1.042541194311476183e+00
-3.247041923653797291e-01
3.019730469587458721e+00
-5.811648810867261261e+00
6.262229455316258075e+00
-3.537773014301967223e+00
-2.245683550325059397e-01
2.091390271562544090e+00
-1.696162581554081950e+00
1.545043781077322098e+00
-3.573850556847515847e+00
6.162601387133705977e+00
-5.675030669953095241e+00
1.042497892884828969e+00
4.285283496248120549e+00
-5.884915187112616408e+00
3.431771734949697006e+00
-1.010308625743151723e+00
1.962423477056471022e+00
-4.506754972042472218e+00
3.808888003173767967e+00
1.705429623190663158e+00
-7.626873682001097166e+00
8.251235854515977408e+00
-3.323209731898984387e+00
-1.499627641854846427e+00
1.388257242902841693e+00
1.803040337879952881e+00
-1.949862115299922927e+00
-3.354786755277598065e+00
9.123423914730672379e+00
-8.557660640660106566e+00
1.397056405630219711e+00
5.301282657427801581e+00
-5.312290472092311866e+00
5.818426782062919855e-01
1.364703838132442115e+00
2.997224754473037933e+00
-8.413011587316646001e+00
7.082229869454614857e+00
1.465699139427571573e+00
-9.100095194397724185e+00
8.409969226628042804e+00
-1.478797983770267166e+00
-2.731145487872534972e+00
-5.746443343263685222e-01
6.052122946519999047e+00
-4.880309839927507554e+00
-3.921787661505752531e+00
1.155385195633469664e+01
-9.656006049798893542e+00
4.326996481259093308e-01
5.828853092109289591e+00
-3.087509332659337247e+00
-3.266295519839082395e+00
3.308109560038269947e+00
4.763461777040289391e+00
-1.185851169289428597e+01
8.841966557723736742e+00
2.098192483434652811e+00
-9.627749045038997977e+00
6.635960853554603744e+00
1.407160071028109805e+00
-3.413770201208548016e+00
-3.457919790991627718e+00
1.009799994255076960e+01
-6.657900055673388273e+00
-4.947742341269346866e+00
1.273496956081967113e+01
-8.777560503942977377e+00
-1.355613537779236211e+00
5.465126770026728309e+00
3.900279806792632531e-01
-7.203697329387590109e+00
4.377439013228132225e+00
6.761542248280605349e+00
-1.400336847951729524e+01
8.840214883685474589e+00
3.134581946788891571e+00
-8.822888641811523769e+00
3.299041061014563958e+00
4.541595309577083128e+00
-3.285685163208404980e+00
-6.601078107864918110e+00
1.303312412768855388e+01
-7.059470722245833052e+00
-5.902256564811238171e+00
1.221547365032929910e+01
-6.206284699803905625e+00
-3.309407072119896043e+00
4.102735311887535374e+00
4.365548616127475690e+00
-1.034514973904226132e+01
4.464546380192508934e+00
8.328676511496562185e+00
-1.429438637254812328e+01
7.276461599931467461e+00
4.009763369051140280e+00
-6.657604928342973238e+00
-8.448913466088909807e-01
7.149840176996476337e+00
-2.414425905825098084e+00
-9.189256023934110118e+00
1.422514439720578849e+01
-6.257995459539501759e+00
-6.231982975071916897e+00
9.956741850332761601e+00
-2.619658198878667577e+00
-4.813273837699214575e+00
1.989097964027211063e+00
7.913042152530435303e+00
-1.205301760882843354e+01
3.804239007136256401e+00
8.838637166749103713e+00
-1.261709591601168334e+01
4.717916528680652810e+00
4.256493575454936007e+00
-3.504947459436761559e+00
-4.843436392263872570e+00
8.682204064944469835e+00
-1.175697629500401131e+00
-1.047438489612187240e+01
1.347273610567481938e+01
-4.739234744415053768e+00
-5.552980259362926496e+00
6.368472004976027279e+00
1.096016792312409338e+00
-5.477661668410103601e+00
-3.250448661746974111e-01
1.017224732370400275e+01
-1.208734792962433779e+01
2.876463749104032797e+00
7.901890464934449909e+00
-9.333106514839863976e+00
1.924064870087980328e+00
3.665339870532196009e+00
-6.402113517307039814e-02
-7.789439986638443614e+00
8.946442640984637151e+00
-1.315184176040147257e-01
-9.988702649899936503e+00
1.104594569709785645e+01
-3.132368950754661263e+00
-3.795499396038378936e+00
2.221550249386656350e+00
4.080093701183160171e+00
-5.244448255832024230e+00
-2.135482761917968375e+00
1.057385364604125400e+01
-1.064313231163603746e+01
2.234033273441044187e+00
5.505907896169341953e+00
-5.191455822919204266e+00
-3.724695809938745050e-01
2.360638223392360402e+00
2.814204916353946651e+00
-9.049265958196331283e+00
8.131145223189026439e+00
1.554609615564687686e-01
-7.689273436504850068e+00
7.601617944456344311e+00
-2.007142963460783136e+00
-1.255163692181112012e+00
-1.540579657368057021e+00
5.716812875718501274e+00
-4.385683084324766945e+00
-2.790647737341430012e+00
8.990786447738287279e+00
-8.267960682110739867e+00
2.309832982833681214e+00
2.051675839993123418e+00
-1.137587298219807863e+00
-1.665498636229288509e+00
7.685984396679028663e-01
4.353531102640745942e+00
-8.415880149941854071e+00
6.717291922813054761e+00
-6.850681335073061096e-01
-3.990609086127588689e+00
3.999147400981361233e+00
-1.698733675256086872e+00
1.468103701527112115e+00
-4.041814929861215155e+00
5.779636350285286994e+00
-3.398108855494860414e+00
-1.894130630451317021e+00
5.773527806705416765e+00
-5.687089032967753255e+00
3.263309028547933366e+00
-1.728237946697165572e+00
1.928037997818011551e+00
-1.799149806614862346e+00
-5.137335420593691637e-01
4.068545427208876575e+00
-6.146270722397185082e+00
5.307754216297251304e+00
-2.690324353739824037e+00
3.265469869136008452e-01
1.069078373990587805e+00
-2.212230602853178407e+00
3.628798092307632839e+00
-4.699346783771558123e+00
4.463183676956339774e+00
-2.827274528065567782e+00
5.566641293106284749e-01
1.659446631633654246e+00
-3.588526883531720113e+00
4.914116089574751989e+00
-4.950622893104185351e+00
3.375937927313351405e+00
-9.830617238594311358e-01
-9.098269221656587469e-01
1.908664676573555763e+00
-2.875188108950916366e+00
4.427909784624747047e+00
-5.520770003849280627e+00
4.307484759707111976e+00
-6.007208154588065119e-01
-3.234151529523057622e+00
4.548177681327278066e+00
-3.373795491244996114e+00
2.297721513848402619e+00
-3.076070719418808608e+00
4.138775303390047178e+00
-2.418994515406123647e+00
-2.430882731134608843e+00
6.784614677767025981e+00
-6.813138218144835889e+00
2.997200377522834192e+00
3.017756337355765872e-01
-5.771753410364777181e-02
-1.711874431536397623e+00
5.683855549468543877e-01
4.358096225685318181e+00
-8.530237344408714506e+00
7.065462186662609056e+00
-8.028101326022150097e-01
-4.246048896184368537e+00
3.819285928564165822e+00
-4.024407272216374842e-01
-2.544821592527046761e-02
-4.257201153103399527e+00
8.091881719404227624e+00
-5.574410371019331123e+00
-2.328638469926668009e+00
8.240140736034966551e+00
-6.812483924154197013e+00
1.037486904344514738e+00
1.475156150394375310e+00
2.052708461739843226e+00
-6.008651233400039260e+00
3.389014080391195005e+00
5.048255653908494622e+00
-1.093307877347141499e+01
8.007658886117324570e+00
2.639292525497278774e-01
-4.704525905533351704e+00
1.444327455227657264e+00
3.493172922501812216e+00
-1.864604298486801426e+00
-6.136075907854918299e+00
1.150520308092136190e+01
-7.187319454472881120e+00
-3.045772363965039364e+00
8.686252889068414973e+00
-4.887919007978119623e+00
-1.891088261098725631e+00
2.053921106589691625e+00
5.042922504657054716e+00
-1.002211228409730737e+01
5.032508314255839998e+00
6.139965182600398919e+00
-1.202250012549098024e+01
6.983658342450563161e+00
2.083498811571247167e+00
-4.231905630179319644e+00
-2.137745084341542423e+00
7.399200079517437523e+00
-2.812041543460045645e+00
-8.183677627741444027e+00
1.355320813912197764e+01
-7.051451379083880866e+00
-4.096246307224410188e+00
7.764260587548652559e+00
-1.448912858823529826e+00
-4.992617680998380436e+00
1.812100673048783861e+00
8.224299138667326758e+00
-1.286063938634327641e+01
5.316319052613029505e+00
7.088548153694371301e+00
-1.137809811487452194e+01
4.316414665615148749e+00
3.997365775867189441e+00
-2.758290584659007116e+00
-6.144917240151368532e+00
1.044764311722921235e+01
-2.799178894858527666e+00
-9.725990476960024722e+00
1.371547274736811062e+01
-5.403763114874248430e+00
-4.918312367095493798e+00
5.485599285494731525e+00
2.722315314407075082e+00
-7.511121205842488990e+00
8.561224184240332491e-01
1.077315429515152800e+01
-1.392569014810713846e+01
4.448665248562215346e+00
7.347687763276914197e+00
-9.002247626451575613e+00
7.083159375434995297e-01
5.410827309137813401e+00
-5.698800694631502850e-01
-9.644143246537019820e+00
1.203512936986970239e+01
-2.093563803946748791e+00
-1.014726104928216799e+01
1.191951417938257762e+01
-2.834179532899817389e+00
-5.068076451597423038e+00
2.262413294286974352e+00
6.667818726338154534e+00
-8.931491232265940994e+00
-4.078708069415122317e-01
1.195470390636114999e+01
-1.305803254562399651e+01
2.935060046814436774e+00
6.559830809876949331e+00
-5.344089074710329790e+00
-2.950448331229503118e+00
5.969549887507163533e+00
1.753913384048882307e+00
-1.179048538684853575e+01
1.196311895247505319e+01
-1.191479049081068498e+00
-9.087325863202210030e+00
8.566287029192491076e+00
-1.038409840155898323e-01
-4.372521320881834761e+00
-1.178708497260021915e+00
9.497215450802181991e+00
-9.101804411940403128e+00
-1.404914505110144152e+00
1.133300846977953391e+01
-1.056616506866990512e+01
1.403380638281126025e+00
4.693334752187022119e+00
-1.201113751401741592e+00
-5.817278817108163302e+00
5.654709865971081051e+00
3.498854988883197681e+00
-1.204808870624100336e+01
1.046330014670883912e+01
-6.409166280988074504e-01
-6.573595810630986414e+00
4.430409512779387882e+00
2.074241655434875042e+00
-2.994708298639456423e+00
-3.979018355909854421e+00
1.061115701302564496e+01
-8.244977973390547277e+00
-1.580836731571063636e+00
8.906562615113108095e+00
-7.130904966866387085e+00
4.016004063809539559e-01
2.082532773547945304e+00
2.477135848629212767e+00
-7.311050354176257038e+00
4.770158932753590264e+00
4.025164588148874678e+00
-1.033205529371761422e+01
8.104820239515465374e+00
-8.502359035555913103e-01
-3.046100487306826921e+00
4.619334750774636289e-01
3.228846336199056033e+00
-1.390431674688084041e+00
-5.376714879316706330e+00
9.844642183572362981e+00
-6.860420358470062041e+00
-5.929039004822738157e-01
5.129169841387975382e+00
-3.614482678510809510e+00
2.291986420399383384e-01
-6.447064090340122178e-01
4.830807440211574821e+00
-7.246399657171714637e+00
3.827597799751195851e+00
2.966874934014363863e+00
-7.031856675995445727e+00
5.613362288355276952e+00
-1.941879969369483927e+00
7.357468843443246698e-01
-2.456277245004867549e+00
3.244121283570644998e+00
-1.683755079048199210e-01
-4.919067769182842831e+00
7.492504870138036566e+00
-5.548309276944690005e+00
1.557365634417217315e+00
8.075277031151384399e-01
-8.285556182407958214e-01
8.522171494090415855e-01
-2.734011472072946258e+00
5.311166515253719744e+00
-5.853821097964148734e+00
3.366289626643022892e+00
3.618871868848522189e-01
-2.909662252015865036e+00
3.656373936089530652e+00
-3.696923467773921779e+00
3.881959329332526298e+00
-3.729458862756850568e+00
2.363096803403553547e+00
1.048228081380761512e-01
-2.597292419234037197e+00
4.212479328682505297e+00
-4.811163429209768694e+00
4.491787224232763442e+00
-3.098472814059494151e+00
6.739928890537041362e-01
1.926298461075983681e+00
-3.519683318596372512e+00
3.821123732838344278e+00
-3.683935753446673900e+00
3.763424078002501894e+00
-3.327866991034972521e+00
1.098404115254081104e+00
2.657112515742795278e+00
-5.608967421968891642e+00
5.605642269108934705e+00
-3.190605060659290615e+00
1.083846353044784383e+00
-9.040741080610319447e-01
1.135285612749318940e+00
8.353030989108982673e-01
-4.893133672944522949e+00
7.536948629520147769e+00
-5.719214931691965376e+00
7.266159766799260566e-01
2.919403467759728699e+00
-2.626212866139444824e+00
7.365208576712016786e-01
-1.427212338318625040e+00
5.094115788252683963e+00
-7.315855229463627651e+00
4.123353447402104521e+00
2.690354419349104020e+00
-7.032980757376769532e+00
5.436954091230418840e+00
-1.122544802047343637e+00
-1.752394930085721114e-02
-3.165841909172131263e+00
5.468968608021664402e+00
-1.863314354122633576e+00
-5.705361668520332330e+00
9.899447478372014331e+00
-6.496493064509150095e+00
-4.368056281995968959e-01
3.295872171679895324e+00
-9.679686996430461599e-02
-3.197129159783193231e+00
2.961525370854314332e-01
7.085336257177225150e+00
-1.068548891582031501e+01
5.580796899324550253e+00
3.487646801678197406e+00
-7.385785373447907531e+00
3.357234689428429508e+00
1.840674735138609464e+00
-4.818097323657468678e-01
-6.263383159737867523e+00
9.439932506020324965e+00
-3.364491994613997061e+00
-6.859474189721625592e+00
1.088672400364175274e+01
-5.322203452013757996e+00
-2.281174011475528118e+00
2.704887970616475457e+00
3.590759859471316595e+00
-7.063288870105244754e+00
1.114185136484141303e+00
9.180119828524667014e+00
-1.262766921612073823e+01
5.306166407699594245e+00
4.547239068027224107e+00
-6.338522559468902529e+00
-1.852346111020697350e-01
4.902512538970046130e+00
-1.197181658299859563e-01
-9.481523353271992249e+00
1.217451764573242912e+01
-3.526244253198882461e+00
-7.798565280800937138e+00
1.011075582271298856e+01
-2.557346407868215543e+00
-4.150091450040189756e+00
1.114715831216461339e+00
7.628884895318353898e+00
-1.001314456933631547e+01
9.976757442446724244e-01
1.069532912517531820e+01
-1.265612631448245651e+01
3.572825546516765094e+00
5.312912079657206910e+00
-3.942527062298546880e+00
-4.383683593418379765e+00
7.327570059992845941e+00
9.237718799312708562e-01
-1.198990670209413878e+01
1.310926815778740817e+01
-2.590855994710233645e+00
-7.985498557711257384e+00
7.615336487740959726e+00
1.072624662206047130e+00
-5.471368642112715008e+00
-1.150151933793331693e+00
1.107967965480482420e+01
-1.147874911545446075e+01
2.456158193101988241e-01
1.102780868846244289e+01
-1.074065464948382065e+01
9.915065441796935275e-01
5.365838617445219505e+00
-6.484098511221114691e-01
-8.276820734408349978e+00
8.636360549099677542e+00
2.213492531897966131e+00
-1.306912644957938774e+01
1.212720366611601719e+01
-1.081626616330703783e+00
-7.090732477586556115e+00
3.888287836353124138e+00
4.675840076580208837e+00
-5.926794706564995963e+00
-3.483156430311274754e+00
1.311558266332544065e+01
-1.130299975376627941e+01
-6.313980144592328259e-01
9.848293741332540208e+00
-7.320668116809512682e+00
-1.677194753560107721e+00
4.570182185534719999e+00
2.791387448459502707e+00
-1.099303677363113607e+01
8.717165159600259727e+00
3.163608128626769656e+00
-1.231649752316315016e+01
9.574270335273961763e+00
3.770531080045875783e-01
-5.121357028139490453e+00
-2.480192249188681863e-01
7.429682357825573291e+00
-5.536582754135476847e+00
-5.162162516306191051e+00
1.323552563467313448e+01
-9.753161577413296257e+00
-1.092355957164341973e+00
7.224624065968649589e+00
-3.194558337415629445e+00
-3.741736342601801546e+00
3.127320132724672241e+00
5.512503214515272809e+00
-1.196849383995324878e+01
7.825993872277727803e+00
3.230562213866300603e+00
-9.772301541307653494e+00
6.153380698980539520e+00
1.260749076589954498e+00
-2.449860823781344621e+00
-3.840136971889898554e+00
8.788765590874632494e+00
-4.635035525297567460e+00
-5.561286187211331722e+00
1.139701297599978780e+01
-7.418000558608406791e+00
-7.550989135079646530e-01
3.635179235503695594e+00
6.852224377469043892e-01
-4.766838876143097536e+00
1.521165029785192413e+00
6.769608162350647440e+00
-1.108031717988901832e+01
6.478688376094972057e+00
2.100774953790570443e+00
-5.928810164946654027e+00
2.727392883792453926e+00
1.306520276283915205e+00
2.695185232784131912e-01
-6.046493457193787613e+00
8.608858657847411777e+00
-3.746763051941731426e+00
-4.346484601750526977e+00
8.027560074376150823e+00
-5.021430202905470708e+00
4.651119807742709611e-01
-1.354603832176097811e-01
3.455380625467244116e+00
-4.676487328451958803e+00
3.699396166589339341e-01
6.144038102953750524e+00
-8.660124470429087395e+00
5.270555602493156577e+00
-1.849360446434986649e-01
0.000000000000000000e+00
3.558111438988461828e+00
6.932138144560626714e+00
9.948579595111581853e+00
1.245443973619340383e+01
1.432586358666055304e+01
1.547495596614586333e+01
1.585436886555613256e+01
1.545939168023794963e+01
1.432744298900891167e+01
1.253503248851486873e+01
1.019242545314677351e+01
7.436388549690938099e+00
4.421515128385175686e+00
1.310712332217809362e+00
-1.734523887697259514e+00
-4.563419023567967692e+00
-7.044230473252678593e+00
-9.071053970655825083e+00
-1.056873542394391841e+01
-1.149563573617320067e+01
-1.184414872519018580e+01
-1.163902826640473087e+01
-1.093372920129050563e+01
-9.805097016985010683e+00
-8.346844858744448814e+00
-6.662326187465808403e+00
-4.857142966210739488e+00
-3.032121098080885702e+00
-1.277138291556646266e+00
3.337912759913388427e-01
1.745879615682551567e+00
2.925206678333216459e+00
3.858609967203897373e+00
4.551926723357746063e+00
5.026818096082929621e+00
5.316508933021786731e+00
5.460852960903052278e+00
5.501175755226586084e+00
5.475354166338710193e+00
5.413560701171345357e+00
5.335037437631711121e+00
5.246171603893378332e+00
5.140031365740945546e+00
4.997394595446817966e+00
4.789175317221346262e+00
4.480032172492446563e+00
4.032840066059417694e+00
3.413628280097843248e+00
2.596541996329565727e+00
1.568373174833111783e+00
3.322322415307441545e-01
-1.090007606373424309e+00
-2.656770769308152147e+00
-4.307506813908125842e+00
-5.965117676342289954e+00
-7.539981311670792330e+00
-8.935337753097343239e+00
-1.005368753845246665e+01
-1.080376036251409033e+01
-1.110755100970830611e+01
-1.090689525650226877e+01
-1.016907300696535188e+01
-8.890979086445906177e+00
-7.101490661377194868e+00
-4.861778326723468879e+00
-2.263447413013071507e+00
5.754527539035843020e-01
3.516361798691446161e+00
6.407751519688639874e+00
9.093825760125545443e+00
1.142383100643386840e+01
1.326137593147530325e+01
1.449314316662637836e+01
1.503640420904837960e+01
1.484481717127840739e+01
1.391209275088711195e+01
1.227324938567996426e+01
1.000333494544761059e+01
7.213658843183422320e+00
4.045743690148089655e+00
6.633581535226875658e-01
-2.756878086832259100e+00
-6.035729456490981804e+00
-9.001774025644738941e+00
-1.150136718037347805e+01
-1.340750878946506042e+01
-1.462705518821548623e+01
-1.510582664192902413e+01
-1.483130015944975888e+01
-1.383273701850381698e+01
-1.217876316726596642e+01
-9.972587190777217003e+00
-7.345193385909269956e+00
-4.446976282901033528e+00
-1.438379020181347556e+00
1.519845012836615883e+00
4.276113472444819763e+00
6.696634322345209611e+00
8.672627638736184252e+00
1.012571952863986624e+01
1.101121042361498681e+01
1.131907078981339509e+01
1.107267536650367923e+01
1.032544121168474227e+01
9.155674296958460801e+00
7.660044523199701416e+00
5.946192039530048490e+00
4.125013246377917220e+00
2.303180212043869801e+00
5.764127176643363271e-01
-9.760490685686962209e-01
-2.295425414139174336e+00
-3.345610541874277200e+00
-4.113536519534676472e+00
-4.607746645995760559e+00
-4.855371374854295929e+00
-4.897816341493356873e+00
-4.785562736153412544e+00
-4.572538636729775341e+00
-4.310541990399876511e+00
-4.044180468191200362e+00
-3.806741988718645331e+00
-3.617326583949891372e+00
-3.479462088022922117e+00
-3.381301352860305087e+00
-3.297367031043494379e+00
-3.191681604804888828e+00
-3.022005192942332830e+00
-2.744810631399279721e+00
-2.320561612598218026e+00
-1.718830275284024101e+00
-9.227979544748983187e-01
6.727355696651216022e-02
1.231936062305802437e+00
2.532045831057067709e+00
3.909958741470826560e+00
5.292402716117677208e+00
6.594865820982876770e+00
7.727213804354851945e+00
8.600145914890944709e+00
9.132020771548504001e+00
9.255541067686595014e+00
8.923780703253946456e+00
8.115071504687181303e+00
6.836337099854011612e+00
5.124564108143432328e+00
3.046228503152776934e+00
6.946388039502107148e-01
-1.814692631638291420e+00
-4.350394321865678648e+00
-6.772911452087798878e+00
-8.943023897735001171e+00
-1.073064668880843797e+01
-1.202332068202308690e+01
-1.273381008585606722e+01
-1.280627356577270248e+01
-1.222056387098931296e+01
-1.099433144957461828e+01
-9.182752185197475825e+00
-6.875858247610722174e+00
-4.193613074097575222e+00
-1.279025368980922561e+00
1.710268088850567025e+00
4.611414634763706388e+00
7.266146365424956954e+00
9.530333484652512510e+00
1.128266867232751913e+01
1.243191733707038615e+01
1.292226376901201945e+01
1.273641043587016952e+01
1.189623816235909004e+01
1.046099826663163768e+01
8.523172571233962103e+00
6.202292141164649664e+00
3.637139925102188087e+00
9.768669567222296735e-01
-1.628380697234909746e+00
-4.036700964631068089e+00
-6.122934398307815940e+00
-7.785874460269439190e+00
-8.953737062271859060e+00
-9.587562659176750657e+00
-9.682370957165097991e+00
-9.266045636497530325e+00
-8.396083223188304245e+00
-7.154485327073691003e+00
-5.641196761319859476e+00
-3.966585070817829184e+00
-2.243513458124914539e+00
-5.795754091808520414e-01
9.299651981564771575e-01
2.208047814559829458e+00
3.200118733410188820e+00
3.876603176702431153e+00
4.233424477077099013e+00
4.290595184045212562e+00
4.089047019807084737e+00
3.685994135308245934e+00
3.149227855630473805e+00
