1.285939152811563169e+01
1.428106876818346649e+01
1.509231570040968329e+01
1.526251347745492914e+01
1.478828185287465580e+01
1.369345621999262086e+01
1.202791502107132260e+01
9.865314285288199869e+00
7.299831914389061538e+00
4.442065558094266287e+00
1.414262792064413965e+00
-1.654910605371846977e+00
-4.635840280953867243e+00
-7.403438236066001821e+00
-9.842391745154106530e+00
-1.185196601468013711e+01
-1.335016064049387019e+01
-1.427704854785040745e+01
-1.459716177741812615e+01
-1.430082965513031468e+01
-1.340441977429387599e+01
-1.194947890053740025e+01
-1.000081739703052719e+01
-7.643625094034992351e+00
-4.979746833551729424e+00
-2.123280530017995993e+00
8.043119220038823514e-01
3.679371304755334471e+00
6.381265441679795813e+00
8.797450502508473491e+00
1.082815690365269212e+01
1.239050478836106883e+01
1.342187951310186378e+01
1.388242998719691812e+01
1.375659069152060887e+01
1.305357009408924007e+01
1.180679218734919900e+01
1.007232211953813206e+01
7.926349510079347738e+00
5.461842238842027797e+00
2.784517651427184326e+00
8.305823144568513783e-03
-2.749500347964049851e+00
-5.373201686391836596e+00
-7.753546426212166054e+00
-9.792277436138313362e+00
-1.140618381183091401e+01
-1.253048996333013321e+01
-1.312144448839795530e+01
-1.315800586627298685e+01
-1.264256082201770148e+01
-1.160065243037370664e+01
-1.007973689284279928e+01
-8.147028662285045186e+00
-5.886531497029929838e+00
-3.395386525963171032e+00
-7.796961206260029087e-01
1.849996821423685489e+00
4.383381496899567686e+00
6.715006170602040747e+00
8.748665441389068320e+00
1.040136536612175000e+01
1.160670321642079728e+01
1.231752456237001958e+01
1.250775185993771998e+01
1.217331439308625995e+01
1.133214775066768887e+01
1.002327036679600525e+01
8.304983357111288100e+00
6.252276319322258580e+00
3.953554421257275742e+00
1.506829632365701777e+00
-9.844597485295016881e-01
-3.415822896894748162e+00
-5.686098619257708542e+00
-7.701662103514946622e+00
-9.380281426722904214e+00
-1.065446516970072643e+01
-1.147416519066874230e+01
-1.180872681887214171e+01
-1.164801120970693660e+01
-1.100264995298321047e+01
-9.903428735558943430e+00
-8.399833375388631396e+00
-6.557826335260600104e+00
-4.456953447065140850e+00
-2.186907733793773900e+00
1.563011911874250259e-01
2.474408493566706113e+00
4.671014421957248253e+00
6.655590803280697187e+00
8.347207319206912501e+00
9.677824392879118776e+00
1.059501904164353547e+01
1.106403498675724428e+01
1.106907755884929578e+01
1.061380623197602979e+01
9.721011578032781486e+00
8.431497619511175046e+00
6.802223539432469046e+00
4.903789114826450302e+00
2.817374827986277808e+00
6.312693040446246684e-01
-1.562867333959987448e+00
-3.673846019100658111e+00
-5.614736144694076003e+00
-7.306440623513418942e+00
-8.680911790429751917e+00
-9.683877739455910572e+00
-1.027697036151706556e+01
-1.043917233826813984e+01
-1.016752952088465989e+01
-9.477106230805841136e+00
-8.400192744424098024e+00
-6.984805236514250559e+00
-5.292547472724519864e+00
-3.395929371881160286e+00
-1.375259162159498949e+00
6.847576229728513653e-01
2.698568255859020937e+00
4.583323274861809793e+00
6.262280062864983066e+00
7.667919940668959100e+00
8.744652515404121473e+00
9.450999465975716163e+00
9.761172664922895592e+00
9.665987537518144990e+00
9.173080727906070209e+00
8.306430284719455770e+00
7.105205474463727633e+00
5.622000784004086427e+00
3.920533561607675743e+00
2.072906066779665935e+00
1.565496100192405038e-01
-1.749019684929021601e+00
-3.565497603760198864e+00
-5.219004487278124493e+00
-6.643082220232194857e+00
-7.781354344454573635e+00
-8.589743325067583868e+00
-9.038158444441386052e+00
-9.111590589170642573e+00
-8.810575349163762837e+00
-8.151012298089106878e+00
-7.163354963724418489e+00
-5.891211724103483149e+00
-4.389421631212435670e+00
-2.721690013033137845e+00
-9.578858141785309144e-01
8.288846528665763103e-01
2.565305028169071022e+00
4.180852060860095420e+00
5.610651823506737301e+00
6.798073672354457031e+00
7.696958746385145211e+00
8.273395985799291807e+00
8.506978204500956764e+00
8.391492826262632931e+00
7.935025553215096394e+00
7.159479488342221032e+00
6.099536080095191437e+00
4.801106726549883241e+00
3.319344067859619329e+00
1.716299113809752974e+00
5.832373942986368576e-02
-1.586672761084256145e+00
-3.151999760702293152e+00
-4.574880786858985360e+00
-5.798959840592713633e+00
-6.776519004298395821e+00
-7.470320750231046247e+00
-7.855004666471625541e+00
-7.917987262562953710e+00
-7.659834297825753424e+00
-7.094096822897208554e+00
-6.246623943917691157e+00
-5.154386323768056499e+00
-3.863863786413206824e+00
-2.429067328580527096e+00
-9.092797164050328007e-01
6.333908644161390100e-01
2.136543293251556008e+00
3.539999127166751247e+00
4.788200317792396632e+00
5.832394030777533267e+00
6.632519327749031746e+00
7.158723526079302069e+00
7.392451829458233092e+00
7.327071650103779810e+00
6.968012177048768407e+00
6.332419398917850550e+00
5.448346169648606185e+00
4.353515240499487682e+00
3.093709753832206033e+00
1.720859867361395068e+00
2.909054212083947988e-01
-1.138477531511377983e+00
-2.510194203256416845e+00
-3.769999846857517767e+00
-4.868630218386532427e+00
9.923088135237309260e+00
-8.605630666288169195e+00
-2.474114972968083137e+00
1.276122971820844754e+01
-1.062501972166391440e+01
-3.508751943089337466e+00
1.567794309135698150e+01
-1.217287025107753706e+01
-5.015928231610938148e+00
1.850655178495296127e+01
-1.316224791697668017e+01
-6.902905678706582115e+00
2.108241729450497104e+01
-1.354688879728169937e+01
-9.044853152554685138e+00
2.325471344840580912e+01
-1.332429407852776748e+01
-1.129401546834481174e+01
2.489721707988653776e+01
-1.253562573903269595e+01
-1.349058444082215047e+01
2.591732823441813593e+01
-1.126241308086030912e+01
-1.547447707484636226e+01
2.626266230851911487e+01
-9.620312948376675166e+00
-1.709715945277342186e+01
2.592473371031285723e+01
-7.750381694253485776e+00
-1.823265136863561509e+01
2.493946291306718166e+01
-5.808498699182041314e+00
-1.878690644489686079e+01
2.338447063424488803e+01
-3.953716242319040397e+00
-1.870488098867803473e+01
2.137335737799811852e+01
-2.336388895066227711e+00
-1.797477354396816196e+01
1.904738659888693775e+01
-1.086951645725595661e+00
-1.662912365155106187e+01
1.656517920776870767e+01
-3.061684864067366618e-01
-1.474268765119941094e+01
1.409117220804811943e+01
-5.756567464183071081e-02
-1.242724469937463283e+01
1.178368432598525573e+01
-3.626041758569593654e-01
-9.823710339510052236e+00
9.783460003761124568e+00
-1.198945566411035557e+00
-7.092131575757074202e+00
8.203527977609439858e+00
-2.501939558056688107e+00
-4.400292102904399982e+00
7.121114434290138462e+00
-4.169225812525358066e+00
-1.911757833868738210e+00
6.572200458549714241e+00
-6.068115053402467041e+00
2.257662715773438578e-01
6.549120131352304419e+00
-8.045211283609107866e+00
1.890919822346329049e+00
7.001373339480386981e+00
-9.937573025605519916e+00
2.997247500145725496e+00
7.839592351873131193e+00
-1.158459889155190226e+01
3.499213357463458962e+00
8.942370675391396517e+00
-1.283976968959625076e+01
3.395231777545627772e+00
1.016545346489014534e+01
-1.358138956061981517e+01
2.727495844453359908e+00
1.135261611554009775e+01
-1.372154156693885341e+01
1.578617752656799489e+00
1.234743422232832977e+01
-1.321260339450791577e+01
6.532868356980836566e-02
1.300508287074465130e+01
-1.205084687043383695e+01
-1.670299714532387458e+00
1.320330098931284724e+01
-1.027685783333615177e+01
-3.471469170537925031e+00
1.285171741225653719e+01
-7.972744978794136017e+00
-5.178326939219467739e+00
1.189885491993574540e+01
-5.256340683171848660e+00
-6.639842062422078861e+00
1.033629810755892464e+01
-2.272816366089887019e+00
-7.725016787709608757e+00
8.199718091311522628e+00
8.156763530422310726e-01
-8.332612914267407689e+00
5.566676662412223919e+00
3.841583398533978677e+00
-8.398681487700276449e+00
2.551367771222154079e+00
6.643900692375429351e+00
-7.901344905986289469e+00
-7.033220216567506178e-01
9.079629903951158099e+00
-6.862481391982577783e+00
-4.035856597727214279e+00
1.103390250199080924e+01
-5.346188256901007740e+00
-7.277465587290061322e+00
1.242803452138764264e+01
-3.454135878946841931e+00
-1.026410036401376047e+01
1.322492573177929387e+01
-1.318151647025712414e+00
-1.284805957535713716e+01
1.343141098600764849e+01
9.094243365969394421e-01
-1.490843709465980460e+01
1.309739425521705058e+01
3.066907036058709402e+00
-1.635963118719239873e+01
1.231183095239192582e+01
4.995141505752319411e+00
-1.715729518263174214e+01
1.119585443326914387e+01
6.549217070702915144e+00
-1.730129670453475299e+01
9.893551219395670060e+00
7.609164145715831218e+00
-1.683547088145141046e+01
8.561061270253542688e+00
8.088851320677726164e+00
-1.584418700316895112e+01
7.354801990468041950e+00
7.942431644753538578e+00
-1.444598069339248347e+01
6.419678655866806416e+00
7.167865916793905612e+00
-1.278471785594754984e+01
5.878144903505879704e+00
5.807264167493268125e+00
-1.101893677025766749e+01
5.820914785517054213e+00
3.944018814132062012e+00
-9.310147606627435124e+00
6.300007175130721393e+00
1.696937212648032656e+00
-7.810944596128793549e+00
7.324632853558006751e+00
-7.881995863560773419e-01
-6.653799575756708329e+00
8.860226851796312530e+00
-3.349037154684394668e+00
-5.941355653044032792e+00
1.083069874870839300e+01
-5.818249329584970653e+00
-5.738929947870701653e+00
1.312373842940805702e+01
-8.035495751083937321e+00
-6.069772794153926121e+00
1.559879146793197968e+01
-9.858863921939205355e+00
-6.913429224794500172e+00
1.809712313187707622e+01
-1.117496211763070768e+01
-8.207321745526630963e+00
2.045323727176931072e+01
-1.190692805758696515e+01
-9.851437897376770891e+00
2.250681721331244489e+01
-1.201977051570634458e+01
-1.171577911865452215e+01
2.411431745973862562e+01
-1.152265587459325502e+01
-1.365002552876829967e+01
2.515936033436597086e+01
-1.046797478171277085e+01
-1.549470921694675596e+01
2.556117880132295284e+01
-8.947259245429886931e+00
-1.709307826742440639e+01
2.528048923338219112e+01
-7.084250534647718034e+00
-1.830278315102509978e+01
2.432236543917120741e+01
-5.025626314288357044e+00
-1.900652995905176823e+01
2.273590411880416440e+01
-2.930066361325271096e+00
-1.912092031110070423e+01
2.061070610102974854e+01
-9.564574769880547223e-01
-1.860283013013768993e+01
1.807043012013343386e+01
7.478990170538359905e-01
-1.745285917719508717e+01
1.526388954121823360e+01
2.058214123334790813e+00
-1.571559714793479401e+01
1.235434173199713825e+01
2.881472651427081644e+00
-1.347668462817145674e+01
9.507751612000218344e+00
3.163351439362336315e+00
-1.085688130157294573e+01
6.880885656984052190e+00
2.892287748030989647e+00
-8.003572399703431373e+00
4.610104838203741728e+00
2.100399611193944693e+00
-5.080331513417111644e+00
2.801673742948217694e+00
8.611900647770500683e-01
-2.255299875811994870e+00
1.524292198367540152e+00
-7.157977003022395479e-01
3.107712923875380895e-01
8.043932090739298602e-01
-2.492984294267719836e+00
2.475944131784537205e+00
6.245487931934681214e-01
-4.314832786272486231e+00
4.127150921096645497e+00
9.250981352201490537e-01
-6.019265905707067432e+00
5.188151774824355300e+00
1.608876962614951722e+00
-7.449587653575433066e+00
5.624814009587910668e+00
2.548700401939397508e+00
-8.466038149479526709e+00
5.447329482593040950e+00
3.597050337137905895e+00
-8.956137140386172035e+00
4.709209777054105928e+00
4.597257178077169826e+00
-8.843059897294205385e+00
3.503134365581080267e+00
5.395356722062288668e+00
-8.091432776826168904e+00
1.953956638339842122e+00
5.851753433725661147e+00
-6.710124040685599311e+00
2.093801557241830036e-01
5.851835585717560129e+00
-4.751824852019478129e+00
-1.571012480098048947e+00
5.314764262580627729e+00
-2.309449682924075375e+00
-3.227575563787299373e+00
4.199791640584872532e+00
4.903824439606072616e-01
-4.612396924106805685e+00
2.509644471106533992e+00
3.496311355314769109e+00
-5.600212738203649288e+00
2.907231275490413935e-01
6.542990795580178265e+00
-6.097642604012912138e+00
-2.369900739018721225e+00
9.462851431055460338e+00
-6.050069847059978301e+00
-5.350470950808995596e+00
1.209801453592653786e+01
-5.445664246386598961e+00
-8.503082871935115250e+00
1.431148819514962156e+01
-4.316253305007914598e+00
-1.166414737078620512e+01
1.599683035356892802e+01
-2.734978598221156965e+00
-1.466602029846374577e+01
1.708557510541155011e+01
-8.109087755994281999e-01
-1.734894983131951562e+01
1.755188206666408490e+01
1.318996701874920463e+00
-1.957247066048694251e+01
1.741407156404133261e+01
3.499985294928716684e+00
-2.122541426384369245e+01
1.673293588699481660e+01
5.570932026343804466e+00
-2.223380542583339192e+01
1.560695236297003241e+01
7.376247656634358663e+00
-2.256606940688367757e+01
1.416475032651210242e+01
8.777403247312062007e+00
-2.223517044037980028e+01
1.255538462772975805e+01
9.663227835444505587e+00
-2.129752621447745042e+01
1.093712851290992383e+01
9.958225427306395261e+00
-1.984877831801539827e+01
9.465606808330360167e+00
9.628302079489923671e+00
-1.801672810508903311e+01
8.282138451140141910e+00
8.683482913581732632e+00
-1.595195429940651799e+01
7.503142024524160902e+00
7.177418694154945378e+00
-1.381679780715414196e+01
7.211380192711033033e+00
5.203716034353897513e+00
-1.177351828054466587e+01
7.449684476014981627e+00
2.889357253941641002e+00
-9.972487276420519464e+00
8.217620480156892171e+00
3.856884569675773089e-01
-8.541279981784381192e+00
9.471338744094465412e+00
-2.142368005891785110e+00
-7.575461641672676549e+00
1.112662350024260149e+01
-4.528090845227065842e+00
-7.131740835517227595e+00
1.306491786233847030e+01
-6.614868776410899542e+00
-7.223988664552052796e+00
1.514188634853817916e+01
-8.267373346389183197e+00
-7.822413380369527047e+00
1.719789010796052864e+01
-9.381181647543172630e+00
-8.855949310788151507e+00
1.906961030313051708e+01
-9.890148125928680756e+00
-1.021768397621078606e+01
2.060197103068282942e+01
-9.770989072561853561e+00
-1.177292520255940467e+01
2.165949108117023059e+01
-9.044746937892693239e+00
-1.336931705069124376e+01
2.213623536023779081e+01
-7.775029461816689746e+00
-1.484826359521892059e+01
2.196363888584245672e+01
-6.063154120399047997e+00
-1.605682394113209810e+01
2.111563148337796036e+01
-4.040554352501299462e+00
-1.685920735196318532e+01
1.961068828543991316e+01
-1.859003938539207201e+00
-1.714702650017346741e+01
1.751065551729522696e+01
3.206248429737490468e-01
-1.684755751161472404e+01
1.491643642337899145e+01
2.340246690071040803e+00
-1.592940103792390261e+01
1.196085137131263210e+01
4.056222928260984517e+00
-1.440512842116950232e+01
8.799192417347818207e+00
5.349942542180051497e+00
-1.233071724633878397e+01
5.598160865787651375e+00
6.136550757354608976e+00
-9.801815121436577627e+00
2.523994314691946350e+00
6.371186842156095764e+00
-6.947102248360776500e+00
-2.693512643224424963e-01
6.052274936612275447e+00
-3.919235322383890718e+00
-2.651103026484388003e+00
5.221627180990796369e+00
-8.840320388129800921e-01
-4.522862023393116715e+00
3.961351471398814716e+00
1.991315919217797159e+00
-5.825414016976219855e+00
2.387789785919716579e+00
4.550142482475301620e+00
-6.542665072790947889e+00
6.429301359049970355e-01
6.657452133361390523e+00
-6.702416791906456339e+00
-1.116080058684769893e+00
8.209497942048997743e+00
-6.373926979277677596e+00
-2.728552490704751143e+00
9.141094801140859261e+00
-5.662436428465396965e+00
-4.042158834868499362e+00
9.430135267124345688e+00
-4.701064169660952530e+00
-4.924243611181752023e+00
9.098979620363859766e+00
-3.640665786136906057e+00
-5.271721471731081188e+00
8.212619938035897960e+00
-2.638398209558545648e+00
-5.018834584893546946e+00
6.873753468451584858e+00
-1.845828885826069410e+00
-4.142201957393570666e+00
5.215126198730223095e+00
-1.397460459029566948e+00
-2.662790215804534455e+00
3.389706741415861924e+00
-1.400511722124156755e+00
-6.446601249349832585e-01
1.559408976514166767e+00
-1.926703750236674395e+00
1.809421466320314309e+00
-1.168122898112740060e-01
-3.006653574804666107e+00
4.565185687187278241e+00
-1.494622779616524788e+00
-4.627287180923340237e+00
7.466357534576645527e+00
-2.454875376865369496e+00
-6.732462938592452595e+00
1.034575207060430557e+01
-2.912310177852111437e+00
-9.226761931931321215e+00
1.303716257129986644e+01
-2.821752742967070127e+00
-1.198217017107350379e+01
1.538717446785684650e+01
-2.181358281846228486e+00
-1.484716626984873322e+01
1.726604437807187153e+01
-1.032665485711609321e+00
-1.765755229267205451e+01
1.857685184063379324e+01
5.425430423621939724e-01
-2.024823796554782973e+01
1.926225754848616134e+01
2.428343355598909348e+00
-2.246511862456040021e+01
1.930837671131765632e+01
4.483288712708486834e+00
-2.417618024220885076e+01
1.874548688997717960e+01
6.550913141446873311e+00
-2.528102114271370482e+01
1.764552084434481927e+01
8.471351203409893671e+00
-2.571809548249493815e+01
1.611652973216516216e+01
1.009322347431990607e+01
-2.546914979790872380e+01
1.429452323770693489e+01
1.128491772249618208e+01
-2.456052876746839786e+01
1.233328473455253338e+01
1.194443980529983662e+01
-2.306125483741861615e+01
1.039290740584517536e+01
1.200711269260795966e+01
-2.107802182670516800e+01
8.627890560222459371e+00
1.145055914340527359e+01
-1.874746786056499914e+01
7.175667376663694697e+00
1.029660192859858014e+01
-1.622629152873460612e+01
6.146403649866612362e+00
8.609940620146918633e+00
-1.367993252230755985e+01
5.614814104072916479e+00
6.493699408167550757e+00
-1.127064267840133205e+01
5.614595291613225569e+00
4.082168964526070809e+00
-9.145817708918478672e+00
6.135882773747692198e+00
1.531270347699741130e+00
-7.427440670362832620e+00
7.125919172046953243e+00
-9.925646346383882879e-01
-6.203406850997136956e+00
8.492884932505059936e+00
-3.324286478787856325e+00
-5.521362155807560512e+00
1.011261241141682277e+01
-5.312027782475861493e+00
-5.385503311202934462e+00
1.183769306484499495e+01
-6.827949865557429554e+00
-5.756571714847180665e+00
1.350831250470105793e+01
-7.777345846797724782e+00
-6.555039337726034532e+00
1.496402176100940906e+01
-8.105337086008958636e+00
-7.667251797589283768e+00
1.605558449803202947e+01
-7.800675602795657859e+00
-8.954077608010242884e+00
1.665603418422539050e+01
-6.896376376632178840e+00
-1.026142945338489021e+01
1.667013273337382628e+01
-5.467134883055990713e+00
-1.143188652724335874e+01
1.604153871639417162e+01
-3.623719921152909418e+00
-1.231656649419555016e+01
1.475716037527329405e+01
-1.504752593906391711e+00
-1.278637737346643632e+01
1.284837414435084035e+01
7.335269135991999701e-01
-1.274182492911756626e+01
1.038901819086158085e+01
2.928756288512477379e+00
-1.212065667968031235e+01
7.490305913142751848e+00
4.924371165944506856e+00
-1.090278169995482749e+01
4.293029183908766200e+00
6.581076986624196046e+00
-9.112104432758950878e+00
9.576189732414638334e-01
7.787034225000464716e+00
-6.815136218228665221e+00
-2.347212620393392513e+00
8.466012754056890799e+00
-4.116483709932892587e+00
-5.456421386910138338e+00
8.582919659531668799e+00
-1.151541579506901947e+00
-8.220300447581470493e+00
8.146296878387046192e+00
1.923078758634437335e+00
-1.051502001017862042e+01
7.207606582697820841e+00
4.940687170697657393e+00
-1.225126991595343640e+01
5.857357075074733466e+00
7.736407763533478921e+00
-1.338037610395270960e+01
4.218352948305101435e+00
1.015895968166504204e+01
-1.389744668742695310e+01
2.436563515040218508e+00
1.208146668483312780e+01
-1.384132034683430668e+01
6.702776725545871450e-01
1.341050723786402976e+01
-1.329132334087456258e+01
-9.216612908023673612e-01
1.409274520738485315e+01
-1.236107455691438872e+01
-2.191680074332744255e+00
1.411865782215636500e+01
-1.118979363528900706e+01
-3.014493586818401738e+00
1.352308941791729424e+01
-9.931749558003492240e+00
-3.296510425208744266e+00
1.238259117852696356e+01
-8.744622869855191993e+00
-2.982936713529829476e+00
1.080974167881181636e+01
-7.777633981343911707e+00
-2.062057432352192521e+00
8.944863394941972246e+00
-7.160306996319320660e+00
-5.663804595191397340e-01
6.945740379014329946e+00
-6.992691972530494127e+00
1.429442357503472039e+00
4.976088115643946708e+00
-7.337761860467884034e+00
3.813767403915052867e+00
3.193617538278655132e+00
-8.216541367349963210e+00
6.445810627338122600e+00
1.738564638605629042e+00
-9.606325275037773892e+00
9.165626710429162216e+00
7.235229033260122122e-01
-1.144211789349918895e+01
1.180548938130290537e+01
2.253204581747905166e-01
-1.362118985467057364e+01
1.420184380646312761e+01
2.795342565226039966e-01
-1.601042054803417258e+01
1.620696020788111724e+01
8.780408444209397700e-01
-1.845589081889562522e+01
1.769943964347283227e+01
1.969781251718454307e+00
-2.079402597324660817e+01
1.859280669656756402e+01
3.464682616353131905e+00
-2.286347568335393277e+01
1.884156351323033363e+01
5.240448410582208894e+00
-2.451686335446779452e+01
1.844426500190807161e+01
7.151719459857384997e+00
-2.563154684411928130e+01
1.744339252650348371e+01
9.040934645533480918e+00
-2.611860444097195000e+01
1.592203719277490670e+01
1.075009592188143870e+01
-2.592938945072074119e+01
1.399763677218279057e+01
1.213257613442144489e+01
-2.505917414778761199e+01
1.181322541078682242e+01
1.306410493206617573e+01
-2.354761627474520580e+01
9.526836821992249682e+00
1.345212805451313720e+01
-2.147601319025316258e+01
7.299836397587380787e+00
1.324285406646844265e+01
-1.896154324021849291e+01
5.285035751766788970e+00
1.242547152399149013e+01
-1.614891382852948709e+01
3.615458933926319673e+00
1.103322625679117230e+01
-1.320002493052416526e+01
2.394581761084799254e+00
9.141277833696443977e+00
-1.028240159901882400e+01
1.688757921692552344e+00
6.861489590238383229e+00
-7.557238782556630952e+00
1.522385565483745928e+00
4.334530647185017571e+00
-5.167929951371940334e+00
1.876167703828768296e+00
1.719864769973559415e+00
-3.229915551391680850e+00
2.688593541544737953e+00
-8.156446386462397058e-01
-1.822590772673709836e+00
3.860532370450033834e+00
-3.109682938750870207e+00
-9.838615787273496949e-01
5.262604081005507695e+00
-5.016115043512027860e+00
-7.077443948855730582e-01
6.744787317047912012e+00
-6.415450683006800325e+00
-9.451824369571681927e-01
8.147562643030262564e+00
-7.223381239681936350e+00
-1.608016623735273321e+00
9.313775769859407916e+00
-7.396765987613015625e+00
-2.575818529031547399e+00
1.010035310077130433e+01
-6.936631741454840849e+00
-3.705083728106710161e+00
1.038901247022068119e+01
-5.887967935165017153e+00
-4.840111454934067581e+00
1.009518518254886033e+01
-4.336333080169720411e+00
-5.824773307454538696e+00
9.174495964202709075e+00
-2.401521310280216426e+00
-6.514308816331793928e+00
7.626325691502589876e+00
-2.287523041389897260e-01
-6.786283770739287569e+00
5.494194724942940589e+00
2.021971388740833486e+00
-6.549908412789707590e+00
2.862936813958760762e+00
4.187561906945781232e+00
-5.753032497949911672e+00
-1.471321231788138562e-01
6.113743938599250249e+00
-4.386304013443864669e+00
-3.388626609605604578e+00
7.666283860292590902e+00
-2.484185646566889005e+00
-6.697473384844765398e+00
8.740730168215451457e+00
-1.227527553020983930e-01
-9.904506336622837637e+00
9.269954154272618041e+00
2.585568162783229429e+00
-1.284743001044952493e+01
9.228940657310008788e+00
5.499937866543215925e+00
-1.538228022745435197e+01
8.636479782345592326e+00
8.461141295099473325e+00
-1.739354709617501271e+01
7.553637040005953374e+00
1.130299122058032246e+01
-1.880222341862840096e+01
6.079114862464303215e+00
1.386426681816283946e+01
-1.957119302777680758e+01
4.341845696296728008e+00
1.600031608631939761e+01
-1.970756788221989098e+01
2.491359255000994644e+00
1.759347542031983025e+01
-1.926180559169364415e+01
6.866292493875705283e-01
1.856154585899484033e+01
-1.832367417503427376e+01
-9.157838860966625028e-01
1.886370729155552084e+01
-1.701536108475944431e+01
-2.173426213580230915e+00
1.850343887319002434e+01
-1.548223205089774268e+01
-2.968623287112048814e+00
1.752823239861629290e+01
-1.388191686948405312e+01
-3.217351195964168298e+00
1.602611946158959455e+01
-1.237252135565807620e+01
-2.875655493878890745e+00
1.411926578733152304e+01
-1.110082837851527771e+01
-1.943146927254509215e+00
1.195510017640595635e+01
-1.019135154347837968e+01
-4.633163794957315673e-01
9.695625407595995782e+00
-9.737042640791177206e+00
1.479356214700247918e+00
7.505691072511215367e+00
-9.792332999239832247e+00
3.765290034206839387e+00
5.541083968975697438e+00
-1.036901821077214514e+01
6.248260715554852851e+00
3.937304837962994242e+00
-1.143528779372040560e+01
8.765811269520796145e+00
2.799849930461336456e+00
-1.291797142799415710e+01
1.115085821159267532e+01
2.196705811098111027e+00
-1.470783822323888046e+01
1.324364717874889941e+01
2.153603987345725557e+00
-1.666756225140025549e+01
1.490318670201630624e+01
2.652380218568322512e+00
-1.864177259697048683e+01
1.601732683816977243e+01
3.632556445643808196e+00
-2.046845369603133946e+01
1.651074825636871068e+01
4.996027766538819748e+00
-2.199086288941624900e+01
1.635027990379346718e+01
6.614509971414486600e+00
-2.306909412829919148e+01
1.554715839606918593e+01
8.339201418987689962e+00
-2.359044241815168874e+01
1.415606554841320452e+01
1.001195122139514915e+01
-2.347781099760541323e+01
1.227101567255665948e+01
1.147711562875311309e+01
-2.269554603781414670e+01
1.001839423154861919e+01
1.259323420807935889e+01
-2.125227138610170385e+01
7.547657371067559851e+00
1.324367056906510243e+01
-1.920051485145291537e+01
5.020372544029767070e+00
1.334543803958229979e+01
-1.663315174425404663e+01
2.598401446836734685e+00
1.285556331102876015e+01
-1.367692372943644585e+01
4.320889517550039471e-01
1.177452096895946809e+01
-1.048350455925962521e+01
-1.350678910215349582e+00
1.014648585653956303e+01
-7.218763323165190648e+00
-2.653748541433744279e+00
8.056382751356949257e+00
-4.051007407187043441e+00
-3.419626646072397413e+00
5.623946882618295007e+00
-1.139061784527951815e+00
-3.633556629326823106e+00
2.995227278026551421e+00
1.378946873689007369e+00
-3.324446278314328040e+00
3.321518478853662248e-01
3.395284339809196972e+00
-2.562579683648015028e+00
-2.199085167199363422e+00
4.840075518233162732e+00
-1.454281461651130591e+00
-4.439966592627270003e+00
5.686000734622991715e+00
-1.339241556993224780e-01
-6.251055450387165813e+00
5.949881084138230136e+00
1.246136047216675813e+00
-7.522026022537665391e+00
5.691039561972853988e+00
2.526958643816887840e+00
-8.179591110362046891e+00
5.006560222414112360e+00
3.554918861904085681e+00
-8.192747262971634470e+00
4.023794188775840830e+00
4.193237379076369287e+00
-7.574955494200091621e+00
2.890662414383706302e+00
4.332295582048457661e+00
-6.383098687791482817e+00
1.764465985391010960e+00
3.897980830387041351e+00
-4.713292169190310688e+00
8.000237073657006093e-01
2.857449989075509400e+00
-2.693853611722904162e+00
1.380057702033514744e-01
1.221887996817459410e+00
-4.759457680679570757e-01
-1.056821420691420599e-01
-9.539423282556773742e-01
1.777424669287674064e+00
1.513132153136087510e-01
-3.575328706062471440e+00
3.903248876107622500e+00
9.514765178396924483e-01
-6.514153373234703004e+00
5.750333942793852238e+00
2.294042680262954548e+00
-9.617877009825459567e+00
7.190234644140990561e+00
4.134799183838949510e+00
-1.272030877749827837e+01
8.126501334154283995e+00
6.389087778182466870e+00
-1.565337815588651083e+01
8.501569542570528881e+00
8.937787522309740496e+00
-1.825905106535039124e+01
8.300789283168363397e+00
1.163584315770559030e+01
-2.040052219133134770e+01
7.553301179206055593e+00
1.432271667894027445e+01
-2.197186825066356874e+01
6.329696991895556124e+00
1.683399928217936292e+01
-2.290545930467666125e+01
4.736637166334896065e+00
1.901333590756842540e+01
-2.317658892002432225e+01
2.908820415816072202e+00
2.072379155594913414e+01
-2.280498704811825306e+01
9.988939019927177698e-01
2.185782913784333203e+01
-2.185310710401746093e+01
-8.339569038265444156e-01
2.234516984028177689e+01
-2.042131424934017758e+01
-2.435903070649079627e+00
2.215796148135031274e+01
-1.864032811667425094e+01
-3.669980695685798544e+00
2.131287677969817196e+01
-1.666147362947282673e+01
-4.426370140344833004e+00
1.986998754621674124e+01
-1.464545353203272882e+01
-4.630692896589502894e+00
1.792849614005239189e+01
-1.275046406438325874e+01
-4.249717770800442551e+00
1.561963493085102961e+01
-1.112052302196489961e+01
-3.294057330823393137e+00
1.309725121676694570e+01
-9.874863738338016006e+00
-1.817655448706840815e+00
1.052676396445777129e+01
-9.099170469461766331e+00
8.589877617780761199e-02
8.073297524779718515e+00
-8.839295943915644216e+00
2.289963538558871026e+00
5.889857459086603519e+00
-9.097920316955491415e+00
4.643863730170028958e+00
4.106410406010022385e+00
-9.834395689678384400e+00
6.983680290655807532e+00
2.820663761606013509e+00
-1.096778744080962831e+01
9.144023177870458596e+00
2.091216670790540633e+00
-1.238288988352059405e+01
1.096992966264540925e+01
1.933580514143081963e+00
-1.393877627922666207e+01
1.232802037314998600e+01
2.319357382446782800e+00
-1.547925790325168727e+01
1.311609959907379519e+01
3.178634280838425141e+00
-1.684448720358021134e+01
1.327049986669374348e+01
4.405415851597329180e+00
-1.788285632718296370e+01
1.277063542125192264e+01
5.865696413562634604e+00
-1.846232052887813779e+01
1.164043297869299565e+01
7.407579303490946288e+00
-1.848031781641385152e+01
9.946536053058622429e+00
8.872701955691637110e+00
-1.787155856675278898e+01
7.793414678785547167e+00
1.010812979534351896e+01
-1.661311429522422145e+01
5.315738225205111966e+00
1.097784781438800294e+01
-1.472643191612951696e+01
2.668568744688990524e+00
1.137300814493964296e+01
-1.227612429921190795e+01
1.609131584961120964e-02
1.122018289246815570e+01
-9.365623304815947847e+00
-2.480295476231485274e+00
1.048701729525041060e+01
-6.130010577457177590e+00
-4.673659231474855957e+00
9.184868285919804975e+00
-2.726547457627987558e+00
-6.442130887386960048e+00
7.368233864290164803e+00
6.764066179138292778e-01
-7.697645891640137350e+00
5.131013251653357088e+00
3.911280190358849218e+00
-8.392191719273212058e+00
2.599869449578120051e+00
6.823114562026272090e+00
-8.521106402121437995e+00
-7.482235259567071584e-02
9.280466022536160153e+00
-8.123188336858980563e+00
-2.729780562678543632e+00
1.118459165134888877e+01
-7.277610741643757208e+00
-5.200588891313734585e+00
1.247625020516072780e+01
-6.097867710024718946e+00
-7.333574971144251720e+00
1.313962379083696419e+01
-4.723195800418014123e+00
-8.996928891279724283e+00
1.320307630920271968e+01
-3.308099647803385945e+00
-1.009024998866974521e+01
1.273669567124302304e+01
-2.010748708612614344e+00
-1.055182486651640872e+01
1.184680165967315624e+01
-9.810948230766172173e-01
-1.036310515508381158e+01
1.066782287944709218e+01
-3.495807682017062490e-01
-9.550057900079618634e+00
9.352138324512690559e+00
-2.172668820266077105e-01
-8.181289730248677117e+00
8.058627654067379353e+00
-6.480993129945211706e-01
-6.363081445329646257e+00
6.940768467610315184e+00
-1.663887049581083133e+00
-4.231695176286400795e+00
6.135151814341119447e+00
-3.242357039270679309e+00
-1.943515329693553895e+00
5.751256462561332050e+00
-5.318431865316653351e+00
3.362574030579170703e-01
5.863230333597408972e+00
-7.788639039010193166e+00
2.445534159484913594e+00
6.504280703198011437e+00
-1.051833218138515491e+01
4.237018043862217809e+00
7.664084015942855821e+00
-1.335119892446649281e+01
5.588784455710305465e+00
9.289405381775866388e+00
-1.612036326605724668e+01
6.412990257968997909e+00
1.128788315749995519e+01
-1.866027357104674422e+01
6.662077252670558281e+00
1.353470260345192600e+01
-2.081850993940822292e+01
6.332018591414151132e+00
1.588167135337360847e+01
-2.246665045623871393e+01
5.462372867753201078e+00
1.816803377716840018e+01
-2.350940447880309492e+01
4.133143929883188683e+00
2.023223408472747309e+01
-2.389134758690692451e+01
2.458677871740160725e+00
2.192376851084976863e+01
-2.360076788735100095e+01
5.790451576354254115e-01
2.311426021471465120e+01
-2.267034423340141558e+01
-1.350460406872758590e+00
2.370694711427738355e+01
-2.117460819276497119e+01
-3.170936550612387883e+00
2.364388862341797193e+01
-1.922437637871347249e+01
-4.731750571284996987e+00
2.291036371390936566e+01
-1.695856089914731513e+01
-5.901810621053855677e+00
2.153613772665686099e+01
-1.453395702411488521e+01
-6.579404678249616722e+00
1.959350393271071056e+01
-1.211375474674520802e+01
-6.699886307978941247e+00
1.719224129782639210e+01
-9.855613936745953652e+00
-6.240643659268739540e+00
1.447185503572310239e+01
-7.900174465447365790e+00
-5.222986675380204780e+00
1.159166489940080602e+01
-6.360840703461112078e+00
-3.710812702325416268e+00
8.719463267486091240e+00
-5.315586494496463033e+00
-1.806146117327071643e+00
6.019569456956933351e+00
-4.801378907991693978e+00
3.581239360716217401e-01
3.641150711303366982e+00
-4.811627567600471167e+00
2.627778816734741785e+00
1.707660758936694556e+00
-5.296845133231209424e+00
4.838383590107874888e+00
3.081651393881870149e-01
-6.168469743041954167e+00
6.827167684687138305e+00
-5.088153768023522261e-01
-7.305569049652397950e+00
8.444806299845934561e+00
-7.384959229760275079e-01
-8.563934801224334592e+00
9.566242950566202552e+00
-4.198225117705103315e-01
-9.786902114076074355e+00
1.009976340875533474e+01
3.677263884451731357e-01
-1.081710143063265406e+01
9.993658860213312067e+00
1.510295659106542843e+00
-1.150828287062929789e+01
9.239992022981850184e+00
2.868314702607610567e+00
-1.173634725500872378e+01
7.875191416905996000e+00
4.287028999916262073e+00
-1.140877590746064918e+01
5.977430490919052986e+00
5.608130513583255095e+00
-1.047176819513000190e+01
3.660982992497324062e+00
6.681635210213963560e+00
-8.914563122075779944e+00
1.067966660731547224e+00
7.377138025067170091e+00
-6.770626911922489555e+00
-1.641922079805617107e+00
7.593621184616019981e+00
-4.115617389099675449e+00
-4.302933175177170000e+00
7.267097608727483227e+00
-1.062271372982910744e+00
-6.755206656173426971e+00
6.375529402778769672e+00
2.247413960732845162e+00
-8.856263512632217783e+00
4.940660657412239587e+00
5.652137139107151320e+00
-1.049120548193637603e+01
3.026629346014797939e+00
8.982661121626399847e+00
-1.158087998388700157e+01
7.354585685056314048e-01
1.207376674024754593e+01
-1.208741523657462125e+01
-1.800244467423310901e+00
1.477592014560243427e+01
-1.201672284280353331e+01
-4.426849177063826524e+00
1.696580440043452853e+01
-1.141778679895219639e+01
-6.980824229814794890e+00
1.855494827307065364e+01
-1.037879275402933033e+01
-9.300609980075423167e+00
1.949582420644035352e+01
-9.020382277481155953e+00
-1.123837363109878851e+01
1.978497222276605783e+01
-7.486527009402471400e+00
-1.267078843775536257e+01
1.946292367334980611e+01
-5.933691516576482528e+00
-1.350804935563548881e+01
1.861093239449405345e+01
-4.519078754134366882e+00
-1.370046618202919753e+01
1.734475391645821318e+01
-3.388819098603717883e+00
-1.324215201248102325e+01
1.580592886679988496e+01
-2.666968073512937742e+00
-1.217153684274706293e+01
1.415120887105815228e+01
-2.446118830283326773e+00
-1.056866789425431463e+01
1.254089877661115437e+01
-2.780317488575816398e+00
-8.549492802933468028e+00
1.112696801057943574e+01
-3.680801198727502666e+00
-6.257542053178087649e+00
1.004180056169947655e+01
-5.114872554636624713e+00
-3.853616872835297524e+00
9.388406231026184656e+00
-7.007994824136146050e+00
-1.504234364975074012e+00
9.232808851513302884e+00
-9.248957116465154726e+00
6.303276945827969158e-01
9.599167945058734830e+00
-1.169773426548312933e+01
2.407514839619957492e+00
1.046799040117213764e+01
-1.419546926182908031e+01
3.712671650707565441e+00
1.177756282696669032e+01
-1.657585090455985366e+01
4.467167883330265710e+00
1.342849974009989644e+01
-1.867705729903635969e+01
4.633883426909097381e+00
1.529107495742014855e+01
-2.035339435757300919e+01
4.219653537397279663e+00
1.721480001668079751e+01
-2.148578059331829593e+01
3.274497888684849034e+00
1.903954912468877581e+01
-2.199031361982218868e+01
1.887691964824736335e+00
2.060741695977502985e+01
-2.182429373515221727e+01
1.809700006818468765e-01
2.177444193730078226e+01
-2.098926555574959707e+01
-1.700641778497345769e+00
2.242133719995327823e+01
-1.953085631651309129e+01
-3.599689775593556629e+00
2.246244391544134089e+01
-1.753542327065431294e+01
-5.358059657715902091e+00
2.185225117101646219e+01
-1.512375552668112277e+01
-6.828783323915839532e+00
2.058900437304479425e+01
-1.244229063801054025e+01
-7.887021635877382586e+00
1.871513661594050859e+01
-9.652487610166353704e+00
-8.439418632762274441e+00
1.631448945213477941e+01
-6.919132464543477745e+00
-8.431142008346256489e+00
1.350652392814555469e+01
-4.398430274782303862e+00
-7.850093755942191720e+00
1.043794252687025192e+01
-2.226752991321769848e+00
-6.727981727745555141e+00
7.272331718321852989e+00
-5.108642677997599080e-01
-5.138172299705511925e+00
4.178579359802474968e+00
6.796655844644057254e-01
-3.190479618697484643e+00
1.318910643359493484e+00
1.317301563987360424e+00
-1.023270847088975311e+00
-1.162585871255807923e+00
1.418290481452931573e+00
1.206536949883699306e+00
-3.150106409385621475e+00
1.041185906152995777e+00
3.334858441560834219e+00
-4.564215435382820374e+00
2.822609638009119237e-01
5.202369482958436819e+00
-5.367276326223242577e+00
-7.318541117480914515e-01
6.666113468679123244e+00
-5.565834930656144763e+00
-1.853769898166311103e+00
7.609937095678396268e+00
-5.209784217219415758e+00
-2.926467972216309832e+00
7.952993365138297577e+00
-4.388373286319195543e+00
-3.795148116333853849e+00
7.655690653946969348e+00
-3.223354455967994525e+00
-4.318924818743956173e+00
6.722653063170280774e+00
-1.859771095226421700e+00
-4.381516268470605269e+00
5.202475391142550976e+00
-4.550611090084042409e-01
-3.900142578611874633e+00
3.184290048259481587e+00
8.327261075078151720e-01
-2.831980737911858448e+00
7.913959388830886788e-01
1.856736805368173648e+00
-1.177702239384255556e+00
-1.827586215402052350e+00
2.492280061563360682e+00
1.018167570083789109e+00
-4.509387111763299316e+00
2.646152475538881887e+00
3.670097199987209180e+00
-7.087812247110543140e+00
2.263638011223843449e+00
6.657398272892217861e+00
-9.405660469959657988e+00
1.332670624026129680e+00
9.832651515730926661e+00
-1.132596861599059146e+01
-1.151452422535559350e-01
1.303209639239708117e+01
-1.274176250367117547e+01
-2.006731479001003571e+00
1.608722777311005103e+01
-1.358360379947845864e+01
-4.232790425981733051e+00
1.883675478013223881e+01
-1.382438338483688511e+01
-6.655732710064997448e+00
2.113805039598925362e+01
-1.348101309742746601e+01
-9.119699731103466434e+00
2.287725750993353557e+01
-1.261289437701148231e+01
-1.146194850473135496e+01
2.397731510219406914e+01
-1.131727786194183061e+01
-1.352476685612696627e+01
2.440332006402067222e+01
-9.721855151978612497e+00
-1.516704802536213137e+01
2.416483463607750792e+01
-7.975126180626250338e+00
-1.627467843845345641e+01
2.331497241232388973e+01
-6.235248152710754610e+00
-1.676897891670617469e+01
2.194633101466245151e+01
-4.658182928431075176e+00
-1.661258162134744865e+01
2.018406971747512557e+01
-3.386010970611446069e+00
-1.581231218629565305e+01
1.817663867783192444e+01
-2.536267774103780681e+00
-1.441886510949353095e+01
1.608483778586569812e+01
-2.193083957255826277e+00
-1.252329458247386640e+01
1.407000497355085145e+01
-2.400778374199074250e+00
-1.025057543835114160e+01
1.228219721125460140e+01
-3.160374334397055840e+00
-7.750702806472905770e+00
1.084922775055309963e+01
-4.429295388131648359e+00
-5.187978752499480706e+00
9.867360415840753518e+00
-6.124264760427817755e+00
-2.729266529589771118e+00
9.394340492515457441e+00
-8.127198366670590701e+00
-5.320684022723654039e-01
9.445270864790991538e+00
-1.029366252709505858e+01
1.266704173097650710e+00
9.991634007006179985e+00
-1.246327999967288847e+01
2.560449855169536271e+00
1.096353042816855705e+01
-1.447132546950500931e+01
3.280378434704683599e+00
1.225496901381180948e+01
-1.616066457741375473e+01
3.400247851650790132e+00
1.373182158152155985e+01
-1.739316530143699424e+01
2.937993417141392172e+00
1.524185916785907580e+01
-1.805974886931051770e+01
1.954132459193003157e+00
1.662613532601257660e+01
-1.808834657677767055e+01
5.470631394135594405e-01
1.773088315785670943e+01
-1.744918167039940471e+01
-1.154396973654362668e+00
1.841905513165413666e+01
-1.615699066466086364e+01
-3.000685411395719537e+00
1.858066070037784456e+01
-1.427002184275781005e+01
-4.832673637502551856e+00
1.814114443991236669e+01
-1.188588392172717434e+01
-6.493531649014833818e+00
1.706719046483712177e+01
-9.134547762847663677e+00
-7.840409797407382975e+00
1.536952680394242776e+01
-6.169011784730560777e+00
-8.755082750426575799e+00
1.310252250047102507e+01
-3.154312212252134984e+00
-9.152776461537644792e+00
1.036060443959402555e+01
-2.556800169777764253e-01
-8.988531887410427856e+00
7.271753186902596866e+00
2.373291442857028422e+00
-8.260639287749143023e+00
3.988550478602286287e+00
4.601605032131008244e+00
-7.010891098549779876e+00
6.774298509920748668e-01
6.330145643350513218e+00
-5.321633944311339626e+00
-2.493086831558708028e+00
7.498616498738024383e+00
-3.309834355512038861e+00
-5.364310083789439965e+00
8.089621033442572440e+00
-1.118591089967022167e+00
-7.798592346844770873e+00
8.129594097087943894e+00
1.093286330536357820e+00
-9.689009873162733655e+00
7.686516494310732028e+00
3.162871804343768023e+00
-1.096681196914490464e+01
6.864581974681670751e+00
4.935042632870267454e+00
-1.160609562314667542e+01
5.796208504385795379e+00
6.273854390947002813e+00
-1.162536613056937185e+01
4.631979735306987145e+00
7.072539405357485265e+00
-1.108587169099867431e+01
3.529253853223207837e+00
7.261397922891970502e+00
-1.008683548589789680e+01
2.640274385210610752e+00
6.813004807624081671e+00
-8.757935244835916677e+00
2.100653961501130595e+00
5.744350532803030873e+00
-7.249581227773185255e+00
2.019074798552066063e+00
4.115759014172647667e+00
-5.721704215068417199e+00
2.468960786977596911e+00
2.026660122587567336e+00
-4.331873769636020555e+00
3.482732023187605108e+00
-3.914756726106451978e-01
-3.223615779527620795e+00
5.049063939697947312e+00
-2.984525914220558018e+00
-2.515783545170113378e+00
7.113353650088740210e+00
-5.586743825147410192e+00
-2.293759521079650199e+00
9.581361768004985180e+00
-8.032621225038063528e+00
-2.603130895555537450e+00
1.232576590610414868e+01
-1.016872198120622528e+01
-3.446301277568894150e+00
1.519514926267359378e+01
-1.186462352862647052e+01
-4.782286075735019182e+00
1.802476970628055497e+01
-1.302216923251402036e+01
-6.529706383950274251e+00
2.064832457634496166e+01
-1.358235782932204039e+01
-8.572762337353527329e+00
2.290985354082864234e+01
-1.352936884796097061e+01
-1.076974905518149050e+01
2.467491161668348809e+01
-1.289143216941425152e+01
-1.296349235937784172e+01
2.584019761239921564e+01
-1.173848044226494380e+01
-1.499294103239103748e+01
2.634093591334789153e+01
-1.017675809194795455e+01
-1.670506771455531592e+01
2.615547347087292351e+01
-8.340782973934794953e+00
-1.796620782623110202e+01
2.530675710018202551e+01
-6.383250085382608852e+00
-1.867200679339807579e+01
2.386058389433098270e+01
-4.463617041000805585e+00
-1.875524737101418182e+01
2.192075308933035771e+01
-2.736207258301056378e+00
-1.819098358173120999e+01
1.962147386448733144e+01
-1.338701954691551954e+00
-1.699860441667818378e+01
1.711758381333908474e+01
-3.818635669773025043e-01
-1.524067461639951659e+01
1.457329254712432309e+01
5.875685609293235245e-02
-1.301863518949567933e+01
1.215027242737481039e+01
-5.147921461994897641e-02
-1.046567564180922538e+01
9.995965913303326289e+00
-7.036061967816475970e-01
-7.737296429743770965e+00
8.232962984951532448e+00
-1.845570417419687637e+00
-5.000248829698491271e+00
6.950223737057820372e+00
-3.385917348263403959e+00
-2.420657909789039941e+00
6.196786256802145232e+00
-5.200381835674606101e+00
-1.521939442760853467e-01
5.978418163178655043e+00
-7.140900868379554289e+00
1.674845932359804834e+00
6.257454973802356157e+00
-9.046391279702554300e+00
2.962750517142087148e+00
6.955835499132434485e+00
-1.075450566702471278e+01
3.653231026165169482e+00
7.961110763621647379e+00
-1.211350816243160011e+01
3.731384075814967893e+00
9.134985591782017522e+00
-1.299340274070543444e+01
3.226493808667846963e+00
1.032376685343638378e+01
-1.329550115878754468e+01
2.209616644320546719e+00
1.136995296264810662e+01
-1.295973141146427920e+01
7.881270788339436173e-01
1.212411575308153466e+01
-1.196915244984155180e+01
-9.023751478956856253e-01
1.245620440689178210e+01
-1.035134480083422837e+01
-2.708203559072003053e+00
1.226544326225846149e+01
-8.176574753650026395e+00
-4.469026854097789325e+00
1.148809798756000689e+01
-5.552865287205769107e+00
-6.029776884474601140e+00
1.010254028911121793e+01
-2.618332697471952741e+00
-7.252151452929079589e+00
8.131238641320932103e+00
4.686525462330030090e-01
-8.024870454084986449e+00
5.639527079702396861e+00
3.540763410072158557e+00
-8.271935112365280673e+00
2.731239473807716145e+00
6.433648677036693186e+00
-7.958286123041636628e+00
-4.584742953263405418e-01
8.997630182777342611e+00
-7.092446695381091182e+00
-3.772627919626115656e+00
1.110831229913835827e+01
-5.725956937436588845e+00
-7.043483908488029854e+00
1.267533064117558794e+01
-3.949640605715485364e+00
-1.010443702035158253e+01
1.364860301285090927e+01
-1.886976831405379418e+00
-1.280183000819520522e+01
1.402162816415386359e+01
3.149388904989725568e-01
-1.500584064427737729e+01
1.383159367165443143e+01
2.496183866834771337e+00
-1.661964671344820488e+01
1.315628741460592188e+01
4.495758906676286415e+00
-1.758620132717134865e+01
1.210804066692091219e+01
6.163441511892637337e+00
-1.789212533367674141e+01
1.082514770018927663e+01
7.370874847339973002e+00
-1.756843404245349660e+01
9.461391151342892769e+00
8.021081434753282835e+00
-1.668804657114397827e+01
8.174440782718312093e+00
8.055705424471552689e+00
-1.536026098043228849e+01
7.113975543997096196e+00
7.459453071852111705e+00
-1.372259983193992561e+01
6.410399023943321950e+00
6.261405572182057178e+00
-1.193062270770019495e+01
6.164974981151250866e+00
4.533106748430930644e+00
-1.014645055122922912e+01
6.442105838006293439e+00
2.383563561514962181e+00
-8.526840594658844807e+00
7.264320393950711718e+00
-4.847717792409045323e-02
-7.211683265884794913e+00
8.610339005586840955e+00
-2.604413640485038428e+00
-6.313761442216332398e+00
1.041635955708173000e+01
-5.117115277790658112e+00
-5.910520000223026926e+00
1.258047213707610368e+01
0.000000000000000000e+00
5.259329301473155027e+00
1.029420746117842000e+01
1.488976720900369521e+01
1.884989957858521947e+01
2.200562696156110931e+01
2.422231709980039582e+01
2.540542987337256875e+01
2.550455145312007943e+01
2.451554358511157261e+01
2.248071632979466017e+01
1.948701704670553170e+01
1.566231318443891496e+01
1.116992788099927481e+01
6.201662019890074262e+00
9.696010320114581971e-01
-4.302943379866974283e+00
-9.390969505145747576e+00
-1.407739242727337903e+01
-1.816231096923555910e+01
-2.147153898589480292e+01
-2.386403671757447853e+01
-2.523792499363526787e+01
-2.553482569659690071e+01
-2.474234347198006034e+01
-2.289458313406411349e+01
-2.007068117408243779e+01
-1.639141463470765103e+01
-1.201403274512779262e+01
-7.125532604291373140e+00
-1.934666613428476678e+00
3.336976543520739469e+00
8.464436100155323217e+00
1.322898415173082398e+01
1.742746103310715711e+01
2.088094248447086798e+01
2.344236865503621559e+01
2.500280949044607581e+01
2.549609943625225839e+01
2.490164416632631372e+01
2.324528022400512128e+01
2.059815169984606698e+01
1.707365280288528098e+01
1.282256778964178068e+01
8.026616666688120461e+00
2.890683091761772516e+00
-2.365942937636285048e+00
-7.518933095310435633e+00
-1.234849902530602250e+01
-1.664877174170044327e+01
-2.023658165688375021e+01
-2.295926458860514430e+01
-2.470116091360509358e+01
-2.538853105177859248e+01
-2.499267827717142865e+01
-2.353114655541527966e+01
-2.106694341777088653e+01
-1.770582227833651245e+01
-1.359174147474351102e+01
-8.900695122708899731e+00
-3.833180298791191376e+00
1.394376858076954662e+00
6.558869281821842812e+00
1.144003595724010758e+01
1.582986071097850100e+01
1.954144154900617281e+01
2.241695217789132855e+01
2.433435640016974588e+01
2.521258959535985866e+01
2.501498718958484346e+01
2.375081506164365663e+01
2.147483801738113485e+01
1.828494631307138008e+01
1.431794313680975428e+01
9.743674421402296559e+00
4.757753013443680068e+00
-4.268109515569546986e-01
-5.588715166456040606e+00
-1.050781635602919906e+01
-1.497452371908493518e+01
-1.879873358534470995e+01
-2.181792421666685655e+01
-2.390406589691994910e+01
-2.496905236850169274e+01
-2.496842309693858653e+01
-2.390321905630121435e+01
-2.181989458967492368e+01
-1.880829099173736552e+01
-1.499776023092684163e+01
-1.055160614032174138e+01
-5.660082091231017465e+00
-5.322455659136828832e-01
4.612981447298894366e+00
9.556163761170138216e+00
1.408671634444303677e+01
1.801187998006716384e+01
2.116492646759530061e+01
2.341224392659439957e+01
2.465900096341403014e+01
2.485314948256757361e+01
2.398759713493338808e+01
2.210045874399995824e+01
1.927337818290362037e+01
1.562799457570808137e+01
1.132070584550908876e+01
6.535955151869842439e+00
1.478328560478771703e+00
-3.636197302491012806e+00
-8.589482978558585557e+00
-1.317053481890675570e+01
-1.718449710724222612e+01
-2.046094424376973109e+01
-2.286111994083089627e+01
-2.428381578997075962e+01
-2.466964004907556784e+01
-2.400349655118385783e+01
-2.231517028992065121e+01
-1.967799720571184352e+01
-1.620567751745306850e+01
-1.204737111988202258e+01
-7.381286719060047297e+00
-2.407040390649873629e+00
2.662888603537709287e+00
7.612238826956495785e+00
1.223019619471657826e+01
1.632037791626248335e+01
1.970918780666395875e+01
2.225318731014460383e+01
2.384516911721044607e+01
2.441867610167336977e+01
2.395077505099246906e+01
2.246296944546246266e+01
2.002021515273650465e+01
1.672808393641497560e+01
1.272819866793655841e+01
8.192137709318680905e+00
3.314070966466479362e+00
-1.697556165143796925e+00
-6.628934604944968001e+00
-1.127001792757498499e+01
-1.542347348339796653e+01
-1.891307665628232826e+01
-2.159119100840826277e+01
-2.334501666612485238e+01
-2.410134240004715167e+01
-2.382960115647195209e+01
-2.254310154087477969e+01
-2.029838581697674016e+01
-1.719274502405392013e+01
-1.336000040956492008e+01
-8.964734170230995502e+00
-4.195218349683273118e+00
7.446541432740461097e-01
5.644090389183647360e+00
1.029439698116592972e+01
1.449787379491120909e+01
1.807622279506801277e+01
2.087811405612017168e+01
2.278558779806699874e+01
2.371902150128465081e+01
2.364045289924935389e+01
2.255512019496503129e+01
2.051115717826044715e+01
1.759745976664852307e+01
1.393981848115074129e+01
9.695485172479875402e+00
5.046408789536014794e+00
1.914313077010159070e-01
-4.662221275625054950e+00
-9.307788560892261032e+00
-1.354778786114417599e+01
-1.720241305246625174e+01
-2.011716279322273238e+01
-2.216937435045399241e+01
-2.327338662429487925e+01
-2.338411501119814062e+01
-2.249888894909162218e+01
-2.065747741192992493e+01
-1.794030507746897030e+01
-1.446493906788604988e+01
-1.038099976452054030e+01
-5.863716091670126751e+00
-1.106403009351828892e+00
3.687815675549124705e+00
8.314684586477820716e+00
1.257752326442828306e+01
1.629559056191316202e+01
1.931175105832830141e+01
2.149911817850695428e+01
2.276639307389713451e+01
2.306167458858023522e+01
2.237458135201099907e+01
2.073659939046657286e+01
1.821964452685368485e+01
1.493290499745526390e+01
1.101810290375319568e+01
6.643380221395990048e+00
1.996073257619517705e+00
-2.725313777914956770e+00
-7.319592014370765121e+00
