-6.202611789869880710e+00
-5.595638491255648717e+00
-4.746580228510490329e+00
-3.697818514005716928e+00
-2.500312482789261104e+00
-1.211137610312960078e+00
1.092333588516449794e-01
1.399777815927355284e+00
2.601764579941813871e+00
3.661455999896962688e+00
4.532545421001326069e+00
5.178218065916716739e+00
5.572742074264517953e+00
5.702519417162513093e+00
5.566552545360695881e+00
5.176310681281976578e+00
4.555008283574601968e+00
3.736336033352314345e+00
2.762710394004317394e+00
1.683130168048137421e+00
5.507464661202448042e-01
-5.797347201289628771e-01
-1.654691169621222535e+00
-2.624137255144935565e+00
-3.444069111339326916e+00
-4.078491368291528474e+00
-4.501030978561544771e+00
-4.696064417604461028e+00
-4.659308710598312864e+00
-4.397853147498709703e+00
-3.929635904407388303e+00
-3.282396763898553615e+00
-2.492162414040645757e+00
-1.601343186113956207e+00
-6.565384902278355028e-01
2.938382513211754699e-01
1.201996329709676736e+00
2.023145114292966618e+00
2.717694809092911612e+00
3.253172868559053299e+00
3.605763109931356958e+00
3.761393841989096209e+00
3.716324163602487296e+00
3.477202837002603797e+00
3.060600560278580407e+00
2.492042746247618457e+00
1.804594763870873919e+00
1.037073789078847952e+00
2.319798512311139760e-01
-5.667475582128833622e-01
-1.316032504712983275e+00
-1.975907755232737983e+00
-2.511587736658481340e+00
-2.895263909634818056e+00
-3.107531353219054715e+00
-3.138374126040182510e+00
-2.987659385008060831e+00
-2.665115189599581047e+00
-2.189793157376578314e+00
-1.589043356886952196e+00
-8.970537172298942430e-01
-1.530285511841160684e-01
6.009005933623612350e-01
1.321924565363834070e+00
1.968850925720804668e+00
2.504324349014292572e+00
2.896857701638946736e+00
3.122567425311756573e+00
3.166521325754998450e+00
3.023626075042703754e+00
2.699004749325217389e+00
2.207840413079972919e+00
1.574688858021676907e+00
8.322907619836996673e-01
1.993939055344390310e-02
-8.185167835437392458e-01
-1.636937707536186615e+00
-2.389308124589234694e+00
-3.032184115918950873e+00
-3.527044225383720644e+00
-3.842422876661742315e+00
-3.955713281668527870e+00
-3.854542314317118468e+00
-3.537640187477729015e+00
-3.015152265382833541e+00
-2.308367796694627216e+00
-1.448869434072513229e+00
-4.771366883444017049e-01
5.593355026641564365e-01
1.608316535987535323e+00
2.615410256612202389e+00
3.526791080833013403e+00
4.291971368429583933e+00
4.866461399417380207e+00
5.214186248937086710e+00
5.309533564119716331e+00
5.138922348665423634e+00
4.701804655467940464e+00
4.011038588064333332e+00
3.092600987767118781e+00
1.984640218234633657e+00
7.359020161132674431e-01
-5.964071285579226611e-01
-1.949225719749858587e+00
-3.256593975227643156e+00
-4.452823888899343885e+00
-5.475731902389768813e+00
-6.269777458494457889e+00
-6.788952230041376268e+00
-6.999273901490081329e+00
-6.880754710806660235e+00
-6.428737865037819077e+00
-5.654523426871108427e+00
-4.585238050150343803e+00
-3.262938512713146721e+00
-1.742975691077891298e+00
-9.168170015656329497e-02
1.616523357995675703e+00
3.302478883456231973e+00
4.885935143451851204e+00
6.289340689017429042e+00
7.441588230188685316e+00
8.281539893829368282e+00
8.761159799817896499e+00
8.848097205029420209e+00
8.527586490941470032e+00
7.803560045464002393e+00
6.698905314039267367e+00
5.254836392625672481e+00
3.529391722161739686e+00
1.595110810886511743e+00
-4.640174897177535840e-01
-2.556206691063240832e+00
-4.585965363578319298e+00
-6.458448235484333111e+00
-8.083867663336160803e+00
-9.381761006403189995e+00
-1.028491245179437819e+01
-1.074274031323153267e+01
-1.072398233023609038e+01
-1.021854116445941685e+01
-9.238388870120587626e+00
-7.817471009315248409e+00
-6.010596422618414536e+00
-3.891345395592435530e+00
-1.549074932782954939e+00
9.148570827853683696e-01
3.391488945860440474e+00
5.769082167725224863e+00
7.938164267976062227e+00
9.796559619240365890e+00
1.125417746289220844e+01
1.223733361847077994e+01
1.269240021324178791e+01
1.258860529096461534e+01
1.191984029216424013e+01
1.070537659198652669e+01
8.989440649931321303e+00
6.839648718940645189e+00
4.344354162338096792e+00
1.609010855819377639e+00
-1.248297426376820063e+00
-4.101971507570377540e+00
-6.824432931627503862e+00
-9.291837025904023051e+00
-1.138970662981558846e+01
-1.301823014341530360e+01
-1.409697914872777602e+01
-1.456882374653316070e+01
-1.440285703432595277e+01
-1.359618244328163428e+01
-1.217446714155561871e+01
-1.019121923653341000e+01
-7.725803653067749188e+00
-4.880268763956456368e+00
-1.775110506190574533e+00
1.455849679126236751e+00
4.671254503877791286e+00
7.728416630891356220e+00
1.048966724309780219e+01
1.282856418310545443e+01
1.463567929687304314e+01
1.582370013053637159e+01
1.633160876670407191e+01
1.612773923153256916e+01
1.521156293254875536e+01
1.361410693377114889e+01
1.139697012116807429e+01
8.649964793598307722e+00
5.487473139722837345e+00
2.043666634760449519e+00
-1.533211059372218799e+00
-5.087253007281632655e+00
-8.461711462406752204e+00
-1.150593416647362766e+01
-1.408210654304817488e+01
-1.607149732595247826e+01
-1.737992424765052135e+01
-1.794218837013434964e+01
-1.772526915848614237e+01
1.840722932625665109e+00
-1.023254775355730928e+01
7.694117349394044680e+00
3.395404626385822411e+00
-1.115822142977487985e+01
7.196738732788156234e+00
4.308745295894782501e+00
-1.125859732098621535e+01
6.617983016548046216e+00
4.470175487490041455e+00
-1.062174561735399969e+01
6.133259843667667965e+00
3.839055093742278491e+00
-9.398183563973319110e+00
5.900605558635228398e+00
2.450671373971364808e+00
-7.783900589206520060e+00
6.041116551462553552e+00
4.146293569110865995e-01
-5.999155505648152698e+00
6.623500063798958060e+00
-2.094275067197847395e+00
-4.265282901890802059e+00
7.654455221857915603e+00
-4.851830465713355522e+00
-2.781935665088716370e+00
9.075974395182814902e+00
-7.605274177728182039e+00
-1.707125982430738986e+00
1.076991512715824939e+01
-1.009715598604100606e+01
-1.142115594061780648e+00
1.256941396046479120e+01
-1.208979709776523137e+01
-1.122680830330667234e+00
1.427597778703034059e+01
-1.338787476533753562e+01
-1.617594753085539239e+00
1.568047370973240007e+01
-1.385685304689759079e+01
-2.534399731074570727e+00
1.658580996910343330e+01
-1.343540642357806547e+01
-3.731770121751549318e+00
1.682890389288189326e+01
-1.214060086152469431e+01
-5.037067899281239214e+00
1.629958936097899524e+01
-1.006534201259074379e+01
-6.267147375704010592e+00
1.495442063855190362e+01
-7.368394903867432788e+00
-7.250126043590204183e+00
1.282385024913728699e+01
-4.258040852350698735e+00
-7.845742548298927588e+00
1.001194168318513000e+01
-9.710861753564405952e-01
-7.962079764352480993e+00
6.688551886840112815e+00
2.250593894145766161e+00
-7.566824123505581312e+00
3.074702717739022706e+00
5.183552385368345838e+00
-6.691820046748643946e+00
-5.774272168581022768e-01
7.643897994850570754e+00
-5.430398385535188943e+00
-4.007893376662112317e+00
9.503905875809666171e+00
-3.927734032909822037e+00
-6.973402324663599217e+00
1.070245193541401640e+01
-2.365238225223513790e+00
-9.270283038588026159e+00
1.124826911385891215e+01
-9.406361093469866042e-01
-1.075368140264852634e+01
1.121578440154029188e+01
1.541484668196662078e-01
-1.135102959014686519e+01
1.073407752530883563e+01
7.549313935311445789e-01
-1.106842710263224916e+01
9.970224082521424336e+00
7.446632210318586687e-01
-9.989296679779389621e+00
9.108871657570984937e+00
6.816726269487194401e-02
-8.265470496780933374e+00
8.330285762052938026e+00
-1.259414459393870978e+00
-6.101637519454379266e+00
7.789252781708283280e+00
-3.151450073757910531e+00
-3.734760860678165706e+00
7.597124062579545978e+00
-5.456144985170903183e+00
-1.410583968008875644e+00
7.808940091546057616e+00
-7.969804576060356638e+00
6.403664348102013903e-01
8.417023184509321965e+00
-1.045573915583345403e+01
2.224834303346540310e+00
9.351729570128661351e+00
-1.266691948447457960e+01
3.204714551495089658e+00
1.048928110007065584e+01
-1.437008815384266924e+01
3.508976001343224738e+00
1.166583457722135542e+01
-1.536886699496374220e+01
3.138474203209482116e+00
1.269627353514666268e+01
-1.552349124613801123e+01
2.163249702509054906e+00
1.339569451450574888e+01
-1.476513846878696334e+01
7.126946122268300599e-01
1.360126187588820557e+01
-1.310336931709156971e+01
-1.040286044273652344e+00
1.319205376347572667e+01
-1.062590124653999268e+01
-2.899369701255497755e+00
1.210472282458571414e+01
-7.490721851640257611e+00
-4.666984310263032398e+00
1.034322793684356512e+01
-3.911333957997910282e+00
-6.166161442199999065e+00
7.981512312216503702e+00
-1.366280620414823677e-01
-7.259735910231883693e+00
5.158744058459777904e+00
3.572574020926169602e+00
-7.864849560533408557e+00
2.067519821447227457e+00
6.967924377612312092e+00
-7.961228386077843666e+00
-1.063821978761734233e+00
9.836434119141026500e+00
-7.592374628937608172e+00
-3.993003114805893095e+00
1.201953639064740287e+01
-6.859577801064494551e+00
-6.487502379819169107e+00
1.342643042421721233e+01
-5.909419915536587631e+00
-8.347712530112325169e+00
1.404041051275987506e+01
-4.916149101915685549e+00
-9.427161971902778603e+00
1.391761698578642203e+01
-4.060848266015907093e+00
-9.647695445240241696e+00
1.317843510168101773e+01
-3.509673071653157450e+00
-9.008018073755513555e+00
1.199252966358503514e+01
-3.393539390226956165e+00
-7.584684874322737969e+00
1.055915848565196669e+01
-3.791493083404449571e+00
-5.525392677082082038e+00
9.084888236679837803e+00
-4.719609839936425466e+00
-3.035222692026013025e+00
7.761091767219839177e+00
-6.126690153592422305e+00
-3.572071980229092336e-01
6.743610546516412008e+00
-7.897295629884806267e+00
2.250822588479976183e+00
6.136719456582821586e+00
-9.861893293102051317e+00
4.540769315893775193e+00
5.983060431457844608e+00
-1.181311655651477821e+01
6.297705898684952786e+00
6.260566361457604145e+00
-1.352649498817543616e+01
7.359856064064768333e+00
6.886645650909029470e+00
-1.478351936095302221e+01
7.633121319401167781e+00
7.729120247953224165e+00
-1.539464526287497392e+01
7.098724521805694465e+00
8.622688002424517606e+00
-1.521982601247718137e+01
5.813254863990219512e+00
9.389090079835931135e+00
-1.418440574304393564e+01
3.901185715387178732e+00
9.858768157880883010e+00
-1.228867174834683240e+01
1.540713189767408675e+00
9.891636062912628091e+00
-9.610013022635428115e+00
-1.055551470526656876e+00
9.394683291968121353e+00
-6.297391991456850135e+00
-3.662979967919352653e+00
8.334463772609176146e+00
-2.558629492637720659e+00
-6.068053949386329471e+00
6.743066859643832345e+00
1.358253637505813849e+00
-8.089801877749600578e+00
4.716861652939083882e+00
5.187779125315095996e+00
-9.597322854291002514e+00
2.408077042515010202e+00
8.671554602410065371e+00
-1.052160302698359473e+01
1.004703948150764692e-02
1.158214637844422867e+01
-1.086044558995046927e+01
-2.262367116712368897e+00
1.374387813577480699e+01
-1.067607240910620625e+01
-4.195142043046293345e+00
1.504846867679677125e+01
-1.008573614059345047e+01
-5.597897001148088414e+00
1.546395426316565391e+01
-9.246423978363875307e+00
-6.324725877172628685e+00
1.503603370296700348e+01
-8.335359662401128134e+00
-6.290832734163531725e+00
1.388175489254651396e+01
-7.528453257337578641e+00
-5.483170932492630101e+00
1.217624858700218127e+01
-6.979061918796379160e+00
-3.963900274586585226e+00
1.013392672562950736e+01
-6.799387024861925255e+00
-1.866217962339951519e+00
7.986124619584607842e+00
-7.046547809508232341e+00
6.170900162990109461e-01
5.957520389526178128e+00
-7.714869223272619259e+00
3.251272801359148978e+00
4.243774717556656917e+00
-8.735255292852984965e+00
5.781664425645359984e+00
2.992688382275400905e+00
-9.981759194326933482e+00
7.957944888731128152e+00
2.290790062950871508e+00
-1.128468793220316257e+01
9.558161828813030780e+00
2.156683478856631808e+00
-1.244887471397572298e+01
1.041007976209516706e+01
2.541762770786731629e+00
-1.327519045491499128e+01
1.040769379292894214e+01
3.338124088539830225e+00
-1.358300695449752027e+01
9.521238917525714385e+00
4.392741846593544608e+00
-1.323120647475506928e+01
7.799693137898753292e+00
5.526319908737842290e+00
-1.213546870442598369e+01
5.365543093787954021e+00
6.554740164209156283e+00
-1.027994267137132667e+01
2.402374539830982592e+00
7.310764658277384420e+00
-7.721989030114025709e+00
-8.634159128786241810e-01
7.663630366232967006e+00
-4.589397043749837479e+00
-4.184893197731238246e+00
7.534409308376487147e+00
-1.070265334369087995e+00
-7.318545616101641116e+00
6.905466040450876086e+00
2.603496100507160183e+00
-1.004748065386055345e+01
5.822980887103613945e+00
6.177413616935361951e+00
-1.220149435867087107e+01
4.392253239415244259e+00
9.398314402172243121e+00
-1.367199407089649377e+01
2.766275883110891343e+00
1.203839127020848920e+01
-1.442030362185640868e+01
1.128796487680269856e+00
1.391701853970271685e+01
-1.447858055342403460e+01
-3.263207037889848117e-01
1.491809143456795539e+01
-1.394335274727431795e+01
-1.417214577959451383e+00
1.500111483503561871e+01
-1.296245535167257046e+01
-1.995239160306105042e+00
1.420490528848892531e+01
-1.171683690830203339e+01
-1.962961290700914851e+00
1.264352661412848278e+01
-1.039923405480562835e+01
-1.286964698570342236e+00
1.049487546248996850e+01
-9.192031706549023795e+00
-4.019495553483132255e-03
7.983085929989917062e+00
-8.246697256976514012e+00
1.780130957242106682e+00
5.356553419491055124e+00
-7.666996036396801273e+00
3.899338866564478590e+00
2.863821750505594288e+00
-7.497780615488222722e+00
6.142173882927573381e+00
7.297880259356173127e-01
-7.720542665495296220e+00
8.272100562269047330e+00
-8.653646636260159397e-01
-8.256187022463709724e+00
1.005067310511280354e+01
-1.802390928684298288e+00
-8.974710533405151125e+00
1.126137935850789518e+01
-2.032760425766501733e+00
-9.710725403638251763e+00
1.173168254435537072e+01
-1.581063868995054023e+00
-1.028313671091080295e+01
1.135098113837969080e+01
-5.398940090569306349e-01
-1.051683320471022931e+01
1.008261731344111922e+01
9.421681544618073501e-01
-1.026402725689348827e+01
7.968669984902616577e+00
2.678117099361210229e+00
-9.422907714159887149e+00
5.127006847139326418e+00
4.463721139601574350e+00
-7.951545803119522304e+00
1.740864029331998797e+00
6.100073172389964604e+00
-5.875490334977799378e+00
-1.958010605068172261e+00
7.415086176763046488e+00
-3.288152249776443714e+00
-5.710953897022099213e+00
8.281654562989718471e+00
-3.438403051054916837e-01
-9.256541975232183361e+00
8.630571197501364367e+00
2.755910677569677336e+00
-1.235486250202754910e+01
8.456859286324633018e+00
5.781362261275813097e+00
-1.480945813566351532e+01
7.818887871226683828e+00
8.497013204448844448e+00
-1.648474212560643082e+01
6.830414358497937322e+00
1.068515136716948355e+01
-1.731716157920391908e+01
5.646455349623341391e+00
1.216807507385444076e+01
-1.731903602104636519e+01
4.444547991652152419e+00
1.282666320533142468e+01
-1.657476010827668134e+01
3.403458278852377283e+00
1.261333744724596428e+01
-1.522985012390567938e+01
2.681667978711624656e+00
1.155802995791508181e+01
-1.347405151446596605e+01
2.397998978919995139e+00
9.766486076974297603e+00
-1.152033230705314892e+01
2.616509871994279202e+00
7.411020003255683442e+00
-9.582001505760102233e+00
3.337348003128233209e+00
4.714619445983388779e+00
-7.850369651002232274e+00
4.494608510181370420e+00
1.929981917010779258e+00
-6.475292579068057996e+00
5.961506611056680782e+00
-6.844110949383517273e-01
-5.550617697628481118e+00
7.562389103969556103e+00
-2.888770008880826357e+00
-5.106019220608192022e+00
9.090378076670242891e+00
-4.484554897507371685e+00
-5.106021342417151665e+00
1.032883162501965124e+01
-5.332846277512029332e+00
-5.456239013144083216e+00
1.107438738406516876e+01
-5.366694170160595689e+00
-6.016096061226847702e+00
1.115916948783923957e+01
-4.596233995919980941e+00
-6.616591131889197896e+00
1.046980829305856275e+01
-3.106105379235196473e+00
-7.081145936745743441e+00
8.961238273840097079e+00
-1.045503574854567796e+00
-7.247244106789992202e+00
6.663770382915013002e+00
1.388049817546296971e+00
-6.986486834411946845e+00
3.682625752247081330e+00
3.969488789210412261e+00
-6.220862063542279330e+00
1.898959202343530883e-01
6.469350313168358291e+00
-4.933429180517400425e+00
-3.590320419831572352e+00
8.676870659416547227e+00
-3.172218169812413002e+00
-7.402144877839940129e+00
1.042063797775598744e+01
-1.046867985823046077e+00
-1.098149221733224934e+01
1.158468242379542446e+01
1.281693197893944980e+00
-1.408061858532237665e+01
1.211837973302194627e+01
3.617475367773580253e+00
-1.649116911558413179e+01
1.203920700792536813e+01
5.749872530467050602e+00
-1.806339936066080654e+01
1.142815052689883970e+01
7.476176112746458102e+00
-1.871963637244757450e+01
1.041834435235267797e+01
8.623769155490411009e+00
-1.846063679312795358e+01
9.178233376282729949e+00
9.069630145385659148e+00
-1.736422939850385916e+01
7.891130006371945171e+00
8.755041295692796766e+00
-1.557642205698603632e+01
6.733409519098927376e+00
7.693885087580444981e+00
-1.329592544197863546e+01
5.853725830764606286e+00
5.973574088130796156e+00
-1.075371763367063416e+01
5.355512921210187294e+00
3.748423477675549620e+00
-8.189775116411029288e+00
5.284679939367119772e+00
1.226063419461397963e+00
-5.829374654692727198e+00
5.623848040829743766e+00
-1.351783098199613065e+00
-3.861398466918080530e+00
6.293773541099596969e+00
-3.732238416211318022e+00
-2.420849667511242309e+00
7.161829429944569725e+00
-5.675610803596877751e+00
-1.577330298766210781e+00
8.056657397508221408e+00
-6.978668444451711750e+00
-1.330598580887105697e+00
8.787435686509956767e+00
-7.494478378554515707e+00
-1.613572331160200157e+00
9.165704960161248138e+00
-7.146788543530730564e+00
-2.302360752804366584e+00
9.027408413437230550e+00
-5.937487717134372289e+00
-3.232169444490460286e+00
8.252764173758567523e+00
-3.946387011729529881e+00
-4.217310908387048585e+00
6.781802185267664207e+00
-1.323353843254272633e+00
-5.073129194758303484e+00
4.623842233144711322e+00
1.726386998576177501e+00
-5.637456823364401792e+00
1.859818255799988940e+00
4.962272010471394879e+00
-5.789284395875335498e+00
-1.362899096293254342e+00
8.131683488952592853e+00
-5.462631362158203885e+00
-4.842742811980419226e+00
1.099411928132513872e+01
-4.654127352710919041e+00
-8.342069554210866045e+00
1.334378812536027858e+01
-3.423492059066934878e+00
-1.160935250506629579e+01
1.502834741113385064e+01
-1.886865968573528729e+00
-1.440320292188785878e+01
1.596191327904621637e+01
-2.037134556657665962e-01
-1.651577172747005307e+01
1.613107900184414234e+01
1.441287591492159459e+00
-1.779313243638266684e+01
1.559341280294159304e+01
2.859412603411088494e+00
-1.815054653066460588e+01
1.446869341966343470e+01
3.879821192085019632e+00
-1.758103116081189654e+01
1.292389827949908998e+01
4.369867310719107500e+00
-1.615633294662467989e+01
1.115360590359383153e+01
4.251564900346190612e+00
-1.402018956330467248e+01
9.357943508007695144e+00
3.512382794560666266e+00
-1.137455173159037969e+01
7.720453885820439233e+00
2.209135369322005271e+00
-8.460159808655168590e+00
6.388247503727368048e+00
4.644611506763096642e-01
-5.533446257839711890e+00
5.456547761987093459e+00
-1.543835878744733492e+00
-2.842107820708658750e+00
4.959257248011789798e+00
-3.599550495700019503e+00
-6.018205715294460134e-01
4.866521609171853058e+00
-5.469262380634331677e+00
1.023556023732417053e+00
5.089514392570555046e+00
-6.925782798798320705e+00
1.936309816913900583e+00
5.491890560362493012e+00
-7.771447271206631591e+00
2.112339013058849524e+00
5.906640410339612401e+00
-7.858838297619625379e+00
1.601062537753232817e+00
6.156495014380016784e+00
-7.106773322741107179e+00
5.178786731981057656e-01
6.075650448246443069e+00
-5.509871073624204030e+00
-9.699549383748680143e-01
5.530431693523126135e+00
-3.140664637437154738e+00
-2.662469128887701153e+00
4.436623785624887795e+00
-1.439940723414894208e-01
-4.349095533371171385e+00
2.771546519100087203e+00
3.275794662018250314e+00
-5.831385938456279838e+00
5.795032344905592936e-01
6.873576872724543207e+00
-6.943935736436404937e+00
-2.030064357968022648e+00
1.038622447952902128e+01
-7.571315957574970668e+00
-4.891608544711216311e+00
1.355713538765006021e+01
-7.659256139266937602e+00
-7.798821832768353168e+00
1.616004400020728227e+01
-7.218941868730700762e+00
-1.052474627912804905e+01
1.801971731011571976e+01
-6.324030332631533469e+00
-1.284457850529994616e+01
1.902746621680201144e+01
-5.100766417989079926e+00
-1.455880186877393356e+01
1.914994071690348676e+01
-3.712318528575877963e+00
-1.551422394831654472e+01
1.843037402198854835e+01
-2.339069558805276561e+00
-1.562069823025506210e+01
1.698222165542862783e+01
-1.157029382966204167e+00
-1.486174325057381473e+01
1.497592559729929107e+01
-3.167353195550335343e-01
-1.329789550432381517e+01
1.262023877657677851e+01
7.504478959068361377e-02
-1.106237938618446037e+01
1.014009819535443668e+01
-3.120947046432753780e-02
-8.349470415089621511e+00
7.753378285501737466e+00
-6.206151646285276158e-01
-5.396684251439178404e+00
5.648954361210854813e+00
-1.613880987655809562e+00
-2.462564526449218416e+00
3.968349589928560128e+00
-2.874518089343477190e+00
1.976997008622896068e-01
2.792844830529179312e+00
-4.222558646312205788e+00
2.356368872741110287e+00
2.137340960410294421e+00
-5.453373612782734803e+00
3.834529542103499722e+00
1.951540392235896704e+00
-6.359627311216094370e+00
4.518600929312778014e+00
2.128234731023438631e+00
-6.754058215626891126e+00
4.370321301734065855e+00
2.517731181645921357e+00
-6.490669655623801049e+00
3.429235981076976358e+00
2.946800850716373876e+00
-5.482062969379274620e+00
1.807480943775384485e+00
3.240055838864680737e+00
-3.711033868715737150e+00
-3.225521561358857259e-01
3.241409028929469915e+00
-1.235140278363088484e+00
-2.746354672443289680e+00
2.833267227452373582e+00
1.816324481570141813e+00
-5.229338163168485210e+00
1.951354960610255596e+00
5.252731323538295527e+00
-7.540474588943872902e+00
5.935365688305287435e-01
8.838898024307802359e+00
-9.475094017313079320e+00
-1.178351489004765718e+00
1.231659750854254654e+01
-1.087449978025186148e+01
-3.243896141020965462e+00
1.542863728155826131e+01
-1.164041024448214046e+01
-5.436192461463003056e+00
1.794308096918946305e+01
-1.174279215212729000e+01
-7.559358178478251311e+00
1.967515996919848220e+01
-1.122035408805161438e+01
-9.409629427610466834e+00
2.050465453433448104e+01
-1.017374583072943572e+01
-1.079779468341899396e+01
2.038698529460289421e+01
-8.752278329738802043e+00
-1.157056573116678777e+01
1.935690030181119070e+01
-7.135658991294940634e+00
-1.162858016473974487e+01
1.752440209298655205e+01
-5.512756477373091712e+00
-1.093906973022196105e+01
1.506335492314989644e+01
-4.059713928547570738e+00
-9.541777682405225391e+00
1.219396134771247375e+01
-2.919787665626304651e+00
-7.547408956353853782e+00
9.160921784396833800e+00
-2.187094259214194203e+00
-5.128676113160320682e+00
6.209525665627634972e+00
-1.896023209235502271e+00
-2.504780074115221300e+00
3.562123272483812109e+00
-2.017460555733968874e+00
7.914380857314817774e-02
1.397372848653885669e+00
-2.462235371346902291e+00
2.375549455151931166e+00
-1.656456539599799882e-01
-3.091423878142733894e+00
4.158587790075855217e+00
-1.076878609553322264e+00
-3.732407123348471245e+00
5.246339382198526913e+00
-1.357418363045389764e+00
-4.198955943015131531e+00
5.518895104830330745e+00
-1.094175676541077724e+00
-4.313177280996643326e+00
4.930427145539902689e+00
-4.277664394297766570e-01
-3.926945546252720742e+00
3.514005477946657408e+00
4.650185625453695515e-01
-2.940484187100085300e+00
1.378657563576174194e+00
1.392231694518795138e+00
-1.316052116281461792e+00
-1.301035713469892219e+00
2.168990410647336553e+00
9.148030102684163722e-01
-4.301749871211444365e+00
2.638506730863565242e+00
3.651290404971316406e+00
-7.372919283990297501e+00
2.689669165994013955e+00
6.730819713061649168e+00
-1.026074205804083483e+01
2.269301564146509520e+00
9.943160971910142365e+00
-1.273224761964728913e+01
1.387800761005872907e+00
1.304992692286694833e+01
-1.459699111157679496e+01
1.175689175506300366e-01
1.580741432566694193e+01
-1.572419503937855367e+01
-1.415568581947450610e+00
1.799047491614349781e+01
-1.605364033393212964e+01
-3.047014814304542352e+00
1.941496281622355013e+01
-1.559926540044383358e+01
-4.592524501487906363e+00
1.995643709032934510e+01
-1.444519389323641967e+01
-5.869717268793123388e+00
1.956317250550128861e+01
-1.273470000008014935e+01
-6.719637308842893120e+00
1.826210974392694197e+01
-1.065335145084410939e+01
-7.026002560066377356e+00
1.615709831045111855e+01
-8.408168849179135762e+00
-6.730023981726870552e+00
1.341957605008738597e+01
-6.205042892690155298e+00
-5.839138925968267557e+00
1.027260618102763878e+01
-4.226816822581525912e+00
-4.428643382909689841e+00
6.969875083509142755e+00
-2.614353216094750465e+00
-2.635958681048974572e+00
3.771770656154094237e+00
-1.452571899009491574e+00
-6.480500655130272403e-01
9.209580623102615604e-01
-7.629048516127481250e-01
1.316754915030992734e+00
-1.380083713318537519e+00
-5.029219435341332201e-01
3.030698190046913432e+00
-2.987309575795397798e+00
-5.731114358927325014e-01
4.280013111385807534e+00
-3.827326998264561908e+00
-8.300328375172381090e-01
4.887402281845743879e+00
-3.902400793545973023e+00
-1.104377863212058886e+00
4.731217341848611646e+00
-3.287808533451213044e+00
-1.221949931083360141e+00
3.759313983231276524e+00
-2.121903212527872284e+00
-1.025259340772238126e+00
1.996095815612578761e+00
-5.899916561471862941e-01
-3.933631187534762930e-01
-4.580418416708695872e-01
1.096229510102344928e+00
7.422372226254472238e-01
-3.434875226501989953e+00
2.721489704000219056e+00
2.387409430267174670e+00
-6.713344529070472078e+00
4.089603615587043883e+00
4.482078693528242397e+00
-1.003989150919383988e+01
5.043600812919040166e+00
6.904221465236165756e+00
-1.315210511483869560e+01
5.481236978308254848e+00
9.480816290887513986e+00
-1.580329503003417102e+01
5.364300644977104682e+00
1.200465739217429650e+01
-1.778551652416434337e+01
4.720796897732339126e+00
1.425530412500367561e+01
-1.894872981334116346e+01
3.639851432281866028e+00
1.602198680064695324e+01
-1.921417669121295191e+01
2.259954166388309815e+00
1.712606486919067450e+01
-1.858065471315299888e+01
7.518694257438602868e-01
1.744066133963605836e+01
-1.712310233008714633e+01
-7.018950097836649249e-01
1.690537528357231523e+01
-1.498370054161618725e+01
-1.928804539042765498e+00
1.553447379739278134e+01
-1.235646523653990947e+01
-2.786821692933993511e+00
1.341763403853990866e+01
-9.466969319742309708e+00
-3.181489273802004192e+00
1.071307518140489812e+01
-6.549325825402844359e+00
-3.077694050932934910e+00
7.633709055954259526e+00
-3.822831493153326932e+00
-2.504802093304941746e+00
4.427664368164985653e+00
-1.470687239505893196e+00
-1.554566546816664729e+00
1.355126765246490006e+00
3.770235452706405255e-01
-3.719834249942581827e-01
-1.336175943352378326e+00
1.654380582437304348e+00
8.599711009002946049e-01
-3.434368008380149107e+00
2.363618553318861171e+00
1.940127521256282073e+00
-4.783334346675454540e+00
2.571738593774761661e+00
2.671345651525799614e+00
-5.297133917528766389e+00
2.400194955661099527e+00
2.882810528867439270e+00
-4.967471866832652516e+00
2.008843280711870349e+00
2.450013560142596969e+00
-3.863497513968120245e+00
1.575939784237771146e+00
1.310257820597628964e+00
-2.123983497242812213e+00
1.276392133023039221e+00
-5.280177169510924529e-01
5.727733468678114503e-02
1.260639838906209675e+00
-2.983162727708025486e+00
2.451327756265045288e+00
1.636466219635375197e+00
-5.905803931005472407e+00
4.817092654066677859e+00
2.455723691107813522e+00
-9.091423377209164158e+00
6.925237204257046031e+00
3.707423402817749292e+00
-1.229880986853185298e+01
8.580389150370976381e+00
5.317955240823132534e+00
-1.527254811130715240e+01
9.639463873850168341e+00
7.158437483179955763e+00
-1.776728070788161773e+01
1.002425207137105367e+01
9.058428013239678833e+00
-1.957128303505386668e+01
9.727041193337997882e+00
1.082454217874263236e+01
-2.052695120323152977e+01
8.808778870719891074e+00
1.226198887836076956e+01
-2.054611274246781250e+01
7.390071792405295881e+00
1.319671289740725229e+01
-1.961859643796962160e+01
5.636064386783194990e+00
1.349575245773940679e+01
-1.781318711853766601e+01
3.736879431986377842e+00
1.308359522226854921e+01
-1.527087145289198666e+01
1.885760585279950163e+00
1.195272575937202397e+01
-1.219107068951044681e+01
2.572870009586534223e-01
1.016716006898452385e+01
-8.812273541691656220e+00
-1.011991082081315163e+00
7.858495192498388349e+00
-5.389052433989530044e+00
-1.838416947596385853e+00
5.214787421249861055e+00
-2.167809870401190331e+00
-2.200003276134392394e+00
2.463328737151392112e+00
6.362788471997324891e-01
-2.138188097028804524e+00
-1.509616197290069017e-01
2.858796994508607359e+00
-1.752395515939783710e+00
-2.389343336381092087e+00
4.400140425744370809e+00
-1.187999950831128526e+00
-4.042828359533033655e+00
5.232722276322068211e+00
-6.190028969413320370e-01
-4.953100030959209477e+00
5.400676457975038147e+00
-2.273026072530259789e-01
-5.028618244516803948e+00
5.012192913899903957e+00
-1.808089789768079214e-01
-4.254237852108349038e+00
4.225385046453164151e+00
-6.127888462594173191e-01
-2.693329518733829531e+00
3.229259400056392337e+00
-1.604706436502349121e+00
-4.821603423167308833e-01
2.221859608471227876e+00
-3.174462290339798543e+00
2.182914152865505830e+00
1.387938538547895284e+00
-5.271369221587218767e+00
5.064157306370812961e+00
8.785454005378712239e-01
-7.778495108689686077e+00
7.905164225046046766e+00
7.946954800727130674e-01
-1.052222391065379625e+01
1.045527861918534995e+01
1.176842705643066367e+00
-1.328812016554316600e+01
1.249324258845524582e+01
2.001247117246522045e+00
-1.584150906199464970e+01
1.384769521598781772e+01
3.183587038308604455e+00
-1.795067502606114829e+01
1.441246947497238473e+01
4.589387924873195246e+00
-1.941029056484534721e+01
1.415518228011952395e+01
6.050108717546766712e+00
-2.006264498123733375e+01
1.311831230648227908e+01
7.383119335189871180e+00
-1.981445455991373095e+01
1.141274114143783081e+01
8.413383917924779354e+00
-1.864748032461722360e+01
9.204513722422563049e+00
8.994477897158041912e+00
-1.662181048833447150e+01
6.696272299695088748e+00
9.026632778681786817e+00
-1.387141668021056162e+01
4.105361520392952990e+00
8.469813903080504858e+00
-1.059238762665818889e+01
1.640934168538855431e+00
7.350360732026301136e+00
-7.024998349701392364e+00
-5.175266223514025654e-01
5.760401264687415868e+00
-3.431408429751193090e+00
-2.238020654288169986e+00
3.850020202658788193e+00
-7.123315665216001236e-02
-3.448335001749172957e+00
1.812933508030954100e+00
2.822550508742516229e+00
-4.141591320004018861e+00
-1.328815353019381362e-01
5.064938037818681238e+00
-4.374513967343698795e+00
-1.767605363139215680e+00
6.535334155254013844e+00
-4.258675493306427029e+00
-2.892710703865521538e+00
7.187463653382640594e+00
-3.945725297967417333e+00
-3.352385168291731610e+00
7.051803748457052379e+00
-3.608248000599361127e+00
-3.050975150469015240e+00
6.230358773324689459e+00
-3.418362697181675625e+00
-1.964583673868506963e+00
4.884387468479305383e+00
-3.526413860035308545e+00
-1.455514115313141232e-01
3.216416456631967069e+00
-4.042093906160661554e+00
2.280718067942917315e+00
1.448455314792133297e+00
-5.020077595570473505e+00
5.126337006862680568e+00
-2.012914551268822905e-01
-6.451766851153949212e+00
8.157897131717879446e+00
-1.540781530499908847e+00
-8.264092136782041464e+00
1.111813592140934936e+01
-2.423243256346867547e+00
-1.032556205464755372e+01
1.375013288011321144e+01
-2.761076367337200743e+00
-1.245897599063123451e+01
1.582159750622707861e+01
-2.533148295829719565e+00
-1.445949753740677934e+01
1.714679732160073300e+01
-1.784796291998492102e+00
-1.611620493629562745e+01
1.760391491252410745e+01
-6.206221597220111796e-01
-1.723485058189640640e+01
1.714609242507246378e+01
8.090691972304984159e-01
-1.765941571555975997e+01
1.580507142722894010e+01
2.326664523307412580e+00
-1.729015476517476912e+01
1.368709777938630978e+01
3.748439006284211672e+00
-1.609617562156206461e+01
1.096155572468232187e+01
4.906232261393246752e+00
-1.412116111884322756e+01
7.843540018009689696e+00
5.667236295832695170e+00
-1.148154493514446273e+01
4.572192042784552157e+00
5.949735602628384967e+00
-8.357238153779533718e+00
1.387051403126502436e+00
5.733076512818047199e+00
-4.975778942767743018e+00
-1.495135580203915460e+00
5.060763250329491036e+00
-1.591465941235308490e+00
-3.900774001417002257e+00
4.036316166630820490e+00
1.538436170138514303e+00
-5.714881114914795113e+00
2.812305339848496288e+00
4.178018251336332867e+00
-6.890112313934894317e+00
1.573707849291553718e+00
6.135111231118862918e+00
-7.448500064338976046e+00
5.173517670927769707e-01
7.279461432284230149e+00
-7.475824840562133033e+00
-1.703609385393871634e-01
7.554852440272565417e+00
-7.109313477505112999e+00
-3.350625049085831364e-01
6.983948566668223279e+00
-6.520060166836169735e+00
1.269768557394446162e-01
5.665381232980290171e+00
-5.892115155248536240e+00
1.255282679474539087e+00
3.763395128501565878e+00
-5.400528474974598758e+00
3.018162277473967592e+00
1.491132929887821756e+00
-5.190735086612900950e+00
5.313077395604624442e+00
-9.107136028666178440e-01
-5.361513611397654699e+00
7.974466390943363514e+00
-3.197689691362866959e+00
-5.953360021604804153e+00
1.078829723292365372e+01
-5.145364607459880446e+00
-6.943531805761775644e+00
1.351192294813253270e+01
-6.570697445216805654e+00
-8.248299324264564802e+00
1.589724792234355633e+01
-7.348824764355203598e+00
-9.732165409920874311e+00
1.771485609156123431e+01
-7.423602095821229874e+00
-1.122306382212177311e+01
1.877663834405058907e+01
-6.810891881252381985e+00
-1.253190135637314562e+01
1.895459878922872932e+01
-5.594353248915831855e+00
-1.347433565569096281e+01
1.819390350954181912e+01
-3.914273990564248962e+00
-1.389243126703287956e+01
1.651882128522557025e+01
-1.950709877159546801e+00
-1.367383693216926766e+01
1.403093271048549084e+01
9.721484481611986084e-02
-1.276637787451080897e+01
1.089977646269450062e+01
2.033600785084586082e+00
-1.118643194090652315e+01
7.346876739724305772e+00
3.687262630035379019e+00
-9.020108222648266505e+00
3.624773312065020736e+00
4.930117120907826944e+00
-6.417003101184434399e+00
-6.815261676786033007e-03
5.690516072929977298e+00
-3.577092122829043319e+00
-3.305276839655191257e+00
5.960120071535344621e+00
-7.320443146695989611e-01
-6.067384037515655137e+00
5.793605460249479755e+00
1.877158195462917512e+00
-8.147328070837525971e+00
5.301268022820567083e+00
4.024011060692943786e+00
-9.468719548460589053e+00
4.635349811413384202e+00
5.519241089710025250e+00
-1.002940092333050615e+01
3.971590184504314891e+00
6.230165552511342852e+00
-9.898666273098386981e+00
3.488016934614697195e+00
6.094638574606399573e+00
-9.207274056985029986e+00
3.343293898844733825e+00
5.128114966867766356e+00
-8.131384804076111195e+00
3.656995733208639798e+00
3.423065516321194934e+00
-6.872180349605028660e+00
4.493982625198453817e+00
1.140762723269158840e+00
-5.633359134348040698e+00
5.854618233953049256e+00
-1.503759555742499199e+00
-4.598907787642072087e+00
7.671958129716764496e+00
-4.262066881638741478e+00
-3.913501731285621510e+00
9.816298200040410649e+00
-6.875952991657941382e+00
-3.667592492108465052e+00
1.210669054957087809e+01
-9.101949801793697503e+00
-3.888728424237590353e+00
1.432829073761186756e+01
-1.073424483086513348e+01
-4.539982909199776984e+00
1.625377325426476816e+01
-1.162370132286608637e+01
-5.525601057064846167e+00
1.766660824664769081e+01
-1.169108380440032846e+01
-6.703203151733458043e+00
1.838377884227598358e+01
-1.093319492186932251e+01
-7.901182200151945167e+00
1.827555803291282999e+01
-9.421365031024539149e+00
-8.939377960013487723e+00
1.728025347766203623e+01
-7.292527238070176665e+00
-9.650759320747454240e+00
1.541233804538298813e+01
-4.733874763920072226e+00
-9.901737912074381143e+00
1.276306061391575142e+01
-1.962754900545973680e+00
-9.608879858938546903e+00
9.493405153868087254e+00
7.960639890111513850e-01
-8.750164555496002805e+00
5.820055801690148023e+00
3.333359001382249165e+00
-7.369518964182515397e+00
1.995749047975518664e+00
5.476253885103962382e+00
-5.574072163331067031e+00
-1.714024232773330603e+00
7.104702021763321440e+00
-3.524352128928882166e+00
-5.055625191968213805e+00
8.161969290953319245e+00
-1.418402999647138563e+00
-7.810703392551891611e+00
8.658080803242231838e+00
5.285435788159702497e-01
-9.816104543819591299e+00
8.665947943775194062e+00
2.106724391373932193e+00
-1.097825490582140162e+01
8.310671732806564904e+00
3.134446047940107505e+00
-1.128059776472889197e+01
7.753242961561599422e+00
3.478236963219092814e+00
-1.078337409553776993e+01
7.170452575118118510e+00
3.068394168501118013e+00
-9.615828086641670325e+00
6.733224932795768503e+00
1.908236013717677260e+00
-7.961696355277186221e+00
6.585749933552309976e+00
7.601790368701344391e-02
-6.039526345348102510e+00
6.827700474240292472e+00
-2.280773732578064372e+00
-4.079893130753712960e+00
7.501488901425608979e+00
-4.958243161755276240e+00
-2.301890335212263494e+00
8.585975260007504772e+00
-7.714775665984014985e+00
-8.913286138990148544e-01
9.997348413378780663e+00
-1.029373579944582850e+01
1.712129832745468150e-02
1.159713161315210783e+01
-1.244789109743566868e+01
3.520333691754933270e-01
1.320649816994487402e+01
-1.396309299530074099e+01
1.103880406227508715e-01
1.462540153569456081e+01
-1.467881667527304401e+01
-6.446609134924941031e-01
1.565449952077728923e+01
-1.450348016979813792e+01
-1.793083144470013268e+00
1.611754025902633813e+01
-1.342299725037145564e+01
-3.173255778866581167e+00
1.588181130758844439e+01
-1.150171282606865830e+01
-4.601529919407230551e+00
1.487444048762272608e+01
-8.875651454837228727e+00
-5.893928704876073787e+00
1.309275863795765105e+01
-5.738797677044455092e+00
-6.887609154189649807e+00
1.060754659355214535e+01
-2.323839141605707148e+00
-7.459754826524090277e+00
7.558727544332368709e+00
1.120634187103747514e+00
-7.541848822174898714e+00
4.143854202445018231e+00
4.354127446664626255e+00
-7.127776728268708339e+00
6.004953265812060792e-01
7.166978462227256763e+00
-6.274873761062684352e+00
-2.815731100897193251e+00
9.399525616372708114e+00
-5.097789215673405039e+00
-5.855267925968057341e+00
1.095578254314391842e+01
-3.755814117316173650e+00
-8.298427873443488423e+00
1.181028149485031520e+01
-2.435022905049407882e+00
-9.976476856128249082e+00
1.200746968453751862e+01
-1.327142422256710752e+00
-1.078783827276046736e+01
1.165382648864352078e+01
-6.074217709980871405e-01
-1.070776048983250206e+01
1.090363178794415511e+01
-4.138963087401608121e-01
-9.790457736776858155e+00
9.939976963830781997e+00
-8.303051403905037375e-01
-8.163505758190616746e+00
8.953100922229952019e+00
-1.874547509082585606e+00
-6.015067480296262481e+00
8.118402759084329290e+00
-3.493988430646674637e+00
-3.575257992147637509e+00
7.576502445635949101e+00
-5.568207885159115023e+00
-1.093555912396454666e+00
7.417489611232433333e+00
-7.919005925120309541e+00
1.185432430486565991e+00
7.671042975678565412e+00
-1.032671027722619250e+01
3.045390008352125921e+00
8.303467871579833570e+00
-1.255116392153985672e+01
4.318517805369445739e+00
9.221953912484179838e+00
-1.435526821477663972e+01
4.900547831988596670e+00
1.028557810333413869e+01
-1.552867543229514879e+01
4.759064548124797511e+00
1.132185273601874798e+01
-1.590919316493717872e+01
3.934361702141913497e+00
1.214701907779004486e+01
-1.539968566489851298e+01
2.532842089815452447e+00
1.258788050748914245e+01
-1.397871122187403969e+01
7.137440177061555868e-01
1.250279562618869633e+01
-1.170377295997447575e+01
-1.329330936680439779e+00
1.179953153210043837e+01
-8.706816741143169835e+00
-3.390081110694771027e+00
1.044800183275397920e+01
-5.182405417138721049e+00
-5.272031135694775550e+00
8.486449197218178142e+00
-1.369750616038955870e+00
-6.809519997271300085e+00
6.020322203511607739e+00
2.469586764992205197e+00
-7.884928895896815781e+00
3.213868422852897755e+00
6.076073775659750709e+00
-8.440340562752599141e+00
2.752388640537319908e-01
9.216197925121953460e+00
-8.482425063089021222e+00
-2.563408380516789542e+00
1.170365893698899917e+01
-8.080076349355699961e+00
-5.068778307277145068e+00
1.341564016222628553e+01
-7.355101731399216192e+00
-7.029927538573693901e+00
1.430255544194122308e+01
-6.467010767585152919e+00
-8.279933009295834978e+00
1.439034743790636028e+01
-5.593582193651850609e+00
-8.713474845967231985e+00
1.377518728398224113e+01
-4.909340600464840776e+00
-8.298477332270415729e+00
1.261121190940888326e+01
-4.564300741760500379e+00
-7.080556941009694683e+00
1.109265237459228715e+01
-4.665312619810926265e+00
-5.179763869800975584e+00
9.432279261380944746e+00
-5.262067335548668012e+00
-2.779896551346035860e+00
7.838460013768658641e+00
-6.339330773222163096e+00
-1.114345321966578040e-01
6.493250027154667592e+00
-7.816311378429596779e+00
2.570205991440011495e+00
5.533811562246062188e+00
-9.553309184421797440e+00
5.008906604512763927e+00
5.039086281535169576e+00
-1.136501587273378711e+01
6.972126846102030484e+00
5.023077680465662276e+00
-1.303912206392951489e+01
8.272782093301836781e+00
5.435389312626909941e+00
-1.435831365354361466e+01
8.786520725282493061e+00
6.168888620429239467e+00
-1.512336472045582880e+01
8.462679033958144359e+00
7.073606336461352839e+00
-1.517490026499120148e+01
7.327846694904058822e+00
7.975317979097808596e+00
-1.441152253492626301e+01
5.481739049570277800e+00
8.696756869595523298e+00
-1.280235798062042463e+01
3.085865269258053267e+00
9.079129713773728128e+00
-1.039265044864334619e+01
3.462209674034774087e-01
9.001575409232023262e+00
-7.301740987528498650e+00
-2.508157039634108187e+00
8.396428495883164089e+00
-3.713561097505531094e+00
-5.248520658954746843e+00
7.258597218611235746e+00
1.394577021313719856e-01
-7.669193127732683024e+00
5.647995147191699594e+00
3.997470607860722946e+00
-9.607448183270461683e+00
3.684708288716048497e+00
7.597193838680675881e+00
-1.095845169532969265e+01
1.537358161066447515e+00
1.069635420721250796e+01
-1.168376539998096675e+01
-5.941469025533473447e-01
1.309614772529920046e+01
-1.181260127781614955e+01
-2.499672304495407893e+00
1.465944254592018225e+01
-1.143578641768099757e+01
-3.981510617653499118e+00
1.532289763509282920e+01
-1.069317058048858016e+01
-4.876223106494586901e+00
1.510179381225259121e+01
-9.755900801065758188e+00
-5.073332094138505610e+00
1.408712303238978691e+01
-8.805526455944573172e+00
-4.528841402874617117e+00
1.243527690944145370e+01
-8.012227682026484388e+00
-3.272091024976685247e+00
1.035143364465194793e+01
-7.514545382172325816e+00
-1.405140541353646633e+00
8.068384791558274927e+00
-7.402823566367954911e+00
9.053482602055953343e-01
5.823002909730178089e+00
-7.708172368213333847e+00
3.442976761672348118e+00
3.832780546211100869e+00
-8.398165420404348325e+00
5.961763250215855514e+00
2.274846689227984164e+00
-9.379761306446768643e+00
8.209568207288434394e+00
1.269591991799799757e+00
-1.050916210566231079e+01
9.952425389503998687e+00
8.705380215222042750e-01
-1.160757477176936980e+01
1.099730901474218747e+01
1.061421043970395495e+00
-1.248120232549028685e+01
1.121101968686726558e+01
1.760697484205954844e+00
-1.294332930368298662e+01
1.053326467980203240e+01
2.832896564909518133e+00
-1.283612877866545787e+01
8.982601105426592625e+00
4.105527820254513571e+00
-1.204983202639232687e+01
6.654641649999298636e+00
5.389672538043432048e+00
-1.053716566788523323e+01
3.712715859065267576e+00
6.502009266422534850e+00
-8.321447600975893977e+00
3.719527703292468956e-01
7.285883834651796676e+00
-5.497391567424949166e+00
-3.121577417044196778e+00
7.629148161005223194e+00
-2.224431886098327205e+00
-6.514523865101793376e+00
7.476847034868733921e+00
1.286835099134713278e+00
-9.570300747978858880e+00
6.837390261737319008e+00
4.793770352682295233e+00
-1.209107412505620971e+01
5.781549851009365248e+00
8.044459184904779292e+00
-1.393547308273696927e+01
4.434393948842272337e+00
1.080181995480919532e+01
-1.503026473752181147e+01
2.961029279299094874e+00
1.286659464305818545e+01
-1.537487064222866096e+01
1.547691528385459092e+00
1.409686353918847423e+01
-1.503835437377931505e+01
3.802276865879168355e-01
1.442207394159648359e+01
-1.414929761653139906e+01
-3.776976732613412935e-01
1.385013014397165065e+01
-1.287972231807625434e+01
-6.042995860677926601e-01
1.246680121430456012e+01
-1.142483199674071948e+01
-2.351121479321207630e-01
1.042749038005657169e+01
-9.980771739446364421e+00
7.275494516940508305e-01
7.942193238201407546e+00
-8.722799507873119751e+00
2.212198508478967263e+00
5.255169917618436770e+00
-7.786201315196166206e+00
4.083208293832827351e+00
2.621396069083028468e+00
-7.251976528213096351e+00
6.152831612494110480e+00
2.821830122051220968e-01
-7.138799770254542487e+00
8.199032655014441673e+00
-1.557565194230150496e+00
-7.402087861967034499e+00
9.987333830350891617e+00
-2.748168364516418105e+00
-7.940235768694846819e+00
1.129444473722241327e+01
-3.208186322285787373e+00
-8.607315507426093859e+00
1.193123712343440346e+01
-2.930368811370496651e+00
-9.230837827432939235e+00
1.176268049030139551e+01
-1.980011174620867731e+00
-9.632631616040256972e+00
1.072265320888702966e+01
-4.859775751656714160e-01
-9.650558045588052636e+00
8.822062766134575185e+00
1.374587283812937599e+00
-9.158681305462419431e+00
6.149392265730384111e+00
3.396187721863380471e+00
-8.083675600867316291e+00
2.863567479110984415e+00
5.367406048676125252e+00
-6.415642521646851115e+00
-8.201713791198830261e-01
7.093443968305360059e+00
-4.212102508131597034e+00
-4.649988736399153666e+00
8.416396054068101762e+00
-1.594646975418965162e+00
-8.360783701093330578e+00
9.231131886538712195e+00
1.261482391674821901e+00
-1.169878041539776703e+01
9.495143132206536052e+00
4.143865792489230593e+00
-1.444490073305341582e+01
9.231363249458819809e+00
6.823757414688889966e+00
-1.643457045943423012e+01
8.523721642174812985e+00
9.079169378950084024e+00
-1.757198258012469694e+01
7.505971208097912850e+00
1.071778692229095142e+01
-1.783741706009205075e+01
6.345046273311191420e+00
1.159731298046700587e+01
-1.728693663840265060e+01
5.220791078693275189e+00
1.164109113402807694e+01
-1.604456632364962232e+01
4.304285759895257080e+00
1.084733306315922619e+01
-1.428783868550634217e+01
3.737146336726977047e+00
0.000000000000000000e+00
4.898528450084415731e+00
9.585980367919905376e+00
1.386041992676888412e+01
1.753779490960535981e+01
2.045990140732839180e+01
2.250122393517079900e+01
2.357435375748175943e+01
2.363375035443667471e+01
2.267768335585401118e+01
2.074827172909515127e+01
1.792962005312342200e+01
1.434413469727188684e+01
1.014718201458540570e+01
5.520322784735734345e+00
6.634189476018623743e-01
-4.214042540543502469e+00
-8.902030242071145238e+00
-1.319905761433120439e+01
-1.692088592730725338e+01
-1.990846294805408689e+01
-2.203475362155470663e+01
-2.321016794148759033e+01
-2.338635295474288966e+01
-2.255818764988380565e+01
-2.076389817559837425e+01
-1.808329295824118432e+01
-1.463419923278250856e+01
-1.056726068005901098e+01
-6.059326860490807931e+00
-1.305725859730336502e+00
3.488240616441429687e+00
8.116207599955526319e+00
1.237967406842680518e+01
1.609655892489498186e+01
1.910901514709091842e+01
2.129016511102373244e+01
2.254946830520786349e+01
2.283649330542656131e+01
2.214293627447282375e+01
2.050280526782936619e+01
1.799076986663223821e+01
1.471875559685683399e+01
1.083093872898494325e+01
6.497366067046755234e+00
1.906483237871911207e+00
-2.743098754656821292e+00
-7.251237308470611431e+00
-1.142491523155558220e+01
-1.508654472178850980e+01
-1.808155933759259781e+01
-2.028496784898886318e+01
-2.160659080406635013e+01
-2.199475953780463300e+01
-2.143832554628160025e+01
-1.996690261264353694e+01
-1.764934150593688500e+01
-1.459051407170851355e+01
-1.092655672413005874e+01
-6.818789549662726657e+00
-2.446583583875142409e+00
2.000507082604816578e+00
6.331001731507613250e+00
1.035977669583580330e+01
1.391601624406560589e+01
1.685048758096495902e+01
1.904182870797438909e+01
2.040158309614096765e+01
2.087777163973892769e+01
2.045685762312362854e+01
1.916403152463431425e+01
1.706181624177537870e+01
1.424706649927059132e+01
1.084650559321091023e+01
7.011005218017595020e+00
2.908867227591380278e+00
-1.281592455046312473e+00
-5.379829663134815476e+00
-9.210886102221738980e+00
-1.261289202270198828e+01
-1.544393426158584148e+01
-1.758799699775625669e+01
-1.895972562115044724e+01
-1.950781769879784378e+01
-1.921690668550201053e+01
-1.810787099622961804e+01
-1.623657034455354520e+01
-1.369107979554280163e+01
-1.058755678200693495e+01
-7.064934582535043361e+00
-3.278684965872287194e+00
6.060692014963722229e-01
4.421785169946744531e+00
8.005757373007542199e+00
1.120708465650809416e+01
1.389304805451540226e+01
1.595462850845781411e+01
1.731093446534057279e+01
1.791235945187375478e+01
1.774234719439128583e+01
1.681770403315190165e+01
1.518746247869836807e+01
1.293036293849321616e+01
1.015108013768578132e+01
6.975373996391476261e+00
3.544389440908804367e+00
8.363954157145414570e-03
-3.479975771854228128e+00
-6.772036778470592822e+00
-9.729714031294207643e+00
-1.223120307313540955e+01
-1.417602566964346877e+01
-1.548906069712670686e+01
-1.612341884528766300e+01
-1.606205248062453705e+01
-1.531804882762798670e+01
-1.393361291657519985e+01
-1.197780392949624684e+01
-9.543142144793925752e+00
-6.741251325445970721e+00
-3.697741099524407105e+00
-5.465640087454186613e-01
2.575898737767999158e+00
5.536760865943587184e+00
8.212305792089544809e+00
1.049316935760016811e+01
1.228881285625036135e+01
1.353110332184711773e+01
1.417686019023948596e+01
1.420927510475576838e+01
1.363816260157565630e+01
1.249905138247262570e+01
1.085117654027527223e+01
8.774480226661168558e+00
6.365769815445648128e+00
3.734216871300302110e+00
9.964057923290168262e-01
-1.728843125400659986e+00
-4.325645784871217536e+00
-6.685995741086789401e+00
-8.714263703014864859e+00
-1.033106733793682075e+01
-1.147635503829278214e+01
-1.211158501994931669e+01
-1.222092333453533897e+01
-1.181142913165860975e+01
-1.091224075731229703e+01
-9.572819996974914147e+00
-7.860352047546083298e+00
-5.856433904821177094e+00
-3.653212322119354205e+00
-1.349153197110280367e+00
9.553635843282242135e-01
3.162426539577396056e+00
5.180760478419213833e+00
6.929502129469007343e+00
8.341427317023253352e+00
9.365501534942961115e+00
9.968658854319189189e+00
1.013675064718282570e+01
9.874643887177423807e+00
9.205487037469847422e+00
8.169198034717759072e+00
6.820262022562825877e+00
5.224954864779483010e+00
3.458130912200712892e+00
1.599729141254504938e+00
-2.688399120510522877e-01
-2.068263220704730010e+00
-3.724693727579755809e+00
-5.172775059215804383e+00
-6.358198909724156245e+00
-7.239696102307406456e+00
-7.790390703371962822e+00
-7.998477311162409897e+00
-7.867213296235823883e+00
-7.414248860480256553e+00
-6.670346895399101861e+00
-5.677570478592267378e+00
-4.487037354559140212e+00
-3.156357038557269235e+00
-1.746876662720556972e+00
-3.208660415385686804e-01
1.061229347054429617e+00
2.343346417245931512e+00
3.476065497909978319e+00
4.418483787563597609e+00
5.139631834762226958e+00
5.619387251956018403e+00
5.848864783162092351e+00
5.830286839772528040e+00
5.576362511596584248e+00
5.109224757502134118e+00
4.458994025945497874e+00
3.662051174922137164e+00
2.759112690893648079e+00
1.793206518433994923e+00
8.076472212994518785e-01
-1.558951435896371862e-01
-1.059146764086857040e+00
