-5.557851428411475503e+00
-4.647267337822936994e+00
-3.549720952927017059e+00
-2.319106081838685718e+00
-1.014328980221413268e+00
3.035227000067610703e-01
1.574065143967358971e+00
2.740420579522982347e+00
3.751805027619192323e+00
4.565782168287134013e+00
5.150081471149189127e+00
5.483900994977149779e+00
5.558641075450161395e+00
5.378043212484782565e+00
4.957737457965841088e+00
4.324230079454383535e+00
3.513389860652381458e+00
2.568514823890901688e+00
1.538080317204270742e+00
4.732834096168829774e-01
-5.744932467088688099e-01
-1.556172841430314868e+00
-2.427309951051892511e+00
-3.150139018381574285e+00
-3.695249912890320232e+00
-4.042814590965864596e+00
-4.183312260492314749e+00
-4.117726160057653573e+00
-3.857211791637474185e+00
-3.422262858664180563e+00
-2.841425946811534153e+00
-2.149636921292257696e+00
-1.386270031639612377e+00
-5.930039456961235800e-01
1.883832429088823091e-01
9.181759219644298753e-01
1.560729414064321752e+00
2.086223925467326268e+00
2.472077316410039138e+00
2.703948686837842619e+00
2.776286750627248612e+00
2.692401119071266002e+00
2.464059683716273597e+00
2.110639991474417165e+00
1.657885577123644261e+00
1.136338483393565468e+00
5.795356275039145189e-01
2.206843479731723789e-02
-5.023883346935171801e-01
-9.629717116496543383e-01
-1.333347419391161637e+00
-1.593156410454112049e+00
-1.729113753543240151e+00
-1.735701490225351584e+00
-1.615419043893499662e+00
-1.378578641210398414e+00
-1.042657753214327299e+00
-6.312444975094404498e-01
-1.726340111290505241e-01
3.018471546786845039e-01
7.596965591203517221e-01
1.169169087235613524e+00
1.501180850414106871e+00
1.731077662494723057e+00
1.840168537934705029e+00
1.816936568461127166e+00
1.657856212853621614e+00
1.367766644199535087e+00
9.597742931173502967e-01
4.546828990197147036e-01
-1.200250681282142295e-01
-7.316071601834752691e-01
-1.343809084364939732e+00
-1.918852537467898411e+00
-2.419558652224763406e+00
-2.811493848614243340e+00
-3.065021600228898357e+00
-3.157146431636522088e+00
-3.073045299367786143e+00
-2.807196008104043017e+00
-2.364031810380158305e+00
-1.758074902430077913e+00
-1.013528008697548444e+00
-1.633313247786434275e-01
7.522796565944798175e-01
1.687652930201830159e+00
2.593948567426795915e+00
3.421609980418811592e+00
4.122955499409469482e+00
4.654758633512234844e+00
4.980682669119723904e+00
5.073439360715877200e+00
4.916552312268913205e+00
4.505622817761555154e+00
3.849018685338345236e+00
2.967933875395894816e+00
1.895797355935266992e+00
6.770419486498919781e-01
-6.347234805793986467e-01
-1.979063970107702630e+00
-3.291487874586657369e+00
-4.506509378933974297e+00
-5.560859811761373450e+00
-6.396692273814351459e+00
-6.964620371652554098e+00
-7.226435921014108033e+00
-7.157362322869766480e+00
-6.747719499780326480e+00
-6.003902023300017099e+00
-4.948603240071427045e+00
-3.620253402068939863e+00
-2.071677388156068389e+00
-3.680157844450118176e-01
1.416009979233314731e+00
3.199373884251079048e+00
4.898419346421652776e+00
6.430764609337278337e+00
7.719257864780644240e+00
8.695793636935517767e+00
9.304804075787142636e+00
9.506249925859762584e+00
9.277955719802559287e+00
8.617161419435319658e+00
7.541197123055871643e+00
6.087227065866747999e+00
4.311052170922001991e+00
2.285004874376808104e+00
9.501375875455053688e-02
-2.163043418333408852e+00
-4.387543422194027265e+00
-6.475693378124492305e+00
-8.328272568112387475e+00
-9.854321713885664025e+00
-1.097555903734754246e+01
-1.163031050917540554e+01
-1.177675998416255077e+01
-1.139535270638468845e+01
-1.049022181699194789e+01
-9.089550466552452690e+00
-7.244830028537985633e+00
-5.029025572409103084e+00
-2.533710858500452190e+00
1.347157230837510156e-01
2.859577965695805801e+00
5.519036677498355914e+00
7.991547725557018644e+00
1.016141832218233887e+01
1.192420743419989293e+01
1.319171867676138987e+01
1.389634824494244292e+01
1.399457587501972533e+01
1.346942251825986681e+01
1.233174286587969704e+01
1.062027216655266848e+01
8.400402661782621294e+00
5.761722916705260822e+00
2.814410697436592557e+00
-3.153758189273450085e-01
-3.490915368771383420e+00
-6.570916088753325113e+00
-9.415819639570809585e+00
-1.189413491528648947e+01
-1.388851341427350050e+01
-1.530128558615960799e+01
-1.605919767749117000e+01
-1.611712103684090636e+01
-1.546054919415362505e+01
-1.410675046528548293e+01
-1.210450307461613306e+01
-9.532403216563814397e+00
-6.495801244134538521e+00
-3.122484333615053842e+00
4.427173811003122239e-01
4.044172824007971734e+00
7.522270075231466180e+00
1.072051452868842425e+01
1.349258837826653945e+01
1.570905217367988627e+01
1.726338113320180412e+01
1.807705495684272279e+01
1.810345903801243850e+01
1.733040560212818448e+01
1.578114324236882382e+01
1.351378996152937972e+01
1.061919521529123678e+01
7.217307432644003207e+00
3.452191847818781412e+00
-5.140939171589193890e-01
-4.508505133919733510e+00
-8.354591982313081644e+00
-1.188032468271331155e+01
-1.492581338688208703e+01
-1.735057529068499349e+01
-1.904001794818563553e+01
-1.991083939344848375e+01
-1.991509113917225093e+01
-1.904270750568288761e+01
-1.732237156632486830e+01
-1.482066135041942445e+01
-1.163949657395897930e+01
-9.270262037251701059e+00
-7.638624659160480057e-01
1.051916103751004172e+01
-9.237031223604802221e+00
-1.858870056566114926e+00
1.094241061007850035e+01
-8.595080166330433258e+00
-2.257068016415594514e+00
1.013815479521996110e+01
-7.554234211184843062e+00
-1.809212903555157403e+00
8.212839982094754632e+00
-6.351830941771909878e+00
-4.449775010968064493e-01
5.366086425462313514e+00
-5.225911811533311635e+00
1.816176299950262418e+00
1.871961174931974003e+00
-4.388908711950895380e+00
4.862848159235680257e+00
-1.946373877635747540e+00
-4.004526653390238167e+00
8.498642843760666921e+00
-5.746207202969166872e+00
-4.170182171077795985e+00
1.245767781081362280e+01
-9.196196113486990953e+00
-4.906779466285641433e+00
1.642727384733957052e+01
-1.200572490696510997e+01
-6.156850834371288883e+00
2.007572624368555125e+01
-1.394994051593405793e+01
-7.791230440739871810e+00
2.308253471983969263e+01
-1.488814242402286325e+01
-9.623556910600553849e+00
2.516820532829141399e+01
-1.477386617287274362e+01
-1.143109799427443463e+01
2.612075386786072073e+01
-1.365582029641339545e+01
-1.297974012905545038e+01
2.581633735645881700e+01
-1.166973392502801232e+01
-1.405055230750111050e+01
2.423198960739780716e+01
-9.022058184561009497e+00
-1.446516095256614065e+01
2.144918583814190072e+01
-5.967251824969423524e+00
-1.410727822297670464e+01
1.764783674069464325e+01
-2.780993150894933486e+00
-1.293810033891852740e+01
1.309122925359118028e+01
2.679632695214175797e-01
-1.100389838978635382e+01
8.103299938341024244e+00
2.944461641539053431e+00
-8.434901793948165860e+00
3.040362561671146047e+00
5.069503902637924497e+00
-5.435447042546202034e+00
-1.740057615656826151e+00
6.536482537338034859e+00
-2.266244903145561373e+00
-5.910356031105836294e+00
7.319532585415387871e+00
7.795797956489043390e-01
-9.201029610136885140e+00
7.473255293621686057e+00
3.404380329825917428e+00
-1.142327933938351592e+01
7.123943833074773302e+00
5.335099357964660172e+00
-1.248395228473648899e+01
6.453302601583867926e+00
6.350735445426282766e+00
-1.239148506598352384e+01
5.676409940542809451e+00
6.305432395950872682e+00
-1.125238197434743626e+01
5.016254051024998439e+00
5.144861063173283178e+00
-9.258673547663896386e+00
4.677515758268627977e+00
2.914197568017216078e+00
-6.667666215757519055e+00
4.822345367960366502e+00
-2.431933078531169912e-01
-3.776026184168991495e+00
5.550676941530074515e+00
-4.096363869411369762e+00
-8.907697985374234406e-01
6.887162304825745096e+00
-8.345771507057497374e+00
1.699992848856505923e+00
8.776135035335215662e+00
-1.264892494560951164e+01
3.753720252426060000e+00
1.108519864721736958e+01
-1.665031202027006074e+01
5.094951585918572334e+00
1.361715471249647891e+01
-2.001280820881861544e+01
5.629646478718171032e+00
1.612913353903325131e+01
-2.244761170959918672e+01
5.351060220882462914e+00
1.835704768972082945e+01
-2.373988345821447510e+01
4.336714748931111529e+00
2.004293160815580421e+01
-2.376767652606041281e+01
2.736916287950339033e+00
2.096241515646396891e+01
-2.251237943608541769e+01
7.561105654653941244e-01
2.094953731635090222e+01
-2.005970971867870389e+01
-1.370927112436006290e+00
1.991634386259694978e+01
-1.659119834853373732e+01
-3.405566659216656689e+00
1.786520700049385724e+01
-1.236701435010524897e+01
-5.131712450444009477e+00
1.489250776484254679e+01
-7.701803265114165242e+00
-6.379383424817749670e+00
1.118316460538716939e+01
-2.935873107003395432e+00
-7.043060942037430827e+00
6.996391200154722156e+00
1.595507134996922538e+00
-7.092924838951953248e+00
2.643934449543261067e+00
5.591769960009127516e+00
-6.577829989558759749e+00
-1.537205990535705169e+00
8.812869876577069661e+00
-5.619722414871828775e+00
-5.215016808346472743e+00
1.109885460784623668e+01
-4.400070752444104727e+00
-8.092798098971016429e+00
1.238140741495245578e+01
-3.139707853012138727e+00
-9.936675940434621879e+00
1.268637862001416039e+01
-2.074156339481595168e+00
-1.059764935778489914e+01
1.212721292161030107e+01
-1.426982960295211988e+00
-1.002603119128004572e+01
1.089007075940842739e+01
-1.383941993384733671e+00
-8.276863041153458056e+00
9.212249012284914329e+00
-2.070605718578864440e+00
-5.505745137193303052e+00
7.356149505428996704e+00
-3.535845609853527804e+00
-1.955438858315248218e+00
5.581460345031056924e+00
-5.742954040609349775e+00
2.065516702486780876e+00
4.118364750887439030e+00
-8.569439475275249407e+00
6.210168479924180751e+00
3.144461081213878018e+00
-1.181566318288015083e+01
1.012391754102199926e+01
2.767680227573842799e+00
-1.522159821566847171e+01
1.347579480941968555e+01
3.016862975915696410e+00
-1.849016994261196700e+01
1.598730745044149870e+01
3.840873098673742270e+00
-2.131496370827994724e+01
1.745616291028290945e+01
5.116250767787299480e+00
-2.340962667472491177e+01
1.777268146722813214e+01
6.662542512423213381e+00
-2.453609394915034514e+01
1.692742223555839942e+01
8.263665135780586368e+00
-2.452885431205388045e+01
1.500940163753089962e+01
9.693049489049892387e+00
-2.331283102461959800e+01
1.219519359272849357e+01
1.073992678972271619e+01
-2.091305393887104458e+01
8.730077888258239938e+00
1.123400350487753308e+01
-1.745508227874751128e+01
4.903161645105901911e+00
1.106593237015945341e+01
-1.315602671765546106e+01
1.018964611818062416e+00
1.020141082835320567e+01
-8.306927849278876508e+00
-2.631722548045962284e+00
8.687381859023139086e+00
-3.248086869827859768e+00
-5.798857008379492584e+00
6.649611688208099558e+00
1.660369007088932314e+00
-8.295429263858226321e+00
4.281794474489712954e+00
6.069936668122658752e+00
-1.001290030603059122e+01
1.827198334820343550e+00
9.674251310843304807e+00
-1.092837633156785415e+01
-4.453664448819303345e-01
1.223579714206659830e+01
-1.110294311569368020e+01
-2.268884352951782368e+00
1.360630838648163810e+01
-1.067147049271974879e+01
-3.406046609184477880e+00
1.373895830341776758e+01
-9.825049367792182409e+00
-3.674921381267754583e+00
1.269122133355016402e+01
-8.787954806108336570e+00
-2.969759474042597880e+00
1.061818760883667601e+01
-7.791566650304935671e+00
-1.274769168644363404e+00
7.757022591821021607e+00
-7.047970772790226768e+00
1.330631307135138997e+00
4.404108471970705097e+00
-6.725981010917246650e+00
4.675747943064650691e+00
8.870959761007148892e-01
-6.932062953074884959e+00
8.511497462126916602e+00
-2.465431713733092778e+00
-7.698132386887824197e+00
1.253113047637193667e+01
-5.353772769456794478e+00
-8.977494546158304445e+00
1.639689822462507962e+01
-7.533563706509870173e+00
-1.064935618635198544e+01
1.977017348521954432e+01
-8.836396308575762859e+00
-1.253146454548172528e+01
2.234218017721683580e+01
-9.182702754397247702e+00
-1.439959335404880569e+01
2.386240610781070615e+01
-8.585789930896581268e+00
-1.601188983440852809e+01
2.416197797498501387e+01
-7.146781154668619962e+00
-1.713558900567669951e+01
2.316974781821737039e+01
-5.041118506580225755e+00
-1.757334380083182523e+01
2.091953025941641187e+01
-2.498103422260203210e+00
-1.718643790890543954e+01
1.754777307338666503e+01
2.243740104763110033e-01
-1.591244181859661566e+01
1.328185777828493386e+01
2.867311303496086872e+00
-1.377541281778883686e+01
8.420122935478016046e+00
5.197476046394445603e+00
-1.088747365719711269e+01
3.305493332084672886e+00
7.030981598400841470e+00
-7.441459807407579063e+00
-1.704793844902722455e+00
8.251199576416762937e+00
-3.695217098825087643e+00
-6.270508481819100588e+00
8.819243204879390063e+00
5.102844872334857951e-02
-1.009784615924367657e+01
8.776020419668554950e+00
3.482102205454681521e+00
-1.296419565149043862e+01
8.235718023786700925e+00
6.297488744589681886e+00
-1.473596691995962438e+01
7.371451823783289115e+00
8.240247988792386735e+00
-1.537787303106657788e+01
6.394615167170582204e+00
9.122410177528289310e+00
-1.495289396350078803e+01
5.530099946419901435e+00
8.844337018543701134e+00
-1.361305545678213846e+01
4.989985798741812140e+00
7.406101655558614993e+00
-1.158204306633576053e+01
4.948452711866977438e+00
4.909699104224486632e+00
-9.131453593738475760e+00
5.520553469950066017e+00
1.551777744186219721e+00
-6.553086757145693220e+00
6.747096991043912695e+00
-2.392504475098157002e+00
-4.130041098035692748e+00
8.587279848548758920e+00
-6.593037544904742475e+00
-2.109465180630262893e+00
1.091992215810462952e+01
-1.069355031784897925e+01
-6.796207389655926079e-01
1.355329332520246055e+01
-1.434294544297672047e+01
4.654102782559021989e-02
1.624263970760529219e+01
-1.722623946157307984e+01
3.975917583460297777e-02
1.871373730614123687e+01
-1.909220395392497593e+01
-6.459140855193989950e-01
2.069016719067681720e+01
-1.977511930536663343e+01
-1.882076243005163629e+00
2.192161245537207748e+01
-1.920861848395695404e+01
-3.482490232376845185e+00
2.221034369988211665e+01
-1.743035890704546986e+01
-5.225366286934262305e+00
2.143320957321108011e+01
-1.457714167822071794e+01
-6.879051707093286616e+00
1.955686616574170245e+01
-1.087101311306734530e+01
-8.228438117476203573e+00
1.664462381443837558e+01
-6.597744177230421947e+00
-9.099335278995074106e+00
1.285409939791114553e+01
-2.079805377945649347e+00
-9.378277355246304126e+00
8.425757191727758055e+00
2.353532329062739237e+00
-9.025699650113605088e+00
3.663313929838580840e+00
6.396085414439385275e+00
-8.081103780237913980e+00
-1.092214012276863766e+00
9.791776983285059188e+00
-6.659648871190415598e+00
-5.492410635166826260e+00
1.235623623688103834e+01
-4.940483598322890302e+00
-9.212496297684630520e+00
1.399098092959243900e+01
-3.147980889279343053e+00
-1.198056006016398101e+01
1.468893140506477835e+01
-1.527768975525862771e+00
-1.360220591988386474e+01
1.453086846454460712e+01
-3.199957227007654836e-01
-1.397825840662800800e+01
1.367334320593161046e+01
2.674370231578864221e-01
-1.311383044723403479e+01
1.232938651982893141e+01
8.290661692029033247e-02
-1.111787950530709779e+01
1.074406638839748318e+01
-9.501403352548649650e-01
-8.193286619175658814e+00
9.167433726848575049e+00
-2.821646565657669470e+00
-4.618398544543814488e+00
7.827634209337062110e+00
-5.431947787111525372e+00
-7.217874895211393582e-01
6.906921774968393990e+00
-8.597774533068598402e+00
3.147373401800475978e+00
6.522994426538382129e+00
-1.206681117687185711e+01
6.650510166204982809e+00
6.717516748892512268e+00
-1.553951458687042475e+01
9.489477437974908725e+00
7.452952415389646923e+00
-1.869616104099229759e+01
1.143221895668029831e+01
8.617978254464951249e+00
-2.122655202666274477e+01
1.233187966625017040e+01
1.004087455154802200e+01
-2.285952137578740917e+01
1.213763759863825342e+01
1.150947192877643843e+01
-2.338937729176386782e+01
1.089633639511978203e+01
1.279556485119411491e+01
-2.269668520449478422e+01
8.744896869245977200e+00
1.368124265131759998e+01
-2.076132531561010808e+01
5.894380224842985072e+00
1.398438700077930008e+01
-1.766649122671923422e+01
2.607378722569265506e+00
1.358066042734220957e+01
-1.359316200373168826e+01
-8.289567687068908342e-01
1.241965656058918732e+01
-8.805494997727656425e+00
-4.131540396421652162e+00
1.053346511957804310e+01
-3.628461344535831135e+00
-7.048781473786686291e+00
8.036665482515939374e+00
1.580205233485968197e+00
-9.384125508078600575e+00
5.117626388484382005e+00
6.461126177702414708e+00
-1.101342524877118478e+01
2.021869925051853478e+00
1.068454571835140854e+01
-1.189449929581281040e+01
-9.709323931371836025e-01
1.397881720224110857e+01
-1.206803362440190952e+01
-3.574105940623879984e+00
1.615344591274461905e+01
-1.164985878202663194e+01
-5.522596505555127600e+00
1.711455224629916572e+01
-1.081550495081426888e+01
-6.600228824192973853e+00
1.687135078063756310e+01
-9.778711968736226723e+00
-6.662862277424793866e+00
1.553310642209067183e+01
-8.766174742338314729e+00
-5.655082494674008586e+00
1.329694378594081883e+01
-7.991176415165901048e+00
-3.618680363823155943e+00
1.042776085960938559e+01
-7.628865433221049486e+00
-6.919593326202138073e-01
7.232247509513563877e+00
-7.795758255374090950e+00
2.900199221192862886e+00
4.029560661972889868e+00
-8.535614587184966240e+00
6.864681521499292671e+00
1.121507767868296312e+00
-9.813180309495578513e+00
1.086524176143712062e+01
-1.234889977346270484e+00
-1.151648997434893040e+01
1.455203369799209767e+01
-2.849844085463751675e+00
-1.346754622302350768e+01
1.759280576975482902e+01
-3.616159206406966753e+00
-1.544033526506267151e+01
1.970281550651020552e+01
-3.516128987975272402e+00
-1.718438162100303046e+01
2.067062795258240016e+01
-2.619436705205247851e+00
-1.845146757008076577e+01
2.037734717965412301e+01
-1.072424420568098391e+00
-1.902280142409218300e+01
1.880745261511689037e+01
9.200532002233119400e-01
-1.873384870510267319e+01
1.605021236183488398e+01
3.118248177237250118e+00
-1.749424945804222986e+01
1.229154598284851119e+01
5.274140987107723610e+00
-1.530071346089738249e+01
7.797121619557029426e+00
7.158315258802097070e+00
-1.224146737593966883e+01
2.888307878778975546e+00
8.584333220255446761e+00
-8.491656954329247498e+00
-2.086721700476204866e+00
9.428132805327168242e+00
-4.300001571564426861e+00
-6.783980414195279529e+00
9.640488114940717779e+00
3.213072964067598125e-02
-1.089381962904177570e+01
9.251290830831475631e+00
4.177298181112142572e+00
-1.416740243324572113e+01
8.365249283789824020e+00
7.811704648006820406e+00
-1.643703715266911303e+01
7.149480070040425517e+00
1.064522465906003745e+01
-1.762852004110985504e+01
5.814296446582634559e+00
1.244883886105182214e+01
-1.776442501657289341e+01
4.589195178180227153e+00
1.307681143426211179e+01
-1.695816570995864936e+01
3.696539163224409563e+00
1.248142980341395081e+01
-1.539955392210459806e+01
3.325677234116133363e+00
1.071883069671698152e+01
-1.333340054930928531e+01
3.610210254963220677e+00
7.945286933634907456e+00
-1.103336963723863384e+01
4.610806786819201974e+00
4.404243434213912955e+00
-8.773738686972794909e+00
6.305422178046077519e+00
4.052796351955110232e-01
-6.801895983357832520e+00
8.588036286322882518e+00
-3.703048042564596187e+00
-5.314302131860090483e+00
1.127617040331205800e+01
-7.563941688327359358e+00
-4.438269607111983817e+00
1.412655827236306472e+01
-1.084379063441095603e+01
-4.221309034313748043e+00
1.685751757665539330e+01
-1.326134501636285279e+01
-4.629015101593005888e+00
1.917587967377416902e+01
-1.461190721261285574e+01
-5.551596183916871041e+00
2.080585572892757895e+01
-1.478429900411700260e+01
-6.818276759957571542e+00
2.151699527627142317e+01
-1.376906280236363145e+01
-8.218007785233721663e+00
2.114845176031080598e+01
-1.165720283061759588e+01
-9.524286409667755748e+00
1.962710420714141435e+01
-8.629683697549097587e+00
-1.052147581847271240e+01
1.697766296980488931e+01
-4.938790217207141175e+00
-1.102986927710961140e+01
1.332365439898690695e+01
-8.832270732983418249e-01
-1.092687410550233551e+01
8.879059517560536463e+00
3.220575397905242276e+00
-1.016208799125259787e+01
3.931289177057997186e+00
7.068139280834504490e+00
-8.764662063891766053e+00
-1.182976280262922675e+00
1.039472390872484908e+01
-6.842130313551470167e+00
-6.106854270023848841e+00
1.299855539548645744e+01
-4.570754775586403973e+00
-1.049451900797739334e+01
1.475731365887241253e+01
-2.178303437609808491e+00
-1.404171285841980676e+01
1.563637647047756296e+01
7.904379515833559466e-02
-1.651263076593945556e+01
1.568815007393443750e+01
1.943354617145673480e+00
-1.776063802462350338e+01
1.504270656596712818e+01
3.182480581584004931e+00
-1.774086752486380192e+01
1.389081115121389409e+01
3.615666860538984118e+00
-1.651351794126674122e+01
1.246117214975629750e+01
3.134597946063597540e+00
-1.423756353890602711e+01
1.099430926323471702e+01
1.717672189782842196e+00
-1.115550267981919319e+01
9.715755821971818307e+00
-5.640484169387871560e-01
-7.570626375119106299e+00
8.811357446030449125e+00
-3.549954225811007724e+00
-3.818997165411178507e+00
8.407198884815862527e+00
-7.001918891446455184e+00
-2.388233549270903922e-01
8.556206457708540825e+00
-1.062421148857935549e+01
2.859853619382146661e+00
9.232784406699511948e+00
-1.408946901556745601e+01
5.222292171141120320e+00
1.033601882295514152e+01
-1.706829571277357260e+01
6.670466824169039910e+00
1.170110529687324075e+01
-1.925967806361870061e+01
7.116805134312889969e+00
1.311781396803266553e+01
-2.041930007432022975e+01
6.569045016876924770e+00
1.435408261636248284e+01
-2.038302366927986498e+01
5.125887017580049054e+00
1.518229735130235625e+01
-1.908324704488931189e+01
2.964016968602193991e+00
1.540553474059186989e+01
-1.655652649010397326e+01
3.179128131359342246e-01
1.488102788720423675e+01
-1.294167925756000059e+01
-2.545457105955559296e+00
1.353838371924108230e+01
-8.468495559811868745e+00
-5.354456073798051108e+00
1.139059381586528374e+01
-3.438087886247379821e+00
-7.860311376408057882e+00
8.536595701830544058e+00
1.803292261700124355e+00
-9.861605313610370516e+00
5.154984999988770689e+00
6.894514713625462754e+00
-1.122330451605265367e+01
1.489367466356799952e+00
1.149106464591491417e+01
-1.188847776056145378e+01
-2.173314608422789007e+00
1.529481420847977269e+01
-1.188160459586936391e+01
-5.529429152934106639e+00
1.807928906068087826e+01
-1.130323532953516441e+01
-8.287703082662950749e+00
1.970808923894871967e+01
-1.031664142583151289e+01
-1.019783491625792671e+01
2.014479110315870969e+01
-9.127906393308968802e+00
-1.107584523063812654e+01
1.945348405531354175e+01
-7.961569905103676348e+00
-1.082363028629759683e+01
1.779000116775618778e+01
-7.034386154484088216e+00
-9.440727105087949766e+00
1.538479811610435455e+01
-6.529946668507054852e+00
-7.027040363973476644e+00
1.251923237903606356e+01
-6.576829173309359788e+00
-3.776150434975649617e+00
9.497616819969417534e+00
-7.232576505561320701e+00
4.026716036716138092e-02
6.617808202855505861e+00
-8.475218683457265811e+00
4.095516934441271850e+00
4.143204946040818015e+00
-1.020328604089442237e+01
8.036327649157891884e+00
2.278859453630694532e+00
-1.224439816589067220e+01
1.151401226126877653e+01
1.153976532830530033e+00
-1.437163848860219773e+01
1.421541858629971244e+01
8.124146323506877820e-01
-1.632612524591768022e+01
1.589075692457543454e+01
1.211996537629404180e+00
-1.784354632129062423e+01
1.637568436597204879e+01
2.232551522599997895e+00
-1.868200287657158043e+01
1.560557277527840903e+01
3.691739738523114767e+00
-1.864834771023527793e+01
1.362063527308762367e+01
5.366938221921109253e+00
-1.762032575595457828e+01
1.056146143979310104e+01
7.020872633914700955e+00
-1.556221513480328866e+01
6.655429077222807521e+00
8.428318368937720351e+00
-1.253228998847792930e+01
2.195330678025150473e+00
9.401104230351705837e+00
-8.681220170110501400e+00
-2.487708995255963895e+00
9.808839802770132010e+00
-4.241409874737033903e+00
-7.054413361299355145e+00
9.593234600513406818e+00
4.918298518072190539e-01
-1.118774262579534451e+01
8.774537925398165683e+00
5.185569198606201802e+00
-1.462060360352842459e+01
7.449436753797447963e+00
9.498654653900935330e+00
-1.715827750095512982e+01
5.780623859243403828e+00
1.311243625328087248e+01
-1.869349806269673309e+01
3.979102119571632290e+00
1.575990016073997602e+01
-1.921284666142805975e+01
2.281038009695770974e+00
1.725041261769649381e+01
-1.879399075560571220e+01
9.215426895876444036e-01
1.748768695641311055e+01
-1.759419262640837900e+01
1.080859523201320727e-01
1.647922482290201174e+01
-1.583136763147951953e+01
-3.696602097043921731e-03
1.433629398887258333e+01
-1.375969156680116079e+01
6.707343650533577062e-01
1.126440921890929303e+01
-1.164227455371995212e+01
2.132548867917359203e+00
7.545191481637258057e+00
-9.723683812706388707e+00
4.295633091068253862e+00
3.511305713513631410e+00
-8.205084540993341946e+00
6.991572861322010723e+00
-4.831620906403411020e-01
-7.224479269379536106e+00
9.983185119484540238e+00
-4.094095828372779522e+00
-6.843991244283849085e+00
1.298538702673403122e+01
-7.017554436427211328e+00
-7.045410613930407351e+00
1.569144657816362276e+01
-9.015962221837538593e+00
-7.734376493258407592e+00
1.780210194763566633e+01
-9.937853614629679200e+00
-8.752688034543128381e+00
1.905472521971762490e+01
-9.729373837079322129e+00
-9.897411414425018705e+00
1.924967155303919242e+01
-8.436540965190374664e+00
-1.094475968750261963e+01
1.827120176139950658e+01
-6.198171543216036028e+00
-1.167623763698389538e+01
1.610087161003751177e+01
-3.230273340423703399e+00
-1.190431248705722567e+01
1.282199608258672896e+01
1.964732261948993752e-01
-1.149491676812488450e+01
8.614651986838048003e+00
3.783868868308885247e+00
-1.038440730931433720e+01
3.741594091890461993e+00
7.235280549687685969e+00
-8.589162702822246587e+00
-1.473660663944331706e+00
1.028379435917252849e+01
-6.206745059722084790e+00
-6.674565644977970891e+00
1.271669533114568118e+01
-3.408406373398126910e+00
-1.150251099270545652e+01
1.439392541892995503e+01
-4.236000818729341866e-01
-1.562812305787918810e+01
1.525879218074783061e+01
2.482023474983270361e+00
-1.877995784423463022e+01
1.533998902159240885e+01
5.032984999392162706e+00
-2.076789602500041809e+01
1.474486428281539574e+01
6.972092734523137381e+00
-2.149905408058578615e+01
1.364475379131950383e+01
8.087489264171249914e+00
-2.098474412774501019e+01
1.225398249816558049e+01
8.235886977840326750e+00
-1.933787396233552514e+01
1.080476713303015757e+01
7.359600775212727264e+00
-1.676109484933157745e+01
9.520651467108987021e+00
5.495576813254731796e+00
-1.352688827607331490e+01
8.591239532761637321e+00
2.775388918167116081e+00
-9.951548119643600643e+00
8.150847213844979677e+00
-5.839459574293437427e-01
-6.365587078778647268e+00
8.263283964459130715e+00
-4.297581576994428332e+00
-3.083420431028645048e+00
8.914345245835676224e+00
-8.037301793733412580e+00
-3.752252981786590169e-01
1.001280594057399398e+01
-1.146055991655534356e+01
1.556363797838754337e+00
1.139983470122808917e+01
-1.424136866875643115e+01
2.592557902208259435e+00
1.286588608185725136e+01
-1.610011165937358157e+01
2.706254067665041063e+00
1.417335786911405293e+01
-1.682943216982575763e+01
1.960794848323752504e+00
1.508270248263545810e+01
-1.631371696310051789e+01
4.999260489570360733e-01
1.537931391305720652e+01
-1.454029699394043718e+01
-1.469904150435589640e+00
1.489841272465820410e+01
-1.160127476300298000e+01
-3.703016490024614971e+00
1.354533181208421411e+01
-7.685782966613939671e+00
-5.941301045920866386e+00
1.130904775197242529e+01
-3.063393848695735500e+00
-7.941598341439857656e+00
8.267463525031983451e+00
1.939755917665302754e+00
-9.500881063727591780e+00
4.583763051396634758e+00
6.969866302116944468e+00
-1.047670221587111605e+01
4.940459069346845311e-01
1.167666798721283072e+01
-1.080087362686643360e+01
-3.712676181307367429e+00
1.574396730414453671e+01
-1.048503860894417095e+01
-7.720267655151892505e+00
1.891667597210565077e+01
-9.617633839017472042e+00
-1.121459539309676501e+01
2.102181291773961647e+01
-8.352614932156118499e+00
-1.391319042719795007e+01
2.198156091146712043e+01
-6.891159671674922826e+00
-1.559256095354947647e+01
2.181723951401919592e+01
-5.458278518020659220e+00
-1.611047398787506069e+01
2.064394118195091465e+01
-4.276782279531095021e+00
-1.542098897011375058e+01
1.865648233704609282e+01
-3.541329624375809892e+00
-1.358071220068151774e+01
1.610815703616012584e+01
-3.395275036140319003e+00
-1.074557965357090339e+01
1.328446587426348913e+01
-3.912760842535748296e+00
-7.158385720435207489e+00
1.047446025513288248e+01
-5.087972450586393691e+00
-3.128167895249655661e+00
7.942547110096073837e+00
-6.832755968262170576e+00
9.966550084292995493e-01
5.903522481105369479e+00
-8.982953584503903244e+00
4.858887952624773021e+00
4.503252896875132194e+00
-1.131292846704830701e+01
8.124040758752460789e+00
3.806836873951670697e+00
-1.355691568488817467e+01
1.050973084074724717e+01
3.795314234562273015e+00
-1.543513230633892874e+01
1.181025200045370482e+01
4.371124788860194954e+00
-1.668207898008850165e+01
1.191401884027208702e+01
5.371636693474583168e+00
-1.707421764902013805e+01
1.081228241152674130e+01
6.589256186134370807e+00
-1.645424125567637219e+01
8.598352617003904186e+00
7.795974734847392895e+00
-1.474945947473028163e+01
5.457474521833841408e+00
8.769771915927798034e+00
-1.198238031696102013e+01
1.648400058200585105e+00
9.320115764378886780e+00
-8.272316972810402902e+00
-2.521513586531986650e+00
9.309904101312122648e+00
-3.827719289934267355e+00
-6.725239163613374593e+00
8.671559889994590264e+00
1.070165497358212203e+00
-1.064624021620462635e+01
7.415593795143616163e+00
6.090846745672235052e+00
-1.400695693094463934e+01
5.630717648461796010e+00
1.088318933571867930e+01
-1.659290709280906029e+01
3.475456306511889970e+00
1.510638236011587310e+01
-1.827014668526484087e+01
1.162075953311586973e+00
1.846035538463491221e+01
-1.899450706137194089e+01
-1.065562953103746713e+00
2.071275649284468301e+01
-1.881184887495465574e+01
-2.957989437344537897e+00
2.171992320012354938e+01
-1.784946534655901473e+01
-4.287296518359903885e+00
2.143984426620333750e+01
-1.629964059275021526e+01
-4.872717732144334235e+00
1.993587246946655611e+01
-1.439713645267107900e+01
-4.601953713540173574e+00
1.737083138478319455e+01
-1.239296794285217551e+01
-3.446000574726485688e+00
1.399207709577973091e+01
-1.052717570723508089e+01
-1.465863154153726811e+00
1.010893910283676789e+01
-9.003379917194420656e+00
1.189666762929800115e+00
6.064689346886248167e+00
-7.967697393683753404e+00
4.295102990490319961e+00
2.205703764025873426e+00
-7.494143332046853345e+00
7.567280101832940531e+00
-1.149262833867883415e+00
-7.577967534915749148e+00
1.069054704654462284e+01
-3.736795003915545976e+00
-8.137560037031953186e+00
1.334576610549308384e+01
-5.370942051163195785e+00
-9.024684168696744280e+00
1.524034500715965379e+01
-5.957721626106708079e+00
-1.004194425417345116e+01
1.613640119968829723e+01
-5.500724008378967689e+00
-1.096565543173452895e+01
1.587431244222141302e+01
-4.097411067024937736e+00
-1.157172856316294229e+01
1.438933286192365202e+01
-1.926609749625979529e+00
-1.166186946502375044e+01
1.171960763425144947e+01
7.714488132822637789e-01
-1.108735035406554026e+01
8.004739083041632952e+00
3.720480262921706860e+00
-9.767846937196541290e+00
3.474962462958018250e+00
6.636318012929278254e+00
-7.703323890412611341e+00
-1.568107383222487217e+00
9.255085058436094414e+00
-4.977646146302461716e+00
-6.777385143793216216e+00
1.135857807013190168e+01
-1.753424507825616097e+00
-1.179046463516801424e+01
1.279438166591030246e+01
1.741511013946447584e+00
-1.626118464721263734e+01
1.348878138792477976e+01
5.234766236357511815e+00
-1.988965090345848807e+01
1.345128319708509501e+01
8.435191122309136702e+00
-2.244790439625045408e+01
1.277040110624287550e+01
1.106132769369420288e+01
-2.379884827099571609e+01
1.160125759643118748e+01
1.286969222585922168e+01
-2.390669750522327064e+01
1.014636566509804183e+01
1.368007175196154179e+01
-2.283803397808712532e+01
8.631644713992178808e+00
1.339527988243091094e+01
-2.075345405190318360e+01
7.280197104715531609e+00
1.201333654538731111e+01
-1.789069804626971205e+01
6.286591053526899842e+00
9.630760228544509971e+00
-1.454096289619726612e+01
5.794337075529423231e+00
6.436519082950283632e+00
-1.102074179019787259e+01
5.878915523706425006e+00
2.697094879955458602e+00
-7.641945411517201414e+00
6.538145020224106929e+00
-1.266017779817784072e+00
-4.683199178657844186e+00
7.690932586960628647e+00
-5.104310842612965970e+00
-2.365066958202818981e+00
9.184590969686695416e+00
-8.473148818650098946e+00
-8.315394020346857928e-01
1.081003257537791207e+01
-1.106263571700696247e+01
-1.394860265243149655e-01
1.232334031111649075e+01
-1.262554475780738983e+01
-2.569683182727873216e-01
1.347155456883207236e+01
-1.299966344943007357e+01
-1.070426320608893533e+00
1.402006915796163256e+01
-1.212243450590221450e+01
-2.399871108337392034e+00
1.377884241872162008e+01
-1.003650690335394557e+01
-4.020427368238204124e+00
1.262472255871376525e+01
-6.885679702593298757e+00
-5.687951729243557963e+00
1.051755022030872944e+01
-2.901639470587480840e+00
-7.166064296317806281e+00
7.508301223452032325e+00
1.617229289673783210e+00
-8.251810819946696185e+00
3.738309646120530516e+00
6.332927933547287225e+00
-8.797332171411634150e+00
-5.705105253428932599e-01
1.089823405191630279e+01
-8.725339625109242547e+00
-5.133634647244997851e+00
1.498750814679659271e+01
-8.036836129865477574e+00
-9.628458790003785239e+00
1.832500487054795713e+01
-6.810320727099089311e+00
-1.372310143227756285e+01
2.070803818628289505e+01
-5.192585601440118381e+00
-1.710674197407705321e+01
2.202286707938050370e+01
-3.382075541753066350e+00
-1.951858658057138740e+01
2.225189045153953771e+01
-1.606541697218234921e+00
-2.077265993280427736e+01
2.147159511783108599e+01
-9.730907649356623779e-02
-2.077600397215096351e+01
1.984160503406166853e+01
9.371687217456230456e-01
-1.953848505642006117e+01
1.758604403832083918e+01
1.335709279529967652e+00
-1.717320902045224784e+01
1.496916370577386246e+01
1.004190783030727729e+00
-1.388744181457934701e+01
1.226773013022318537e+01
-7.138090203772584630e-02
-9.964844102486630106e+00
9.742955939226831674e+00
-1.819971863394661327e+00
-5.740662526605740723e+00
7.614778803736257373e+00
-4.089414503388719702e+00
-1.572196794146957455e+00
6.041024806398507252e+00
-6.658840628915848825e+00
2.192685772600509786e+00
5.103481467299904040e+00
-9.258533496272566055e+00
5.246032192535005301e+00
4.802192933682986720e+00
-1.159532163044165642e+01
7.346427863902651900e+00
5.058450345497371714e+00
-1.338106197866240521e+01
8.339285721535233620e+00
5.726067685791557338e+00
-1.436142475933631246e+01
8.168939723707040912e+00
6.609695640766235947e+00
-1.434213151302936140e+01
6.881476268414393971e+00
7.488216643436148345e+00
-1.321001857475009800e+01
4.618131860763068808e+00
8.140753982560854141e+00
-1.094677986480443899e+01
1.599992808513533982e+00
8.372567360090656052e+00
-7.633939103215872102e+00
-1.894435781018428466e+00
8.038122397199876090e+00
-3.448444563738203072e+00
-5.556549953836590561e+00
7.058910674089205806e+00
1.350813072554792438e+00
-9.077162070433850261e+00
5.434130995419923060e+00
6.444376235562722322e+00
-1.217533136831582397e+01
3.243068330105761454e+00
1.147953402949776880e+01
-1.462372716012544593e+01
6.388517806596487603e-01
1.610103382191599408e+01
-1.626811131408823741e+01
-2.165847440874192564e+00
1.998231093962944982e+01
-1.703913090314100032e+01
-4.919790707181616263e+00
2.285429518886659395e+01
-1.695539037244092384e+01
-7.358741756790935007e+00
2.452907654700867823e+01
-1.611764762159601005e+01
-9.233069208801737204e+00
2.491619951718641346e+01
-1.469486305012148009e+01
-1.033458927208343781e+01
2.403005897531803114e+01
-1.290363717075674543e+01
-1.051990439372042552e+01
2.198772135598504462e+01
-1.098322110459288581e+01
-9.727816619588908864e+00
1.899741073759513199e+01
-9.168711218953202291e+00
-7.988961202154305496e+00
1.533879050773659181e+01
-7.665202577636746284e+00
-5.426561219942458436e+00
1.133695099124495975e+01
-6.625560221443018705e+00
-2.248073579571268965e+00
7.332605877052909449e+00
-6.134084824275543468e+00
1.271604861792752672e+00
3.651348097813064797e+00
-6.197738736992699060e+00
4.813863882007116679e+00
5.748856760496732221e-01
-6.745821252024462034e+00
8.044836527742996068e+00
-1.683036052576694530e+00
-7.638116054857499115e+00
1.064589971658829981e+01
-2.993795622680069712e+00
-8.680666027523134431e+00
1.234330976288221038e+01
-3.322600541634423088e+00
-9.647547767090518533e+00
1.293412412100723330e+01
-2.728033558976916240e+00
-1.030639885317883042e+01
1.230589930029234935e+01
-1.352637379456707478e+00
-1.044505726458303840e+01
1.044823953176998899e+01
5.943903094693869793e-01
-9.896544184650068132e+00
7.455044781337678117e+00
2.860556448369600435e+00
-8.559772122113006532e+00
3.517194850907971571e+00
5.177074809933573718e+00
-6.413775425511025752e+00
-1.093677956582856936e+00
7.286764109147924273e+00
-3.523899149809684772e+00
-6.048821143878654105e+00
8.970035121047486015e+00
-3.918176682158236446e-02
-1.099118392843418590e+01
1.006637897097285261e+01
3.818951791089228998e+00
-1.556671871387380079e+01
1.048924427651829738e+01
7.775695266926115679e+00
-1.945521981438838566e+01
1.023287459555503887e+01
1.152779099950631903e+01
-2.239780970385071512e+01
9.370500922340575300e+00
1.477200049486120825e+01
-2.421851503019264840e+01
8.044164305461434239e+00
1.723435327405062978e+01
-2.483795316369062078e+01
6.447293040993281821e+00
1.869730435577496763e+01
-2.427791818797244261e+01
4.801892529980994695e+00
1.902210621982532501e+01
-2.265653754570902123e+01
3.332750606416799322e+00
1.816414321616930039e+01
-2.017458050294137806e+01
2.241362637711180383e+00
1.617964264997857882e+01
-1.709434814012121606e+01
1.682308927467929038e+00
1.322300249246356785e+01
-1.371327887891843389e+01
1.744569100116196481e+00
9.534880286112800363e+00
-1.033489514432087475e+01
2.439758919340482279e+00
5.422082832534342423e+00
-7.239948261171123889e+00
3.698574155551575871e+00
1.231093939076808308e+00
-4.660568436101547363e+00
5.375893568378657505e+00
-2.682300469589049108e+00
-2.759900836836449045e+00
7.264111906072894698e+00
-5.984445397155694124e+00
-1.619140668396218175e+00
9.113432098438927653e+00
-8.393353226991777660e+00
-1.233126902283228077e+00
1.065712780660523862e+01
-9.703564569476482049e+00
-1.514791221175835645e+00
1.163926531461755509e+01
-9.803999346894471500e+00
-2.307871748883154606e+00
1.184210020504134064e+01
-8.687134635498354740e+00
-3.406478344194401764e+00
1.111036756933320291e+01
-6.448676883574207430e+00
-4.579419176924722557e+00
9.369965460049794359e+00
-3.277806543123067851e+00
-5.596733869695730945e+00
6.639063149672816522e+00
5.610259330545013245e-01
-6.255672328463980136e+00
3.030396836125241578e+00
4.752970182858025083e+00
-6.403430403862126141e+00
-1.255625823460633228e+00
8.961901471457103696e+00
-5.954295934086141884e+00
-5.946488936095690292e+00
1.286099929122829977e+01
-4.899436832134947295e+00
-1.072041949506796321e+01
1.616185884672617590e+01
-3.308318570851328744e+00
-1.523442030369827549e+01
1.863938202238620789e+01
-1.321595908693830701e+00
-1.915485455995238340e+01
2.015012845076285686e+01
8.638029182141078177e-01
-2.218768235631663188e+01
2.064246501750837126e+01
3.015879533647138011e+00
-2.410546150028261536e+01
2.015766812326440061e+01
4.892886508393573308e+00
-2.476851863313430613e+01
1.882202643299083178e+01
6.270163952727833667e+00
-2.413824363072757961e+01
1.683087443077004863e+01
6.965717943279139845e+00
-2.228120779610458513e+01
1.442627191996717784e+01
6.861874506641048477e+00
-1.936368174159386868e+01
1.187065461009858325e+01
5.920719144861390504e+00
-1.563704683879701207e+01
9.419156537630328785e+00
4.191640294637977604e+00
-1.141546518351627171e+01
7.293410042782467073e+00
1.810075772306506181e+00
-7.047912236186249402e+00
5.659454018996433078e+00
-1.012562975822367761e+00
-2.887211623258977511e+00
4.611944584377917877e+00
-4.006929904373648377e+00
7.410090249796441597e-01
4.166208520274377491e+00
-6.870083177522478657e+00
3.566525819316931134e+00
4.258874585927856948e+00
-9.293815350568880973e+00
5.397260154119897457e+00
4.756941885716905460e+00
-1.099424589763446747e+01
6.134463535808316159e+00
5.474285482598824082e+00
-1.173979329563017870e+01
5.778994892336336342e+00
6.193843270713495386e+00
-1.137477329439086660e+01
4.428206888252579354e+00
6.693150281065944895e+00
-9.836271015677548135e+00
2.263867532255948500e+00
6.770544828216337407e+00
-7.162568724212997395e+00
-4.675936157316903929e-01
6.269299407191578410e+00
-3.492217029618355006e+00
-3.480493429727613997e+00
5.097135280638037003e+00
9.462636057700732906e-01
-6.478406681440349146e+00
3.239042861764135139e+00
5.853159702542662046e+00
-9.182954335352025765e+00
7.620042636474062547e-01
1.088310728748724898e+01
-1.136004572934282209e+01
-2.188967367506729822e+00
1.567502981631962200e+01
-1.284103345345267044e+01
-5.403176437222897199e+00
1.988367179734345314e+01
-1.353677053965935428e+01
-8.623830889929790189e+00
2.320976946213296088e+01
-1.344328587633327743e+01
-1.157297085245971147e+01
2.542602708233508224e+01
-1.263864282913036519e+01
-1.397928660923545152e+01
2.639646870832329384e+01
-1.127143318226077717e+01
-1.560605604052848250e+01
2.608737108414117856e+01
-9.542195439269894663e+00
-1.627638963034914710e+01
2.456879216296618651e+01
-7.679750143987895683e+00
-1.589320897395326959e+01
2.200661201301743120e+01
-5.914945508149879849e+00
-1.445187998952491526e+01
1.864591085775694168e+01
-4.454554860128752125e+00
-1.204412680873798536e+01
1.478733397882467848e+01
-3.458039033041298893e+00
-8.852697773899226519e+00
1.075875492281589629e+01
-3.019585115836102673e+00
-5.137158201757038967e+00
6.884982732261287985e+00
-3.157288529039908198e+00
-1.212056756156714599e+00
3.458424039422338225e+00
-3.810612850020884679e+00
2.580532589626385764e+00
7.134915995348549700e-01
-4.846414615091160449e+00
5.901527595409246985e+00
-1.192840049881793263e+00
-6.072943310449884891e+00
8.445532651740586871e+00
-2.192554210235968526e+00
-7.260407775754128323e+00
9.968794041267571515e+00
-2.309202455349494087e+00
-8.166021405212248396e+00
1.031174545653759900e+01
-1.651505814417174811e+00
-8.560968079184904767e+00
9.413981245262901254e+00
-3.987347904280831301e-01
-8.256516262295056308e+00
7.320213530159759507e+00
1.220539474889711595e+00
-7.126572316712735500e+00
4.176629271192035198e+00
2.954089416856950479e+00
-5.124300317473410082e+00
2.179807520780108199e-01
4.553421879187848909e+00
-2.291011908000869290e+00
-4.253371544600852872e+00
5.800117660953233667e+00
1.243710543745575769e+00
-8.894477467224996659e+00
6.528452720921533725e+00
5.270825936992112659e+00
-1.335231663465582841e+01
6.642030820256414003e+00
9.518859032489013217e+00
-1.729493273259063102e+01
6.122779864677336370e+00
1.367758975450958658e+01
-2.044025115690287464e+01
5.031449628021287701e+00
1.742618168342985285e+01
-2.257988703088495797e+01
3.499618096262303357e+00
2.046306201955647097e+01
-2.359574920957904354e+01
1.714080289429429804e+00
2.253466509968759368e+01
-2.346795511751272301e+01
-1.047295991689394246e-01
2.346023418795368087e+01
-2.227342117393888543e+01
-1.728022275630030080e+00
2.315023473141857835e+01
-2.017540050637752103e+01
-2.945001891790092863e+00
2.161653235929625083e+01
-1.740511459201907485e+01
-3.587522681323293661e+00
1.897327253743388198e+01
-1.423738271353795426e+01
-3.550460973170135759e+00
1.542828971445377206e+01
-1.096271878677620393e+01
-2.805635826106571251e+00
1.126578507394613204e+01
-7.858684389842092166e+00
-1.407757582976628008e+00
6.821854556534493241e+00
-5.163329311866506899e+00
5.083143675345880297e-01
2.455140178989435817e+00
-3.053313653125503180e+00
2.738845202534858636e+00
-1.484649865691400450e+00
-1.628813097337804550e+00
5.030003473045196571e+00
-4.687399606170853161e+00
-9.066112528735130738e-01
7.102350108864204259e+00
-6.909547797176384343e+00
-8.219499264400598193e-01
8.678648754316148128e+00
-7.994836408094945668e+00
-1.238823090338984301e+00
9.512249488513139895e+00
-7.886926332611473356e+00
-1.967551348841680037e+00
9.413210370770690005e+00
-6.632745361787178773e+00
-2.787745345814607756e+00
8.269514969650778369e+00
-4.376325047207801688e+00
-3.474231095035685613e+00
6.061201104872027123e+00
-1.343795299733900883e+00
-3.823220676150964614e+00
2.865892369649790439e+00
2.178950628643009590e+00
-3.675996605110318782e+00
-1.144946275904381139e+00
5.873714947338186221e+00
-2.937638597978224020e+00
-5.718805646790430686e+00
9.419896788264495058e+00
-1.588831097997217334e+00
-1.054287347047010392e+01
1.252394354753966788e+01
3.105022986588670264e-01
-1.527082873086927961e+01
1.494553107070695575e+01
2.626156368249294104e+00
-1.955319703214011540e+01
1.651799862540472219e+01
5.162733890920809365e+00
-2.306841359216090481e+01
1.716115161811967482e+01
7.683573142249063181e+00
-2.555165551643818134e+01
1.688531330288615351e+01
9.935512533433856319e+00
-2.681870526686603284e+01
1.578637984075521672e+01
1.167598415881771601e+01
-2.678257372370133282e+01
1.403252440448574134e+01
1.269967071146271920e+01
-2.546129880706528326e+01
1.184401742688973158e+01
1.286197964121555515e+01
-2.297617742864112245e+01
9.468300551408168175e+00
1.209688356205704451e+01
-1.954060258683670881e+01
7.152905498298038900e+00
1.042721836073536323e+01
-1.544057460816845229e+01
5.119001681918707192e+00
7.966267177650410147e+00
-1.100874844190918012e+01
3.538269765222844754e+00
4.910316967650140363e+00
-6.594490353631510260e+00
2.515441930725270225e+00
1.522769975953038202e+00
-2.532787986773043620e+00
2.078259777634015038e+00
-1.888763446267246238e+00
8.850481273473835842e-01
2.175836866985831897e+00
-5.000255484655296456e+00
3.436144483346263101e+00
2.685551707934820342e+00
-7.501296916969922179e+00
4.983995421222916278e+00
3.427724696083522815e+00
-9.124494099302923544e+00
5.487951171277864582e+00
4.186536505264040642e+00
-9.671377679647774173e+00
5.003479560282857896e+00
4.735005389243232443e+00
-9.032288429302358423e+00
3.673319355893712945e+00
4.861420915125765241e+00
-7.198269584317090519e+00
1.710527516561946904e+00
4.394474050150273925e+00
-4.263753989130931288e+00
-6.247971011559396715e-01
3.224444361515281798e+00
-4.197143609982898482e-01
-3.052731030666716805e+00
1.318192738141270581e+00
4.062139647898481698e+00
-5.301940536336590348e+00
0.000000000000000000e+00
5.353053455273422578e+00
1.047283230424143063e+01
1.513627932712976154e+01
1.914032230474987983e+01
2.231076198448270631e+01
2.450988943193860337e+01
2.564249799449023826e+01
2.566002608137335272e+01
2.456264957631194079e+01
2.239923327387517560e+01
1.926514524944844453e+01
1.529803234174884707e+01
1.067174476758926893e+01
5.588679322957190720e+00
2.708800517871858826e-01
-5.049710379097688495e+00
-1.014141846341306064e+01
-1.478297883588998474e+01
-1.877319849521846962e+01
-2.193972203342793748e+01
-2.414651406978198622e+01
-2.529973241099813919e+01
-2.535173710013101456e+01
-2.430306327001176214e+01
-2.220227589290207959e+01
-1.914371810349314984e+01
-1.526325761271735715e+01
-1.073222371319055490e+01
-5.749806617571428191e+00
-5.342578812302936075e-01
4.686717494470912015e+00
9.685952255282922252e+00
1.424675082485837407e+01
1.817232939912672407e+01
2.129434889537150610e+01
2.348016889769363758e+01
2.463850847716263459e+01
2.472327117153368548e+01
2.373537327202639347e+01
2.172250321679511131e+01
1.877683137816303827e+01
1.503077978869939990e+01
1.065104638593279951e+01
5.831154421501964613e+00
7.828614466402448180e-01
-4.273189018335962430e+00
-9.117158486059667055e+00
-1.353961947026657597e+01
-1.735065461962432565e+01
-2.038805173276015736e+01
-2.252423931705702742e+01
-2.367166478349032843e+01
-2.378638765583166048e+01
-2.286974013118455318e+01
-2.096799336354255416e+01
-1.817005610603628440e+01
-1.460331891632324641e+01
-1.042783817639664967e+01
-5.829126143780975156e+00
-1.009873001130628722e+00
3.819028167027456622e+00
8.447754267836371511e+00
1.267671332133660478e+01
1.632519190641083995e+01
1.923911248323024736e+01
2.129756606484599146e+01
2.241784212487607419e+01
2.255874593245702542e+01
2.172207058572607608e+01
1.995217338890014247e+01
1.733369019309636627e+01
1.398750316087923551e+01
1.006515350548895604e+01
5.741957767346689501e+00
1.209141221893092144e+00
-3.334657280983662986e+00
-7.692130053732583406e+00
-1.167590817693883309e+01
-1.511665472810168964e+01
-1.787029245773808483e+01
-1.982405611525127043e+01
-2.090111434101628518e+01
-2.106357154267270815e+01
-2.031373345649794260e+01
-1.869359783322733648e+01
-1.628261038790879311e+01
-1.319380231090529065e+01
-9.568495893709346944e+00
-5.569826115405734690e+00
-1.375375729061275365e+00
2.830742609594526726e+00
6.866002776676110919e+00
1.055742085247822715e+01
1.374900174931513064e+01
1.630835486900302911e+01
1.813219719739434765e+01
1.915051460738182598e+01
1.932921407452403173e+01
1.867116814859288354e+01
1.721562523976697534e+01
1.503603181502630548e+01
1.223638222612870052e+01
8.946275540003403748e+00
5.314913652693268986e+00
1.504318799292564179e+00
-2.317920492113811015e+00
-5.986049133074287099e+00
-9.343362889574182262e+00
-1.224892793454677786e+01
-1.458351330493765197e+01
-1.625448583897144772e+01
-1.719946657953486735e+01
-1.738860529518696296e+01
-1.682539300612433664e+01
-1.554599830945331007e+01
-1.361717889656420333e+01
-1.113288201981446690e+01
-8.209704055913823240e+00
-4.981427295276709799e+00
-1.592889637642609379e+00
1.806531531059231810e+00
5.069527333988945728e+00
8.057263947731120979e+00
1.064530806051550904e+01
1.272881754689420220e+01
1.422678049587664439e+01
1.508513163798232348e+01
1.527862799626234214e+01
1.481142275920740659e+01
1.371633530300339743e+01
1.205287330315784899e+01
9.904117381974085532e+00
7.372627349993858381e+00
4.575569733126124916e+00
1.639297244467659453e+00
-1.306369062295859251e+00
-4.133895742641358950e+00
-6.723575093262632585e+00
-8.968604250446510662e+00
-1.077948928158716768e+01
-1.208759274312262733e+01
-1.284768510098192529e+01
-1.303940777386920047e+01
-1.266760612108466511e+01
-1.176154210741481343e+01
-1.037304629588943605e+01
-8.573715015334382628e+00
-6.451299006378913958e+00
-4.105462850248976281e+00
-1.643118686200156553e+00
8.264477892781147972e-01
3.196436728589850951e+00
5.367162458951604265e+00
7.250249733078589998e+00
8.772221147166860078e+00
9.877330655675864435e+00
1.052953563715242957e+01
1.071354148270106954e+01
1.043489620005473029e+01
9.719156014126367538e+00
8.610184408509812926e+00
7.167684638370934280e+00
5.464097820874449951e+00
3.581023933685939298e+00
1.605340431798681244e+00
-3.747978791863584291e-01
-2.273893800201483018e+00
-4.012801785664433574e+00
-5.522021366492086081e+00
-6.744453172128411111e+00
-7.637509377452499137e+00
-8.174503191909298749e+00
-8.345277351394287280e+00
-8.156067752903899404e+00
-7.628633676397601704e+00
-6.798718841081833553e+00
-5.713936377352700546e+00
-4.431194419041736055e+00
-3.013796470160282404e+00
-1.528361330439144794e+00
-4.171086963184222896e-02
1.382129636403600870e+00
2.684684176370874198e+00
3.815413547810265982e+00
4.733641000132998045e+00
5.409944446700718501e+00
5.826971520815573236e+00
5.979662700810000509e+00
5.874896396153559408e+00
5.530596894359479876e+00
4.974370161817070368e+00
4.241752592582393788e+00
3.374173055589147374e+00
2.416738412473315556e+00
1.415956759076560267e+00
4.175109693854928139e-01
-5.358120381442716962e-01
-1.405943000295424739e+00
-2.161025955356854489e+00
