-5.178360233964394155e-01
-5.168415737159854917e-01
-4.564311885831229265e-01
-3.489401218095729007e-01
-2.100175758869893272e-01
-5.750482565287740044e-02
8.982281801621549988e-02
2.135756041064240662e-01
2.970520634221252010e-01
3.264468900144201768e-01
2.918907846998681777e-01
1.882579104284065608e-01
1.568909363324877404e-02
-2.202056086030559356e-01
-5.084836684879823210e-01
-8.333459024389426872e-01
-1.174931827068318668e+00
-1.510396551161863554e+00
-1.815214458934736763e+00
-2.064640874058448095e+00
-2.235252297226066887e+00
-2.306479307815983759e+00
-2.262044233681290706e+00
-2.091218414568910333e+00
-1.789821264414353408e+00
-1.360895082876918849e+00
-8.150051520878331957e-01
-1.701333469736763249e-01
5.488456218671933229e-01
1.311094164924697658e+00
2.081114716100962880e+00
2.820371348883679019e+00
3.489157119221795611e+00
4.048618638819327487e+00
4.462838000839833619e+00
4.700865616586439977e+00
4.738596238658797866e+00
4.560384648867407797e+00
4.160307111114501133e+00
3.542989389441096648e+00
2.723941305279311109e+00
1.729360612912554274e+00
5.953943638137229044e-01
-6.331272897032187430e-01
-1.904443029993523773e+00
-3.162030597783611618e+00
-4.347104769601254581e+00
-5.401333227705672257e+00
-6.269645947054200974e+00
-6.903004867804583000e+00
-7.260998013566759113e+00
-7.314126154059213292e+00
-7.045660583415211065e+00
-6.452967261656724851e+00
-5.548214807375439150e+00
-4.358410710156913836e+00
-2.924740480861025560e+00
-1.301216910008733407e+00
4.473203415630475632e-01
2.247782505927511387e+00
4.021884943459840045e+00
5.689548397215854258e+00
7.172500557389248854e+00
8.397916384797976974e+00
9.301929033149967552e+00
9.832844329492086644e+00
9.953900762766458854e+00
9.645433565560784572e+00
8.906325162340651858e+00
7.754654061792727759e+00
6.227488946068175046e+00
4.379812753944751336e+00
2.282601275218448578e+00
2.012036104270364945e-02
-2.313456533139071070e+00
-4.617974909908054038e+00
-6.791605910741266960e+00
-8.735347563705360585e+00
-1.035752149177575632e+01
-1.157806123626900963e+01
-1.233239283955377452e+01
-1.257472204618844103e+01
-1.228056499277887958e+01
-1.144838972116130726e+01
-1.010027304119480007e+01
-8.281519629122698234e+00
-6.059235947712449111e+00
-3.519898598853340665e+00
-7.660029517529274301e-01
2.088078790417331021e+00
4.920862543791179711e+00
7.608941178567617314e+00
1.003237484842726346e+01
1.208004674310155480e+01
1.365474487429615635e+01
1.467773789949314889e+01
1.509263096131063797e+01
1.486831545626058393e+01
1.400086346788378755e+01
1.251426180651468911e+01
1.045993033269868633e+01
7.915022363599062416e+00
4.979559142737751465e+00
1.772503177779514161e+00
-1.573075675097539872e+00
-4.915544442355845867e+00
-8.110729626746127963e+00
-1.101816093975878630e+01
-1.350726471227194025e+01
-1.546323313352134932e+01
-1.679230522175957319e+01
-1.742621708081788867e+01
-1.732561176350806775e+01
-1.648224165456489487e+01
-1.491984695324820365e+01
-1.269365044303752832e+01
-9.888468851381640334e+00
-6.615502103459898642e+00
-3.007920961558865791e+00
7.845717392226134734e-01
4.601983289828933898e+00
8.280815189405238641e+00
1.166109999013433907e+01
1.459338659796684290e+01
1.694536775706845333e+01
1.860785496172346853e+01
1.949983070153571774e+01
1.957234483108648604e+01
1.881106948687401115e+01
1.723738338090802458e+01
1.490791909766855028e+01
1.191257351375462470e+01
8.371048756906834143e+00
4.428056263764095668e+00
2.473765861867516236e-01
-3.994980072198194954e+00
-8.118225427557980822e+00
-1.194453957604432048e+01
-1.530677864347850914e+01
-1.805580789553920695e+01
-2.006713724212254135e+01
-2.124656302165632482e+01
-2.153456015518763067e+01
-2.090922058380332871e+01
-1.938759518606008925e+01
-1.702536451656896332e+01
-1.391483578781246955e+01
-1.018133640910852833e+01
-5.978144909403818374e+00
-1.480165090095965752e+00
3.123394119908982081e+00
7.637024958726115642e+00
1.186727249872009082e+01
1.563107286969197496e+01
1.876371668371500334e+01
2.112608951218177822e+01
2.261086976374217983e+01
2.314740697913607193e+01
2.270505864103486715e+01
2.129482878135504720e+01
1.896922418232650287e+01
1.582032069634194471e+01
1.197610983160417319e+01
7.595270881566475119e+00
2.860583217556099456e+00
-2.028746151508903584e+00
-6.865515720627698215e+00
-1.144336414024296289e+01
-1.556562741818659923e+01
-1.905383629481794117e+01
-2.175548459728205586e+01
-2.355072868825635624e+01
-2.435772237778768101e+01
-2.413634902122699799e+01
-2.289018055639813554e+01
-2.066656903373707976e+01
-1.755485650409024956e+01
-1.368277047618544273e+01
-9.211151002719756065e+00
-4.327228355687761763e+00
7.632659937591887989e-01
5.844820585321313544e+00
1.070132534563908244e+01
1.512531955589627408e+01
1.892690825862464976e+01
2.194196161624962116e+01
2.403924115989931565e+01
2.512614183989130723e+01
2.515279741255273649e+01
2.411436647315951376e+01
2.205139437854947815e+01
1.904822903663045253e+01
1.522955249479304740e+01
1.075517179219090380e+01
5.813288103637645143e+00
6.125294972176411612e-01
-4.626913250013321210e+00
-9.682668764777375259e+00
-1.433968284263834647e+01
-1.839942368062472156e+01
4.312393067394069135e-01
-2.555432497951532156e+00
2.747588870695916174e+00
1.721028221315002327e+00
-6.893449577043172738e+00
5.361186691921957070e+00
3.887119433203231722e+00
-1.155803169335852765e+01
7.342118735224510750e+00
6.817607783036228497e+00
-1.611048313939898335e+01
8.441599970717813761e+00
1.027840056498058274e+01
-2.011209243297067317e+01
8.533629516097239076e+00
1.394039871140438080e+01
-2.317464838224125856e+01
7.628096706949568429e+00
1.741932629567789093e+01
-2.500501786820229455e+01
5.866524665773790836e+00
2.032326478958438898e+01
-2.543835202870394951e+01
3.501096988868472870e+00
2.230196262648963312e+01
-2.445589159031297299e+01
8.597076550858333555e-01
2.309174419902024766e+01
-2.218524492871294029e+01
-1.698477022437880457e+00
2.255036697515038213e+01
-1.888317735072060088e+01
-3.831270849980517923e+00
2.067740631017090891e+01
-1.490310780974044391e+01
-5.259388081424209105e+00
1.761753200671631703e+01
-1.065139149399697160e+01
-5.804182748120974011e+00
1.364615687718600512e+01
-6.537839566016712567e+00
-5.412389082761405845e+00
9.139122181701818448e+00
-2.926620422473449779e+00
-4.164680514764601327e+00
4.530065893976768621e+00
-9.361457606137690846e-02
-2.266900157320610454e+00
2.606505774718579360e-01
1.804532575268481764e+00
-2.499686131578360282e-02
-3.270282478424054950e+00
2.745895289375300585e+00
2.193244820194514944e+00
-5.752428252623976945e+00
2.841470505158358861e+00
4.004921877065513058e+00
-6.999028799471243012e+00
2.316449830460176607e+00
5.061340660216680831e+00
-6.966928671979636611e+00
1.477032685030700954e+00
5.093768820979846623e+00
-5.759272290919666304e+00
6.670620513650891148e-01
3.949847444952647280e+00
-3.610585585527731123e+00
2.200353191508659378e-01
1.616042396009533810e+00
-8.561588970056442927e-01
4.126169838155568925e-01
-1.776764551281927673e+00
2.110417950324721570e+00
1.425585955059865739e+00
-5.965358044417524042e+00
4.886264693582267782e+00
3.317212350536426158e+00
-1.058256700081840229e+01
7.108668704065202348e+00
6.012494170830453122e+00
-1.519853656296215938e+01
8.498864939278076847e+00
9.309688694765412720e+00
-1.936988903773124804e+01
8.894741097103342042e+00
1.290339617022618235e+01
-2.269078452810911628e+01
8.268472499565600486e+00
1.642136651930404767e+01
-2.483965004856918313e+01
6.726987817202255471e+00
1.947046423807532989e+01
-2.561587655949089282e+01
4.495321681244074163e+00
2.168605960581103176e+01
-2.496202068970643495e+01
1.885054391894188663e+00
2.277866202658199057e+01
-2.296883809213484895e+01
-7.480953461829686901e-01
2.257193099052612340e+01
-1.986259573869276451e+01
-3.052104261142905006e+00
2.102725267076569082e+01
-1.597629728373385305e+01
-4.725810245600480464e+00
1.825172504998582568e+01
-1.170843697916493831e+01
-5.559405209445626106e+00
1.448844600765707824e+01
-7.474427250820252944e+00
-5.463092949712712532e+00
1.009019175419326686e+01
-3.656733035703148893e+00
-4.480239964075390269e+00
5.479634384675900804e+00
-5.598824260845809420e-01
-2.783298293905430043e+00
1.100920430379765058e+00
1.624108160395859812e+00
-6.529479411166181357e-01
-2.631491330083666647e+00
2.835675718515925148e+00
1.556978850826103766e+00
-5.380489064968533519e+00
3.150643518892782602e+00
3.464432508695262314e+00
-6.924648996193254469e+00
2.765904902914329000e+00
4.708327500384426045e+00
-7.182592916138959893e+00
1.969779483098283102e+00
4.995803610550581197e+00
-6.220424227958532448e+00
1.100881117789109354e+00
4.141616550642236660e+00
-4.241395395052221851e+00
5.007718229808872934e-01
2.094666951621435125e+00
-1.559153567244963234e+00
4.664485191069625003e-01
-1.051738895601627810e+00
1.442064678816493917e+00
1.208723913343272116e+00
-5.067291069518226720e+00
4.355315695721809099e+00
2.821817297827722726e+00
-9.608945746578401170e+00
6.800951940821039265e+00
5.268058888425572128e+00
-1.425917307087908981e+01
8.472549266422877423e+00
8.379709057934414673e+00
-1.857355506242408438e+01
9.173092450593657077e+00
1.187773916574893107e+01
-2.213193946310778415e+01
8.836988269731408607e+00
1.540528294261391551e+01
-2.458690733211555823e+01
7.535260273410053777e+00
1.857161380435617559e+01
-2.570363802823109012e+01
5.463390861440462487e+00
2.100116591215346773e+01
-2.538631461015117452e+01
2.913450569153210434e+00
2.238146282507351259e+01
-2.368787397519874105e+01
2.341202095916430359e-01
2.250392953032642041e+01
-2.080196264591639377e+01
-2.216276595238204195e+00
2.129242829750199917e+01
-1.703815522350053868e+01
-4.117743508982030676e+00
1.881586909607628399e+01
-1.278355506349344495e+01
-5.231478530943943106e+00
1.528321358297825583e+01
-8.455569309449597171e+00
-5.432179008011221555e+00
1.102137305681215196e+01
-4.451725312070315077e+00
-4.725656696680219149e+00
6.438623751484572999e+00
-1.102739455738571905e+00
-3.249484041858583083e+00
1.977963023126705799e+00
1.365379590992207071e+00
-1.256528817584963598e+00
-1.933916903507847174e+00
2.855558962835075931e+00
9.166098017161614653e-01
-4.935811130741761588e+00
3.407309563458099877e+00
2.892344314101065184e+00
-6.773335848497358924e+00
3.186964855685303188e+00
4.300683334996648455e+00
-7.327375926936550599e+00
2.461863354174573804e+00
4.827566927969205501e+00
-6.626199653992263627e+00
1.561836766560992018e+00
4.256869887206893743e+00
-4.839811526000771025e+00
8.329512292339256163e-01
2.500757673731802910e+00
-2.257307215289761082e+00
5.894132591176273195e-01
-3.854875684032332828e-01
7.499090694837440285e-01
1.069774740992741613e+00
-4.206133669153826915e+00
3.774446222029077092e+00
2.403024923140128166e+00
-8.644952414824828679e+00
6.423023521321320928e+00
4.588910447088764499e+00
-1.330010900913496208e+01
8.364133521087477874e+00
7.495032806200839559e+00
-1.772977758790229785e+01
9.367386800172841532e+00
1.087116024507720802e+01
-2.150293613691760797e+01
9.329712677658925202e+00
1.437902199097049127e+01
-2.424914399237387741e+01
8.285246845258006587e+00
1.763389800781944317e+01
-2.570122317427907888e+01
6.397785566133683766e+00
2.025282165627481490e+01
-2.572563666226191259e+01
3.936870734679914108e+00
2.190336301439880629e+01
-2.433687406914792462e+01
1.240617957257519777e+00
2.234686388468062290e+01
-2.169412934288365591e+01
-1.329944643614835442e+00
2.147066451141235177e+01
-1.808074062060808274e+01
-3.439202472727487248e+00
1.930521406792464134e+01
-1.386898739505698508e+01
-4.821794707706683170e+00
1.602382412428322311e+01
-9.474640554523826808e+00
-5.318262873457118900e+00
1.192497433508672700e+01
-5.306912953499720587e+00
-4.896961856912555255e+00
7.399244875927911025e+00
-1.720006661207021281e+00
-3.659417601542035214e+00
2.884861059363197366e+00
1.027769676539120880e+00
-1.828399733675949879e+00
-1.182745991217458936e+00
2.802305327998722007e+00
2.798452016483715665e-01
-4.421209552198409831e+00
3.605992835072463265e+00
2.295755566472031717e+00
-6.545188942697011569e+00
3.572623499472032726e+00
3.843997259505991693e+00
-7.398658094385053730e+00
2.945644572078985668e+00
4.592428205594004886e+00
-6.971596598700302572e+00
2.042631672397602571e+00
4.296324885110625047e+00
-5.399084912614599219e+00
1.210551745099194498e+00
2.832279825229168324e+00
-2.942978076079031169e+00
7.775387133998830080e-01
2.174471388634806601e-01
4.151867990494428895e-02
1.007332977081796699e+00
-3.388376685616865558e+00
3.150190855303256932e+00
2.062193728824915695e+00
-7.698222601361760731e+00
5.979554063130878561e+00
3.979022707725421881e+00
-1.232917626530747413e+01
8.175824850623197193e+00
6.661773363654385882e+00
-1.684560984826707042e+01
9.477074653669772530e+00
9.891168564548966202e+00
-2.080916920168360207e+01
9.743389417928970175e+00
1.335056927544084004e+01
-2.382942086116485925e+01
8.971371135196353208e+00
1.666479867090524891e+01
-2.560897263540366353e+01
7.291284821208880551e+00
1.944708576353032470e+01
-2.597755796312693377e+01
4.947329544695245218e+00
2.134825514785701017e+01
-2.491093387492818323e+01
2.263623461723375030e+00
2.210198501501241708e+01
-2.253231626512118879e+01
-3.997230528749340372e-01
2.156042291455549886e+01
-1.909623124918416082e+01
-2.694837689209200526e+00
1.971563028483669200e+01
-1.495682966735574837e+01
-4.332480613948325399e+00
1.670407588157743461e+01
-1.052462372093633292e+01
-5.120702514305339292e+00
1.279349739279676257e+01
-6.217022719343527015e+00
-4.990844074615470305e+00
8.353638469618475781e+00
-2.408792989229587178e+00
-4.007550077168141378e+00
3.814372665318959132e+00
6.114473237380479986e-01
-2.361484351454204322e+00
-3.837033381938335097e-01
2.673362010219081597e+00
-3.456108545730229853e-01
-3.840183134661395492e+00
3.741759392529071526e+00
1.682021137987153914e+00
-6.241051537298918817e+00
3.916203792436492748e+00
3.344342593297541910e+00
-7.394530209780364238e+00
3.413558729945040060e+00
4.294407903839517537e+00
-7.252201151766344722e+00
2.535780588542114522e+00
4.261435159298557096e+00
-5.912858415178678939e+00
1.627123876620031773e+00
3.087927718026382884e+00
-3.608670864923122057e+00
1.026238320340664423e+00
7.531534222213576157e-01
-6.754212870883595787e-01
1.019269417862231464e+00
-2.620058193209692021e+00
2.489451665764510047e+00
1.799939226213764343e+00
-6.776173870167748525e+00
5.475786044697274590e+00
3.441700165288620994e+00
-1.135425119384710690e+01
7.910535649263267466e+00
5.885532155402483312e+00
-1.592840708579428366e+01
9.502357493681238054e+00
8.944982815977450485e+00
-2.005655579489098983e+01
1.007546548581663259e+01
1.232787806697430177e+01
-2.333147717799805676e+01
9.588624869711347642e+00
1.567202784753948563e+01
-2.542797737722706586e+01
8.137029904585922679e+00
1.859048170860767257e+01
-2.614037889618105481e+01
5.936952960189525008e+00
2.072067320968750792e+01
-2.540576672454214702e+01
3.295208809033818298e+00
2.177128273315121731e+01
-2.331017374046449930e+01
5.673743951701997190e-01
2.156090979324066836e+01
-2.007699373707967894e+01
-1.889894796322550086e+00
2.004364628898698797e+01
-1.603910230843324314e+01
-3.766380071809620311e+00
1.731825736364395496e+01
-1.159817197107776110e+01
-4.839605475507639198e+00
1.361970577493400114e+01
-7.176238966992934287e+00
-5.004680930202105138e+00
9.293946408505812329e+00
-3.165520123715249490e+00
-4.288875246316642631e+00
4.758996981984177310e+00
1.173275804726188198e-01
-2.849035358925321226e+00
4.570000320977758435e-01
2.466887951104509646e+00
-9.521289587948849054e-01
-3.196883070288282447e+00
3.810263709317534442e+00
1.058684495961334182e+00
-5.862503504741991556e+00
4.211420270723656323e+00
2.808220613167328850e+00
-7.313811540104139475e+00
3.858187250311524430e+00
3.938140006298135987e+00
-7.464228409985967261e+00
3.033680130066401137e+00
4.154376450088734352e+00
-6.375225527207433629e+00
2.075850769651388372e+00
3.267135859621730809e+00
-4.247105916755808508e+00
1.330354807403131723e+00
1.218384933637880252e+00
-1.393178925124224365e+00
1.102752075256181463e+00
-1.906709062819555989e+00
1.799434322103371509e+00
1.616129864533460747e+00
-5.885938634306244310e+00
4.917484946062919526e+00
2.979549341333727952e+00
-1.038318317933070389e+01
7.571855832308480139e+00
5.171349016626634487e+00
-1.498575970207105001e+01
9.444184655018940333e+00
8.039466821804683860e+00
-1.925148161338883313e+01
1.032411306102927817e+01
1.131879809499891287e+01
-2.275969631224016965e+01
1.013261207523189533e+01
1.466345869076147501e+01
-2.516006834056378239e+01
8.928585321316743872e+00
1.768993906082248913e+01
-2.621314397923097772e+01
6.898048434084511626e+00
2.002575211655701182e+01
-2.581774202232889337e+01
4.327363270306640253e+00
2.135746820003099344e+01
-2.402183884335784825e+01
1.563997129370922057e+00
2.147208378904561243e+01
-2.101565195357452254e+01
-1.030168247494824385e+00
2.028648072673345126e+01
-1.710782188572622076e+01
-3.127029410947642418e+00
1.786119945064141490e+01
-1.268767442534609913e+01
-4.475829300474773120e+00
1.439669061161244201e+01
-8.178255150067776924e+00
-4.936564171710344340e+00
1.021238309747383077e+01
-3.985953543754130024e+00
-4.498976414754928044e+00
5.711042152888516910e+00
-4.529351234185341468e-01
-3.284697108007579303e+00
1.332722953499152929e+00
2.181772205754809235e+00
-1.532224988993373671e+00
-2.496075650538527313e+00
3.807789864486444742e+00
4.334079551896868887e-01
-5.411847537208127612e+00
4.452437911546922145e+00
2.242500363877402147e+00
-7.156061241972052400e+00
4.272326566471524423e+00
3.528828902146690538e+00
-7.604557670211814724e+00
3.528679632940908917e+00
3.978025961645358599e+00
-6.780784952409472766e+00
2.549611896824608426e+00
3.370083331034377849e+00
-4.851286334438008829e+00
1.684208750453282555e+00
1.610589658934452828e+00
-2.104046962865025794e+00
1.254273539208782928e+00
-1.253303179333641992e+00
1.087581467143907021e+00
1.509889770057526448e+00
-5.034299671486742511e+00
4.310885656336802541e+00
2.594456543916836111e+00
-9.423723487166967061e+00
7.164018969163372219e+00
4.523657732053155911e+00
-1.402542431326491723e+01
9.304243418480837136e+00
7.181068383958260526e+00
-1.840074276912086404e+01
1.048824481081279458e+01
1.033100531709927417e+01
-2.211906567002495194e+01
1.059958769671068524e+01
1.364705488748442797e+01
-2.480779940113268367e+01
9.659995937476145045e+00
1.675273137094029963e+01
-2.619565000593095760e+01
7.823173452205215206e+00
1.926918179074003135e+01
-2.614391755891106328e+01
5.352064719484507016e+00
2.086394990264630778e+01
-2.466198785968237672e+01
2.582523195043941566e+00
2.129465676736329272e+01
-2.190515309248071318e+01
-1.219500570884832769e-01
2.044206799453671763e+01
-1.815507257804829422e+01
-2.418626740271055731e+00
1.832832261536238860e+01
-1.378532412298811494e+01
-4.030975145370358170e+00
1.511793352405464219e+01
-9.216329806664372626e+00
-4.785318453549528783e+00
1.110130621636653458e+01
-4.865239571606928770e+00
-4.634067929515690132e+00
6.662695089349774946e+00
-1.096960478174061393e+00
-3.662564713148082518e+00
2.236454204426279624e+00
1.817645656119296405e+00
-2.078629412808836285e+00
-1.743099346166303576e+00
3.731286996498397457e+00
-1.860981783858046690e-01
-4.892088741541392949e+00
4.633926892506821105e+00
1.654355093803960397e+00
-6.921583010909101219e+00
4.649055344914604149e+00
3.072201048527953837e+00
-7.670761547547268577e+00
4.013152443320242568e+00
3.735935286430834168e+00
-7.124690554594693026e+00
3.041049510223250429e+00
3.397691356797979623e+00
-5.414562534843206265e+00
2.081651889487029727e+00
1.927932442852104522e+00
-2.800413849947984701e+00
1.469684494098022043e+00
-6.642127643071500387e-01
3.615039647013391644e-01
1.479608269481357041e+00
-4.227628860381969389e+00
3.662634636133081489e+00
2.287572196094142640e+00
-8.483455048748066218e+00
6.691862584061541774e+00
3.946247109245248907e+00
-1.305525333653767461e+01
9.084942412005716506e+00
6.375761941597169802e+00
-1.751148395537511959e+01
1.056752247424765123e+01
9.371933297559543519e+00
-2.141513115069814432e+01
1.098649030879734667e+01
1.263079930122782812e+01
-2.437442379695103511e+01
1.032583975433626655e+01
1.578641096357886475e+01
-2.608844738702486765e+01
8.705201805653970837e+00
1.845715622194886762e+01
-2.638206560451593674e+01
6.361351156552939479e+00
2.029480332719971969e+01
-2.522588388569440809e+01
3.615127126086204346e+00
2.103008787521361711e+01
-2.273883085031162210e+01
8.280259738847561835e-01
2.050907741594752665e+01
-1.917307706555530089e+01
-1.645995210064024938e+00
1.871567882345575740e+01
-1.488318779598330721e+01
-3.507374643082783017e+00
1.577736602047885484e+01
-1.028334652958839257e+01
-4.550513425536649059e+00
1.195328620405175002e+01
-5.797948074705699284e+00
-4.691030971843072273e+00
7.606092378809605314e+00
-1.811662417151644000e+00
-3.977239072236967488e+00
3.160876000378053607e+00
1.374885961975206072e+00
-2.584354664040755090e+00
-9.438166447573115292e-01
3.578398696642947741e+00
-7.921469276235597601e-01
-4.306907808523535053e+00
4.751112748033863298e+00
1.051195894423772259e+00
-6.611422923260230178e+00
4.981799136472193190e+00
2.574451853142484481e+00
-7.661128753522667978e+00
4.479566987635111630e+00
3.432297162477571106e+00
-7.402696225672272590e+00
3.542637254422460469e+00
3.351614089516155914e+00
-5.930693605108802835e+00
2.516124714820082708e+00
2.169310956904894283e+00
-3.474833943144993942e+00
1.744233083231016224e+00
-1.431692098289936155e-01
-3.710893563219966884e-01
1.522956109961489446e+00
-3.471829694662691423e+00
2.979728361770607403e+00
2.059301874441800351e+00
-7.569723819369733597e+00
6.160782986384826465e+00
3.442227938668349196e+00
-1.208312374781527510e+01
8.789388471015357140e+00
5.628995558253135911e+00
-1.659113348595842297e+01
1.056235865070708968e+01
8.448706817929078738e+00
-2.065394656712764387e+01
1.129096862314008121e+01
1.162262247102125556e+01
-2.386386423800674805e+01
1.092127584405168861e+01
1.479874122747458642e+01
-2.589283467958213336e+01
9.537386993186068196e+00
1.759631798044179973e+01
-2.653069254481379602e+01
7.347391686938390620e+00
1.965473460366318292e+01
-2.570941912876562441e+01
4.653849667250871569e+00
2.068057084193916495e+01
-2.351046512576677472e+01
1.812644045551195848e+00
2.048692577493569900e+01
-2.015426619383187301e+01
-8.145405975553066114e-01
1.901998773139902355e+01
-1.597327682244976366e+01
-2.908070135247979415e+00
1.636942484164571709e+01
-1.137187737401678866e+01
-4.232469061315416781e+00
1.276117384859784565e+01
-6.778120434336026179e+00
-4.667443303511220165e+00
8.533391691510555432e+00
-2.593275678882618784e+00
-4.223877308647093543e+00
4.098430314432413013e+00
8.546157035152726067e-01
-3.042759978554646416e+00
-1.045610835937109684e-01
3.347486073651532834e+00
-1.377145778398324083e+00
-3.660628000183633546e+00
4.799821465778669527e+00
4.406031478222097730e-01
-6.227360489945206190e+00
5.264391867076588127e+00
2.042188260694530300e+00
-7.574680326639109396e+00
4.920556976158378504e+00
3.071906366290757973e+00
-7.611195263217673812e+00
4.046750314775705348e+00
3.234222693355162548e+00
-6.393904910465110447e+00
2.980717798994612089e+00
2.334364965157343264e+00
-4.120096153838107789e+00
2.072609762463557992e+00
3.067702205464986065e-01
-1.102462820953140188e+00
1.636908227150624562e+00
-2.772284097232429190e+00
2.269448611828795315e+00
1.909304138143946616e+00
-6.689572333020131545e+00
5.576685042258509917e+00
3.014006140018899771e+00
-1.111686565880041933e+01
8.421357169414005028e+00
4.945642719516033736e+00
-1.564733579805183794e+01
1.047391177720408173e+01
7.568078322479519393e+00
-1.984201849001823703e+01
1.151140155187143854e+01
1.063033161581311781e+01
-2.328067697030743588e+01
1.144208701195568878e+01
1.379762701870219921e+01
-2.561084635430800915e+01
1.031342217806604644e+01
1.669369868534964496e+01
-2.658905188123595309e+01
8.302556312726011356e+00
1.894903845184201785e+01
-2.610915152583839927e+01
5.690668713638476817e+00
2.024901463769730015e+01
-2.421433769821472382e+01
2.824469617825116519e+00
2.037578309114685737e+01
-2.109134677925976931e+01
6.979639938157067292e-02
1.923866685267677212e+01
-1.704761871498030956e+01
-2.236788451045032211e+00
1.688910275251918591e+01
-1.247424912684979148e+01
-3.832254176643157706e+00
1.351816536883005249e+01
-7.799322345647976995e+00
-4.561602695039763233e+00
9.436843036121853601e+00
-3.437388567598465450e+00
-4.398238174663211097e+00
5.041387422784443295e+00
2.586937313692221352e-01
-3.447613099127782021e+00
7.679200407036343989e-01
3.037644278708143908e+00
-1.933666980366865129e+00
-2.958176255052157089e+00
4.776519111804558904e+00
-1.697435936166951098e-01
-5.771893003072521289e+00
5.491133607960128060e+00
1.482367566017244176e+00
-7.411179167230862674e+00
5.328990100484597647e+00
2.660115097681153173e+00
-7.747253898963259999e+00
4.545736461988663102e+00
3.048582871751984946e+00
-6.798941429224570676e+00
3.468236315543912873e+00
2.423478804212011894e+00
-4.729290431839299202e+00
2.448997233935127582e+00
6.832495214094240765e-01
-1.824925242865642616e+00
1.817772853208144745e+00
-2.133804018029742622e+00
1.539295185330108673e+00
1.836495167283271002e+00
-5.849676058030969017e+00
4.945927345012707477e+00
2.663262338011136876e+00
-1.016419136257697886e+01
7.985257290055457702e+00
4.329959378669766323e+00
-1.468788203256885971e+01
1.030407434117681476e+01
6.736367775562091431e+00
-1.898624701783394997e+01
1.164691164564973747e+01
9.661540789156276787e+00
-2.263001012132248491e+01
1.188471679850998441e+01
1.279104380875774538e+01
-2.524523391254128057e+01
1.102749615511442904e+01
1.575665596879778008e+01
-2.655715047792622130e+01
9.219483901973347884e+00
1.818355081072488844e+01
-2.642233534712170950e+01
6.717570823458500762e+00
1.973901766523199086e+01
-2.484528337954176891e+01
3.855815565933349731e+00
2.017657158428224307e+01
-2.197736693986407985e+01
1.000592727755567957e+00
1.936985541765681873e+01
-1.809832849479403194e+01
-1.497908470121338098e+00
1.733199431801088863e+01
-1.358261183607673139e+01
-3.351678150055841243e+00
1.421786439536645830e+01
-8.854700969887758788e+00
-4.372543821803114739e+00
1.030885921638813230e+01
-4.338981615230511402e+00
-4.496722002570815668e+00
5.981916051957457015e+00
-4.103001982386160762e-01
-3.793148287249973549e+00
1.666526764950719830e+00
2.648712339481620326e+00
-2.454516374184065874e+00
-2.205038764808194607e+00
4.678345623125736097e+00
-7.721366569626422205e-01
-5.248213317412869117e+00
5.656844098757545680e+00
9.022330109610894322e-01
-7.171132789528443574e+00
5.698034599109991660e+00
2.202783262809033360e+00
-7.808638672842342032e+00
5.031987345791147703e+00
2.798426044152985348e+00
-7.141116329278801800e+00
3.971267156794988207e+00
2.437777055233198098e+00
-5.295871480355510919e+00
2.867125004711908787e+00
9.846346592900658834e-01
-2.530900825306914292e+00
2.061226698954700787e+00
-1.560588255250566547e+00
7.969166641927426520e-01
1.839060167164880966e+00
-5.056283132206002229e+00
4.275263283968472550e+00
2.390938052350254139e+00
-9.232625492956639590e+00
7.486089558783135978e+00
3.785546639870711161e+00
-1.372063932327533564e+01
1.005545443702308006e+01
5.959406476910855233e+00
-1.809386301115958418e+01
1.169737178534003696e+01
8.723602818504531342e+00
-2.191755670576779025e+01
1.224630048558573492e+01
1.178696622126709137e+01
-2.479944052487011419e+01
1.167434482029222131e+01
1.479280750849334680e+01
-2.643574799894773975e+01
1.009114771944128819e+01
1.736459658119647642e+01
-2.664694550718717636e+01
7.726622654689499825e+00
1.915483571896914583e+01
-2.539873617473140044e+01
4.898810632051856295e+00
1.989095783637797155e+01
-2.280577835812835019e+01
1.970999927140862251e+00
1.941243170967577925e+01
-1.911767930323588516e+01
-6.964227636736231020e-01
1.769433624625514412e+01
-1.468900897771715464e+01
-2.793275920111984334e+00
1.485434028728997902e+01
-9.937045919894247348e+00
-4.100048473391323611e+00
1.114208484799473808e+01
-5.292471794351638614e+00
-4.516404839097972079e+00
6.912154489960375514e+00
-1.149087364537241918e+00
-4.074120113397130538e+00
2.583870799137809815e+00
2.181276212832178985e+00
-2.932800118423966040e+00
-1.407211426081795835e+00
4.503142459252587493e+00
-1.358911580974133226e+00
-4.660181268444178571e+00
5.756911535789162038e+00
3.092467514648454818e-01
-6.855789265491993412e+00
6.021223084706442741e+00
1.706224108274938089e+00
-7.793837403168534905e+00
5.498009388300600264e+00
2.488114434599989266e+00
-7.416354343871255139e+00
4.482248039307680898e+00
2.379113447949949389e+00
-5.813719122044375354e+00
3.320328073186209483e+00
1.210027682701925400e+00
-3.212998982863136899e+00
2.362355889213336724e+00
-1.056184892361798688e+00
5.003985032883728756e-02
1.914471433869906924e+00
-4.315158025145106713e+00
3.571778548249255447e+00
2.197228626455949296e+00
-8.329436932499643120e+00
6.929400018029400421e+00
3.315319417324150919e+00
-1.275347943766882963e+01
9.731350834886928425e+00
5.242485344849603379e+00
-1.717236236221276258e+01
1.166340506716534620e+01
7.823543647195757345e+00
-2.114950271929659209e+01
1.252468982602620784e+01
1.079329660623682052e+01
-2.427756942236363003e+01
1.224929767564843530e+01
1.380996272783641743e+01
-2.622634954122865381e+01
1.091091792351176082e+01
1.649893295690813488e+01
-2.678169536295058606e+01
8.710041677401539673e+00
1.850134400240535371e+01
-2.587077003200124992e+01
5.945469551973340927e+00
1.952133822301394162e+01
-2.357049491029641786e+01
2.973804942970661447e+00
1.936602371948792367e+01
-2.009817160933378233e+01
1.621063387848247217e-01
1.797304193226716507e+01
-1.578544862306329932e+01
-2.160286394577227043e+00
1.542218225399023623e+01
-1.103885352527482944e+01
-3.744648982261825410e+00
1.192946330798471521e+01
-6.291761880835860410e+00
-4.455066451839647890e+00
7.824282014722310663e+00
-1.953718400875880334e+00
-4.285852535705643618e+00
3.512342528200472991e+00
1.636665027284838203e+00
-3.361988708543584892e+00
-5.711456177374572007e-01
4.249473860219640464e+00
-1.922518081387270872e+00
-4.012288986621840081e+00
5.787336180707313815e+00
-2.889791949140352312e-01
-6.467126396937268318e+00
6.292513051572930394e+00
1.177145701280303047e+00
-7.702073561795186762e+00
5.936493631239498470e+00
2.122600390185903407e+00
-7.621229551637959787e+00
4.993537967361630692e+00
2.250053098024846321e+00
-6.277194766641773782e+00
3.801609208382791483e+00
1.359274100591544077e+00
-3.864082448370550260e+00
2.715702277913166540e+00
-6.234596920358850269e-01
-6.936014802120014089e-01
2.059512915733077598e+00
-3.631529639901851958e+00
2.842825634796734668e+00
2.081582958162536912e+00
-7.461573088309620516e+00
6.321228464967044047e+00
2.921481354340309977e+00
-1.179420741839616937e+01
9.335721789362551704e+00
4.590308136744003065e+00
-1.622943789733912112e+01
1.154637788355714179e+01
6.967999675133216719e+00
-2.033247079220585363e+01
1.271847127261317034e+01
9.817794300525825690e+00
-2.368434632800585860e+01
1.274831894781593178e+01
1.281605278383963409e+01
-2.593119153057718407e+01
1.167262046233254935e+01
1.559368885763522172e+01
-2.682604783702856110e+01
9.660265519422102543e+00
1.778399354837894109e+01
-2.625813381253381351e+01
6.987764219891062112e+00
1.907081774532190011e+01
-2.426594712965648881e+01
4.001494253237728671e+00
1.923101302071089691e+01
-2.103260038485036887e+01
1.071595858309670746e+00
1.816572988760653118e+01
-1.686397495997548646e+01
-1.456624466917021188e+00
1.591654878985074006e+01
-1.215239379365320893e+01
-3.307624839634575764e+00
1.266430100776973333e+01
-7.330294518384928182e+00
-4.311211951976007484e+00
8.710589990157968643e+00
-2.819607734513528641e+00
-4.424282819858522231e+00
4.444180066596799428e+00
1.016940548453673543e+00
-3.735977704816932921e+00
2.963102034044369226e-01
3.916641516738962103e+00
-2.455590003097213092e+00
-3.309620423021982560e+00
5.744768391912588257e+00
-8.847533922800927542e-01
-6.007834214053961119e+00
6.506343511875250840e+00
6.225887886894749812e-01
-7.533313923130860346e+00
6.340383900827744945e+00
1.707380299868224149e+00
-7.752997216861720275e+00
5.497488412620223919e+00
2.053848239870257331e+00
-6.681193466060650010e+00
4.303704254744408431e+00
1.432963462538427990e+00
-4.477333045100096776e+00
3.115314720784756020e+00
-2.645707341431471349e-01
-1.426337857399159859e+00
2.270311046268559174e+00
-3.010044325525248254e+00
2.095955956888392091e+00
2.042710033908230471e+00
-6.635597133003118486e+00
5.668052423965301401e+00
2.605506229468138812e+00
-1.085049087413901781e+01
8.873147872791289359e+00
4.006950031175612992e+00
-1.527290953171092447e+01
1.134838626351780633e+01
6.163158667310474570e+00
-1.947345991566657375e+01
1.282697754184070504e+01
8.868006217072132102e+00
-2.302507627024046855e+01
1.316804294729752733e+01
1.181905947893305076e+01
-2.555322100932911056e+01
1.237059183461420631e+01
1.465630101549025355e+01
-2.678021976579727692e+01
1.057001931619009483e+01
1.700876243815847033e+01
-2.655828016217807175e+01
8.017695245557620254e+00
1.854318245469439574e+01
-2.488713200908760470e+01
5.046320726737098639e+00
1.900853183054874762e+01
-2.191411963649350980e+01
2.025496005636975738e+00
1.827074579713162450e+01
-1.791673951847316459e+01
-6.868468934666944747e-01
1.633321197192238117e+01
-1.326977945993780672e+01
-2.790992528285219265e+00
1.334032840516482388e+01
-8.401110494088225522e+00
-4.084086835728141907e+00
9.563551983426750169e+00
-3.741573835268895643e+00
-4.485999899739843144e+00
5.371539737771992229e+00
3.248799622881008986e-01
-4.049144616149291664e+00
1.187972557470370116e+00
3.504692518000559254e+00
-2.951013622200778563e+00
-2.557805454181743876e+00
5.626540731797055273e+00
-1.470376179109248005e+00
-5.481290959186230438e+00
6.657687244650277059e+00
4.986160085982915824e-02
-7.288269417021179919e+00
6.702942669273521226e+00
1.248443533519068005e+00
-7.809619399931666095e+00
5.986514561681088864e+00
1.794407676141148045e+00
-7.021191083032880087e+00
4.819149867480595262e+00
1.432423135913235335e+00
-5.046314525337843193e+00
3.554804838263385669e+00
1.905047206917309666e-02
-2.140634782851397855e+00
2.542371567130126131e+00
-2.454724227517429469e+00
1.338850171327536920e+00
2.078592205791240488e+00
-5.857628781369870197e+00
4.976727163535753284e+00
2.368126017740198819e+00
-9.929790562710360646e+00
8.348789171846021873e+00
3.495821947509826444e+00
-1.431065331137347485e+01
1.107223559763189868e+01
5.414704766457316687e+00
-1.857978178869657171e+01
1.285029240812410833e+01
7.951199393175977015e+00
-2.230559517147640136e+01
1.350580334786526393e+01
1.082694374217505562e+01
-2.509606850428250269e+01
1.299972921802396009e+01
1.369444729438522934e+01
-2.664517943299513192e+01
1.143238045315951723e+01
1.618210226214620917e+01
-2.676938802319574151e+01
9.027363253924002962e+00
1.794286572063492358e+01
-2.542965769058191938e+01
6.100372606007548271e+00
1.870045328215193337e+01
-2.273630370924489341e+01
3.016848262201023090e+00
1.828717800189611609e+01
-1.893607145373258760e+01
1.438876595724387641e-01
1.666859621758665355e+01
-1.438303649649914462e+01
-2.197488663596351088e+00
1.395175720044693080e+01
-9.496910696027031307e+00
-3.773685306648069115e+00
1.037589226560635680e+01
-4.713884907975534944e+00
-4.468276829132523886e+00
6.286567337647261056e+00
-4.360478684419986095e-01
-4.296401421481657934e+00
2.096388082855164647e+00
3.014420503897849990e+00
-3.401993676034989811e+00
-1.762968983286907765e+00
5.430693856810085762e+00
-2.038210962173063745e+00
-4.891532773922639521e+00
6.742098181256012346e+00
-5.335278061610621014e-01
-6.968389177380476696e+00
7.017814012915382094e+00
7.522168660313588440e-01
-7.789784104615010918e+00
6.453165982312904170e+00
1.476260222404137679e+00
-7.293286143845465475e+00
5.340353061360669784e+00
1.359705337150066029e+00
-5.565031903416328696e+00
4.027406760387876261e+00
2.267112301989566703e-01
-2.829162137567345248e+00
2.870622005185382797e+00
-1.968931354614092299e+00
5.792473586732680424e-01
2.186505089855995010e+00
-5.133289141016992296e+00
4.254422304218051565e+00
2.209325714470431024e+00
-9.039292897522903658e+00
7.768337237607266132e+00
3.059640926263016425e+00
-1.335052998782257205e+01
1.072141393303380497e+01
4.727768108880251674e+00
-1.765899436467470096e+01
1.278924868590445740e+01
7.074296110262698889e+00
-2.153221665198699952e+01
1.375965612090918100e+01
9.847574329374971569e+00
-2.456401472187943824e+01
1.355553551056559769e+01
1.271597784820407639e+01
-2.642263731161562390e+01
1.224084011314531040e+01
1.531088030842712655e+01
-2.689037858169916717e+01
1.000903928007500099e+01
1.727490864763941047e+01
-2.588978263595376106e+01
7.155643988508064268e+00
1.830937499658907797e+01
-2.349320480397117805e+01
4.038347175675692569e+00
1.821486626710304080e+01
-1.991454624813974306e+01
1.029864036969627250e+00
1.691981114937531672e+01
-1.548417544393343270e+01
-1.530546595244655528e+00
1.449333319608129500e+01
-1.061012119037064849e+01
-3.380751802130097516e+00
1.114065207281417713e+01
-5.730309614223672909e+00
-4.369097028330568122e+00
7.181469534074290451e+00
-1.261712459349594084e+00
-4.473242250328536507e+00
3.013901171713381011e+00
2.447360010035478872e+00
-3.802116519708994780e+00
-9.316755003892560616e-01
5.155995953834407786e+00
-2.580754962615723791e+00
-4.243217364960086613e+00
6.755753495367689432e+00
-1.119941054127559843e+00
-6.575847840349133833e+00
7.279083093391196968e+00
2.255048926700586875e-01
-7.692917787646019079e+00
6.890196064861960679e+00
1.104512479907464595e+00
-7.494235994028636938e+00
5.859661939361610727e+00
1.217567535553166103e+00
-6.027986743031844341e+00
4.526040309353282609e+00
3.584631425047088982e-01
-3.484861700001208540e+00
3.249459416274949497e+00
-1.555337688221461789e+00
-1.751262988600481574e-01
2.363043903507324295e+00
-4.467650138260415460e+00
3.508555594545666345e+00
2.128344967834832957e+00
-8.185844991029032514e+00
7.137962226978922686e+00
2.700406838695398548e+00
-1.240031377455000161e+01
1.030005908212812926e+01
4.106879500875852074e+00
-1.671883320180707244e+01
1.264541941905624434e+01
6.243812174329259612e+00
-2.071167453303241501e+01
1.392839591724930237e+01
8.888657389840423306e+00
-2.396195137372617978e+01
1.403415887633120995e+01
1.172884474324368220e+01
-2.611503009865791824e+01
1.298936107021154207e+01
1.440231800422434993e+01
-2.692092450622248379e+01
1.095523362057248562e+01
1.654491500072220589e+01
-2.626444892296463962e+01
8.204106166532307398e+00
1.783859610319906253e+01
-2.417940618681772946e+01
5.082405309374744995e+00
1.805440375480374016e+01
-2.084505220824970451e+01
1.964861071160171058e+00
1.708467826781922128e+01
-1.656526291446547106e+01
-7.942666811380325598e-01
1.496038433926607425e+01
-1.173296082699761023e+01
-2.906775709225538407e+00
1.185125302503701405e+01
-6.784172362951219171e+00
-4.187174086010972296e+00
8.048584752918062080e+00
-2.147357799064609551e+00
-4.575785787845261687e+00
3.932723484596453378e+00
1.805774056059467725e+00
-4.145409834074409439e+00
-7.086960563306066163e-02
4.801955545053717245e+00
-3.090708769831215008e+00
-3.541581978818695298e+00
6.695490013659453510e+00
-1.701680158832705292e+00
-6.113526207156085412e+00
7.481331619817052747e+00
-3.245730218186149152e-01
-7.519191116435749223e+00
7.290629606152350561e+00
6.848013211616308382e-01
-7.621486927782777698e+00
6.369436957023018486e+00
1.009446408462824074e+00
-6.430227895506233970e+00
5.043377043984773600e+00
4.151007899315697358e-01
-4.101012159846769478e+00
3.672802960492586699e+00
-1.215901605984251788e+00
-9.166286924225399702e-01
2.604156001478584948e+00
-3.865188978770635941e+00
2.746724458112459466e+00
2.123686504150262166e+00
-7.375892825527486707e+00
6.464255716842405519e+00
2.419385636424873809e+00
-1.146762193331731972e+01
9.812919845055418477e+00
3.555930566760236999e+00
-1.576714124174779563e+01
1.242110235847228417e+01
5.465798917442306504e+00
-1.985106156214444439e+01
1.401156574829425949e+01
7.957667539296438441e+00
-2.329533648889839270e+01
1.443242643698329708e+01
1.074103068394383342e+01
-2.572549818817319078e+01
1.367243120525395739e+01
1.346392616940720366e+01
-2.686145239384238437e+01
1.185876251590522656e+01
1.575900104868105878e+01
-2.655130936467574898e+01
9.237779177939730246e+00
1.729208791693934799e+01
-2.479007060720494593e+01
6.141220756051266605e+00
1.780713218316044077e+01
-2.172085415270385411e+01
2.942206657042211404e+00
1.716175118943496614e+01
-1.761849261854642634e+01
6.619497153541153978e-03
1.534886351010674588e+01
-1.285751075973071877e+01
-2.353979316634740471e+00
1.250155712585732104e+01
-7.868412668064929782e+00
-3.921964935258106522e+00
8.880452906136595104e+00
-3.087644155947005586e+00
-4.600812017858548764e+00
4.845004712113825995e+00
1.092635089151277050e+00
-4.426398341143086945e+00
8.121869637534073760e-01
4.368827543890871468e+00
-3.561044069953156921e+00
-2.792396067450202857e+00
6.558834614939439867e+00
-2.271058815302764877e+00
-5.584985447199661834e+00
7.619688786574597472e+00
-8.906486862104010527e-01
-7.269517922155651846e+00
7.647827920181565986e+00
2.232415211043621284e-01
-7.673198016630015772e+00
6.862122073194272254e+00
7.394255851428086501e-01
-6.767397227072605048e+00
5.571908564522991547e+00
3.981536187821959061e-01
-4.671291035643631240e+00
4.134150829690986129e+00
-9.518508333804263088e-01
-1.637772166638882254e+00
2.905179313467150415e+00
-3.329748056835494907e+00
1.976635935023990154e+00
2.193131268320295035e+00
-6.615423113426469826e+00
5.754169711917255015e+00
2.217099292268096988e+00
-1.055984583030963009e+01
9.265311699324985995e+00
3.078139729975170269e+00
-1.481179765490578149e+01
1.211929787010913806e+01
4.745789446564200986e+00
-1.895776491788717166e+01
1.400945987958488459e+01
7.061781064817901132e+00
-2.257014461951802176e+01
1.474787180364798189e+01
9.760477489223106318e+00
-2.525785678774180809e+01
1.428511225788707151e+01
1.250343766990722472e+01
-2.671313840191316302e+01
1.271281205886578825e+01
1.492374078058661624e+01
-2.674874820581949564e+01
1.024880291827606449e+01
1.667445853858369986e+01
-2.532098348461681780e+01
7.206846602970062854e+00
1.747513021558898316e+01
-2.253565371261237260e+01
3.954836924897579653e+00
1.715032926538386704e+01
-1.863625526953244105e+01
8.667906530627194073e-01
1.565538566609643389e+01
-1.397578524981856241e+01
-1.725299111577584199e+00
1.308592279726774876e+01
-8.975648034207635462e+00
-3.573676282897051415e+00
9.669883327645118598e+00
-4.076695217724747522e+00
-4.545792968766635411e+00
5.742903940185330569e+00
3.115994549204517128e-01
-4.640155019380988399e+00
1.709981230128281293e+00
3.857612505898624811e+00
-3.985068932076084813e+00
-2.001909074934521193e+00
6.344028340394174847e+00
-2.820473602864805418e+00
-4.994435075729995788e+00
7.689877222336400919e+00
-1.465173317522216578e+00
-6.945547357392177545e+00
7.955550882473125363e+00
-2.736309893477111288e-01
-7.648258420212487252e+00
7.330315139136982516e+00
4.121974733906714761e-01
-7.035769918850660609e+00
6.104016455437127675e+00
3.098711084214746947e-01
-5.189832932646338826e+00
4.626641008553518120e+00
-7.636720780348866811e-01
-2.331292464051876401e+00
3.260886332737637616e+00
-2.864500677421702335e+00
1.206035655466009437e+00
2.333760140663177829e+00
-5.909909375329801762e+00
5.014952401636144863e+00
2.093322522894540683e+00
-9.684084088943539115e+00
8.663067360566813591e+00
2.676024335729676906e+00
-1.386064639943872123e+01
1.174368047520625069e+01
4.088749627846669732e+00
-1.803939908057002484e+01
1.392311991143662908e+01
6.207811868460298754e+00
-2.179281239263490022e+01
1.497875619997823193e+01
8.795014969107262104e+00
-2.471656094128288572e+01
1.482308337244955965e+01
1.152873808295124469e+01
-2.647789710552997633e+01
1.351099874887358609e+01
1.404610699310192601e+01
-2.685589520844601807e+01
1.122950716874188082e+01
1.599091169932328782e+01
-2.576859047205178754e+01
8.271261718074359948e+00
1.706119518505926891e+01
-2.328364569659566641e+01
4.995358974672848618e+00
1.705046445656506648e+01
-1.961120673142793436e+01
1.780382671369973302e+00
1.587725900470205431e+01
-1.507980310951984926e+01
-1.024360590438777585e+00
1.359925643973154763e+01
-1.009823979963328711e+01
-3.143264232699436889e+00
1.041002029908162640e+01
-5.108150136277734177e+00
-4.408917181669249175e+00
6.618660969857115717e+00
-5.330243730160759696e-01
-4.782347352236310023e+00
2.614817196650489173e+00
3.270049080364377581e+00
-4.356490057626698942e+00
-1.176793819934138341e+00
6.050043994489156418e+00
-3.342474461729065371e+00
-4.346694997018945905e+00
7.688253531556147990e+00
-2.040487446162277063e+00
-6.549649329330629044e+00
8.208015342773007816e+00
-7.989197304627584373e-01
-7.546298021406430578e+00
7.766836884799030116e+00
3.301951662779956109e-02
-7.232288972543596373e+00
6.632043229124024109e+00
1.532013554280178269e-01
-5.651283610584655115e+00
5.143115315508775431e+00
-6.511074404151244721e-01
-2.990215606399837966e+00
3.665533254665511720e+00
-2.471922902335982997e+00
4.426364921042980072e-01
2.541982031510196194e+00
-5.264262726056197828e+00
4.254081251144349096e+00
2.047086321935191577e+00
-8.847078447031693216e+00
8.012482664662851306e+00
2.351379167517206881e+00
-1.292142514343309401e+01
1.129856428233213350e+01
3.499034251005312512e+00
-1.710373667937127706e+01
1.375432408311405652e+01
5.402150731140771711e+00
-2.097017990354680350e+01
1.512408298513166827e+01
7.852290847566494314e+00
-2.410666477645701988e+01
1.528267904289535117e+01
1.054779500372297640e+01
-2.615836368233195230e+01
1.424742614248885886e+01
1.313340878356912000e+01
-2.687263299918092230e+01
1.217247990418286818e+01
1.524720022331314695e+01
-2.613002905504057338e+01
9.326442214216843496e+00
1.656881831917707970e+01
-2.395957000868790132e+01
6.056116602078059685e+00
1.686296140226691875e+01
-2.053633379066928200e+01
2.741040417087428516e+00
1.601250986047616109e+01
-1.616165913695851941e+01
-2.554468111466272617e-01
1.403705904846518138e+01
-1.122836133823991389e+01
-2.632427104727600664e+00
1.109440556944864653e+01
-6.175220005113505550e+00
-4.189107677277057462e+00
7.464666943080421113e+00
-1.436313516934055734e+00
-4.849278188289958713e+00
0.000000000000000000e+00
5.279898767666358239e+00
1.033594512859111525e+01
1.495383816603223259e+01
1.893796983277377421e+01
2.211976382608931502e+01
2.436485422698305570e+01
2.557879627599843175e+01
2.571106502542869521e+01
2.475717148766227638e+01
2.275880708475763470e+01
1.980201217311921269e+01
1.601344948579772876e+01
1.155494481903613746e+01
6.616531664406732460e+00
1.408300541386558580e+00
-3.848595241859321003e+00
-8.931389966664639246e+00
-1.362520567180168740e+01
-1.773219442333597584e+01
-2.107993126203329837e+01
-2.352869952940328702e+01
-2.497735879004299520e+01
-2.536754733966975905e+01
-2.468604360847642099e+01
-2.296519048011723996e+01
-2.028137017685260801e+01
-1.675160127940591437e+01
-1.252841002193227737e+01
-7.793201750195748900e+00
-2.748422183657275752e+00
2.391150847074365871e+00
7.407608372325052315e+00
1.208920740460690268e+01
1.623936509556530439e+01
1.968496549841938048e+01
2.228362572087265292e+01
2.392961458093838090e+01
2.455817624775751895e+01
2.414808113349706531e+01
2.272230343214095427e+01
2.034680580248986459e+01
1.712749323509944332e+01
1.320547659295401566e+01
8.750858291711251624e+00
3.955315003861649803e+00
-9.761975203005510693e-01
-5.834256531367924659e+00
-1.041392017740665388e+01
-1.452342661093264553e+01
-1.799227280105291982e+01
-2.067833060845284621e+01
-2.247370134733321123e+01
-2.330906634475965333e+01
-2.315635739434315354e+01
-2.202964454481080736e+01
-1.998421612983872464e+01
-1.711390394935150994e+01
-1.354678166964677999e+01
-9.439433582579390247e+00
-4.970050902407691318e+00
-3.306612466315774768e-01
4.281168170027450870e+00
8.670793209679974467e+00
1.265475678318900954e+01
1.606850119129793697e+01
1.877320270741007135e+01
2.066144294706689877e+01
2.166148423177167714e+01
2.173997841941534048e+01
2.090300775416366363e+01
1.919542912625372466e+01
1.669856653070745267e+01
1.352636728136926081e+01
9.820202624177882811e+00
5.742550027920603206e+00
1.469840232893580456e+00
-2.815214776319092671e+00
-6.931477649940939401e+00
-1.070708583711664197e+01
-1.398666687847678780e+01
-1.663776422805712230e+01
-1.855620649288837498e+01
-1.967020162682083395e+01
-1.994299518635922297e+01
-1.937399564670531760e+01
-1.799833713416269632e+01
-1.588491778460337756e+01
-1.313301732626657525e+01
-9.867657589330647738e+00
-6.233921908373050158e+00
-2.390491623511048935e+00
1.497311617532452566e+00
5.264671485722667299e+00
8.754300218596606342e+00
1.182303868368284583e+01
1.434775490014093435e+01
1.623029690924899171e+01
1.740130028003304830e+01
1.782270300448700695e+01
1.748887867517136385e+01
1.642636002711104126e+01
1.469218644756717929e+01
1.237096821541438096e+01
9.570814471349580188e+00
6.418318937551322989e+00
3.052835247263852025e+00
-3.796991108382474778e-01
-3.733115810895709430e+00
-6.867268054742383221e+00
-9.653913650320202322e+00
-1.198198074556313841e+01
-1.376199924038679079e+01
-1.492952095244438482e+01
-1.544739873195959667e+01
-1.530684671925051532e+01
-1.452725844662768750e+01
-1.315481406226908234e+01
-1.125996019212347221e+01
-8.933893594457785525e+00
-6.284220779204824581e+00
-3.429998467007897567e+00
-4.963828545351347543e-01
2.390871714225739630e+00
5.110822264659130809e+00
7.552421391283618668e+00
9.619061650721453915e+00
1.123239375393673889e+01
1.233526792173716657e+01
1.289368945295936619e+01
1.289772520078676443e+01
1.236134515224011921e+01
1.132123050893106608e+01
9.834624477829924771e+00
7.976342450694337671e+00
5.835092663997103024e+00
3.509285377147874918e+00
1.102527038259276893e+00
-1.280994819896408288e+00
-3.541030314273943880e+00
-5.585493208267844345e+00
-7.334215625067806776e+00
-8.722078314657291997e+00
-9.701394943101117718e+00
-1.024346518707542231e+01
-1.033925066864436282e+01
-9.999168114633427251e+00
-9.252033721401868860e+00
-8.143229774136933941e+00
-6.732197489242460087e+00
-5.089387423719231585e+00
-3.292819516061802787e+00
-1.424418108213097334e+00
4.337072748560242275e-01
2.202867094388791358e+00
3.811124702725525282e+00
5.196215793244853387e+00
6.307936209834204000e+00
7.109907704523872773e+00
7.580662370191312505e+00
7.714019450492607177e+00
7.518761465939781452e+00
7.017648544118303633e+00
6.245839052248216561e+00
5.248809814246604866e+00
4.079889285208906813e+00
2.797531252459457107e+00
1.462464430003903360e+00
1.348545226424775478e-01
-1.128389916409465954e+00
-2.276047795477623481e+00
-3.264648535576070820e+00
-4.060085435824781541e+00
-4.638721186489240367e+00
-4.987953630519474935e+00
-5.106236831285806410e+00
-5.002578832699665412e+00
-4.695561944225853601e+00
-4.211952816443522707e+00
-3.584987036594813770e+00
-2.852425729015164890e+00
-2.054489201850342006e+00
-1.231774815125485922e+00
-4.232630039748208617e-01
3.354929139189319898e-01
1.013910331907288409e+00
1.587588094007079675e+00
2.039137499012875665e+00
2.358607824383710749e+00
2.543502411674439578e+00
2.598402670560501448e+00
2.534237130852123876e+00
2.367249931300265509e+00
2.117737058889353374e+00
1.808628608021275674e+00
1.464000896390247775e+00
1.107603267087267085e+00
7.614808764598182123e-01
4.447669979782853389e-01
1.727068606869837097e-01
